-7.767352140651475612e-01
-7.164540098323008976e-01
-7.892271686446203915e-01
-9.054927197833948505e-01
-1.045174212273320968e+00
-1.189885068283517811e+00
-1.326694651821168414e+00
-1.455339720366983336e+00
-1.511827798420211089e+00
-1.573769103452127283e+00
-1.640101186991177684e+00
-1.709744917167156153e+00
-1.781747936587755987e+00
-1.856203074544599652e+00
-1.926519293571450575e+00
-1.979785396067544667e+00
-2.033982563075634076e+00
-2.088252437569085629e+00
-2.142094190155932054e+00
-2.195112141666255567e+00
-2.246978894939752891e+00
-2.297487094628573701e+00
-2.342134553503534278e+00
-2.383474364029524395e+00
-2.422113919690646711e+00
-2.457619374356584174e+00
-2.489657920521818113e+00
-2.518012529807808875e+00
-2.542635598885309989e+00
-2.563727524792637880e+00
-2.581342715947641864e+00
-2.594177448894070537e+00
-2.605476734658955351e+00
-2.616149606152175622e+00
-2.627134748138161058e+00
-2.639193535980389527e+00
-2.652587227746753484e+00
-2.666470774217293283e+00
-2.678038961857284406e+00
-2.682159127396115395e+00
-2.673192076571723419e+00
-2.649944441434398001e+00
-2.621993659630224016e+00
-2.612315565153792818e+00
-2.656845781869598966e+00
-2.861928998855169937e+00
-3.148540182252306252e+00
-3.567833011497670626e+00
-4.607833872142029996e+00
-7.767352140651480052e-01
-7.164540098322964568e-01
-7.892271686446150625e-01
-9.054927197833979591e-01
-1.045174212273318304e+00
-1.189885068283515146e+00
-1.326694651821171078e+00
-1.455339720366985112e+00
-1.511827798420210200e+00
-1.573769103452137941e+00
-1.640101186991190119e+00
-1.709744917167176581e+00
-1.781747936587766645e+00
-1.856203074544596099e+00
-1.926519293571446134e+00
-1.979785396067549996e+00
-2.033982563075635852e+00
-2.088252437569099840e+00
-2.142094190155921396e+00
-2.195112141666264449e+00
-2.246978894939747562e+00
-2.297487094628566595e+00
-2.342134553503521843e+00
-2.383474364029527948e+00
-2.422113919690644934e+00
-2.457619374356580622e+00
-2.489657920521826995e+00
-2.518012529807801769e+00
-2.542635598885320647e+00
-2.563727524792650314e+00
-2.581342715947657851e+00
-2.594177448894068760e+00
-2.605476734658962457e+00
-2.616149606152177398e+00
-2.627134748138178821e+00
-2.639193535980393079e+00
-2.652587227746749932e+00
-2.666470774217273743e+00
-2.678038961857293287e+00
-2.682159127396120724e+00
-2.673192076571705655e+00
-2.649944441434408660e+00
-2.621993659630232898e+00
-2.612315565153789265e+00
-2.656845781869613177e+00
-2.861928998855194806e+00
-3.148540182252290265e+00
-3.567833011497672402e+00
-4.607833872142007792e+00
-7.767352140651475612e-01
-7.164540098323017858e-01
-7.892271686446168388e-01
-9.054927197833957386e-01
-1.045174212273313863e+00
-1.189885068283509817e+00
-1.326694651821169302e+00
-1.455339720366978895e+00
-1.511827798420207536e+00
-1.573769103452137053e+00
-1.640101186991177684e+00
-1.709744917167164147e+00
-1.781747936587751546e+00
-1.856203074544595211e+00
-1.926519293571448799e+00
-1.979785396067539338e+00
-2.033982563075625194e+00
-2.088252437569085629e+00
-2.142094190155924949e+00
-2.195112141666239580e+00
-2.246978894939751115e+00
-2.297487094628570148e+00
-2.342134553503544936e+00
-2.383474364029529724e+00
-2.422113919690643158e+00
-2.457619374356587727e+00
-2.489657920521807455e+00
-2.518012529807794664e+00
-2.542635598885295778e+00
-2.563727524792636103e+00
-2.581342715947650746e+00
-2.594177448894070537e+00
-2.605476734658948246e+00
-2.616149606152159635e+00
-2.627134748138182374e+00
-2.639193535980375316e+00
-2.652587227746764142e+00
-2.666470774217277295e+00
-2.678038961857296840e+00
-2.682159127396133158e+00
-2.673192076571723419e+00
-2.649944441434431752e+00
-2.621993659630240003e+00
-2.612315565153801700e+00
-2.656845781869620282e+00
-2.861928998855193029e+00
-3.148540182252299147e+00
-3.567833011497679507e+00
-4.607833872142013121e+00
-2.992376195420104423e+01
-3.202777143445037211e+01
-3.332337394870781822e+01
-3.423764311634307944e+01
-3.492115542866542199e+01
-3.543079807897115074e+01
-3.582247966258218952e+01
-3.613209944129609852e+01
-3.638219457520459343e+01
-3.658289585251709752e+01
-3.675133084907606928e+01
-3.688538840339795399e+01
-3.699314553671372607e+01
-3.707397218033234765e+01
-3.712732303721077187e+01
-3.715250899427813636e+01
-3.714859127056286781e+01
-3.711437824394280938e+01
-3.704936134999160657e+01
-3.695185570443508993e+01
-3.682649647341813193e+01
-3.666704008130670900e+01
-3.647284469333528989e+01
-3.623195632199686855e+01
-3.593535955661877068e+01
-3.556583872674381297e+01
-3.510592972493228103e+01
-3.451259770833095075e+01
-3.369327676673704275e+01
-2.781334324830961080e+01
-3.099187115378650503e+01
-3.126788061653166650e+01
-3.128108402893201401e+01
-3.227701468089966852e+01
-3.298608095718517319e+01
-3.352274589010846739e+01
-3.393759958120102027e+01
-3.425348672274061812e+01
-3.448133179171371410e+01
-3.463581514183788812e+01
-3.473361194035608435e+01
-3.478966699786622740e+01
-3.480876126488774958e+01
-3.479880226278847744e+01
-3.475807860493213752e+01
-3.469189050093121551e+01
-3.459971884842341439e+01
-3.448096014120862662e+01
-3.433477351412690837e+01
-3.415977626190130678e+01
-3.395571270674957987e+01
-3.372057566732706846e+01
-3.345057907784363493e+01
-3.314369319578202067e+01
-3.278509931980153880e+01
-3.237145151301520229e+01
-3.187993131542341985e+01
-3.127989644281601400e+01
-2.942410784464350826e+01
-3.184298163631894241e+01
-3.331136221239250261e+01
-3.434322873465234949e+01
-3.512783953715049989e+01
-3.572847728126068034e+01
-3.619208822501707346e+01
-3.656223623470162210e+01
-3.685948348703317379e+01
-3.709234718426954913e+01
-3.727784077190759149e+01
-3.741964630411480641e+01
-3.752477244439463533e+01
-3.759662771853606955e+01
-3.763657285391384733e+01
-3.764552243784107333e+01
-3.762391943735721611e+01
-3.757172803622282231e+01
-3.748827837307307931e+01
-3.737350964837336420e+01
-3.722413590938752748e+01
-3.703344636136218071e+01
-3.680042214351318108e+01
-3.651448205500972222e+01
-3.616681038950590477e+01
-3.574026653646978957e+01
-3.520962286098505700e+01
-3.452217487877969404e+01
-3.354620480311757547e+01
-2.992376195420096963e+01
-3.202777143445020158e+01
-3.332337394870773295e+01
-3.423764311634292312e+01
-3.492115542866537936e+01
-3.543079807897108680e+01
-3.582247966258206873e+01
-3.613209944129589246e+01
-3.638219457520460764e+01
-3.658289585251699805e+01
-3.675133084907606928e+01
-3.688538840339789715e+01
-3.699314553671364081e+01
-3.707397218033235475e+01
-3.712732303721083582e+01
-3.715250899427812215e+01
-3.714859127056288202e+01
-3.711437824394277385e+01
-3.704936134999162789e+01
-3.695185570443513967e+01
-3.682649647341822430e+01
-3.666704008130673742e+01
-3.647284469333535384e+01
-3.623195632199686145e+01
-3.593535955661877068e+01
-3.556583872674394087e+01
-3.510592972493236630e+01
-3.451259770833095786e+01
-3.369327676673703564e+01
-2.781334324830861604e+01
-3.099187115378640556e+01
-3.126788061653207507e+01
-3.128108402893211704e+01
-3.227701468089995274e+01
-3.298608095718546451e+01
-3.352274589010882977e+01
-3.393759958120135423e+01
-3.425348672274096629e+01
-3.448133179171404805e+01
-3.463581514183820786e+01
-3.473361194035634014e+01
-3.478966699786650452e+01
-3.480876126488794853e+01
-3.479880226278861954e+01
-3.475807860493221568e+01
-3.469189050093132920e+01
-3.459971884842345702e+01
-3.448096014120864794e+01
-3.433477351412687995e+01
-3.415977626190129257e+01
-3.395571270674962960e+01
-3.372057566732706846e+01
-3.345057907784368467e+01
-3.314369319578199935e+01
-3.278509931980158143e+01
-3.237145151301518098e+01
-3.187993131542346603e+01
-3.127989644281607085e+01
-2.942410784464341589e+01
-3.184298163631888556e+01
-3.331136221239248840e+01
-3.434322873465232817e+01
-3.512783953715043594e+01
-3.572847728126058087e+01
-3.619208822501699530e+01
-3.656223623470152972e+01
-3.685948348703307431e+01
-3.709234718426954913e+01
-3.727784077190750622e+01
-3.741964630411477089e+01
-3.752477244439459980e+01
-3.759662771853599850e+01
-3.763657285391380469e+01
-3.764552243784107333e+01
-3.762391943735719479e+01
-3.757172803622289337e+01
-3.748827837307303668e+01
-3.737350964837334288e+01
-3.722413590938758432e+01
-3.703344636136218071e+01
-3.680042214351323082e+01
-3.651448205500980748e+01
-3.616681038950597582e+01
-3.574026653646982510e+01
-3.520962286098514937e+01
-3.452217487877975088e+01
-3.354620480311757547e+01
-2.992376195420087370e+01
-3.202777143445018027e+01
-3.332337394870783243e+01
-3.423764311634300839e+01
-3.492115542866547173e+01
-3.543079807897115074e+01
-3.582247966258216820e+01
-3.613209944129596352e+01
-3.638219457520463607e+01
-3.658289585251706200e+01
-3.675133084907606928e+01
-3.688538840339795399e+01
-3.699314553671368344e+01
-3.707397218033239028e+01
-3.712732303721081450e+01
-3.715250899427810083e+01
-3.714859127056283938e+01
-3.711437824394271701e+01
-3.704936134999157105e+01
-3.695185570443513967e+01
-3.682649647341817456e+01
-3.666704008130666637e+01
-3.647284469333525436e+01
-3.623195632199677618e+01
-3.593535955661870673e+01
-3.556583872674382008e+01
-3.510592972493231656e+01
-3.451259770833090812e+01
-3.369327676673701433e+01
-2.781334324830893934e+01
-3.099187115378645530e+01
-3.126788061653183348e+01
-3.128108402893199624e+01
-3.227701468089974668e+01
-3.298608095718533662e+01
-3.352274589010861661e+01
-3.393759958120123343e+01
-3.425348672274078865e+01
-3.448133179171390594e+01
-3.463581514183803023e+01
-3.473361194035621224e+01
-3.478966699786634109e+01
-3.480876126488783484e+01
-3.479880226278851296e+01
-3.475807860493215173e+01
-3.469189050093125815e+01
-3.459971884842344281e+01
-3.448096014120864083e+01
-3.433477351412692258e+01
-3.415977626190131389e+01
-3.395571270674968645e+01
-3.372057566732710399e+01
-3.345057907784374862e+01
-3.314369319578205619e+01
-3.278509931980163117e+01
-3.237145151301523072e+01
-3.187993131542344472e+01
-3.127989644281602821e+01
-2.942410784464320983e+01
-3.184298163631871148e+01
-3.331136221239247419e+01
-3.434322873465232107e+01
-3.512783953715046437e+01
-3.572847728126064482e+01
-3.619208822501703793e+01
-3.656223623470161499e+01
-3.685948348703315958e+01
-3.709234718426954203e+01
-3.727784077190757017e+01
-3.741964630411482062e+01
-3.752477244439462822e+01
-3.759662771853606245e+01
-3.763657285391386154e+01
-3.764552243784109464e+01
-3.762391943735719479e+01
-3.757172803622285784e+01
-3.748827837307307220e+01
-3.737350964837335709e+01
-3.722413590938761274e+01
-3.703344636136218071e+01
-3.680042214351319529e+01
-3.651448205500978617e+01
-3.616681038950589056e+01
-3.574026653646977536e+01
-3.520962286098509963e+01
-3.452217487877970825e+01
-3.354620480311753994e+01
