-7.188782773524011738e-01
-8.135336550141132328e-01
-9.067672055253231944e-01
-1.002890691489350505e+00
-1.105009600189666763e+00
-1.233912756167461877e+00
-1.358803474400293698e+00
-1.481531476660043589e+00
-1.607210254946282335e+00
-1.736147976309823093e+00
-1.873774747710028166e+00
-1.948211166487470614e+00
-2.015087683161199461e+00
-2.085283772406164804e+00
-2.157224139537404106e+00
-2.230361098212267912e+00
-2.305085989399111135e+00
-2.371251765891654095e+00
-2.417995052766454656e+00
-2.464832402599258288e+00
-2.510634102664523581e+00
-2.554846057141507032e+00
-2.597195100549575031e+00
-2.637664568765321960e+00
-2.673462557128171824e+00
-2.703120103519335515e+00
-2.730402796533306642e+00
-2.755183648938725582e+00
-2.777415866721952398e+00
-2.797325507259309951e+00
-2.815254256642504949e+00
-2.831569093484072042e+00
-2.842961978443963034e+00
-2.852023997815354761e+00
-2.858752121266572743e+00
-2.862324512367292684e+00
-2.861766066286371313e+00
-2.856235703148344740e+00
-2.845565182137809401e+00
-2.830980042993822110e+00
-2.815333994404417339e+00
-2.803827874928149555e+00
-2.804603084958866788e+00
-2.829908902251847991e+00
-2.985377203633733600e+00
-3.372573495378187403e+00
-3.670583247022660700e+00
-4.182710637760616912e+00
-5.352866874402745445e+00
-7.188782773524007297e-01
-8.135336550141116785e-01
-9.067672055253224173e-01
-1.002890691489350283e+00
-1.105009600189662544e+00
-1.233912756167464098e+00
-1.358803474400295030e+00
-1.481531476660044699e+00
-1.607210254946279671e+00
-1.736147976309824426e+00
-1.873774747710029498e+00
-1.948211166487471058e+00
-2.015087683161195464e+00
-2.085283772406174130e+00
-2.157224139537397445e+00
-2.230361098212271020e+00
-2.305085989399114688e+00
-2.371251765891658536e+00
-2.417995052766451103e+00
-2.464832402599253847e+00
-2.510634102664524470e+00
-2.554846057141500815e+00
-2.597195100549584801e+00
-2.637664568765323736e+00
-2.673462557128173600e+00
-2.703120103519331074e+00
-2.730402796533295984e+00
-2.755183648938723806e+00
-2.777415866721953286e+00
-2.797325507259309951e+00
-2.815254256642518271e+00
-2.831569093484056054e+00
-2.842961978443961257e+00
-2.852023997815372525e+00
-2.858752121266574520e+00
-2.862324512367305118e+00
-2.861766066286360655e+00
-2.856235703148350069e+00
-2.845565182137798743e+00
-2.830980042993823886e+00
-2.815333994404426221e+00
-2.803827874928169095e+00
-2.804603084958861459e+00
-2.829908902251844438e+00
-2.985377203633749588e+00
-3.372573495378221153e+00
-3.670583247022671358e+00
-4.182710637760628458e+00
-5.352866874402751662e+00
-7.188782773524007297e-01
-8.135336550141125667e-01
-9.067672055253223062e-01
-1.002890691489352060e+00
-1.105009600189666319e+00
-1.233912756167462987e+00
-1.358803474400294142e+00
-1.481531476660046254e+00
-1.607210254946276118e+00
-1.736147976309823981e+00
-1.873774747710029054e+00
-1.948211166487473278e+00
-2.015087683161195020e+00
-2.085283772406167024e+00
-2.157224139537405883e+00
-2.230361098212260806e+00
-2.305085989399107582e+00
-2.371251765891651431e+00
-2.417995052766453767e+00
-2.464832402599260064e+00
-2.510634102664520917e+00
-2.554846057141487492e+00
-2.597195100549581248e+00
-2.637664568765327289e+00
-2.673462557128174488e+00
-2.703120103519344397e+00
-2.730402796533303089e+00
-2.755183648938724694e+00
-2.777415866721950621e+00
-2.797325507259315280e+00
-2.815254256642506725e+00
-2.831569093484063160e+00
-2.842961978443957705e+00
-2.852023997815342327e+00
-2.858752121266551427e+00
-2.862324512367290907e+00
-2.861766066286364207e+00
-2.856235703148339411e+00
-2.845565182137804072e+00
-2.830980042993818557e+00
-2.815333994404413787e+00
-2.803827874928163766e+00
-2.804603084958872117e+00
-2.829908902251842662e+00
-2.985377203633740706e+00
-3.372573495378196284e+00
-3.670583247022673135e+00
-4.182710637760632899e+00
-5.352866874402745445e+00
-3.354337739572434884e+01
-3.639358279261904272e+01
-3.812838616028120242e+01
-3.931765990788536413e+01
-4.015685087032338174e+01
-4.079638077358959691e+01
-4.134144580883293685e+01
-4.181164410242169538e+01
-4.219939366792571178e+01
-4.250621157015688567e+01
-4.274180782277341706e+01
-4.290731818637870276e+01
-4.302185832237372409e+01
-4.308268489611947416e+01
-4.310084953283671894e+01
-4.308129064353762061e+01
-4.302588159792776423e+01
-4.293684028115347218e+01
-4.280771000525253100e+01
-4.264188965313435631e+01
-4.244159847928258955e+01
-4.219736741577452932e+01
-4.191590643460227739e+01
-4.159266320297258090e+01
-4.122790221675042233e+01
-4.082230550576914396e+01
-4.037143213274108433e+01
-3.986022967101583703e+01
-3.923588331041735700e+01
-3.581785026526060278e+01
-3.819428536627406601e+01
-3.966450711387155081e+01
-4.068385818356868810e+01
-4.146537357066384999e+01
-4.212120406537140838e+01
-4.268835298669215206e+01
-4.317079372786157165e+01
-4.357274540370558213e+01
-4.390297170961780182e+01
-4.417281534007931043e+01
-4.438832826389458575e+01
-4.455409439228513691e+01
-4.467839802951209549e+01
-4.476358354470232825e+01
-4.481179621590147377e+01
-4.482206438320094577e+01
-4.479222166148260698e+01
-4.472681085097517695e+01
-4.462125631513638524e+01
-4.447683465264530156e+01
-4.429260095662296237e+01
-4.407045400448417638e+01
-4.380867913350863319e+01
-4.351127363224229327e+01
-4.315769448354556914e+01
-4.270623285448184703e+01
-4.207829861090445434e+01
-4.107409026642208261e+01
-3.350959689608459513e+01
-3.604579152482538262e+01
-3.753465353945427552e+01
-3.848836538884331304e+01
-3.916888435882805908e+01
-3.973468114466530210e+01
-4.021296507586800573e+01
-4.058973551141637870e+01
-4.087173101628959415e+01
-4.106790722005040095e+01
-4.119351902660145015e+01
-4.126597174645262101e+01
-4.128635690871679742e+01
-4.127957811570198743e+01
-4.124837210033450674e+01
-4.119317712125639730e+01
-4.111514273691885535e+01
-4.101597576446692273e+01
-4.089840702551554585e+01
-4.075047328659306345e+01
-4.057472385238582291e+01
-4.036172518331466108e+01
-4.011667980869660255e+01
-3.983091495829986428e+01
-3.950543079947823344e+01
-3.914691023794186719e+01
-3.875909628976193488e+01
-3.835874173113496965e+01
-3.800254015306154542e+01
-3.354337739572441990e+01
-3.639358279261916351e+01
-3.812838616028128769e+01
-3.931765990788548493e+01
-4.015685087032344569e+01
-4.079638077358956849e+01
-4.134144580883302922e+01
-4.181164410242172380e+01
-4.219939366792570468e+01
-4.250621157015692830e+01
-4.274180782277350232e+01
-4.290731818637871697e+01
-4.302185832237375962e+01
-4.308268489611944574e+01
-4.310084953283686815e+01
-4.308129064353762772e+01
-4.302588159792766476e+01
-4.293684028115342244e+01
-4.280771000525247416e+01
-4.264188965313429946e+01
-4.244159847928256113e+01
-4.219736741577445116e+01
-4.191590643460229160e+01
-4.159266320297257380e+01
-4.122790221675036548e+01
-4.082230550576911554e+01
-4.037143213274106301e+01
-3.986022967101578729e+01
-3.923588331041737831e+01
-3.581785026526072357e+01
-3.819428536627395943e+01
-3.966450711387146555e+01
-4.068385818356857442e+01
-4.146537357066370078e+01
-4.212120406537125916e+01
-4.268835298669205258e+01
-4.317079372786149349e+01
-4.357274540370551108e+01
-4.390297170961758866e+01
-4.417281534007918253e+01
-4.438832826389452890e+01
-4.455409439228509427e+01
-4.467839802951208839e+01
-4.476358354470237089e+01
-4.481179621590157325e+01
-4.482206438320098840e+01
-4.479222166148250750e+01
-4.472681085097518405e+01
-4.462125631513647050e+01
-4.447683465264545788e+01
-4.429260095662312580e+01
-4.407045400448436823e+01
-4.380867913350872556e+01
-4.351127363224240696e+01
-4.315769448354576099e+01
-4.270623285448208861e+01
-4.207829861090448986e+01
-4.107409026642210392e+01
-3.350959689608441749e+01
-3.604579152482533289e+01
-3.753465353945423999e+01
-3.848836538884334857e+01
-3.916888435882806618e+01
-3.973468114466533763e+01
-4.021296507586802704e+01
-4.058973551141637159e+01
-4.087173101628961547e+01
-4.106790722005045069e+01
-4.119351902660142173e+01
-4.126597174645264943e+01
-4.128635690871680453e+01
-4.127957811570200164e+01
-4.124837210033442858e+01
-4.119317712125639730e+01
-4.111514273691881272e+01
-4.101597576446684457e+01
-4.089840702551550322e+01
-4.075047328659302792e+01
-4.057472385238585844e+01
-4.036172518331466108e+01
-4.011667980869659544e+01
-3.983091495829985718e+01
-3.950543079947825476e+01
-3.914691023794188141e+01
-3.875909628976197752e+01
-3.835874173113492702e+01
-3.800254015306154542e+01
-3.354337739572420674e+01
-3.639358279261900009e+01
-3.812838616028119532e+01
-3.931765990788535703e+01
-4.015685087032336043e+01
-4.079638077358953296e+01
-4.134144580883295816e+01
-4.181164410242173091e+01
-4.219939366792569047e+01
-4.250621157015692120e+01
-4.274180782277349522e+01
-4.290731818637874539e+01
-4.302185832237373830e+01
-4.308268489611947416e+01
-4.310084953283676867e+01
-4.308129064353760640e+01
-4.302588159792773581e+01
-4.293684028115346507e+01
-4.280771000525255943e+01
-4.264188965313430657e+01
-4.244159847928259666e+01
-4.219736741577450090e+01
-4.191590643460224896e+01
-4.159266320297258801e+01
-4.122790221675043654e+01
-4.082230550576915107e+01
-4.037143213274111275e+01
-3.986022967101579439e+01
-3.923588331041735700e+01
-3.581785026526056015e+01
-3.819428536627398785e+01
-3.966450711387156502e+01
-4.068385818356871653e+01
-4.146537357066382867e+01
-4.212120406537142259e+01
-4.268835298669218048e+01
-4.317079372786162139e+01
-4.357274540370561056e+01
-4.390297170961767392e+01
-4.417281534007923938e+01
-4.438832826389457864e+01
-4.455409439228512269e+01
-4.467839802951210970e+01
-4.476358354470237089e+01
-4.481179621590148088e+01
-4.482206438320098130e+01
-4.479222166148247197e+01
-4.472681085097512010e+01
-4.462125631513639235e+01
-4.447683465264532998e+01
-4.429260095662302632e+01
-4.407045400448414085e+01
-4.380867913350861897e+01
-4.351127363224228617e+01
-4.315769448354563309e+01
-4.270623285448204598e+01
-4.207829861090446144e+01
-4.107409026642205419e+01
-3.350959689608450276e+01
-3.604579152482533289e+01
-3.753465353945421867e+01
-3.848836538884329883e+01
-3.916888435882803776e+01
-3.973468114466530210e+01
-4.021296507586801283e+01
-4.058973551141635028e+01
-4.087173101628960126e+01
-4.106790722005039385e+01
-4.119351902660144304e+01
-4.126597174645262811e+01
-4.128635690871681163e+01
-4.127957811570198032e+01
-4.124837210033453516e+01
-4.119317712125639730e+01
-4.111514273691880561e+01
-4.101597576446686588e+01
-4.089840702551546769e+01
-4.075047328659307766e+01
-4.057472385238582291e+01
-4.036172518331463976e+01
-4.011667980869665939e+01
-3.983091495829989981e+01
-3.950543079947832581e+01
-3.914691023794189562e+01
-3.875909628976204147e+01
-3.835874173113495544e+01
-3.800254015306161648e+01
