-7.330289072342517365e-01
-6.857083428565742267e-01
-7.053243077038455766e-01
-7.963477283513724636e-01
-9.226333847155623324e-01
-1.039001067551138302e+00
-1.144351286644211374e+00
-1.247678917827657941e+00
-1.355226532839989062e+00
-1.473049478399279799e+00
-1.584769534939606039e+00
-1.622782759537175323e+00
-1.672585012220269007e+00
-1.727670021653441523e+00
-1.784958118666240878e+00
-1.842865153793787236e+00
-1.900846603287405401e+00
-1.959166262413623905e+00
-2.018988347611269774e+00
-2.054158604839027902e+00
-2.088210381932487536e+00
-2.121905418393172482e+00
-2.154380279133556897e+00
-2.185066607580852249e+00
-2.213583063150839081e+00
-2.239706612994956103e+00
-2.263377696621120094e+00
-2.284760804445310711e+00
-2.301691916638855417e+00
-2.313304542366664052e+00
-2.323204873048906549e+00
-2.331555473471459194e+00
-2.338516181803456107e+00
-2.343954875933517812e+00
-2.347178469669518819e+00
-2.346753739348077517e+00
-2.340571049780486135e+00
-2.326319626842575872e+00
-2.302441590281913975e+00
-2.269407232047324641e+00
-2.229960538402828263e+00
-2.191511144818113266e+00
-2.172124544838691662e+00
-2.211034338962765133e+00
-2.357660974064817339e+00
-2.572160863335556158e+00
-2.822322406930979355e+00
-3.299781335009356553e+00
-4.444602105764017708e+00
-7.330289072342509593e-01
-6.857083428565751149e-01
-7.053243077038495734e-01
-7.963477283513715754e-01
-9.226333847155587797e-01
-1.039001067551136526e+00
-1.144351286644210042e+00
-1.247678917827657941e+00
-1.355226532839984621e+00
-1.473049478399271806e+00
-1.584769534939602487e+00
-1.622782759537177100e+00
-1.672585012220261902e+00
-1.727670021653457511e+00
-1.784958118666230220e+00
-1.842865153793795230e+00
-1.900846603287398295e+00
-1.959166262413610582e+00
-2.018988347611264444e+00
-2.054158604839022573e+00
-2.088210381932492865e+00
-2.121905418393181364e+00
-2.154380279133564002e+00
-2.185066607580866460e+00
-2.213583063150830199e+00
-2.239706612994948998e+00
-2.263377696621109436e+00
-2.284760804445308935e+00
-2.301691916638853641e+00
-2.313304542366664052e+00
-2.323204873048918984e+00
-2.331555473471457418e+00
-2.338516181803466765e+00
-2.343954875933512483e+00
-2.347178469669527701e+00
-2.346753739348088175e+00
-2.340571049780502122e+00
-2.326319626842577648e+00
-2.302441590281899764e+00
-2.269407232047351286e+00
-2.229960538402842474e+00
-2.191511144818097279e+00
-2.172124544838705873e+00
-2.211034338962775792e+00
-2.357660974064819115e+00
-2.572160863335554382e+00
-2.822322406930990013e+00
-3.299781335009363659e+00
-4.444602105764028366e+00
-7.330289072342497381e-01
-6.857083428565737826e-01
-7.053243077038471309e-01
-7.963477283513773486e-01
-9.226333847155672174e-01
-1.039001067551138746e+00
-1.144351286644207377e+00
-1.247678917827662382e+00
-1.355226532839986398e+00
-1.473049478399275358e+00
-1.584769534939610480e+00
-1.622782759537178876e+00
-1.672585012220267231e+00
-1.727670021653448629e+00
-1.784958118666244431e+00
-1.842865153793809441e+00
-1.900846603287393854e+00
-1.959166262413605253e+00
-2.018988347611266221e+00
-2.054158604839020796e+00
-2.088210381932487536e+00
-2.121905418393168929e+00
-2.154380279133560450e+00
-2.185066607580852249e+00
-2.213583063150824870e+00
-2.239706612994941892e+00
-2.263377696621105883e+00
-2.284760804445307159e+00
-2.301691916638841207e+00
-2.313304542366664052e+00
-2.323204873048911878e+00
-2.331555473471460971e+00
-2.338516181803450777e+00
-2.343954875933492943e+00
-2.347178469669520595e+00
-2.346753739348075740e+00
-2.340571049780491464e+00
-2.326319626842572319e+00
-2.302441590281889106e+00
-2.269407232047338852e+00
-2.229960538402830039e+00
-2.191511144818086620e+00
-2.172124544838688109e+00
-2.211034338962775792e+00
-2.357660974064817339e+00
-2.572160863335527736e+00
-2.822322406930958039e+00
-3.299781335009367211e+00
-4.444602105764014155e+00
-3.298028006717361649e+01
-3.489178288496717784e+01
-3.602684334598532701e+01
-3.680113332678917715e+01
-3.736127459023303743e+01
-3.778868212392141146e+01
-3.814271470053968471e+01
-3.848231632702700722e+01
-3.881468301157875089e+01
-3.912473657230928836e+01
-3.940051605013076852e+01
-3.963822126600616969e+01
-3.983064327525031700e+01
-3.998033523190341754e+01
-4.008795682486710632e+01
-4.015344313261785913e+01
-4.017542638975823621e+01
-4.016934560908507024e+01
-4.012143388977741409e+01
-4.004090952263192804e+01
-3.993106894265613960e+01
-3.979251315043170223e+01
-3.961815380298592260e+01
-3.941338827612949558e+01
-3.918206096214223066e+01
-3.893398699798117946e+01
-3.866654799611001891e+01
-3.834478922553760327e+01
-3.794241745944756872e+01
-2.915808382260023990e+01
-3.192686248661162907e+01
-3.347067701635272385e+01
-3.450124073476501962e+01
-3.523576366862489095e+01
-3.573757933820218824e+01
-3.608492897545973932e+01
-3.631779591560320597e+01
-3.647044997238732122e+01
-3.659486504110607541e+01
-3.672546755709895905e+01
-3.686039836708694395e+01
-3.696562942932343532e+01
-3.704110387642955970e+01
-3.707541092744133948e+01
-3.707140567992624369e+01
-3.703028087947095059e+01
-3.695259854303707669e+01
-3.683812231638776780e+01
-3.668606339662225224e+01
-3.650235697031321536e+01
-3.629468061791541089e+01
-3.605587105505729539e+01
-3.580648137492239158e+01
-3.554258230369468663e+01
-3.526965442192255296e+01
-3.500469652740439130e+01
-3.479685689811635996e+01
-3.480199205198906043e+01
-3.247597617604709086e+01
-3.476145267392895732e+01
-3.613317573637370117e+01
-3.707409837495301019e+01
-3.776865903708564787e+01
-3.829277748681097648e+01
-3.870380092668067817e+01
-3.904331221222611248e+01
-3.932979826200974571e+01
-3.958187230390110045e+01
-3.980594459931306517e+01
-4.000113950057162526e+01
-4.015676298626496532e+01
-4.027465574764969602e+01
-4.035526228552622996e+01
-4.039863309425690829e+01
-4.040399656003469175e+01
-4.036997210487143661e+01
-4.030511781614523414e+01
-4.020779452286969047e+01
-4.007420779069846617e+01
-3.990874712927887913e+01
-3.971189352472399747e+01
-3.948195973851741769e+01
-3.923380824934169198e+01
-3.895518351826108017e+01
-3.860937861607705202e+01
-3.817037523492538043e+01
-3.759457357302454028e+01
-3.298028006717356675e+01
-3.489178288496704994e+01
-3.602684334598525595e+01
-3.680113332678905635e+01
-3.736127459023298059e+01
-3.778868212392132619e+01
-3.814271470053966340e+01
-3.848231632702702854e+01
-3.881468301157866563e+01
-3.912473657230930968e+01
-3.940051605013071168e+01
-3.963822126600614837e+01
-3.983064327525035253e+01
-3.998033523190342464e+01
-4.008795682486719869e+01
-4.015344313261793019e+01
-4.017542638975829306e+01
-4.016934560908514129e+01
-4.012143388977751357e+01
-4.004090952263203462e+01
-3.993106894265619644e+01
-3.979251315043173776e+01
-3.961815380298595812e+01
-3.941338827612957374e+01
-3.918206096214232304e+01
-3.893398699798128604e+01
-3.866654799611008997e+01
-3.834478922553766722e+01
-3.794241745944763267e+01
-2.915808382260023279e+01
-3.192686248661164683e+01
-3.347067701635288017e+01
-3.450124073476527542e+01
-3.523576366862521780e+01
-3.573757933820243693e+01
-3.608492897546000933e+01
-3.631779591560351150e+01
-3.647044997238764097e+01
-3.659486504110628857e+01
-3.672546755709910826e+01
-3.686039836708710027e+01
-3.696562942932359874e+01
-3.704110387642966629e+01
-3.707541092744146027e+01
-3.707140567992640001e+01
-3.703028087947095770e+01
-3.695259854303711222e+01
-3.683812231638774648e+01
-3.668606339662230198e+01
-3.650235697031319404e+01
-3.629468061791544642e+01
-3.605587105505725987e+01
-3.580648137492237026e+01
-3.554258230369453742e+01
-3.526965442192247480e+01
-3.500469652740425630e+01
-3.479685689811628180e+01
-3.480199205198887569e+01
-3.247597617604718323e+01
-3.476145267392910654e+01
-3.613317573637363722e+01
-3.707409837495293914e+01
-3.776865903708564076e+01
-3.829277748681085569e+01
-3.870380092668058580e+01
-3.904331221222609116e+01
-3.932979826200973861e+01
-3.958187230390086597e+01
-3.980594459931305806e+01
-4.000113950057155421e+01
-4.015676298626497953e+01
-4.027465574764974576e+01
-4.035526228552620864e+01
-4.039863309425685856e+01
-4.040399656003465623e+01
-4.036997210487145793e+01
-4.030511781614517730e+01
-4.020779452286970468e+01
-4.007420779069846617e+01
-3.990874712927888623e+01
-3.971189352472399747e+01
-3.948195973851745322e+01
-3.923380824934174882e+01
-3.895518351826113701e+01
-3.860937861607713018e+01
-3.817037523492545148e+01
-3.759457357302451896e+01
-3.298028006717360228e+01
-3.489178288496703573e+01
-3.602684334598524885e+01
-3.680113332678904214e+01
-3.736127459023295927e+01
-3.778868212392134751e+01
-3.814271470053956392e+01
-3.848231632702688643e+01
-3.881468301157867273e+01
-3.912473657230921731e+01
-3.940051605013063352e+01
-3.963822126600619811e+01
-3.983064327525035253e+01
-3.998033523190343175e+01
-4.008795682486714185e+01
-4.015344313261783782e+01
-4.017542638975825042e+01
-4.016934560908503471e+01
-4.012143388977746383e+01
-4.004090952263202041e+01
-3.993106894265613960e+01
-3.979251315043177328e+01
-3.961815380298598654e+01
-3.941338827612959506e+01
-3.918206096214237277e+01
-3.893398699798132157e+01
-3.866654799611013971e+01
-3.834478922553763880e+01
-3.794241745944764688e+01
-2.915808382260038556e+01
-3.192686248661171788e+01
-3.347067701635285886e+01
-3.450124073476534647e+01
-3.523576366862526044e+01
-3.573757933820254351e+01
-3.608492897546005906e+01
-3.631779591560353282e+01
-3.647044997238765518e+01
-3.659486504110628147e+01
-3.672546755709907274e+01
-3.686039836708709316e+01
-3.696562942932355611e+01
-3.704110387642959523e+01
-3.707541092744138922e+01
-3.707140567992637870e+01
-3.703028087947092928e+01
-3.695259854303711222e+01
-3.683812231638772516e+01
-3.668606339662226645e+01
-3.650235697031312299e+01
-3.629468061791532563e+01
-3.605587105505716750e+01
-3.580648137492235605e+01
-3.554258230369449478e+01
-3.526965442192234690e+01
-3.500469652740416393e+01
-3.479685689811611837e+01
-3.480199205198884727e+01
-3.247597617604732534e+01
-3.476145267392914207e+01
-3.613317573637367985e+01
-3.707409837495294624e+01
-3.776865903708566208e+01
-3.829277748681080595e+01
-3.870380092668061423e+01
-3.904331221222606985e+01
-3.932979826200970308e+01
-3.958187230390099387e+01
-3.980594459931299411e+01
-4.000113950057155421e+01
-4.015676298626492269e+01
-4.027465574764965339e+01
-4.035526228552620154e+01
-4.039863309425689408e+01
-4.040399656003462070e+01
-4.036997210487147925e+01
-4.030511781614519151e+01
-4.020779452286972599e+01
-4.007420779069850880e+01
-3.990874712927890755e+01
-3.971189352472403300e+01
-3.948195973851746032e+01
-3.923380824934177014e+01
-3.895518351826115122e+01
-3.860937861607713728e+01
-3.817037523492546569e+01
-3.759457357302454028e+01
