-7.407020184060431056e-01
-8.132806990331685748e-01
-8.834624600228615510e-01
-9.537001852621278530e-01
-1.026027105936984540e+00
-1.102662372157204418e+00
-1.186238993296769406e+00
-1.271431392332435850e+00
-1.357961097877010914e+00
-1.445633435031010272e+00
-1.534536526792227740e+00
-1.623271051496043782e+00
-1.714412112751252160e+00
-1.809000291207425448e+00
-1.908471715138257085e+00
-1.970127660063603514e+00
-2.016821329258255524e+00
-2.066113743389212054e+00
-2.116903862155255389e+00
-2.168660945712538535e+00
-2.221115935665729957e+00
-2.274196303315765277e+00
-2.328056009532257775e+00
-2.383241804602796776e+00
-2.426562729051850553e+00
-2.461274857957540974e+00
-2.496217582118244849e+00
-2.530694489917975076e+00
-2.564449943579530711e+00
-2.597508295681850043e+00
-2.629746684497332510e+00
-2.661102659659322356e+00
-2.691578331456719653e+00
-2.721285752476763520e+00
-2.745870438034057059e+00
-2.768779179263841428e+00
-2.790522052830237243e+00
-2.811018252898959346e+00
-2.830242581787226541e+00
-2.848206523218747677e+00
-2.864951709827080251e+00
-2.880547415900991837e+00
-2.895092067295600202e+00
-2.908621934259596031e+00
-2.920355431669257484e+00
-2.929253563877125544e+00
-2.937283794946443649e+00
-2.944319701201704831e+00
-2.950223451590627377e+00
-2.954814747159755228e+00
-2.957867183233858555e+00
-2.959124289796909224e+00
-2.958337457674081961e+00
-2.955328982650165415e+00
-2.950082072892278973e+00
-2.942859019315200442e+00
-2.933734675274560999e+00
-2.924024978499112137e+00
-2.915879431371653396e+00
-2.911788682524353078e+00
-2.915093848328382364e+00
-2.930096471705255112e+00
-2.962247833729371393e+00
-3.018514460710825631e+00
-3.108064671840661930e+00
-3.240533982817680680e+00
-3.436253529740071144e+00
-3.716716038509920494e+00
-4.135309180983465893e+00
-4.795833602753432956e+00
-5.985237678243636950e+00
-7.407020184060427725e-01
-8.132806990331684638e-01
-8.834624600228633273e-01
-9.537001852621271869e-01
-1.026027105936981876e+00
-1.102662372157200421e+00
-1.186238993296767630e+00
-1.271431392332433630e+00
-1.357961097877016465e+00
-1.445633435031004943e+00
-1.534536526792229072e+00
-1.623271051496048667e+00
-1.714412112751251271e+00
-1.809000291207424560e+00
-1.908471715138253977e+00
-1.970127660063602626e+00
-2.016821329258251971e+00
-2.066113743389213830e+00
-2.116903862155261606e+00
-2.168660945712539423e+00
-2.221115935665718411e+00
-2.274196303315775047e+00
-2.328056009532255999e+00
-2.383241804602796776e+00
-2.426562729051843448e+00
-2.461274857957539197e+00
-2.496217582118253731e+00
-2.530694489917970635e+00
-2.564449943579525382e+00
-2.597508295681846491e+00
-2.629746684497332510e+00
-2.661102659659313474e+00
-2.691578331456724982e+00
-2.721285752476758191e+00
-2.745870438034051730e+00
-2.768779179263841428e+00
-2.790522052830246125e+00
-2.811018252898964676e+00
-2.830242581787242528e+00
-2.848206523218747677e+00
-2.864951709827089132e+00
-2.880547415900991837e+00
-2.895092067295603755e+00
-2.908621934259601360e+00
-2.920355431669261037e+00
-2.929253563877107780e+00
-2.937283794946452531e+00
-2.944319701201699502e+00
-2.950223451590620272e+00
-2.954814747159758781e+00
-2.957867183233855002e+00
-2.959124289796914553e+00
-2.958337457674089066e+00
-2.955328982650154757e+00
-2.950082072892259433e+00
-2.942859019315189784e+00
-2.933734675274564552e+00
-2.924024978499112137e+00
-2.915879431371656949e+00
-2.911788682524338867e+00
-2.915093848328375259e+00
-2.930096471705269323e+00
-2.962247833729364288e+00
-3.018514460710818526e+00
-3.108064671840665483e+00
-3.240533982817662917e+00
-3.436253529740072921e+00
-3.716716038509900955e+00
-4.135309180983433919e+00
-4.795833602753404534e+00
-5.985237678243610304e+00
-7.407020184060407741e-01
-8.132806990331681307e-01
-8.834624600228613289e-01
-9.537001852621259657e-01
-1.026027105936981876e+00
-1.102662372157202419e+00
-1.186238993296770294e+00
-1.271431392332432520e+00
-1.357961097877017131e+00
-1.445633435031009384e+00
-1.534536526792227296e+00
-1.623271051496042894e+00
-1.714412112751257933e+00
-1.809000291207424560e+00
-1.908471715138252645e+00
-1.970127660063602626e+00
-2.016821329258251083e+00
-2.066113743389207613e+00
-2.116903862155263383e+00
-2.168660945712542087e+00
-2.221115935665727292e+00
-2.274196303315769718e+00
-2.328056009532248893e+00
-2.383241804602797664e+00
-2.426562729051845224e+00
-2.461274857957528539e+00
-2.496217582118264389e+00
-2.530694489917973300e+00
-2.564449943579537816e+00
-2.597508295681846491e+00
-2.629746684497337839e+00
-2.661102659659324132e+00
-2.691578331456728534e+00
-2.721285752476758191e+00
-2.745870438034064165e+00
-2.768779179263844981e+00
-2.790522052830251454e+00
-2.811018252898968228e+00
-2.830242581787238976e+00
-2.848206523218749453e+00
-2.864951709827105120e+00
-2.880547415901000718e+00
-2.895092067295601979e+00
-2.908621934259615571e+00
-2.920355431669271695e+00
-2.929253563877118438e+00
-2.937283794946445425e+00
-2.944319701201717265e+00
-2.950223451590627377e+00
-2.954814747159771215e+00
-2.957867183233851449e+00
-2.959124289796928764e+00
-2.958337457674083737e+00
-2.955328982650158309e+00
-2.950082072892268314e+00
-2.942859019315207547e+00
-2.933734675274571657e+00
-2.924024978499105032e+00
-2.915879431371653396e+00
-2.911788682524342420e+00
-2.915093848328375259e+00
-2.930096471705279981e+00
-2.962247833729371393e+00
-3.018514460710829184e+00
-3.108064671840661930e+00
-3.240533982817677128e+00
-3.436253529740087131e+00
-3.716716038509918718e+00
-4.135309180983441024e+00
-4.795833602753420521e+00
-5.985237678243631620e+00
