-7.188506340209388501e-01
-8.134926296912077248e-01
-9.067137721117765059e-01
-1.002822086253673639e+00
-1.104915721563104913e+00
-1.233816864541129377e+00
-1.358719581459825188e+00
-1.481437305309291963e+00
-1.607105533968224309e+00
-1.736040191292965051e+00
-1.873656848385288676e+00
-1.948086209147609882e+00
-2.014953450418745629e+00
-2.085142637983060432e+00
-2.157079025563046315e+00
-2.230215699768048232e+00
-2.304944977390994687e+00
-2.371123231409806742e+00
-2.417881351448718519e+00
-2.464745735299326057e+00
-2.510584160694016020e+00
-2.554843335502100743e+00
-2.597250121832497705e+00
-2.637786759823063321e+00
-2.673659367179741508e+00
-2.703394816320390248e+00
-2.730752745566340067e+00
-2.755598965622773733e+00
-2.777885228952906793e+00
-2.797822557368485619e+00
-2.815756707651308588e+00
-2.832061699988118519e+00
-2.843446533907494356e+00
-2.852530456581098051e+00
-2.859344870750495815e+00
-2.863099271476567509e+00
-2.862828515100801496e+00
-2.857656621133749297e+00
-2.847314361365702595e+00
-2.832847960229248230e+00
-2.816825845690567931e+00
-2.803799543570299591e+00
-2.799226228562204710e+00
-2.797542138838043257e+00
-2.913855337407950330e+00
-3.489059008789553218e+00
-3.675626836520216045e+00
-4.173808299523368071e+00
-5.356951536254349833e+00
-7.188506340209380729e-01
-8.134926296912070587e-01
-9.067137721117745075e-01
-1.002822086253674305e+00
-1.104915721563102249e+00
-1.233816864541134706e+00
-1.358719581459826076e+00
-1.481437305309297736e+00
-1.607105533968228528e+00
-1.736040191292966162e+00
-1.873656848385290452e+00
-1.948086209147610326e+00
-2.014953450418740744e+00
-2.085142637983072422e+00
-2.157079025563041874e+00
-2.230215699768033577e+00
-2.304944977390988470e+00
-2.371123231409813847e+00
-2.417881351448722071e+00
-2.464745735299339380e+00
-2.510584160694026679e+00
-2.554843335502099855e+00
-2.597250121832507475e+00
-2.637786759823062432e+00
-2.673659367179741508e+00
-2.703394816320400906e+00
-2.730752745566342732e+00
-2.755598965622782615e+00
-2.777885228952916563e+00
-2.797822557368485619e+00
-2.815756707651301483e+00
-2.832061699988123848e+00
-2.843446533907494356e+00
-2.852530456581087392e+00
-2.859344870750479828e+00
-2.863099271476574614e+00
-2.862828515100792615e+00
-2.857656621133756403e+00
-2.847314361365684832e+00
-2.832847960229255335e+00
-2.816825845690555497e+00
-2.803799543570299591e+00
-2.799226228562213592e+00
-2.797542138838041481e+00
-2.913855337407943225e+00
-3.489059008789549665e+00
-3.675626836520223151e+00
-4.173808299523363630e+00
-5.356951536254349833e+00
-7.188506340209382950e-01
-8.134926296912071697e-01
-9.067137721117741744e-01
-1.002822086253671863e+00
-1.104915721563104469e+00
-1.233816864541136260e+00
-1.358719581459826742e+00
-1.481437305309295294e+00
-1.607105533968228528e+00
-1.736040191292968160e+00
-1.873656848385288676e+00
-1.948086209147608550e+00
-2.014953450418743408e+00
-2.085142637983071534e+00
-2.157079025563050756e+00
-2.230215699768040238e+00
-2.304944977390989358e+00
-2.371123231409810295e+00
-2.417881351448723848e+00
-2.464745735299325169e+00
-2.510584160694021350e+00
-2.554843335502091861e+00
-2.597250121832512804e+00
-2.637786759823072202e+00
-2.673659367179752167e+00
-2.703394816320399130e+00
-2.730752745566343620e+00
-2.755598965622784391e+00
-2.777885228952913010e+00
-2.797822557368475849e+00
-2.815756707651307700e+00
-2.832061699988114967e+00
-2.843446533907492579e+00
-2.852530456581089169e+00
-2.859344870750485157e+00
-2.863099271476562180e+00
-2.862828515100805049e+00
-2.857656621133743968e+00
-2.847314361365693713e+00
-2.832847960229241124e+00
-2.816825845690559049e+00
-2.803799543570297814e+00
-2.799226228562204710e+00
-2.797542138838053916e+00
-2.913855337407971646e+00
-3.489059008789551442e+00
-3.675626836520223151e+00
-4.173808299523376064e+00
-5.356951536254340951e+00
-3.315663824261095272e+01
-3.575351352721041565e+01
-3.728185207057072148e+01
-3.825367704112099432e+01
-3.892351851650331440e+01
-3.947422151778270916e+01
-3.994095297489489838e+01
-4.031121313684083418e+01
-4.058625728361574403e+01
-4.077394548222549986e+01
-4.088798495428301294e+01
-4.094596056509844573e+01
-4.094821588644676069e+01
-4.092510363438950094e+01
-4.087383524993433070e+01
-4.079883332128976292e+01
-4.070578228465333837e+01
-4.059150821444654866e+01
-4.045402724559648533e+01
-4.030038506417066912e+01
-4.011186298482470391e+01
-3.990102945140574775e+01
-3.964629995837938026e+01
-3.935943903985219094e+01
-3.903779004338969827e+01
-3.868344308868018544e+01
-3.830574557247220469e+01
-3.792740220378564686e+01
-3.763836541374818978e+01
-3.384759460661065589e+01
-3.665951952623012033e+01
-3.837660011251453085e+01
-3.955369802998325923e+01
-4.038623432050522410e+01
-4.102971619852245055e+01
-4.157950909604777223e+01
-4.205035056662762827e+01
-4.243729846085811630e+01
-4.274325674214281889e+01
-4.297787127229284465e+01
-4.314386763675656766e+01
-4.325758333736316530e+01
-4.332237320901517563e+01
-4.334096285962709771e+01
-4.332246430870137033e+01
-4.326890516302015044e+01
-4.317742151773747850e+01
-4.304771163633509445e+01
-4.288463953308659882e+01
-4.268095735160247273e+01
-4.243911132078645210e+01
-4.215655170018708020e+01
-4.183402299989060680e+01
-4.146783888920619177e+01
-4.106308213349059599e+01
-4.061140581732238530e+01
-4.008624429383316112e+01
-3.941413755163389965e+01
-3.584268163293300091e+01
-3.818711825162554163e+01
-3.963083309900595452e+01
-4.063605632266980194e+01
-4.141326839850263752e+01
-4.206975982216442844e+01
-4.263498593244153057e+01
-4.311304628665864414e+01
-4.351163905641998042e+01
-4.383729324227574153e+01
-4.410492866376254995e+01
-4.431434334447604328e+01
-4.447955230283994155e+01
-4.460332925544314264e+01
-4.468808715313763003e+01
-4.473587386145793232e+01
-4.474855527463367366e+01
-4.472160936082934768e+01
-4.465618703321785432e+01
-4.455351779136603341e+01
-4.441000084815455295e+01
-4.422729615681999604e+01
-4.400344609287504483e+01
-4.374215796626311459e+01
-4.344538725359340958e+01
-4.309271400990011358e+01
-4.264770639176630596e+01
-4.203465720713450793e+01
-4.105751339151891699e+01
-3.315663824261057613e+01
-3.575351352721037301e+01
-3.728185207057077832e+01
-3.825367704112103695e+01
-3.892351851650344940e+01
-3.947422151778285127e+01
-3.994095297489502627e+01
-4.031121313684094787e+01
-4.058625728361582219e+01
-4.077394548222557091e+01
-4.088798495428309820e+01
-4.094596056509848836e+01
-4.094821588644683175e+01
-4.092510363438955778e+01
-4.087383524993441597e+01
-4.079883332128977713e+01
-4.070578228465336679e+01
-4.059150821444652024e+01
-4.045402724559647112e+01
-4.030038506417069044e+01
-4.011186298482464707e+01
-3.990102945140569801e+01
-3.964629995837939447e+01
-3.935943903985219805e+01
-3.903779004338966274e+01
-3.868344308868009307e+01
-3.830574557247218337e+01
-3.792740220378568239e+01
-3.763836541374815425e+01
-3.384759460661077668e+01
-3.665951952623018428e+01
-3.837660011251460901e+01
-3.955369802998324502e+01
-4.038623432050524542e+01
-4.102971619852244345e+01
-4.157950909604778644e+01
-4.205035056662763537e+01
-4.243729846085806656e+01
-4.274325674214276916e+01
-4.297787127229279491e+01
-4.314386763675653924e+01
-4.325758333736314398e+01
-4.332237320901511168e+01
-4.334096285962706929e+01
-4.332246430870132770e+01
-4.326890516302017886e+01
-4.317742151773746428e+01
-4.304771163633505182e+01
-4.288463953308659882e+01
-4.268095735160245852e+01
-4.243911132078644499e+01
-4.215655170018709441e+01
-4.183402299989059969e+01
-4.146783888920619177e+01
-4.106308213349055336e+01
-4.061140581732237820e+01
-4.008624429383313270e+01
-3.941413755163391386e+01
-3.584268163293292275e+01
-3.818711825162543505e+01
-3.963083309900595452e+01
-4.063605632266970247e+01
-4.141326839850243147e+01
-4.206975982216438581e+01
-4.263498593244135293e+01
-4.311304628665851624e+01
-4.351163905641981700e+01
-4.383729324227550705e+01
-4.410492866376250021e+01
-4.431434334447592960e+01
-4.447955230283979233e+01
-4.460332925544314264e+01
-4.468808715313757318e+01
-4.473587386145783995e+01
-4.474855527463368787e+01
-4.472160936082933347e+01
-4.465618703321781879e+01
-4.455351779136618262e+01
-4.441000084815468796e+01
-4.422729615682023763e+01
-4.400344609287522957e+01
-4.374215796626312169e+01
-4.344538725359358722e+01
-4.309271400990024148e+01
-4.264770639176634859e+01
-4.203465720713457188e+01
-4.105751339151890988e+01
-3.315663824261072534e+01
-3.575351352721036591e+01
-3.728185207057066464e+01
-3.825367704112095169e+01
-3.892351851650332151e+01
-3.947422151778274468e+01
-3.994095297489492680e+01
-4.031121313684087681e+01
-4.058625728361576535e+01
-4.077394548222554960e+01
-4.088798495428304847e+01
-4.094596056509853099e+01
-4.094821588644678201e+01
-4.092510363438950094e+01
-4.087383524993438044e+01
-4.079883332128977003e+01
-4.070578228465330994e+01
-4.059150821444649893e+01
-4.045402724559652086e+01
-4.030038506417066912e+01
-4.011186298482468970e+01
-3.990102945140579038e+01
-3.964629995837938026e+01
-3.935943903985225489e+01
-3.903779004338974801e+01
-3.868344308868016412e+01
-3.830574557247226153e+01
-3.792740220378577476e+01
-3.763836541374818268e+01
-3.384759460661053510e+01
-3.665951952623009902e+01
-3.837660011251453085e+01
-3.955369802998323081e+01
-4.038623432050525253e+01
-4.102971619852243634e+01
-4.157950909604778644e+01
-4.205035056662761406e+01
-4.243729846085809498e+01
-4.274325674214281889e+01
-4.297787127229280202e+01
-4.314386763675654635e+01
-4.325758333736312977e+01
-4.332237320901516853e+01
-4.334096285962711192e+01
-4.332246430870135612e+01
-4.326890516302020728e+01
-4.317742151773747139e+01
-4.304771163633515130e+01
-4.288463953308662724e+01
-4.268095735160249404e+01
-4.243911132078650894e+01
-4.215655170018713704e+01
-4.183402299989062811e+01
-4.146783888920622729e+01
-4.106308213349061020e+01
-4.061140581732242794e+01
-4.008624429383314691e+01
-3.941413755163390675e+01
-3.584268163293289433e+01
-3.818711825162544926e+01
-3.963083309900611795e+01
-4.063605632266983747e+01
-4.141326839850259489e+01
-4.206975982216456345e+01
-4.263498593244145951e+01
-4.311304628665867256e+01
-4.351163905641990937e+01
-4.383729324227558521e+01
-4.410492866376256416e+01
-4.431434334447597934e+01
-4.447955230283982786e+01
-4.460332925544317817e+01
-4.468808715313758029e+01
-4.473587386145778311e+01
-4.474855527463367366e+01
-4.472160936082926241e+01
-4.465618703321766247e+01
-4.455351779136600499e+01
-4.441000084815443216e+01
-4.422729615682001025e+01
-4.400344609287511588e+01
-4.374215796626292985e+01
-4.344538725359345221e+01
-4.309271400990008516e+01
-4.264770639176622069e+01
-4.203465720713450793e+01
-4.105751339151884594e+01
