-2.275425947047625463e+00
-2.464987894408356084e+00
-2.660236023709803721e+00
-2.855141867077842566e+00
-3.048163257998189657e+00
-3.239120137826807966e+00
-3.428616973360353093e+00
-3.617490165733700636e+00
-3.843482080174431381e+00
-4.073434219337682016e+00
-4.292390168437951736e+00
-4.510963252516631883e+00
-4.735911798664742989e+00
-4.969035142417734363e+00
-5.211825189606813069e+00
-5.460421959592633101e+00
-5.726749198179485134e+00
-6.019330927120003949e+00
-6.148520815659693994e+00
-6.247153613609611966e+00
-6.359382583399465716e+00
-6.479406592318930791e+00
-6.603441331334352071e+00
-6.728013080116273414e+00
-6.847642407711848733e+00
-6.961070384801178790e+00
-7.064857074756748290e+00
-7.156168087448033788e+00
-7.234207409511014930e+00
-7.217296964992048203e+00
-7.178893194352777840e+00
-7.113436159415734039e+00
-7.025365730689831167e+00
-6.920117356114481311e+00
-6.805009882002089228e+00
-6.689413436918300704e+00
-6.584007377192058641e+00
-6.500151665532243328e+00
-6.449541628493548728e+00
-6.444317511425730061e+00
-6.495654191914681519e+00
-6.605715227192867189e+00
-6.807889210895623933e+00
-7.126667373634695934e+00
-7.596803571785315512e+00
-8.285919019641404759e+00
-9.308431016146517578e+00
-1.090780834317162373e+01
-1.377705035365649522e+01
-2.294529479005050554e+00
-2.477862292129629385e+00
-2.669162890363805829e+00
-2.861119243387165501e+00
-3.051708082293826507e+00
-3.240453880087723171e+00
-3.427619357477101225e+00
-3.613188017576470124e+00
-3.845267171326450573e+00
-4.076042239614509732e+00
-4.299786169250288559e+00
-4.519044848855481078e+00
-4.745009738172214497e+00
-4.979347048716320501e+00
-5.224388191380031188e+00
-5.474646708109901283e+00
-5.743216438163482707e+00
-6.039156548432476512e+00
-6.144639064753452118e+00
-6.245636055706953016e+00
-6.359268536553845053e+00
-6.480276148437852157e+00
-6.605070029508326002e+00
-6.730476007150713258e+00
-6.851732595472082465e+00
-6.965773695202972959e+00
-7.070394350185139842e+00
-7.162941321245028803e+00
-7.234095095913470885e+00
-7.217384733969840482e+00
-7.179713505859176337e+00
-7.114333402899205794e+00
-7.027120529907605828e+00
-6.922697161855765557e+00
-6.808413927649176856e+00
-6.693651308900435026e+00
-6.589092918909670971e+00
-6.506105065466535109e+00
-6.456400188684995101e+00
-6.452167842165607681e+00
-6.502485906563570950e+00
-6.613550241307201816e+00
-6.816725248739764709e+00
-7.136668917090673858e+00
-7.608077785800610116e+00
-8.298843690197379885e+00
-9.323627786687229246e+00
-1.092644162798283602e+01
-1.380171384008427538e+01
-2.285922982008373072e+00
-2.472815126233139260e+00
-2.666470055798890293e+00
-2.860277611365355632e+00
-3.052486969440037168e+00
-3.242804151204321084e+00
-3.431722129805852450e+00
-3.619809231504579117e+00
-3.848888291544236395e+00
-4.079444313974224912e+00
-4.300049001892031875e+00
-4.519233480383419987e+00
-4.744914718254321429e+00
-4.978862534664878936e+00
-5.222619219002634594e+00
-5.472254529776661158e+00
-5.739885539819026050e+00
-6.034313691710242011e+00
-6.151792108629589251e+00
-6.251826866049224662e+00
-6.364968602734222713e+00
-6.485691318573969966e+00
-6.610311651345494255e+00
-6.735621278322209804e+00
-6.855741340219893232e+00
-6.969684382275755041e+00
-7.074064119850312693e+00
-7.166139006667286537e+00
-7.241265319384766030e+00
-7.224161016114756251e+00
-7.186285088831553480e+00
-7.121236341503330181e+00
-7.033634846846961608e+00
-6.928833290192024208e+00
-6.814161677227456693e+00
-6.698995067687363303e+00
-6.594015896887178485e+00
-6.510588261321046843e+00
-6.460416339663652252e+00
-6.455664208787553093e+00
-6.506452474535059594e+00
-6.616973214069588494e+00
-6.819584878850477594e+00
-7.138716148583149845e+00
-7.609339784999065159e+00
-8.298965388062441662e+00
-9.322147274657126559e+00
-1.092250239196761186e+01
-1.379348926295811495e+01
-2.284040677662093621e+00
-2.470082927088627756e+00
-2.663001110441920005e+00
-2.856074539445066840e+00
-3.047493024317275978e+00
-3.236899430922118626e+00
-3.424677143536165147e+00
-3.611110940526562452e+00
-3.839798407650285128e+00
-4.070005022734297206e+00
-4.292134162503915107e+00
-4.510781043580564642e+00
-4.736010750284606274e+00
-4.969518932969208436e+00
-5.213591595711548621e+00
-5.462803366545545103e+00
-5.730059814170004984e+00
-6.024142352718136806e+00
-6.141368617891565407e+00
-6.240945876361230660e+00
-6.353647500304354878e+00
-6.473935987091643085e+00
-6.598118060436316767e+00
-6.722966210672701948e+00
-6.843519446657662542e+00
-6.957026833137909705e+00
-7.061024243229695685e+00
-7.152756859739696438e+00
-7.227651602731455682e+00
-7.210279362336905251e+00
-7.172175686575663178e+00
-7.106282134361862290e+00
-7.018589844338812611e+00
-6.913702259208999834e+00
-6.798961999146364121e+00
-6.683746106906355067e+00
-6.578736070162655380e+00
-6.495294787664960268e+00
-6.445126455049958736e+00
-6.440397318023116213e+00
-6.491243701594484605e+00
-6.601825935022311853e+00
-6.804543444181959444e+00
-7.124127208823480828e+00
-7.595038224011815942e+00
-8.285297828664909048e+00
-9.309429974203133895e+00
-1.091130853489556074e+01
-1.378492504669610064e+01
-2.294529479005050554e+00
-2.477862292129627608e+00
-2.669162890363805829e+00
-2.861119243387164168e+00
-3.051708082293822066e+00
-3.240453880087713401e+00
-3.427619357477100781e+00
-3.613188017576464794e+00
-3.845267171326447020e+00
-4.076042239614514173e+00
-4.299786169250265466e+00
-4.519044848855468643e+00
-4.745009738172203839e+00
-4.979347048716304514e+00
-5.224388191380008095e+00
-5.474646708109908388e+00
-5.743216438163463167e+00
-6.039156548432487170e+00
-6.144639064753427249e+00
-6.245636055706977885e+00
-6.359268536553841500e+00
-6.480276148437834394e+00
-6.605070029508311791e+00
-6.730476007150713258e+00
-6.851732595472078913e+00
-6.965773695202987170e+00
-7.070394350185114973e+00
-7.162941321245039461e+00
-7.234095095913499307e+00
-7.217384733969836930e+00
-7.179713505859183442e+00
-7.114333402899205794e+00
-7.027120529907641355e+00
-6.922697161855786874e+00
-6.808413927649162645e+00
-6.693651308900435026e+00
-6.589092918909670971e+00
-6.506105065466570636e+00
-6.456400188685023522e+00
-6.452167842165607681e+00
-6.502485906563592266e+00
-6.613550241307201816e+00
-6.816725248739757603e+00
-7.136668917090680964e+00
-7.608077785800546167e+00
-8.298843690197458045e+00
-9.323627786687247010e+00
-1.092644162798282181e+01
-1.380171384008430380e+01
-2.275425947047624575e+00
-2.464987894408354752e+00
-2.660236023709803721e+00
-2.855141867077843010e+00
-3.048163257998190545e+00
-3.239120137826813739e+00
-3.428616973360363751e+00
-3.617490165733705965e+00
-3.843482080174426940e+00
-4.073434219337675799e+00
-4.292390168437937525e+00
-4.510963252516640765e+00
-4.735911798664748318e+00
-4.969035142417748574e+00
-5.211825189606804187e+00
-5.460421959592656194e+00
-5.726749198179494016e+00
-6.019330927119982633e+00
-6.148520815659722416e+00
-6.247153613609615519e+00
-6.359382583399433742e+00
-6.479406592318913027e+00
-6.603441331334369835e+00
-6.728013080116262756e+00
-6.847642407711859391e+00
-6.961070384801175237e+00
-7.064857074756758948e+00
-7.156168087448033788e+00
-7.234207409511011377e+00
-7.217296964992048203e+00
-7.178893194352767182e+00
-7.113436159415719828e+00
-7.025365730689827615e+00
-6.920117356114452889e+00
-6.805009882002060806e+00
-6.689413436918265177e+00
-6.584007377192065746e+00
-6.500151665532236223e+00
-6.449541628493548728e+00
-6.444317511425701639e+00
-6.495654191914674414e+00
-6.605715227192867189e+00
-6.807889210895652354e+00
-7.126667373634688829e+00
-7.596803571785308407e+00
-8.285919019641511341e+00
-9.308431016146521131e+00
-1.090780834317161663e+01
-1.377705035365650232e+01
-2.284040677662094510e+00
-2.470082927088627756e+00
-2.663001110441918673e+00
-2.856074539445060623e+00
-3.047493024317271537e+00
-3.236899430922117737e+00
-3.424677143536165591e+00
-3.611110940526559787e+00
-3.839798407650285128e+00
-4.070005022734290101e+00
-4.292134162503902672e+00
-4.510781043580555760e+00
-4.736010750284599169e+00
-4.969518932969199554e+00
-5.213591595711562832e+00
-5.462803366545523787e+00
-5.730059814170003207e+00
-6.024142352718115490e+00
-6.141368617891547643e+00
-6.240945876361216449e+00
-6.353647500304358431e+00
-6.473935987091621769e+00
-6.598118060436284793e+00
-6.722966210672669973e+00
-6.843519446657655436e+00
-6.957026833137902599e+00
-7.061024243229699238e+00
-7.152756859739675122e+00
-7.227651602731462788e+00
-7.210279362336898146e+00
-7.172175686575620546e+00
-7.106282134361855185e+00
-7.018589844338816164e+00
-6.913702259209003387e+00
-6.798961999146342805e+00
-6.683746106906355067e+00
-6.578736070162669591e+00
-6.495294787664931846e+00
-6.445126455049972947e+00
-6.440397318023080686e+00
-6.491243701594534343e+00
-6.601825935022283431e+00
-6.804543444181902601e+00
-7.124127208823466617e+00
-7.595038224011837258e+00
-8.285297828664916153e+00
-9.309429974203119684e+00
-1.091130853489558916e+01
-1.378492504669610952e+01
-2.285922982008372628e+00
-2.472815126233140148e+00
-2.666470055798888072e+00
-2.860277611365357853e+00
-3.052486969440040276e+00
-3.242804151204323304e+00
-3.431722129805851118e+00
-3.619809231504575120e+00
-3.848888291544232843e+00
-4.079444313974236458e+00
-4.300049001892022105e+00
-4.519233480383420876e+00
-4.744914718254324981e+00
-4.978862534664854067e+00
-5.222619219002643476e+00
-5.472254529776657606e+00
-5.739885539819029603e+00
-6.034313691710261551e+00
-6.151792108629610567e+00
-6.251826866049231768e+00
-6.364968602734229819e+00
-6.485691318573969966e+00
-6.610311651345497808e+00
-6.735621278322199146e+00
-6.855741340219889679e+00
-6.969684382275787016e+00
-7.074064119850305588e+00
-7.166139006667293643e+00
-7.241265319384798005e+00
-7.224161016114742040e+00
-7.186285088831574797e+00
-7.121236341503340839e+00
-7.033634846846950950e+00
-6.928833290192009997e+00
-6.814161677227446035e+00
-6.698995067687384619e+00
-6.594015896887178485e+00
-6.510588261320982895e+00
-6.460416339663680674e+00
-6.455664208787538882e+00
-6.506452474535016961e+00
-6.616973214069567177e+00
-6.819584878850434961e+00
-7.138716148583171162e+00
-7.609339784999008316e+00
-8.298965388062448767e+00
-9.322147274657176297e+00
-1.092250239196759409e+01
-1.379348926295810429e+01
