-1.083493676478525902e+00
-1.109077347384212819e+00
-1.164018684311563856e+00
-1.287479829500260076e+00
-1.413633007299035071e+00
-1.534911131862747524e+00
-1.655028917341400785e+00
-1.772713917449490584e+00
-1.893416180915629354e+00
-2.023348152237655739e+00
-2.078521067045769666e+00
-2.136698401161311711e+00
-2.198038341304600518e+00
-2.260767578630255237e+00
-2.323990601569403402e+00
-2.387435824000788465e+00
-2.451500224693177188e+00
-2.514363437203861906e+00
-2.552547063516196424e+00
-2.591124616116348811e+00
-2.628771725330116382e+00
-2.664788602469541523e+00
-2.698773981733445737e+00
-2.730484423755624945e+00
-2.759817693238611369e+00
-2.786841672375087953e+00
-2.811068988866088247e+00
-2.827649596900514872e+00
-2.842183322583905714e+00
-2.854639134754023644e+00
-2.865154716769659160e+00
-2.873851766399097230e+00
-2.880670181821324505e+00
-2.885193722673362160e+00
-2.886508707309122457e+00
-2.883181477824935612e+00
-2.873468580180409404e+00
-2.855587733251777394e+00
-2.826205570727029937e+00
-2.788962474257349555e+00
-2.746884323771491054e+00
-2.706621520257032287e+00
-2.689195768927588048e+00
-2.787512806959322020e+00
-3.044876336285158303e+00
-3.273228480931937412e+00
-3.509277392127144068e+00
-4.037074484307616729e+00
-5.323766275779313162e+00
-1.083493676478524126e+00
-1.109077347384214818e+00
-1.164018684311566521e+00
-1.287479829500255191e+00
-1.413633007299032629e+00
-1.534911131862750855e+00
-1.655028917341399008e+00
-1.772713917449490584e+00
-1.893416180915623137e+00
-2.023348152237652187e+00
-2.078521067045761672e+00
-2.136698401161295724e+00
-2.198038341304599186e+00
-2.260767578630256125e+00
-2.323990601569407843e+00
-2.387435824000786688e+00
-2.451500224693175412e+00
-2.514363437203842366e+00
-2.552547063516195536e+00
-2.591124616116358581e+00
-2.628771725330103948e+00
-2.664788602469540635e+00
-2.698773981733447513e+00
-2.730484423755608958e+00
-2.759817693238610481e+00
-2.786841672375080847e+00
-2.811068988866096241e+00
-2.827649596900516649e+00
-2.842183322583894167e+00
-2.854639134754032526e+00
-2.865154716769648502e+00
-2.873851766399090124e+00
-2.880670181821320952e+00
-2.885193722673360384e+00
-2.886508707309133115e+00
-2.883181477824914296e+00
-2.873468580180400522e+00
-2.855587733251757854e+00
-2.826205570727053029e+00
-2.788962474257367319e+00
-2.746884323771519476e+00
-2.706621520257023406e+00
-2.689195768927584496e+00
-2.787512806959327349e+00
-3.044876336285120999e+00
-3.273228480931928530e+00
-3.509277392127170714e+00
-4.037074484307622058e+00
-5.323766275779295398e+00
-1.083493676478524792e+00
-1.109077347384213930e+00
-1.164018684311563634e+00
-1.287479829500258521e+00
-1.413633007299035294e+00
-1.534911131862754630e+00
-1.655028917341402339e+00
-1.772713917449491472e+00
-1.893416180915623137e+00
-2.023348152237658848e+00
-2.078521067045766557e+00
-2.136698401161308603e+00
-2.198038341304604071e+00
-2.260767578630257901e+00
-2.323990601569409620e+00
-2.387435824000791129e+00
-2.451500224693170971e+00
-2.514363437203850360e+00
-2.552547063516194648e+00
-2.591124616116347035e+00
-2.628771725330119047e+00
-2.664788602469539747e+00
-2.698773981733450178e+00
-2.730484423755608070e+00
-2.759817693238620251e+00
-2.786841672375079071e+00
-2.811068988866092688e+00
-2.827649596900521978e+00
-2.842183322583897720e+00
-2.854639134754041407e+00
-2.865154716769646726e+00
-2.873851766399083019e+00
-2.880670181821328057e+00
-2.885193722673346173e+00
-2.886508707309115351e+00
-2.883181477824910743e+00
-2.873468580180416510e+00
-2.855587733251780946e+00
-2.826205570727031713e+00
-2.788962474257358437e+00
-2.746884323771508818e+00
-2.706621520257032287e+00
-2.689195768927575614e+00
-2.787512806959318468e+00
-3.044876336285138763e+00
-3.273228480931942741e+00
-3.509277392127168937e+00
-4.037074484307618505e+00
-5.323766275779300727e+00
-3.978533733018214491e+01
-4.108571289107212010e+01
-4.200694512782902734e+01
-4.273237375041570374e+01
-4.329262666954188887e+01
-4.370506646540196982e+01
-4.401152425949928926e+01
-4.427003784099228767e+01
-4.450437977788818955e+01
-4.472160004254578780e+01
-4.492421577061037397e+01
-4.511168074694419516e+01
-4.528427976805339483e+01
-4.544183247479764987e+01
-4.558448795673157861e+01
-4.571263476398097225e+01
-4.582698104477940149e+01
-4.592776232014419691e+01
-4.601565851878710589e+01
-4.609062809507014435e+01
-4.615408915657936717e+01
-4.620524447511742494e+01
-4.623809490661177080e+01
-4.623246441486742242e+01
-4.617584809090185161e+01
-4.607619939096110784e+01
-4.595280341103514132e+01
-4.585830582515831111e+01
-4.596498683650928996e+01
-3.722533564563870812e+01
-3.907028118928938198e+01
-3.999970762332097252e+01
-4.068768822933365215e+01
-4.124191061062320074e+01
-4.164926431427464593e+01
-4.190703867406955396e+01
-4.204315223862144535e+01
-4.212243736537885752e+01
-4.217937819671642785e+01
-4.221912252193571646e+01
-4.224411636165730499e+01
-4.225423393778754644e+01
-4.225037811705406909e+01
-4.223119504403496194e+01
-4.219722008271946834e+01
-4.214942828685904885e+01
-4.208895793956209985e+01
-4.201755787503154949e+01
-4.193881283736694598e+01
-4.185479318834894258e+01
-4.177085595587541178e+01
-4.169155965349795423e+01
-4.162689192868705845e+01
-4.159163222239642010e+01
-4.160676256845628274e+01
-4.167419157630340720e+01
-4.188119646361237614e+01
-4.252521105480649766e+01
-3.946249255132589440e+01
-4.109493911568789315e+01
-4.210092876724861100e+01
-4.290370907441612758e+01
-4.355844787118941497e+01
-4.407460584009356097e+01
-4.447474358632312175e+01
-4.477826477578678777e+01
-4.501652928919305907e+01
-4.522232950364265491e+01
-4.540566188768733014e+01
-4.556924963145931429e+01
-4.571270364381408058e+01
-4.583758495878724659e+01
-4.594494772088391699e+01
-4.603558003757007810e+01
-4.610926079926208132e+01
-4.616717919973345374e+01
-4.621124224617488352e+01
-4.623943176852653636e+01
-4.625152433037770550e+01
-4.624326991335211545e+01
-4.620235101555084611e+01
-4.611589784260628022e+01
-4.598408155936777320e+01
-4.581121081449944654e+01
-4.561444269426768017e+01
-4.543619024071993806e+01
-4.541780309359695877e+01
-3.978533733018210938e+01
-4.108571289107229774e+01
-4.200694512782901313e+01
-4.273237375041570374e+01
-4.329262666954201677e+01
-4.370506646540209772e+01
-4.401152425949926794e+01
-4.427003784099243688e+01
-4.450437977788821797e+01
-4.472160004254585886e+01
-4.492421577061037397e+01
-4.511168074694418806e+01
-4.528427976805335220e+01
-4.544183247479782040e+01
-4.558448795673170650e+01
-4.571263476398101488e+01
-4.582698104477942280e+01
-4.592776232014423954e+01
-4.601565851878724089e+01
-4.609062809507008041e+01
-4.615408915657926059e+01
-4.620524447511739652e+01
-4.623809490661174948e+01
-4.623246441486737979e+01
-4.617584809090173792e+01
-4.607619939096104389e+01
-4.595280341103507737e+01
-4.585830582515814768e+01
-4.596498683650921180e+01
-3.722533564563864417e+01
-3.907028118928923277e+01
-3.999970762332081620e+01
-4.068768822933350293e+01
-4.124191061062310837e+01
-4.164926431427458908e+01
-4.190703867406955396e+01
-4.204315223862139561e+01
-4.212243736537879357e+01
-4.217937819671634259e+01
-4.221912252193563120e+01
-4.224411636165729078e+01
-4.225423393778753933e+01
-4.225037811705406909e+01
-4.223119504403494773e+01
-4.219722008271950386e+01
-4.214942828685914833e+01
-4.208895793956212827e+01
-4.201755787503154949e+01
-4.193881283736692467e+01
-4.185479318834899942e+01
-4.177085595587546862e+01
-4.169155965349793291e+01
-4.162689192868699450e+01
-4.159163222239642721e+01
-4.160676256845632537e+01
-4.167419157630349247e+01
-4.188119646361249693e+01
-4.252521105480661845e+01
-3.946249255132600098e+01
-4.109493911568795710e+01
-4.210092876724866073e+01
-4.290370907441616311e+01
-4.355844787118944339e+01
-4.407460584009356097e+01
-4.447474358632322833e+01
-4.477826477578675934e+01
-4.501652928919312302e+01
-4.522232950364269755e+01
-4.540566188768737987e+01
-4.556924963145932139e+01
-4.571270364381412321e+01
-4.583758495878733186e+01
-4.594494772088394541e+01
-4.603558003757005679e+01
-4.610926079926208843e+01
-4.616717919973334006e+01
-4.621124224617480536e+01
-4.623943176852652925e+01
-4.625152433037771971e+01
-4.624326991335211545e+01
-4.620235101555082480e+01
-4.611589784260623048e+01
-4.598408155936770214e+01
-4.581121081449939680e+01
-4.561444269426767306e+01
-4.543619024071992385e+01
-4.541780309359686640e+01
-3.978533733018221596e+01
-4.108571289107234747e+01
-4.200694512782913392e+01
-4.273237375041584585e+01
-4.329262666954203809e+01
-4.370506646540215456e+01
-4.401152425949944558e+01
-4.427003784099243688e+01
-4.450437977788828192e+01
-4.472160004254586596e+01
-4.492421577061040949e+01
-4.511168074694423069e+01
-4.528427976805341615e+01
-4.544183247479768539e+01
-4.558448795673162124e+01
-4.571263476398102199e+01
-4.582698104477940149e+01
-4.592776232014419691e+01
-4.601565851878726932e+01
-4.609062809507010883e+01
-4.615408915657925348e+01
-4.620524447511738231e+01
-4.623809490661169974e+01
-4.623246441486732294e+01
-4.617584809090168108e+01
-4.607619939096100836e+01
-4.595280341103502053e+01
-4.585830582515814058e+01
-4.596498683650912653e+01
-3.722533564563863706e+01
-3.907028118928916882e+01
-3.999970762332079488e+01
-4.068768822933343188e+01
-4.124191061062310837e+01
-4.164926431427453224e+01
-4.190703867406951844e+01
-4.204315223862133877e+01
-4.212243736537870120e+01
-4.217937819671624311e+01
-4.221912252193560278e+01
-4.224411636165733341e+01
-4.225423393778748959e+01
-4.225037811705406909e+01
-4.223119504403494062e+01
-4.219722008271949676e+01
-4.214942828685913412e+01
-4.208895793956212827e+01
-4.201755787503157080e+01
-4.193881283736683940e+01
-4.185479318834902784e+01
-4.177085595587538336e+01
-4.169155965349789739e+01
-4.162689192868712240e+01
-4.159163222239650537e+01
-4.160676256845638932e+01
-4.167419157630354221e+01
-4.188119646361252535e+01
-4.252521105480646924e+01
-3.946249255132585176e+01
-4.109493911568793578e+01
-4.210092876724873179e+01
-4.290370907441618442e+01
-4.355844787118948602e+01
-4.407460584009356808e+01
-4.447474358632330649e+01
-4.477826477578683750e+01
-4.501652928919324381e+01
-4.522232950364272597e+01
-4.540566188768735145e+01
-4.556924963145944218e+01
-4.571270364381412321e+01
-4.583758495878736738e+01
-4.594494772088394541e+01
-4.603558003757009942e+01
-4.610926079926214527e+01
-4.616717919973345374e+01
-4.621124224617479825e+01
-4.623943176852644399e+01
-4.625152433037769129e+01
-4.624326991335207993e+01
-4.620235101555081059e+01
-4.611589784260615943e+01
-4.598408155936768082e+01
-4.581121081449932575e+01
-4.561444269426758069e+01
-4.543619024071993096e+01
-4.541780309359683088e+01
