-7.079564425333074729e-01
-6.567567042848012626e-01
-6.893801650072164389e-01
-8.010639065932751990e-01
-9.284417230344113037e-01
-1.057563266960771298e+00
-1.179432204706452048e+00
-1.295715064744088707e+00
-1.412319876469241287e+00
-1.466323584189612284e+00
-1.516112918278070154e+00
-1.571974865102180985e+00
-1.631522534869792374e+00
-1.693346942962669743e+00
-1.756886989042458325e+00
-1.818286980676658615e+00
-1.858303130099525191e+00
-1.898635780801329886e+00
-1.938380019748395355e+00
-1.977116087306866277e+00
-2.014631016998174928e+00
-2.050889921705783436e+00
-2.084684083412341238e+00
-2.112225643643883544e+00
-2.138280182868726342e+00
-2.162745500955580269e+00
-2.185678503651717008e+00
-2.207231533915781085e+00
-2.227633462615495219e+00
-2.247202829097373566e+00
-2.262915161560286492e+00
-2.277631332188864377e+00
-2.291516008538945215e+00
-2.304349463449707258e+00
-2.315797264880616879e+00
-2.325436269690912994e+00
-2.332865363781188250e+00
-2.337775753394593536e+00
-2.339552909834319294e+00
-2.340191648263258983e+00
-2.341568204010773258e+00
-2.346182092588641410e+00
-2.356211884651806088e+00
-2.381282498661423830e+00
-2.633370701292871985e+00
-3.183361313947440152e+00
-3.426609821832151681e+00
-3.649582558435866986e+00
-4.670500673508811040e+00
-7.079564425333063626e-01
-6.567567042847939351e-01
-6.893801650072086673e-01
-8.010639065932636527e-01
-9.284417230343864347e-01
-1.057563266960758863e+00
-1.179432204706447607e+00
-1.295715064744081602e+00
-1.412319876469231517e+00
-1.466323584189601625e+00
-1.516112918278061272e+00
-1.571974865102186314e+00
-1.631522534869789709e+00
-1.693346942962675072e+00
-1.756886989042456548e+00
-1.818286980676662168e+00
-1.858303130099544731e+00
-1.898635780801336992e+00
-1.938380019748382921e+00
-1.977116087306857395e+00
-2.014631016998176705e+00
-2.050889921705795871e+00
-2.084684083412359001e+00
-2.112225643643885320e+00
-2.138280182868731671e+00
-2.162745500955578493e+00
-2.185678503651722338e+00
-2.207231533915805954e+00
-2.227633462615520088e+00
-2.247202829097364685e+00
-2.262915161560298927e+00
-2.277631332188846613e+00
-2.291516008538934557e+00
-2.304349463449696600e+00
-2.315797264880629314e+00
-2.325436269690897007e+00
-2.332865363781188250e+00
-2.337775753394589984e+00
-2.339552909834285543e+00
-2.340191648263242996e+00
-2.341568204010766152e+00
-2.346182092588627199e+00
-2.356211884651770561e+00
-2.381282498661420277e+00
-2.633370701292882643e+00
-3.183361313947404625e+00
-3.426609821832123259e+00
-3.649582558435852775e+00
-4.670500673508814593e+00
-7.079564425333075839e-01
-6.567567042847990422e-01
-6.893801650072095555e-01
-8.010639065932685376e-01
-9.284417230344015337e-01
-1.057563266960767301e+00
-1.179432204706447607e+00
-1.295715064744085154e+00
-1.412319876469235069e+00
-1.466323584189610507e+00
-1.516112918278057720e+00
-1.571974865102175656e+00
-1.631522534869793262e+00
-1.693346942962670632e+00
-1.756886989042458325e+00
-1.818286980676660392e+00
-1.858303130099541178e+00
-1.898635780801342321e+00
-1.938380019748393579e+00
-1.977116087306857395e+00
-2.014631016998174928e+00
-2.050889921705783436e+00
-2.084684083412351896e+00
-2.112225643643876438e+00
-2.138280182868719237e+00
-2.162745500955580269e+00
-2.185678503651709903e+00
-2.207231533915782862e+00
-2.227633462615518312e+00
-2.247202829097375343e+00
-2.262915161560286492e+00
-2.277631332188841284e+00
-2.291516008538970084e+00
-2.304349463449696600e+00
-2.315797264880613326e+00
-2.325436269690889901e+00
-2.332865363781181145e+00
-2.337775753394598865e+00
-2.339552909834299754e+00
-2.340191648263264312e+00
-2.341568204010762599e+00
-2.346182092588627199e+00
-2.356211884651806088e+00
-2.381282498661445146e+00
-2.633370701292879090e+00
-3.183361313947408178e+00
-3.426609821832141023e+00
-3.649582558435859880e+00
-4.670500673508799494e+00
-2.955434164688959697e+01
-3.112672471419818265e+01
-3.214188899040884451e+01
-3.287871566264615808e+01
-3.346121052754175906e+01
-3.401383299015376593e+01
-3.457081082386547166e+01
-3.509390177063067995e+01
-3.556836327291895827e+01
-3.598460726046826608e+01
-3.634547871981982325e+01
-3.665009284259181754e+01
-3.690155235049778781e+01
-3.710178889678181235e+01
-3.725213434746255814e+01
-3.732931947985947119e+01
-3.735154238382208547e+01
-3.733192459698773291e+01
-3.727429012705077582e+01
-3.718275232775128814e+01
-3.705137548283089188e+01
-3.688550282827108617e+01
-3.668430784045058601e+01
-3.644381248014544639e+01
-3.616984838012326975e+01
-3.587021401608771498e+01
-3.555102856356845109e+01
-3.523436966176348051e+01
-3.499560956670133294e+01
-2.539107813453679796e+01
-2.792917289022360094e+01
-2.954815393620959441e+01
-3.070479372951462338e+01
-3.151348271664926770e+01
-3.210558283384602873e+01
-3.255614096019007775e+01
-3.292348140118266997e+01
-3.327286560278429306e+01
-3.361671916358190515e+01
-3.393574015447325110e+01
-3.421847418590125756e+01
-3.445413002068721653e+01
-3.463838715886579678e+01
-3.477307103646224107e+01
-3.485904007447506103e+01
-3.489657000259242636e+01
-3.488556851411607340e+01
-3.481401194864367454e+01
-3.469955418880245901e+01
-3.455120090013323164e+01
-3.436410165060156174e+01
-3.415557418127397682e+01
-3.391346640038224791e+01
-3.364929999840108366e+01
-3.337331387570757357e+01
-3.309866520968632386e+01
-3.287155268545026132e+01
-3.281955856691254070e+01
-2.914229699933601125e+01
-3.108289388237170314e+01
-3.234228119348492925e+01
-3.326362122375205388e+01
-3.397503282925777768e+01
-3.456325566196964161e+01
-3.508266402519261362e+01
-3.557104306153992468e+01
-3.601621747831626408e+01
-3.642786705434289729e+01
-3.677896749826457778e+01
-3.707335011777986722e+01
-3.731307547941564451e+01
-3.749924956328349168e+01
-3.763238982323833426e+01
-3.770486707265084192e+01
-3.772222867496737564e+01
-3.769216885643014336e+01
-3.762809400012748995e+01
-3.751862356247269048e+01
-3.736988567618335821e+01
-3.718004447953214253e+01
-3.695340436351470714e+01
-3.668237729161458560e+01
-3.637958583385358224e+01
-3.604470283684671017e+01
-3.567834605882517707e+01
-3.529378903885086771e+01
-3.493746891297831780e+01
-2.955434164688952592e+01
-3.112672471419784870e+01
-3.214188899040873793e+01
-3.287871566264603018e+01
-3.346121052754153880e+01
-3.401383299015359540e+01
-3.457081082386535797e+01
-3.509390177063057337e+01
-3.556836327291894406e+01
-3.598460726046820213e+01
-3.634547871981970957e+01
-3.665009284259160438e+01
-3.690155235049769544e+01
-3.710178889678179104e+01
-3.725213434746271446e+01
-3.732931947985947829e+01
-3.735154238382219205e+01
-3.733192459698759080e+01
-3.727429012705091793e+01
-3.718275232775137340e+01
-3.705137548283092030e+01
-3.688550282827099380e+01
-3.668430784045067838e+01
-3.644381248014556007e+01
-3.616984838012332659e+01
-3.587021401608775051e+01
-3.555102856356846530e+01
-3.523436966176355156e+01
-3.499560956670146794e+01
-2.539107813453636098e+01
-2.792917289022375371e+01
-2.954815393620976494e+01
-3.070479372951488628e+01
-3.151348271664945599e+01
-3.210558283384637690e+01
-3.255614096019048986e+01
-3.292348140118306787e+01
-3.327286560278459149e+01
-3.361671916358226042e+01
-3.393574015447349268e+01
-3.421847418590157019e+01
-3.445413002068738706e+01
-3.463838715886593889e+01
-3.477307103646235475e+01
-3.485904007447513209e+01
-3.489657000259230557e+01
-3.488556851411617288e+01
-3.481401194864369586e+01
-3.469955418880239506e+01
-3.455120090013298295e+01
-3.436410165060146227e+01
-3.415557418127386313e+01
-3.391346640038206317e+01
-3.364929999840092734e+01
-3.337331387570731778e+01
-3.309866520968606807e+01
-3.287155268545003395e+01
-3.281955856691232043e+01
-2.914229699933602546e+01
-3.108289388237176709e+01
-3.234228119348475872e+01
-3.326362122375195440e+01
-3.397503282925779899e+01
-3.456325566196954213e+01
-3.508266402519256388e+01
-3.557104306153981099e+01
-3.601621747831613618e+01
-3.642786705434271255e+01
-3.677896749826445699e+01
-3.707335011777979616e+01
-3.731307547941560898e+01
-3.749924956328356984e+01
-3.763238982323838400e+01
-3.770486707265090587e+01
-3.772222867496719800e+01
-3.769216885643017179e+01
-3.762809400012761785e+01
-3.751862356247271180e+01
-3.736988567618337242e+01
-3.718004447953216385e+01
-3.695340436351463609e+01
-3.668237729161455718e+01
-3.637958583385361777e+01
-3.604470283684679544e+01
-3.567834605882531207e+01
-3.529378903885100982e+01
-3.493746891297836044e+01
-2.955434164688950460e+01
-3.112672471419786291e+01
-3.214188899040865977e+01
-3.287871566264591650e+01
-3.346121052754151748e+01
-3.401383299015377304e+01
-3.457081082386519455e+01
-3.509390177063067995e+01
-3.556836327291889432e+01
-3.598460726046823055e+01
-3.634547871981953904e+01
-3.665009284259181044e+01
-3.690155235049785176e+01
-3.710178889678157077e+01
-3.725213434746263630e+01
-3.732931947985952803e+01
-3.735154238382201441e+01
-3.733192459698775423e+01
-3.727429012705062661e+01
-3.718275232775137340e+01
-3.705137548283093452e+01
-3.688550282827093696e+01
-3.668430784045067128e+01
-3.644381248014553876e+01
-3.616984838012332659e+01
-3.587021401608772919e+01
-3.555102856356849372e+01
-3.523436966176353735e+01
-3.499560956670151057e+01
-2.539107813453643558e+01
-2.792917289022385674e+01
-2.954815393620982178e+01
-3.070479372951497155e+01
-3.151348271664959100e+01
-3.210558283384642664e+01
-3.255614096019048276e+01
-3.292348140118315314e+01
-3.327286560278463412e+01
-3.361671916358231726e+01
-3.393574015447357084e+01
-3.421847418590146361e+01
-3.445413002068741548e+01
-3.463838715886600284e+01
-3.477307103646236186e+01
-3.485904007447516761e+01
-3.489657000259232689e+01
-3.488556851411618709e+01
-3.481401194864369586e+01
-3.469955418880236664e+01
-3.455120090013306822e+01
-3.436410165060145516e+01
-3.415557418127390577e+01
-3.391346640038204896e+01
-3.364929999840087760e+01
-3.337331387570731778e+01
-3.309866520968606807e+01
-3.287155268544990605e+01
-3.281955856691238438e+01
-2.914229699933608586e+01
-3.108289388237181328e+01
-3.234228119348482267e+01
-3.326362122375200414e+01
-3.397503282925778478e+01
-3.456325566196953503e+01
-3.508266402519247862e+01
-3.557104306153975415e+01
-3.601621747831608644e+01
-3.642786705434277650e+01
-3.677896749826433620e+01
-3.707335011777986011e+01
-3.731307547941550951e+01
-3.749924956328359826e+01
-3.763238982323829873e+01
-3.770486707265078508e+01
-3.772222867496739696e+01
-3.769216885643007231e+01
-3.762809400012757521e+01
-3.751862356247256969e+01
-3.736988567618345769e+01
-3.718004447953221359e+01
-3.695340436351474978e+01
-3.668237729161459271e+01
-3.637958583385361777e+01
-3.604470283684685938e+01
-3.567834605882529786e+01
-3.529378903885100982e+01
-3.493746891297837465e+01
