-7.950055608534973839e-01
-1.042841218246674639e+00
-1.354506465516806202e+00
-1.678819054845090086e+00
-1.958344647795702942e+00
-2.137339104734063078e+00
-2.326411625398583816e+00
-2.459905364963368868e+00
-2.575304535676004924e+00
-2.675456102467406616e+00
-2.747287231350502346e+00
-2.802687822233348669e+00
-2.842625115993775875e+00
-2.862995375316647273e+00
-2.860795931508908652e+00
-2.827391679533674207e+00
-2.807159434271637721e+00
-3.108113500119906725e+00
-4.036578809663970979e+00
-7.950055608534972729e-01
-1.042841218246675528e+00
-1.354506465516807978e+00
-1.678819054845087866e+00
-1.958344647795706051e+00
-2.137339104734064854e+00
-2.326411625398579375e+00
-2.459905364963369756e+00
-2.575304535676001816e+00
-2.675456102467401287e+00
-2.747287231350500569e+00
-2.802687822233347781e+00
-2.842625115993775875e+00
-2.862995375316645497e+00
-2.860795931508905987e+00
-2.827391679533672431e+00
-2.807159434271647047e+00
-3.108113500119912942e+00
-4.036578809663969203e+00
-7.950055608534978280e-01
-1.042841218246676860e+00
-1.354506465516807312e+00
-1.678819054845089642e+00
-1.958344647795704718e+00
-2.137339104734061745e+00
-2.326411625398580263e+00
-2.459905364963370644e+00
-2.575304535676005813e+00
-2.675456102467403063e+00
-2.747287231350499681e+00
-2.802687822233348225e+00
-2.842625115993778095e+00
-2.862995375316643276e+00
-2.860795931508910428e+00
-2.827391679533677760e+00
-2.807159434271639942e+00
-3.108113500119907169e+00
-4.036578809663971867e+00
-4.355065302234856972e+01
-4.467653829703396440e+01
-4.125934392115591720e+01
-4.157150582018142160e+01
-4.305965185271069373e+01
-4.407849055045439712e+01
-4.458242669601328600e+01
-4.466641989721741623e+01
-4.440024077145240966e+01
-4.384350765705059416e+01
-4.299245703629473070e+01
-4.180923293593738066e+01
-4.287064259981307401e+01
-3.947828969699539670e+01
-3.964679777682768247e+01
-4.097489479063386852e+01
-4.183914477508923824e+01
-4.220244334649296292e+01
-4.217463361794807497e+01
-4.180288998946836898e+01
-4.115747872668710272e+01
-4.038048000242432778e+01
-4.076301601873241509e+01
-4.240762194254234174e+01
-3.937860460784843752e+01
-3.966854109984431886e+01
-4.104404424777177240e+01
-4.195310338323146482e+01
-4.234172961602659058e+01
-4.230461828893447063e+01
-4.190609034902990970e+01
-4.121291661636786330e+01
-4.037747582498769816e+01
-4.355065302234851288e+01
-4.467653829703396440e+01
-4.125934392115588167e+01
-4.157150582018148555e+01
-4.305965185271072215e+01
-4.407849055045433317e+01
-4.458242669601330732e+01
-4.466641989721741623e+01
-4.440024077145248782e+01
-4.384350765705058706e+01
-4.299245703629472359e+01
-4.180923293593735934e+01
-4.287064259981310954e+01
-3.947828969699541801e+01
-3.964679777682768957e+01
-4.097489479063385431e+01
-4.183914477508923824e+01
-4.220244334649297713e+01
-4.217463361794811760e+01
-4.180288998946841161e+01
-4.115747872668716667e+01
-4.038048000242435620e+01
-4.076301601873242220e+01
-4.240762194254234885e+01
-3.937860460784848726e+01
-3.966854109984432597e+01
-4.104404424777180793e+01
-4.195310338323145061e+01
-4.234172961602653373e+01
-4.230461828893443510e+01
-4.190609034902988128e+01
-4.121291661636789883e+01
-4.037747582498767684e+01
-4.355065302234855551e+01
-4.467653829703404966e+01
-4.125934392115586746e+01
-4.157150582018150686e+01
-4.305965185271071505e+01
-4.407849055045433317e+01
-4.458242669601332153e+01
-4.466641989721741623e+01
-4.440024077145248071e+01
-4.384350765705058706e+01
-4.299245703629468096e+01
-4.180923293593740198e+01
-4.287064259981308822e+01
-3.947828969699542512e+01
-3.964679777682768957e+01
-4.097489479063386852e+01
-4.183914477508925245e+01
-4.220244334649294160e+01
-4.217463361794810339e+01
-4.180288998946839740e+01
-4.115747872668715246e+01
-4.038048000242434910e+01
-4.076301601873237956e+01
-4.240762194254235595e+01
-3.937860460784845174e+01
-3.966854109984429044e+01
-4.104404424777177951e+01
-4.195310338323143640e+01
-4.234172961602654084e+01
-4.230461828893445642e+01
-4.190609034902993812e+01
-4.121291661636785619e+01
-4.037747582498771948e+01
