-7.189263589624308448e-01
-8.136036302292292133e-01
-9.068552932240885323e-01
-1.002999111581620806e+00
-1.105150457140464670e+00
-1.234049376396012976e+00
-1.358917270245533437e+00
-1.481655068101678685e+00
-1.607344052876538809e+00
-1.736282329295650406e+00
-1.873919156099360883e+00
-1.948369347843708077e+00
-2.015257986863260520e+00
-2.085465194464677374e+00
-2.157415396450681477e+00
-2.230560424222047367e+00
-2.305290843548270630e+00
-2.371460219927979729e+00
-2.418207530408101213e+00
-2.465037666257860138e+00
-2.510826346491217720e+00
-2.555018825473299060e+00
-2.597341968330494133e+00
-2.637779984736472016e+00
-2.673544009740552951e+00
-2.703166239047972930e+00
-2.730416427084042752e+00
-2.755171171630959037e+00
-2.777385605849906902e+00
-2.797284905273651034e+00
-2.815204157172512822e+00
-2.831496610865409380e+00
-2.842834161271325044e+00
-2.851780576944072720e+00
-2.858311241938809033e+00
-2.861598202142573655e+00
-2.860694262387770692e+00
-2.854837335606513093e+00
-2.844001587890561566e+00
-2.829642974891463325e+00
-2.815047676622903339e+00
-2.806690850782672442e+00
-2.816939457403973890e+00
-2.868472376137232160e+00
-3.009332782222760017e+00
-3.275835874685187221e+00
-3.628041251798387989e+00
-4.170807560129711433e+00
-5.340987775740156707e+00
-7.189263589624315109e-01
-8.136036302292302125e-01
-9.068552932240905307e-01
-1.002999111581624581e+00
-1.105150457140465559e+00
-1.234049376396016307e+00
-1.358917270245533881e+00
-1.481655068101677131e+00
-1.607344052876533702e+00
-1.736282329295648186e+00
-1.873919156099354666e+00
-1.948369347843706745e+00
-2.015257986863261852e+00
-2.085465194464682703e+00
-2.157415396450691691e+00
-2.230560424222050475e+00
-2.305290843548282176e+00
-2.371460219927973512e+00
-2.418207530408101213e+00
-2.465037666257853033e+00
-2.510826346491220384e+00
-2.555018825473291955e+00
-2.597341968330497686e+00
-2.637779984736454253e+00
-2.673544009740547622e+00
-2.703166239047968489e+00
-2.730416427084038311e+00
-2.755171171630965254e+00
-2.777385605849911343e+00
-2.797284905273646594e+00
-2.815204157172502164e+00
-2.831496610865411157e+00
-2.842834161271328597e+00
-2.851780576944067391e+00
-2.858311241938796599e+00
-2.861598202142547009e+00
-2.860694262387765363e+00
-2.854837335606532633e+00
-2.844001587890554461e+00
-2.829642974891454443e+00
-2.815047676622899786e+00
-2.806690850782686653e+00
-2.816939457403989877e+00
-2.868472376137248148e+00
-3.009332782222781333e+00
-3.275835874685183668e+00
-3.628041251798379108e+00
-4.170807560129729197e+00
-5.340987775740163812e+00
-7.189263589624306228e-01
-8.136036302292304345e-01
-9.068552932240909747e-01
-1.002999111581622138e+00
-1.105150457140468889e+00
-1.234049376396021636e+00
-1.358917270245534104e+00
-1.481655068101679351e+00
-1.607344052876538365e+00
-1.736282329295649962e+00
-1.873919156099361327e+00
-1.948369347843711630e+00
-2.015257986863259632e+00
-2.085465194464684480e+00
-2.157415396450689915e+00
-2.230560424222047367e+00
-2.305290843548281288e+00
-2.371460219927969959e+00
-2.418207530408102990e+00
-2.465037666257860138e+00
-2.510826346491217720e+00
-2.555018825473304389e+00
-2.597341968330495909e+00
-2.637779984736461358e+00
-2.673544009740559169e+00
-2.703166239047977371e+00
-2.730416427084040087e+00
-2.755171171630968807e+00
-2.777385605849913119e+00
-2.797284905273659916e+00
-2.815204157172499499e+00
-2.831496610865407604e+00
-2.842834161271314386e+00
-2.851780576944079826e+00
-2.858311241938812586e+00
-2.861598202142550562e+00
-2.860694262387765363e+00
-2.854837335606530857e+00
-2.844001587890552685e+00
-2.829642974891454443e+00
-2.815047676622892681e+00
-2.806690850782691982e+00
-2.816939457403988101e+00
-2.868472376137241042e+00
-3.009332782222772451e+00
-3.275835874685167681e+00
-3.628041251798384437e+00
-4.170807560129710545e+00
-5.340987775740161148e+00
-3.462186790021665672e+01
-3.700021647818347503e+01
-3.840793068081251249e+01
-3.934504575814051464e+01
-4.005985038394065612e+01
-4.066664854628255199e+01
-4.117212490516521228e+01
-4.157734717343300446e+01
-4.189314364935264479e+01
-4.213280010318957380e+01
-4.230880912852490638e+01
-4.242998745424257834e+01
-4.251255942386228526e+01
-4.256417927782136701e+01
-4.258598375606287334e+01
-4.257944718964044029e+01
-4.254623471232034149e+01
-4.248849656615548298e+01
-4.239919752691049837e+01
-4.227431574427511407e+01
-4.211436194084839002e+01
-4.191665593927243094e+01
-4.167419267345134415e+01
-4.139328416535897759e+01
-4.107046073145411924e+01
-4.070350429132758308e+01
-4.029229281707601729e+01
-3.982645470897246298e+01
-3.924704807314703459e+01
-3.278631035555837059e+01
-3.568192469853259752e+01
-3.740924909125487829e+01
-3.860123567226508356e+01
-3.942332250527019966e+01
-4.002609949519438004e+01
-4.052057988979994008e+01
-4.095625723545786911e+01
-4.132037440096750203e+01
-4.160854328621064013e+01
-4.182771233456759319e+01
-4.198129141365205896e+01
-4.208659353617557031e+01
-4.213808087182309237e+01
-4.215256289604628392e+01
-4.213213304539499404e+01
-4.207825247775684829e+01
-4.199249510347571146e+01
-4.187673556654511486e+01
-4.172241174946376674e+01
-4.153380599092063363e+01
-4.130872302149152375e+01
-4.104432192194085616e+01
-4.074037615617332619e+01
-4.039694699211273843e+01
-4.001029428243704444e+01
-3.958617660153254292e+01
-3.911859754006427892e+01
-3.858058357123264415e+01
-3.548434021337421740e+01
-3.798598077711449861e+01
-3.953007283294752483e+01
-4.059853504919471590e+01
-4.139541860938830098e+01
-4.204589647738355040e+01
-4.260485689694776568e+01
-4.308394624486363256e+01
-4.348425138584600802e+01
-4.381330682632916051e+01
-4.407680514146940709e+01
-4.428543004082280987e+01
-4.444517500569432400e+01
-4.455918134123642460e+01
-4.463193371270988052e+01
-4.466448982008611068e+01
-4.465873241410823624e+01
-4.461614395739437100e+01
-4.453695797971532500e+01
-4.441724616618591881e+01
-4.425993244848051233e+01
-4.406287770849867513e+01
-4.382959756763600723e+01
-4.355708521619715867e+01
-4.324764050996134301e+01
-4.288372158025119774e+01
-4.242359710241040460e+01
-4.179153976923087299e+01
-4.079245101323091660e+01
-3.462186790021669225e+01
-3.700021647818346793e+01
-3.840793068081248407e+01
-3.934504575814054306e+01
-4.005985038394058506e+01
-4.066664854628254488e+01
-4.117212490516518386e+01
-4.157734717343298314e+01
-4.189314364935262347e+01
-4.213280010318956670e+01
-4.230880912852488507e+01
-4.242998745424254281e+01
-4.251255942386237763e+01
-4.256417927782139543e+01
-4.258598375606291597e+01
-4.257944718964040476e+01
-4.254623471232034149e+01
-4.248849656615558956e+01
-4.239919752691048416e+01
-4.227431574427524197e+01
-4.211436194084845397e+01
-4.191665593927250910e+01
-4.167419267345142941e+01
-4.139328416535901312e+01
-4.107046073145414056e+01
-4.070350429132759018e+01
-4.029229281707613808e+01
-3.982645470897251272e+01
-3.924704807314708432e+01
-3.278631035555835638e+01
-3.568192469853261883e+01
-3.740924909125492093e+01
-3.860123567226521857e+01
-3.942332250527025650e+01
-4.002609949519440136e+01
-4.052057988980001824e+01
-4.095625723545801833e+01
-4.132037440096762282e+01
-4.160854328621075382e+01
-4.182771233456774240e+01
-4.198129141365220107e+01
-4.208659353617565557e+01
-4.213808087182313500e+01
-4.215256289604629103e+01
-4.213213304539496562e+01
-4.207825247775687671e+01
-4.199249510347570435e+01
-4.187673556654512197e+01
-4.172241174946373121e+01
-4.153380599092054126e+01
-4.130872302149145980e+01
-4.104432192194067142e+01
-4.074037615617318409e+01
-4.039694699211258921e+01
-4.001029428243684549e+01
-3.958617660153235818e+01
-3.911859754006415812e+01
-3.858058357123266546e+01
-3.548434021337448740e+01
-3.798598077711450571e+01
-3.953007283294750351e+01
-4.059853504919466616e+01
-4.139541860938823703e+01
-4.204589647738339409e+01
-4.260485689694758804e+01
-4.308394624486358282e+01
-4.348425138584586591e+01
-4.381330682632910367e+01
-4.407680514146937156e+01
-4.428543004082273882e+01
-4.444517500569428847e+01
-4.455918134123647434e+01
-4.463193371270997289e+01
-4.466448982008600410e+01
-4.465873241410822914e+01
-4.461614395739437100e+01
-4.453695797971535342e+01
-4.441724616618601829e+01
-4.425993244848070418e+01
-4.406287770849885987e+01
-4.382959756763621328e+01
-4.355708521619719420e+01
-4.324764050996137854e+01
-4.288372158025125458e+01
-4.242359710241058934e+01
-4.179153976923104352e+01
-4.079245101323099476e+01
-3.462186790021672067e+01
-3.700021647818352477e+01
-3.840793068081254802e+01
-3.934504575814058569e+01
-4.005985038394057796e+01
-4.066664854628259462e+01
-4.117212490516519807e+01
-4.157734717343294761e+01
-4.189314364935262347e+01
-4.213280010318961644e+01
-4.230880912852487796e+01
-4.242998745424259255e+01
-4.251255942386234921e+01
-4.256417927782144517e+01
-4.258598375606293729e+01
-4.257944718964041186e+01
-4.254623471232036280e+01
-4.248849656615554693e+01
-4.239919752691046284e+01
-4.227431574427518512e+01
-4.211436194084843265e+01
-4.191665593927241673e+01
-4.167419267345138678e+01
-4.139328416535897048e+01
-4.107046073145411214e+01
-4.070350429132756886e+01
-4.029229281707608123e+01
-3.982645470897247719e+01
-3.924704807314705590e+01
-3.278631035555823559e+01
-3.568192469853246962e+01
-3.740924909125478592e+01
-3.860123567226503383e+01
-3.942332250527012860e+01
-4.002609949519425214e+01
-4.052057988979987613e+01
-4.095625723545782648e+01
-4.132037440096749492e+01
-4.160854328621067566e+01
-4.182771233456766424e+01
-4.198129141365208739e+01
-4.208659353617558452e+01
-4.213808087182312789e+01
-4.215256289604623419e+01
-4.213213304539501536e+01
-4.207825247775691224e+01
-4.199249510347580383e+01
-4.187673556654512197e+01
-4.172241174946380227e+01
-4.153380599092069048e+01
-4.130872302149147401e+01
-4.104432192194079931e+01
-4.074037615617328356e+01
-4.039694699211272422e+01
-4.001029428243694497e+01
-3.958617660153246476e+01
-3.911859754006422207e+01
-3.858058357123265125e+01
-3.548434021337442346e+01
-3.798598077711449150e+01
-3.953007283294759588e+01
-4.059853504919481537e+01
-4.139541860938835782e+01
-4.204589647738350777e+01
-4.260485689694775147e+01
-4.308394624486368230e+01
-4.348425138584602223e+01
-4.381330682632921025e+01
-4.407680514146949236e+01
-4.428543004082284540e+01
-4.444517500569436663e+01
-4.455918134123645302e+01
-4.463193371270999421e+01
-4.466448982008605384e+01
-4.465873241410824335e+01
-4.461614395739435679e+01
-4.453695797971533210e+01
-4.441724616618601829e+01
-4.425993244848061892e+01
-4.406287770849883145e+01
-4.382959756763615644e+01
-4.355708521619710893e+01
-4.324764050996129328e+01
-4.288372158025115510e+01
-4.242359710241056092e+01
-4.179153976923101510e+01
-4.079245101323097344e+01
