                                    "Force Report"

Forces
                          Forces [N]                                                                                                                                Coefficients                                                                                                                             
Zone                      Pressure                                      Viscous                                       Total                                         Pressure                                      Viscous                                       Total                                        
wall_m1                   (0.04022359 0.18966667 0.00044372815)         (0.004135874 -0.00066109437 -0.0014540523)    (0.044359464 0.18900558 -0.0010103241)        (0.065671167 0.30965987 0.00072445413)        (0.0067524473 -0.0010793378 -0.0023739629)    (0.072423614 0.30858053 -0.0016495088)       
wall_m10                  (0.13684352 1.3303164 0.0030152698)           (0.018587411 -0.00093890119 0.0014377258)     (0.15543094 1.3293775 0.0044529956)           (0.223418 2.1719451 0.0049228895)             (0.030346794 -0.0015328999 0.0023473074)      (0.25376479 2.1704122 0.0072701969)          
wall_m11                  (0.14101727 1.4460794 0.0031184813)           (0.019720217 -0.00088605145 0.0021494121)     (0.16073748 1.4451933 0.0052678934)           (0.23023227 2.3609459 0.0050913981)           (0.032196273 -0.0014466146 0.0035092442)      (0.26242854 2.3594993 0.0086006423)          
wall_m12                  (0.16565656 1.6302562 0.0037798807)           (0.029677683 -0.0020303025 0.0042828181)      (0.19533424 1.6282259 0.0080626988)           (0.27045968 2.6616427 0.0061712338)           (0.048453359 -0.0033147795 0.0069923561)      (0.31891304 2.6583279 0.01316359)            
wall_m13                  (0.15837729 1.7633081 0.0036057153)           (0.030020446 -0.0014610983 0.0027036091)      (0.18839773 1.761847 0.0063093244)            (0.25857516 2.8788704 0.0058868822)           (0.049012972 -0.0023854666 0.0044140556)      (0.30758814 2.8764849 0.010300938)           
wall_m14                  (0.10662908 1.8198044 0.0030516729)           (0.026939999 -0.00050655869 0.0028320195)     (0.13356908 1.8192978 0.0058836924)           (0.1740883 2.9711092 0.0049823231)            (0.043983672 -0.00082703459 0.0046237054)     (0.21807197 2.9702822 0.0096060285)          
wall_m15                  (0.19598159 1.794166 0.0060202473)            (0.035683972 -0.0030219973 -0.0044104251)     (0.23166556 1.791144 0.0016098222)            (0.31996995 2.9292505 0.0098289752)           (0.058259546 -0.0049338732 -0.007200694)      (0.37822949 2.9243167 0.0026282812)          
wall_m2                   (0.094434231 0.43952051 0.0011198433)         (0.0076014747 -0.00094370028 -0.0022633434)   (0.10203571 0.4385768 -0.0011435)             (0.15417834 0.7175845 0.0018283157)           (0.012410571 -0.0015407351 -0.0036952545)     (0.16658891 0.71604376 -0.0018669388)        
wall_m3                   (0.16779491 0.86043038 0.0021205862)          (0.014343816 -0.001687811 -0.0018936784)      (0.18213872 0.85874257 0.00022690779)         (0.27395087 1.4047843 0.0034621816)           (0.023418475 -0.0027556097 -0.0030917199)     (0.29736934 1.4020287 0.00037046169)         
wall_m4                   (0.24896107 1.412662 0.003402889)             (0.023166855 -0.0025510512 -0.0016781377)     (0.27212792 1.4101109 0.0017247512)           (0.40646705 2.3063869 0.0055557371)           (0.037823437 -0.0041649816 -0.0027398167)     (0.44429048 2.302222 0.0028159204)           
wall_m5                   (0.32974003 2.0801351 0.0049820808)           (0.03322849 -0.0032634641 -0.0012365863)      (0.36296852 2.0768716 0.0037454945)           (0.53835107 3.3961389 0.0081340095)           (0.054250595 -0.0053281047 -0.0020189164)     (0.59260167 3.3908108 0.0061150931)          
wall_m6                   (0.40621143 2.8360709 0.0068449111)           (0.044751124 -0.0039324653 -0.00027019967)    (0.45096255 2.8321384 0.0065747115)           (0.66320233 4.6303199 0.011175365)            (0.073063059 -0.0064203515 -0.00044114231)    (0.73626539 4.6238995 0.010734223)           
wall_m7                   (0.47951992 3.8449223 0.0090387866)           (0.058096608 -0.0041685521 0.00193817)        (0.53761653 3.8407537 0.010976957)            (0.78288967 6.2774241 0.014757203)            (0.094851605 -0.0068057993 0.0031643592)      (0.87774127 6.2706183 0.017921562)           
wall_m8                   (0.12995943 1.1625079 0.0026026664)           (0.017118023 -0.0010240179 0.0010122542)      (0.14707745 1.1614838 0.0036149206)           (0.21217866 1.897972 0.0042492512)            (0.027947792 -0.001671866 0.0016526599)       (0.24012646 1.8963002 0.0059019111)          
wall_m9                   (0.13344683 1.2428537 0.0029041372)           (0.017907524 -0.00099160154 0.0011868624)     (0.15135435 1.2418621 0.0040909997)           (0.21787237 2.0291489 0.0047414486)           (0.029236775 -0.0016189413 0.0019377346)      (0.24710915 2.02753 0.0066791831)            
wall_m_sides              (0 -7.8317973e-17 -0.25423036)                (0.0046876883 -0.00061341859 4.3646967e-19)   (0.0046876883 -0.00061341859 -0.25423036)     (0 -1.2786608e-16 -0.41506997)                (0.0076533687 -0.0010014997 7.1260355e-19)    (0.0076533687 -0.0010014997 -0.41506997)     
wall_m_te                 (0.0088730296 -0.0012848012 5.1844685e-06)    (4.0162981e-05 0.00023622447 -3.9544435e-05)  (0.0089131925 -0.0010485767 -3.4359967e-05)   (0.014486579 -0.0020976346 8.4644383e-06)     (6.5572215e-05 0.0003856726 -6.4562343e-05)   (0.014552151 -0.001711962 -5.6097905e-05)    
------------------------- --------------------------------------------- --------------------------------------------- --------------------------------------------- --------------------------------------------- --------------------------------------------- ---------------------------------------------
Net                       (2.9436698 23.851415 -0.19817428)             (0.38570737 -0.028445861 0.0042969039)        (3.3293771 23.822969 -0.19387737)             (4.8059915 38.941086 -0.32354984)             (0.62972631 -0.046442223 0.0070153533)        (5.4357178 38.894643 -0.31653449)            

Forces - Direction Vector (1 0 0)
                          Forces [N]                                      Coefficients                                   
Zone                      Pressure        Viscous         Total           Pressure        Viscous         Total          
wall_m1                   0.04022359      0.004135874     0.044359464     0.065671167     0.0067524473    0.072423614    
wall_m10                  0.13684352      0.018587411     0.15543094      0.223418        0.030346794     0.25376479     
wall_m11                  0.14101727      0.019720217     0.16073748      0.23023227      0.032196273     0.26242854     
wall_m12                  0.16565656      0.029677683     0.19533424      0.27045968      0.048453359     0.31891304     
wall_m13                  0.15837729      0.030020446     0.18839773      0.25857516      0.049012972     0.30758814     
wall_m14                  0.10662908      0.026939999     0.13356908      0.1740883       0.043983672     0.21807197     
wall_m15                  0.19598159      0.035683972     0.23166556      0.31996995      0.058259546     0.37822949     
wall_m2                   0.094434231     0.0076014747    0.10203571      0.15417834      0.012410571     0.16658891     
wall_m3                   0.16779491      0.014343816     0.18213872      0.27395087      0.023418475     0.29736934     
wall_m4                   0.24896107      0.023166855     0.27212792      0.40646705      0.037823437     0.44429048     
wall_m5                   0.32974003      0.03322849      0.36296852      0.53835107      0.054250595     0.59260167     
wall_m6                   0.40621143      0.044751124     0.45096255      0.66320233      0.073063059     0.73626539     
wall_m7                   0.47951992      0.058096608     0.53761653      0.78288967      0.094851605     0.87774127     
wall_m8                   0.12995943      0.017118023     0.14707745      0.21217866      0.027947792     0.24012646     
wall_m9                   0.13344683      0.017907524     0.15135435      0.21787237      0.029236775     0.24710915     
wall_m_sides              0               0.0046876883    0.0046876883    0               0.0076533687    0.0076533687   
wall_m_te                 0.0088730296    4.0162981e-05   0.0089131925    0.014486579     6.5572215e-05   0.014552151    
------------------------- --------------- --------------- --------------- --------------- --------------- ---------------
Net                       2.9436698       0.38570737      3.3293771       4.8059915       0.62972631      5.4357178      
