-2.784978938882585631e+00
-2.533558098443225326e+00
-1.171668949450456187e+00
2.150421225120391355e-02
2.288861000228495923e-01
-3.201812072113341401e-02
-5.714987116063594552e-01
-1.242668623895660573e+00
-1.532506069207591803e+00
-4.243697266543229318e-01
1.364181669646391315e+00
3.193429909151345836e+00
4.906093097742004083e+00
7.387453754245893123e+00
8.830007026747610510e+00
9.670884475710543882e+00
1.749220177748416205e+00
-7.961234611772097480e+01
-7.248248493620951471e+00
-1.859475107417884132e+00
2.914516425780783493e+01
7.709492857539889776e+00
5.258849164752159133e+00
3.849454357038644137e+00
2.922898343470621718e+00
2.187056835466574256e+00
1.490444495179157336e+00
7.136237402888190307e-01
-3.137613108117149885e-01
-1.229414268870605120e+00
-6.380269732223111667e-01
-1.152827889019089724e+00
1.040316845053477657e+00
8.309657082639732906e+00
5.901565248094241412e+01
1.489067395692488560e+02
2.972906191329140313e+01
5.071959740262001581e+00
1.760497158484774172e+00
3.741359399354958981e+00
3.045409155941960488e+00
2.374733423883062855e+00
1.887355237059816115e+00
1.546883431643757634e+00
1.292612196352243448e+00
1.078341765718254797e+00
8.678227333706163282e-01
6.014564399769668501e-01
5.172975925159772892e-02
-2.785299796171738507e+00
-2.533992053198767636e+00
-1.171592680359135219e+00
2.134610366317268859e-02
2.287268169201908119e-01
-3.211700108260751030e-02
-5.715706996096420189e-01
-1.242672435944975451e+00
-1.532273320272279360e+00
-4.240684015321767864e-01
1.364392962414588517e+00
3.193609948129103149e+00
4.905428346706393938e+00
7.386849437633428828e+00
8.829815472542520638e+00
9.670340595577266996e+00
1.748824452307931709e+00
-7.961297128897814446e+01
-7.249309299655687155e+00
-1.859392695032847431e+00
2.914069981009768640e+01
7.708167374895682045e+00
5.258811667529289302e+00
3.849384859541681525e+00
2.922839246289129278e+00
2.186981965354056534e+00
1.490355455941900331e+00
7.135364993461446037e-01
-3.138544488645202968e-01
-1.229583491363752001e+00
-6.381841887421229043e-01
-1.152776233927994998e+00
1.040379145627548407e+00
8.309762497556704375e+00
5.901734017410419142e+01
1.489030236431418075e+02
2.973099818708481124e+01
5.072539257415662028e+00
1.760985424983795511e+00
3.741199245237908144e+00
3.045198112717462102e+00
2.374531709065341722e+00
1.887174569565876148e+00
1.546708366668048562e+00
1.292448648831297175e+00
1.078165269000441739e+00
8.676453583044341222e-01
6.012394986653695206e-01
5.143133328759086353e-02
-2.786740374066312143e+00
-2.535572977657023941e+00
-1.174794302462555784e+00
1.901951593486095327e-02
2.262955052175158466e-01
-3.496149605156695372e-02
-5.748440645707939556e-01
-1.246494085406537389e+00
-1.536186872581680296e+00
-4.274703242391759694e-01
1.361103688875655138e+00
3.190280429510432114e+00
4.900945149915306054e+00
7.383253112082636349e+00
8.824586696713149436e+00
9.664741779350819684e+00
1.746930823252531795e+00
-7.961492159934940105e+01
-7.249256767652083155e+00
-1.864833219223948291e+00
2.915963173381721418e+01
7.704089631090586643e+00
5.253815252585310347e+00
3.843528001520823967e+00
2.916642850791244967e+00
2.180302375263498238e+00
1.483252010696002099e+00
7.060903617447251701e-01
-3.218353319192275297e-01
-1.236736367845457707e+00
-6.459588733551140383e-01
-1.161960558557456391e+00
1.031561752321465963e+00
8.302586429108940180e+00
5.898893436681148472e+01
1.489671764387861685e+02
2.969081556153752643e+01
5.059009921770253548e+00
1.743583854852177151e+00
3.732114599216302064e+00
3.036415396136558975e+00
2.365000666535464369e+00
1.877095879077048224e+00
1.536140106206679290e+00
1.281895000191091816e+00
1.067200915575498676e+00
8.570489345642107182e-01
5.905708085940462038e-01
4.238030224179589744e-02
-2.783634018018752876e+00
-2.532042593760103877e+00
-1.168352730694939723e+00
2.406041486492405124e-02
2.315814775739108988e-01
-2.891225861492130456e-02
-5.679596209765438442e-01
-1.238515742631431937e+00
-1.528124642681767398e+00
-4.203558919448299735e-01
1.368187529554286463e+00
3.197587853274871605e+00
4.912072243452479725e+00
7.392737193001105211e+00
8.837201140664209476e+00
9.678844994727274553e+00
1.751764554200211599e+00
-7.962175006680563172e+01
-7.249120508236860161e+00
-1.853712047636129512e+00
2.913169879635805160e+01
7.715941543820953541e+00
5.265095518642471717e+00
3.856467048085544747e+00
2.930153775913396874e+00
2.194700192717028653e+00
1.498533634518262936e+00
7.219157281745343102e-01
-3.049966473544096779e-01
-1.221641601744281047e+00
-6.293559007790825444e-01
-1.142788190690116945e+00
1.050682899797540149e+00
8.320704748539114348e+00
5.906661164891004745e+01
1.488929673290636231e+02
2.978219651322077155e+01
5.087553724000748900e+00
1.779327146926892311e+00
3.752617438563770058e+00
3.056320854871344306e+00
2.386291943374861280e+00
1.899369451476052184e+00
1.559360953489514534e+00
1.305003675959076181e+00
1.091174966341764252e+00
8.802033758210505709e-01
6.139133434191632599e-01
6.230410395123242573e-02
-2.785299796171737619e+00
-2.533992053198769412e+00
-1.171592680359136995e+00
2.134610366317479802e-02
2.287268169201839285e-01
-3.211700108261350550e-02
-5.715706996096443504e-01
-1.242672435944980780e+00
-1.532273320272289574e+00
-4.240684015321787292e-01
1.364392962414588961e+00
3.193609948129110254e+00
4.905428346706406373e+00
7.386849437633406623e+00
8.829815472542447807e+00
9.670340595577245679e+00
1.748824452307928823e+00
-7.961297128897818709e+01
-7.249309299656014893e+00
-1.859392695032882514e+00
2.914069981009767218e+01
7.708167374895685597e+00
5.258811667529293743e+00
3.849384859541683745e+00
2.922839246289123061e+00
2.186981965354058755e+00
1.490355455941901885e+00
7.135364993461423833e-01
-3.138544488645216290e-01
-1.229583491363753778e+00
-6.381841887421253467e-01
-1.152776233927996330e+00
1.040379145627550628e+00
8.309762497556688388e+00
5.901734017410390720e+01
1.489030236431417507e+02
2.973099818708480058e+01
5.072539257415664693e+00
1.760985424983792846e+00
3.741199245237903259e+00
3.045198112717458105e+00
2.374531709065341278e+00
1.887174569565871707e+00
1.546708366668046786e+00
1.292448648831296065e+00
1.078165269000440629e+00
8.676453583044330120e-01
6.012394986653684104e-01
5.143133328758531242e-02
-2.784978938882585187e+00
-2.533558098443225326e+00
-1.171668949450455743e+00
2.150421225120402458e-02
2.288861000228550324e-01
-3.201812072112231178e-02
-5.714987116063585670e-01
-1.242668623895660795e+00
-1.532506069207585142e+00
-4.243697266543282609e-01
1.364181669646387540e+00
3.193429909151344059e+00
4.906093097741994313e+00
7.387453754245904669e+00
8.830007026747662024e+00
9.670884475710549211e+00
1.749220177748415761e+00
-7.961234611772087533e+01
-7.248248493620611299e+00
-1.859475107417823292e+00
2.914516425780784914e+01
7.709492857539880895e+00
5.258849164752160910e+00
3.849454357038641028e+00
2.922898343470616833e+00
2.187056835466568927e+00
1.490444495179158668e+00
7.136237402888239156e-01
-3.137613108117138783e-01
-1.229414268870605786e+00
-6.380269732223106116e-01
-1.152827889019086394e+00
1.040316845053477213e+00
8.309657082639745340e+00
5.901565248094269123e+01
1.489067395692488844e+02
2.972906191329140313e+01
5.071959740261994476e+00
1.760497158484787938e+00
3.741359399354953652e+00
3.045409155941968482e+00
2.374733423883060190e+00
1.887355237059815005e+00
1.546883431643756746e+00
1.292612196352238785e+00
1.078341765718256351e+00
8.678227333706147739e-01
6.014564399769695147e-01
5.172975925159906119e-02
-2.783634018018759537e+00
-2.532042593760113647e+00
-1.168352730694934394e+00
2.406041486492394021e-02
2.315814775739126752e-01
-2.891225861491475424e-02
-5.679596209765345183e-01
-1.238515742631428163e+00
-1.528124642681771173e+00
-4.203558919448362463e-01
1.368187529554284909e+00
3.197587853274868053e+00
4.912072243452487719e+00
7.392737193001114093e+00
8.837201140664186383e+00
9.678844994727237250e+00
1.751764554200206270e+00
-7.962175006680567435e+01
-7.249120508236968519e+00
-1.853712047636156157e+00
2.913169879635829673e+01
7.715941543820947324e+00
5.265095518642477046e+00
3.856467048085553184e+00
2.930153775913397318e+00
2.194700192717026432e+00
1.498533634518264934e+00
7.219157281745371968e-01
-3.049966473544158951e-01
-1.221641601744279049e+00
-6.293559007790809900e-01
-1.142788190690117389e+00
1.050682899797537928e+00
8.320704748539093032e+00
5.906661164891008298e+01
1.488929673290617473e+02
2.978219651322073958e+01
5.087553724000750677e+00
1.779327146926896752e+00
3.752617438563777164e+00
3.056320854871338089e+00
2.386291943374858615e+00
1.899369451476041526e+00
1.559360953489509205e+00
1.305003675959076181e+00
1.091174966341760477e+00
8.802033758210490166e-01
6.139133434191610394e-01
6.230410395123220368e-02
-2.786740374066306813e+00
-2.535572977657016835e+00
-1.174794302462558448e+00
1.901951593486228553e-02
2.262955052175144033e-01
-3.496149605157250484e-02
-5.748440645707966201e-01
-1.246494085406540497e+00
-1.536186872581672525e+00
-4.274703242391766356e-01
1.361103688875655138e+00
3.190280429510434335e+00
4.900945149915287402e+00
7.383253112082640790e+00
8.824586696713170753e+00
9.664741779350830342e+00
1.746930823252539788e+00
-7.961492159934942947e+01
-7.249256767651973021e+00
-1.864833219223918537e+00
2.915963173381700457e+01
7.704089631090594636e+00
5.253815252585310347e+00
3.843528001520827519e+00
2.916642850791253405e+00
2.180302375263501347e+00
1.483252010695999878e+00
7.060903617447338299e-01
-3.218353319192204243e-01
-1.236736367845454154e+00
-6.459588733551098194e-01
-1.161960558557459500e+00
1.031561752321477510e+00
8.302586429108949062e+00
5.898893436681142788e+01
1.489671764387881581e+02
2.969081556153759038e+01
5.059009921770263318e+00
1.743583854852180259e+00
3.732114599216297623e+00
3.036415396136555422e+00
2.365000666535466589e+00
1.877095879077055329e+00
1.536140106206676847e+00
1.281895000191087375e+00
1.067200915575497344e+00
8.570489345642084977e-01
5.905708085940475360e-01
4.238030224179634153e-02
