1.576469387406613132e+00
2.717950339619516598e+00
3.088959020687524593e+00
3.115451970987319630e+00
3.453255804639577597e+00
4.002414627453813267e+00
4.630004611165595918e+00
5.394534348132577151e+00
6.507160146724223715e+00
7.318311578547468166e+00
2.438538205861632058e+00
-1.636814022986013129e+02
-3.546736425693155503e-01
2.287347013129045870e+00
-2.570078823451677152e+00
4.046738122633920298e+00
4.145043368900749314e+00
3.246357396054336153e+00
2.579988196619586116e+00
2.076432692106133793e+00
1.646664730930740728e+00
1.296968401925522985e+00
1.125307619926780411e+00
1.001233982920047172e+00
7.734458008635392012e-01
3.725703345359363539e-01
-3.423225533540108501e-01
-1.415104628102958895e+00
-1.758183779682862102e+00
-9.667395193766874506e-01
-1.813506802837177911e+00
-1.383145487591792344e+00
-1.242216652359069418e+00
-2.051663215354074588e+00
-3.285710988018776924e+00
-5.565571998968161793e+00
-5.055778447831990263e+00
-1.311869842416039100e+00
-8.234052662217690166e-01
-1.553829677356934003e+00
1.118285184346357042e+00
8.546226956203606395e-01
6.941306179937996035e-01
5.723876633522997359e-01
4.743843813601409387e-01
3.798190222668584859e-01
2.597934070339216195e-01
8.126650368556398440e-02
-3.567192446783000737e-01
1.576485610607573307e+00
2.718019491091141049e+00
3.088974678279296171e+00
3.115479890996855961e+00
3.453280566984203936e+00
4.002430886417142730e+00
4.630020424965546333e+00
5.394558309428588494e+00
6.507191732418929675e+00
7.318375494843902374e+00
2.438513391234089056e+00
-1.636826902988391055e+02
-3.546632756997780689e-01
2.287212366329130830e+00
-2.570285390803999981e+00
4.046705537345601122e+00
4.145054116820409362e+00
3.246360693729763547e+00
2.579990287172886365e+00
2.076429588945597260e+00
1.646659250673124575e+00
1.296959574032313878e+00
1.125300988297923244e+00
1.001231682779481158e+00
7.734461925080726719e-01
3.725719238778124609e-01
-3.423216086649882861e-01
-1.415090162703079635e+00
-1.758140008061413573e+00
-9.667322874619581619e-01
-1.813572485378983856e+00
-1.383186510072214492e+00
-1.242224366397030710e+00
-2.051666146330497931e+00
-3.285710537444160195e+00
-5.565550611019972393e+00
-5.055752818669182247e+00
-1.311904202133537423e+00
-8.234527971694105553e-01
-1.553897241054127409e+00
1.118295494713322347e+00
8.546274230508257297e-01
6.941331544240898488e-01
5.723892431415473769e-01
4.743851923341768639e-01
3.798206715244827336e-01
2.597971814029740312e-01
8.127451552050524164e-02
-3.566957284728859978e-01
1.576198042608978334e+00
2.717395154128613655e+00
3.088376969521970494e+00
3.114833659182516090e+00
3.452587946319990664e+00
4.001692061073168993e+00
4.629228780735354931e+00
5.393701117354561703e+00
6.506238018630195796e+00
7.317165322507539926e+00
2.437613366977228857e+00
-1.636896693564019643e+02
-3.555448189787417945e-01
2.285556172724807489e+00
-2.572567737043353731e+00
4.045211037836009993e+00
4.143782652478789075e+00
3.245109011368549012e+00
2.578685806037007477e+00
2.075120637339621155e+00
1.645248280114449013e+00
1.295444478573811509e+00
1.123739605474445513e+00
9.996694760532682800e-01
7.718495245128083049e-01
3.709192492560424714e-01
-3.440849721735781408e-01
-1.416649937674053561e+00
-1.759380387999798456e+00
-9.685503578101475330e-01
-1.816222707328143837e+00
-1.385730499821726136e+00
-1.244383144861053614e+00
-2.053640300757367587e+00
-3.287706946715473588e+00
-5.567451826636963474e+00
-5.057530493976079455e+00
-1.314643663071199509e+00
-8.265420355701509347e-01
-1.557367797902731832e+00
1.116023740592108515e+00
8.523616783777026029e-01
6.917579037892263027e-01
5.699139997781130784e-01
4.719783738029987852e-01
3.773418763777445228e-01
2.572656291803918638e-01
7.893387582724287199e-02
-3.588422225814391631e-01
1.576739335822028742e+00
2.718542900764012948e+00
3.089530763728785878e+00
3.116075772483233308e+00
3.453929668479395865e+00
4.003138844244139349e+00
4.630786552523215249e+00
5.395387913436707095e+00
6.508118128205100383e+00
7.319536153681003299e+00
2.439444282089033855e+00
-1.636749120364758880e+02
-3.537995212688063162e-01
2.289008776853091121e+00
-2.567809280470738642e+00
4.048249997254226962e+00
4.146339734433562185e+00
3.247634624001442649e+00
2.581320630430839369e+00
2.077771201274415169e+00
1.648108860113757235e+00
1.298520948207788406e+00
1.126912064281602843e+00
1.002844393560959668e+00
7.750949953360417588e-01
3.742776936540510579e-01
-3.405056874228142849e-01
-1.413502879743653962e+00
-1.756901169578109156e+00
-9.648566592610090531e-01
-1.810811913802052420e+00
-1.380551447504689389e+00
-1.240013593799896618e+00
-2.049680978235161710e+00
-3.283764950561113061e+00
-5.563837554564253551e+00
-5.054143407755866235e+00
-1.309073615320647033e+00
-8.202330715559904561e-01
-1.550325221971241341e+00
1.120763916300988594e+00
8.570812727585215285e-01
6.967017631698664282e-01
5.750653679813531038e-01
4.769886845181077195e-01
3.825030272388971753e-01
2.625371238788032358e-01
8.380597609779294466e-02
-3.543883550598605492e-01
1.576485610607575971e+00
2.718019491091138384e+00
3.088974678279302388e+00
3.115479890996847079e+00
3.453280566984203048e+00
4.002430886417139178e+00
4.630020424965539227e+00
5.394558309428591159e+00
6.507191732418918129e+00
7.318375494843909479e+00
2.438513391234098826e+00
-1.636826902988390771e+02
-3.546632756997740721e-01
2.287212366329127278e+00
-2.570285390804015080e+00
4.046705537345607340e+00
4.145054116820412915e+00
3.246360693729763547e+00
2.579990287172882812e+00
2.076429588945595039e+00
1.646659250673128128e+00
1.296959574032310325e+00
1.125300988297925464e+00
1.001231682779474941e+00
7.734461925080768907e-01
3.725719238778157916e-01
-3.423216086649798484e-01
-1.415090162703071863e+00
-1.758140008061414683e+00
-9.667322874619586059e-01
-1.813572485378981192e+00
-1.383186510072211828e+00
-1.242224366397028712e+00
-2.051666146330497487e+00
-3.285710537444158863e+00
-5.565550611019973282e+00
-5.055752818669176030e+00
-1.311904202133535868e+00
-8.234527971694056703e-01
-1.553897241054124523e+00
1.118295494713327898e+00
8.546274230508286163e-01
6.941331544240909590e-01
5.723892431415489312e-01
4.743851923341730892e-01
3.798206715244822895e-01
2.597971814029764737e-01
8.127451552050457551e-02
-3.566957284728837774e-01
1.576469387406610689e+00
2.717950339619521483e+00
3.088959020687521040e+00
3.115451970987318298e+00
3.453255804639572268e+00
4.002414627453817708e+00
4.630004611165595918e+00
5.394534348132570933e+00
6.507160146724229932e+00
7.318311578547469054e+00
2.438538205861627617e+00
-1.636814022986014265e+02
-3.546736425693053363e-01
2.287347013129066298e+00
-2.570078823451668271e+00
4.046738122633912305e+00
4.145043368900749314e+00
3.246357396054341926e+00
2.579988196619591445e+00
2.076432692106134237e+00
1.646664730930740728e+00
1.296968401925526537e+00
1.125307619926769753e+00
1.001233982920050281e+00
7.734458008635340942e-01
3.725703345359285823e-01
-3.423225533540130705e-01
-1.415104628102963780e+00
-1.758183779682870096e+00
-9.667395193766896710e-01
-1.813506802837181464e+00
-1.383145487591790346e+00
-1.242216652359070750e+00
-2.051663215354073699e+00
-3.285710988018782253e+00
-5.565571998968159129e+00
-5.055778447831990263e+00
-1.311869842416039544e+00
-8.234052662217736795e-01
-1.553829677356937111e+00
1.118285184346353933e+00
8.546226956203550884e-01
6.941306179938000476e-01
5.723876633522972934e-01
4.743843813601400505e-01
3.798190222668567095e-01
2.597934070339187329e-01
8.126650368556420645e-02
-3.567192446783018500e-01
1.576739335822028298e+00
2.718542900764010284e+00
3.089530763728782325e+00
3.116075772483231088e+00
3.453929668479404302e+00
4.003138844244141126e+00
4.630786552523212585e+00
5.395387913436709759e+00
6.508118128205097719e+00
7.319536153681002411e+00
2.439444282089001881e+00
-1.636749120364762007e+02
-3.537995212688560542e-01
2.289008776853083127e+00
-2.567809280470816802e+00
4.048249997254222521e+00
4.146339734433556856e+00
3.247634624001447534e+00
2.581320630430843810e+00
2.077771201274417834e+00
1.648108860113752794e+00
1.298520948207791514e+00
1.126912064281600401e+00
1.002844393560953673e+00
7.750949953360395384e-01
3.742776936540492816e-01
-3.405056874228153951e-01
-1.413502879743652185e+00
-1.756901169578113597e+00
-9.648566592610074988e-01
-1.810811913802053086e+00
-1.380551447504693385e+00
-1.240013593799896618e+00
-2.049680978235161710e+00
-3.283764950561110396e+00
-5.563837554564249110e+00
-5.054143407755865347e+00
-1.309073615320647477e+00
-8.202330715559853491e-01
-1.550325221971240230e+00
1.120763916300992591e+00
8.570812727585184199e-01
6.967017631698630975e-01
5.750653679813546582e-01
4.769886845181048329e-01
3.825030272388947328e-01
2.625371238788023476e-01
8.380597609779139034e-02
-3.543883550598638799e-01
1.576198042608978556e+00
2.717395154128606549e+00
3.088376969521974491e+00
3.114833659182510761e+00
3.452587946319973788e+00
4.001692061073164552e+00
4.629228780735366477e+00
5.393701117354555485e+00
6.506238018630202902e+00
7.317165322507534597e+00
2.437613366977244844e+00
-1.636896693564016232e+02
-3.555448189787542290e-01
2.285556172724813706e+00
-2.572567737043287117e+00
4.045211037836009993e+00
4.143782652478792627e+00
3.245109011368540575e+00
2.578685806037005701e+00
2.075120637339620711e+00
1.645248280114454786e+00
1.295444478573813729e+00
1.123739605474449954e+00
9.996694760532747193e-01
7.718495245128096371e-01
3.709192492560364762e-01
-3.440849721735799172e-01
-1.416649937674058446e+00
-1.759380387999797346e+00
-9.685503578101475330e-01
-1.816222707328142061e+00
-1.385730499821718142e+00
-1.244383144861054058e+00
-2.053640300757368475e+00
-3.287706946715475809e+00
-5.567451826636964363e+00
-5.057530493976081232e+00
-1.314643663071193957e+00
-8.265420355701551536e-01
-1.557367797902725393e+00
1.116023740592110292e+00
8.523616783777048234e-01
6.917579037892240823e-01
5.699139997781164091e-01
4.719783738029961206e-01
3.773418763777416363e-01
2.572656291803918638e-01
7.893387582723709883e-02
-3.588422225814392741e-01
