-1.844454380542000838e+00
-1.997776922446463876e+00
-2.156120015850002236e+00
-2.314277038681096688e+00
-2.470826673849900956e+00
-2.625471170269723764e+00
-2.778490982396040199e+00
-2.930109186258011533e+00
-3.112371611066969024e+00
-3.299798033570130684e+00
-3.481603436714282296e+00
-3.658895088969541298e+00
-3.841491387766964749e+00
-4.030743492776412751e+00
-4.228561116339026427e+00
-4.431016933825802084e+00
-4.647129766511072901e+00
-4.884375333223996307e+00
-4.999461982853862452e+00
-5.078889888359068294e+00
-5.169990547859271146e+00
-5.267804762124770335e+00
-5.369152231612343229e+00
-5.471300767499386097e+00
-5.570110613779739595e+00
-5.663203980777865354e+00
-5.748453504113651746e+00
-5.823391253565826986e+00
-5.887149521329160251e+00
-5.877737297989646947e+00
-5.846023418327479959e+00
-5.791569908757100649e+00
-5.718578109743500448e+00
-5.631125037560735791e+00
-5.535254355169055174e+00
-5.438723992652935380e+00
-5.350379632966276944e+00
-5.279619347770154292e+00
-5.236092480116344205e+00
-5.229769017330330172e+00
-5.271041463834102103e+00
-5.359365155856011143e+00
-5.523213998683807802e+00
-5.783096390516405449e+00
-6.166347963359896767e+00
-6.729043915159095945e+00
-7.564358859797760459e+00
-8.871246289321184975e+00
-1.121572545270160859e+01
-1.867978332208708903e+00
-2.013553671096236286e+00
-2.166976791113957024e+00
-2.321445672449378606e+00
-2.474938222771535745e+00
-2.626781752654256508e+00
-2.776810369631196096e+00
-2.924108531818570000e+00
-3.114587839547797721e+00
-3.302958403927895858e+00
-3.490649351513193999e+00
-3.668800397559358828e+00
-3.852680774748401760e+00
-4.043491906192381080e+00
-4.243132477680532588e+00
-4.448630493798122032e+00
-4.667505487554622690e+00
-4.908932124980275091e+00
-4.994432181096213341e+00
-5.076794947535386626e+00
-5.169635260988876269e+00
-5.268668082079427606e+00
-5.370959351489133837e+00
-5.473885054956994622e+00
-5.574774615574362713e+00
-5.668775792159973292e+00
-5.754989856514551860e+00
-5.831325753152718505e+00
-5.890478460735465660e+00
-5.877330057873560776e+00
-5.845978287323912781e+00
-5.792406384699674504e+00
-5.720519204191656826e+00
-5.634132501009116112e+00
-5.539327163168046297e+00
-5.443874222622788750e+00
-5.356624914780024227e+00
-5.286985452231743210e+00
-5.244626990578687753e+00
-5.239582296077244905e+00
-5.279581803961374220e+00
-5.369197835009835273e+00
-5.534337733460510833e+00
-5.795721785166303874e+00
-6.180614873511654395e+00
-6.745435299398184981e+00
-7.583672167961850619e+00
-8.894977872151496712e+00
-1.124720109357370568e+01
-1.857697918451337582e+00
-2.007845320595794902e+00
-2.164324660238523990e+00
-2.321226491580227425e+00
-2.476879282736283994e+00
-2.630850852964877973e+00
-2.783291627925466027e+00
-2.934104695171777522e+00
-3.120516922133325988e+00
-3.308716217620156996e+00
-3.492302061754538833e+00
-3.670436423687398531e+00
-3.854013576358886972e+00
-4.044358645025994292e+00
-4.243402014310513337e+00
-4.447145990515402048e+00
-4.664948189711239479e+00
-4.904555346698284524e+00
-5.005073139292715467e+00
-5.086312172197178683e+00
-5.178610413896446829e+00
-5.277353775330317021e+00
-5.379491510106774399e+00
-5.482357626849100996e+00
-5.581941682959772777e+00
-5.675689447666769638e+00
-5.761657703481809278e+00
-5.837443265601365283e+00
-5.901595651397535391e+00
-5.887960794948330800e+00
-5.857091414448412081e+00
-5.803339974197523787e+00
-5.730994050678642537e+00
-5.644142756494737512e+00
-5.548849179868060588e+00
-5.452880696692027129e+00
-5.365088954564253498e+00
-5.294878621722894252e+00
-5.251911083945014269e+00
-5.246186911046713419e+00
-5.286758404611937578e+00
-5.375659772771641087e+00
-5.540053314353741598e+00
-5.800327199364296860e+00
-6.184165813391548028e+00
-6.747432986857162973e+00
-7.583484430799245501e+00
-8.891432980558786170e+00
-1.123781757017575345e+01
-1.854749464935211423e+00
-2.003574043201992616e+00
-2.158906571288344622e+00
-2.314665949927942279e+00
-2.469088664989390391e+00
-2.621645031351274469e+00
-2.772316931220369707e+00
-2.920573416725984028e+00
-3.106320950373471668e+00
-3.293986904584511599e+00
-3.479962895608560203e+00
-3.657271467944902099e+00
-3.840167318484565939e+00
-4.029877890367490778e+00
-4.228281316657602318e+00
-4.432484013793791533e+00
-4.649650995928979569e+00
-4.888693961873656235e+00
-4.988824102176611319e+00
-5.069340015929807208e+00
-5.160945842467006273e+00
-5.259008377777206533e+00
-5.360461294433349622e+00
-5.462610169231204793e+00
-5.562734172331268212e+00
-5.655936980599463482e+00
-5.741304695878966413e+00
-5.816558091898404115e+00
-5.880364142755144741e+00
-5.866339072913106634e+00
-5.834287722544260646e+00
-5.780038641988877401e+00
-5.707515876061119542e+00
-5.620513967895057306e+00
-5.525104429463130629e+00
-5.429054099063254313e+00
-5.341211483976490371e+00
-5.270978455200832968e+00
-5.228015843295736431e+00
-5.222327197062746507e+00
-5.262991751469844104e+00
-5.351989003202980655e+00
-5.516547750818922680e+00
-5.777528961610183700e+00
-6.161816240549509160e+00
-6.726074217560110924e+00
-7.563610433093526098e+00
-8.873938170118766067e+00
-1.122442911510443331e+01
-1.867978332208708236e+00
-2.013553671096241171e+00
-2.166976791113953027e+00
-2.321445672449379494e+00
-2.474938222771535745e+00
-2.626781752654261837e+00
-2.776810369631198760e+00
-2.924108531818583767e+00
-3.114587839547809267e+00
-3.302958403927899411e+00
-3.490649351513200216e+00
-3.668800397559349946e+00
-3.852680774748418635e+00
-4.043491906192389962e+00
-4.243132477680534365e+00
-4.448630493798129137e+00
-4.667505487554615584e+00
-4.908932124980267986e+00
-4.994432181096223999e+00
-5.076794947535375968e+00
-5.169635260988854952e+00
-5.268668082079436488e+00
-5.370959351489116074e+00
-5.473885054957030150e+00
-5.574774615574355607e+00
-5.668775792159959082e+00
-5.754989856514548308e+00
-5.831325753152714952e+00
-5.890478460735465660e+00
-5.877330057873574987e+00
-5.845978287323912781e+00
-5.792406384699646082e+00
-5.720519204191656826e+00
-5.634132501009119665e+00
-5.539327163168056956e+00
-5.443874222622810066e+00
-5.356624914779988700e+00
-5.286985452231746763e+00
-5.244626990578705517e+00
-5.239582296077273327e+00
-5.279581803961409747e+00
-5.369197835009828168e+00
-5.534337733460503728e+00
-5.795721785166314532e+00
-6.180614873511672158e+00
-6.745435299398238271e+00
-7.583672167961836408e+00
-8.894977872151518028e+00
-1.124720109357368969e+01
-1.844454380541997507e+00
-1.997776922446462544e+00
-2.156120015850003568e+00
-2.314277038681098908e+00
-2.470826673849899180e+00
-2.625471170269724652e+00
-2.778490982396041531e+00
-2.930109186258009757e+00
-3.112371611066961918e+00
-3.299798033570123579e+00
-3.481603436714277855e+00
-3.658895088969535081e+00
-3.841491387766939880e+00
-4.030743492776409198e+00
-4.228561116339028203e+00
-4.431016933825777215e+00
-4.647129766511095994e+00
-4.884375333223983873e+00
-4.999461982853874886e+00
-5.078889888359071847e+00
-5.169990547859276475e+00
-5.267804762124773887e+00
-5.369152231612297044e+00
-5.471300767499343465e+00
-5.570110613779728936e+00
-5.663203980777861801e+00
-5.748453504113655299e+00
-5.823391253565855408e+00
-5.887149521329167356e+00
-5.877737297989611420e+00
-5.846023418327469301e+00
-5.791569908757121965e+00
-5.718578109743496896e+00
-5.631125037560732238e+00
-5.535254355169083595e+00
-5.438723992652949590e+00
-5.350379632966276944e+00
-5.279619347770179161e+00
-5.236092480116319337e+00
-5.229769017330333725e+00
-5.271041463834130525e+00
-5.359365155856021801e+00
-5.523213998683836223e+00
-5.783096390516433871e+00
-6.166347963359879003e+00
-6.729043915159067524e+00
-7.564358859797781776e+00
-8.871246289321145895e+00
-1.121572545270163168e+01
-1.854749464935209868e+00
-2.003574043201989507e+00
-2.158906571288341958e+00
-2.314665949927939614e+00
-2.469088664989387283e+00
-2.621645031351272692e+00
-2.772316931220372815e+00
-2.920573416725988025e+00
-3.106320950373469447e+00
-3.293986904584507158e+00
-3.479962895608563755e+00
-3.657271467944903875e+00
-3.840167318484555281e+00
-4.029877890367487225e+00
-4.228281316657591660e+00
-4.432484013793811073e+00
-4.649650995928990227e+00
-4.888693961873643801e+00
-4.988824102176604214e+00
-5.069340015929814314e+00
-5.160945842467011602e+00
-5.259008377777211862e+00
-5.360461294433353174e+00
-5.462610169231222557e+00
-5.562734172331296634e+00
-5.655936980599452824e+00
-5.741304695878952202e+00
-5.816558091898411220e+00
-5.880364142755148293e+00
-5.866339072913106634e+00
-5.834287722544249988e+00
-5.780038641988888060e+00
-5.707515876061151516e+00
-5.620513967895082175e+00
-5.525104429463112865e+00
-5.429054099063254313e+00
-5.341211483976501029e+00
-5.270978455200829416e+00
-5.228015843295708009e+00
-5.222327197062796245e+00
-5.262991751469812129e+00
-5.351989003202980655e+00
-5.516547750818951101e+00
-5.777528961610222780e+00
-6.161816240549512713e+00
-6.726074217560103818e+00
-7.563610433093515439e+00
-8.873938170118783830e+00
-1.122442911510441022e+01
-1.857697918451339358e+00
-2.007845320595799343e+00
-2.164324660238525766e+00
-2.321226491580229201e+00
-2.476879282736282217e+00
-2.630850852964878861e+00
-2.783291627925468248e+00
-2.934104695171779742e+00
-3.120516922133339754e+00
-3.308716217620156108e+00
-3.492302061754532616e+00
-3.670436423687402971e+00
-3.854013576358880755e+00
-4.044358645026004950e+00
-4.243402014310508008e+00
-4.447145990515384284e+00
-4.664948189711232374e+00
-4.904555346698277418e+00
-5.005073139292726125e+00
-5.086312172197189341e+00
-5.178610413896441500e+00
-5.277353775330315244e+00
-5.379491510106777952e+00
-5.482357626849079679e+00
-5.581941682959765672e+00
-5.675689447666783849e+00
-5.761657703481802173e+00
-5.837443265601375941e+00
-5.901595651397531839e+00
-5.887960794948355669e+00
-5.857091414448380107e+00
-5.803339974197520235e+00
-5.730994050678621221e+00
-5.644142756494726854e+00
-5.548849179868039272e+00
-5.452880696692055551e+00
-5.365088954564257051e+00
-5.294878621722904910e+00
-5.251911083945010716e+00
-5.246186911046738288e+00
-5.286758404611966000e+00
-5.375659772771626876e+00
-5.540053314353745151e+00
-5.800327199364289754e+00
-6.184165813391558686e+00
-6.747432986857148762e+00
-7.583484430799263265e+00
-8.891432980558789723e+00
-1.123781757017576410e+01
