-7.950120658978029331e-01
-1.042849974209702379e+00
-1.354512965984940198e+00
-1.678826220637822164e+00
-1.958355378626256638e+00
-2.137356919228238006e+00
-2.326441852193854132e+00
-2.459956601310007152e+00
-2.575384473662885476e+00
-2.675571273296595720e+00
-2.747436683053181561e+00
-2.802856544945526274e+00
-2.842785189972714566e+00
-2.863144666075771116e+00
-2.860991561731437649e+00
-2.827686346065185319e+00
-2.807748131580344086e+00
-3.103179851761824093e+00
-4.031215891656493966e+00
-7.950120658978023780e-01
-1.042849974209700825e+00
-1.354512965984940420e+00
-1.678826220637821942e+00
-1.958355378626257526e+00
-2.137356919228239782e+00
-2.326441852193852355e+00
-2.459956601310009816e+00
-2.575384473662887252e+00
-2.675571273296598385e+00
-2.747436683053183781e+00
-2.802856544945524941e+00
-2.842785189972710569e+00
-2.863144666075775557e+00
-2.860991561731437205e+00
-2.827686346065176881e+00
-2.807748131580342310e+00
-3.103179851761822761e+00
-4.031215891656493078e+00
-7.950120658978031551e-01
-1.042849974209701713e+00
-1.354512965984937312e+00
-1.678826220637818611e+00
-1.958355378626255971e+00
-2.137356919228238450e+00
-2.326441852193855020e+00
-2.459956601310006707e+00
-2.575384473662886364e+00
-2.675571273296596608e+00
-2.747436683053186890e+00
-2.802856544945520501e+00
-2.842785189972715010e+00
-2.863144666075775113e+00
-2.860991561731430544e+00
-2.827686346065174217e+00
-2.807748131580342310e+00
-3.103179851761826757e+00
-4.031215891656497519e+00
-4.348427207330842492e+01
-4.463482030021142322e+01
-4.122809800195310714e+01
-4.153718888147260202e+01
-4.301786425717391893e+01
-4.402818943389431894e+01
-4.452367935774357477e+01
-4.459913564389522378e+01
-4.432404466166995860e+01
-4.375835780631456373e+01
-4.290336593344703431e+01
-4.202400824077007258e+01
-4.306144707452389042e+01
-3.965389761234168020e+01
-3.983319315376380843e+01
-4.118117815514035840e+01
-4.206499444713799107e+01
-4.245005590253747130e+01
-4.243532128050945573e+01
-4.208097710762454824e+01
-4.144601734497383916e+01
-4.066710066181330774e+01
-4.061798890874910484e+01
-4.224593236383569916e+01
-3.921905115415617615e+01
-3.949150288555853194e+01
-4.084763708692487683e+01
-4.174348265175157735e+01
-4.212503338338593295e+01
-4.208727028545007443e+01
-4.169401491792019954e+01
-4.101019517457898900e+01
-4.019013496208683023e+01
-4.348427207330821886e+01
-4.463482030021143743e+01
-4.122809800195323504e+01
-4.153718888147259491e+01
-4.301786425717396156e+01
-4.402818943389428341e+01
-4.452367935774358898e+01
-4.459913564389530904e+01
-4.432404466166997281e+01
-4.375835780631465610e+01
-4.290336593344700589e+01
-4.202400824076997310e+01
-4.306144707452384068e+01
-3.965389761234169441e+01
-3.983319315376379421e+01
-4.118117815514035129e+01
-4.206499444713801950e+01
-4.245005590253751393e+01
-4.243532128050948415e+01
-4.208097710762460508e+01
-4.144601734497388890e+01
-4.066710066181332905e+01
-4.061798890874924695e+01
-4.224593236383562100e+01
-3.921905115415616905e+01
-3.949150288555856747e+01
-4.084763708692491946e+01
-4.174348265175160577e+01
-4.212503338338589032e+01
-4.208727028545002469e+01
-4.169401491792022085e+01
-4.101019517457888952e+01
-4.019013496208674496e+01
-4.348427207330831834e+01
-4.463482030021145164e+01
-4.122809800195324215e+01
-4.153718888147257360e+01
-4.301786425717398288e+01
-4.402818943389429052e+01
-4.452367935774358898e+01
-4.459913564389528062e+01
-4.432404466166993728e+01
-4.375835780631461347e+01
-4.290336593344694904e+01
-4.202400824076996599e+01
-4.306144707452380516e+01
-3.965389761234170152e+01
-3.983319315376380132e+01
-4.118117815514034419e+01
-4.206499444713803371e+01
-4.245005590253750682e+01
-4.243532128050948415e+01
-4.208097710762457666e+01
-4.144601734497386758e+01
-4.066710066181330774e+01
-4.061798890874919721e+01
-4.224593236383565653e+01
-3.921905115415616905e+01
-3.949150288555853194e+01
-4.084763708692488393e+01
-4.174348265175159156e+01
-4.212503338338589742e+01
-4.208727028545003890e+01
-4.169401491792027770e+01
-4.101019517457900321e+01
-4.019013496208683733e+01
