-6.752301361404056124e-01
-7.669370775024546560e-01
-8.545034488994117661e-01
-9.425714205451557470e-01
-1.033569960237718854e+00
-1.135998319586821736e+00
-1.253248064984248344e+00
-1.366121095907964378e+00
-1.477741606979928735e+00
-1.591834596177181593e+00
-1.709159885945018775e+00
-1.833352670872570478e+00
-1.909968161645699603e+00
-1.968310494533868749e+00
-2.030094987767226744e+00
-2.093457407502226530e+00
-2.157611809172761852e+00
-2.222331646875243649e+00
-2.288761859034297963e+00
-2.336636190613350372e+00
-2.376137532582342615e+00
-2.415161077607348439e+00
-2.452856643364070166e+00
-2.488798703925686695e+00
-2.522796890498917755e+00
-2.554877228369169195e+00
-2.584431790997030021e+00
-2.606723436188395304e+00
-2.627180036460697643e+00
-2.645701350755788717e+00
-2.662338731475820452e+00
-2.677325152548998943e+00
-2.690740096109395907e+00
-2.702511509021409353e+00
-2.712378785345830323e+00
-2.716842868660803489e+00
-2.716896844807763500e+00
-2.712328856338844574e+00
-2.702708171877223009e+00
-2.688792904753730895e+00
-2.673071402758539605e+00
-2.660195655610653631e+00
-2.658398998874943686e+00
-2.693340608963270100e+00
-2.888509710159034682e+00
-3.263003291228935510e+00
-3.483552918101684881e+00
-3.939352459390097039e+00
-5.081126858295593074e+00
-6.752301361404063895e-01
-7.669370775024557663e-01
-8.545034488994099897e-01
-9.425714205451554140e-01
-1.033569960237719521e+00
-1.135998319586819960e+00
-1.253248064984246790e+00
-1.366121095907957939e+00
-1.477741606979922961e+00
-1.591834596177179373e+00
-1.709159885945017887e+00
-1.833352670872567813e+00
-1.909968161645698714e+00
-1.968310494533868749e+00
-2.030094987767221859e+00
-2.093457407502218537e+00
-2.157611809172760964e+00
-2.222331646875238320e+00
-2.288761859034293522e+00
-2.336636190613353925e+00
-2.376137532582341727e+00
-2.415161077607344886e+00
-2.452856643364077271e+00
-2.488798703925693800e+00
-2.522796890498911537e+00
-2.554877228369174524e+00
-2.584431790997022027e+00
-2.606723436188410403e+00
-2.627180036460696755e+00
-2.645701350755792269e+00
-2.662338731475824893e+00
-2.677325152548993614e+00
-2.690740096109394131e+00
-2.702511509021390701e+00
-2.712378785345837429e+00
-2.716842868660812371e+00
-2.716896844807765277e+00
-2.712328856338839245e+00
-2.702708171877226562e+00
-2.688792904753736224e+00
-2.673071402758530724e+00
-2.660195655610662513e+00
-2.658398998874933028e+00
-2.693340608963273652e+00
-2.888509710159032906e+00
-3.263003291228926628e+00
-3.483552918101691986e+00
-3.939352459390089933e+00
-5.081126858295587745e+00
-6.752301361404066116e-01
-7.669370775024544340e-01
-8.545034488994113220e-01
-9.425714205451610761e-01
-1.033569960237719076e+00
-1.135998319586828842e+00
-1.253248064984253007e+00
-1.366121095907965266e+00
-1.477741606979928957e+00
-1.591834596177185368e+00
-1.709159885945021440e+00
-1.833352670872576251e+00
-1.909968161645699603e+00
-1.968310494533868749e+00
-2.030094987767221415e+00
-2.093457407502218537e+00
-2.157611809172748085e+00
-2.222331646875248978e+00
-2.288761859034291746e+00
-2.336636190613353037e+00
-2.376137532582332845e+00
-2.415161077607344886e+00
-2.452856643364068390e+00
-2.488798703925690248e+00
-2.522796890498923084e+00
-2.554877228369178965e+00
-2.584431790997024692e+00
-2.606723436188405074e+00
-2.627180036460699419e+00
-2.645701350755802039e+00
-2.662338731475830222e+00
-2.677325152548996279e+00
-2.690740096109393242e+00
-2.702511509021402247e+00
-2.712378785345846310e+00
-2.716842868660805266e+00
-2.716896844807743960e+00
-2.712328856338837468e+00
-2.702708171877233667e+00
-2.688792904753734447e+00
-2.673071402758550263e+00
-2.660195655610667842e+00
-2.658398998874950792e+00
-2.693340608963289640e+00
-2.888509710159041788e+00
-3.263003291228939062e+00
-3.483552918101686657e+00
-3.939352459390095262e+00
-5.081126858295595738e+00
-3.294727132989049068e+01
-3.512259002753941672e+01
-3.660488199154566757e+01
-3.771417654997444657e+01
-3.860825001428532488e+01
-3.938728728480957386e+01
-4.007608167783143216e+01
-4.066550195166207970e+01
-4.116109209145555781e+01
-4.157727846653193637e+01
-4.191234760112248381e+01
-4.217108948046384853e+01
-4.236090877374294195e+01
-4.248836933390231252e+01
-4.255374050593912472e+01
-4.256068618281923222e+01
-4.251626198792295241e+01
-4.242067067200243002e+01
-4.227528567270417170e+01
-4.208098372122864816e+01
-4.185105265712498124e+01
-4.157631557667548350e+01
-4.126815956045489742e+01
-4.092204736045376734e+01
-4.055511928927688814e+01
-4.015740478292937610e+01
-3.973396367296481912e+01
-3.928576094492105142e+01
-3.878936962306541147e+01
-2.940285324537011036e+01
-3.221710671164579054e+01
-3.405473133824829546e+01
-3.535950705354370882e+01
-3.632041540347125874e+01
-3.705335102113647139e+01
-3.766163823322446547e+01
-3.820086051074860478e+01
-3.866679120713585860e+01
-3.905296280200433046e+01
-3.936857317237908660e+01
-3.960312159056071124e+01
-3.977350560268076407e+01
-3.987508917385476082e+01
-3.991170271034749817e+01
-3.988829538181943235e+01
-3.980890976311602003e+01
-3.967693138788804674e+01
-3.949524106329164397e+01
-3.926630995916742961e+01
-3.899223594569850349e+01
-3.867749191706102607e+01
-3.833245589304062406e+01
-3.795059588571429998e+01
-3.755406964049613805e+01
-3.714014373797589741e+01
-3.673995787991319872e+01
-3.640492657581165048e+01
-3.626544365978454465e+01
-3.234608473935693951e+01
-3.485528011191532727e+01
-3.653825053604028739e+01
-3.779382155639088836e+01
-3.877066736969834437e+01
-3.956909049182075933e+01
-4.025091602900386079e+01
-4.083541005967083493e+01
-4.134675026171865397e+01
-4.176096198043683216e+01
-4.210488200473334075e+01
-4.236823010817843027e+01
-4.255872455523304154e+01
-4.268233401866078935e+01
-4.274383909138072823e+01
-4.274712324018712195e+01
-4.269533900690088046e+01
-4.259099180990367017e+01
-4.243594327141475731e+01
-4.223127552753494740e+01
-4.199023103454889849e+01
-4.170531850637584625e+01
-4.138309820507101477e+01
-4.102948063684078761e+01
-4.064481874448635779e+01
-4.022236907360817781e+01
-3.976707372815899078e+01
-3.924230644803327550e+01
-3.861644958345735290e+01
-3.294727132989050489e+01
-3.512259002753939541e+01
-3.660488199154552547e+01
-3.771417654997438973e+01
-3.860825001428534620e+01
-3.938728728480936780e+01
-4.007608167783137532e+01
-4.066550195166196602e+01
-4.116109209145550096e+01
-4.157727846653177295e+01
-4.191234760112239144e+01
-4.217108948046400485e+01
-4.236090877374299168e+01
-4.248836933390235515e+01
-4.255374050593904656e+01
-4.256068618281913984e+01
-4.251626198792290268e+01
-4.242067067200253661e+01
-4.227528567270412196e+01
-4.208098372122875475e+01
-4.185105265712506650e+01
-4.157631557667561850e+01
-4.126815956045496847e+01
-4.092204736045388813e+01
-4.055511928927695919e+01
-4.015740478292944005e+01
-3.973396367296490439e+01
-3.928576094492114379e+01
-3.878936962306548963e+01
-2.940285324537011746e+01
-3.221710671164579765e+01
-3.405473133824843046e+01
-3.535950705354399304e+01
-3.632041540347141506e+01
-3.705335102113655665e+01
-3.766163823322469995e+01
-3.820086051074885347e+01
-3.866679120713604334e+01
-3.905296280200450099e+01
-3.936857317237918608e+01
-3.960312159056093151e+01
-3.977350560268089907e+01
-3.987508917385481766e+01
-3.991170271034756922e+01
-3.988829538181948209e+01
-3.980890976311610530e+01
-3.967693138788808938e+01
-3.949524106329161555e+01
-3.926630995916742961e+01
-3.899223594569845375e+01
-3.867749191706097633e+01
-3.833245589304048906e+01
-3.795059588571428577e+01
-3.755406964049603147e+01
-3.714014373797574109e+01
-3.673995787991308504e+01
-3.640492657581148706e+01
-3.626544365978445938e+01
-3.234608473935688266e+01
-3.485528011191537701e+01
-3.653825053604028739e+01
-3.779382155639089547e+01
-3.877066736969830174e+01
-3.956909049182063853e+01
-4.025091602900378973e+01
-4.083541005967065729e+01
-4.134675026171871082e+01
-4.176096198043676821e+01
-4.210488200473326259e+01
-4.236823010817845159e+01
-4.255872455523294917e+01
-4.268233401866078225e+01
-4.274383909138063586e+01
-4.274712324018715037e+01
-4.269533900690085204e+01
-4.259099180990364175e+01
-4.243594327141474309e+01
-4.223127552753488345e+01
-4.199023103454894112e+01
-4.170531850637598836e+01
-4.138309820507107872e+01
-4.102948063684083024e+01
-4.064481874448637910e+01
-4.022236907360820624e+01
-3.976707372815907604e+01
-3.924230644803330392e+01
-3.861644958345748790e+01
-3.294727132989061857e+01
-3.512259002753949488e+01
-3.660488199154570310e+01
-3.771417654997453894e+01
-3.860825001428548831e+01
-3.938728728480936070e+01
-4.007608167783150321e+01
-4.066550195166209392e+01
-4.116109209145557912e+01
-4.157727846653192927e+01
-4.191234760112250513e+01
-4.217108948046377748e+01
-4.236090877374302011e+01
-4.248836933390234805e+01
-4.255374050593917445e+01
-4.256068618281918248e+01
-4.251626198792290268e+01
-4.242067067200250108e+01
-4.227528567270421433e+01
-4.208098372122866238e+01
-4.185105265712493150e+01
-4.157631557667549771e+01
-4.126815956045481926e+01
-4.092204736045373892e+01
-4.055511928927682419e+01
-4.015740478292927662e+01
-3.973396367296478360e+01
-3.928576094492103721e+01
-3.878936962306538305e+01
-2.940285324537003220e+01
-3.221710671164566264e+01
-3.405473133824823861e+01
-3.535950705354372303e+01
-3.632041540347119479e+01
-3.705335102113639323e+01
-3.766163823322452942e+01
-3.820086051074866873e+01
-3.866679120713591544e+01
-3.905296280200436598e+01
-3.936857317237907239e+01
-3.960312159056081782e+01
-3.977350560268076407e+01
-3.987508917385480345e+01
-3.991170271034753370e+01
-3.988829538181949630e+01
-3.980890976311607687e+01
-3.967693138788810359e+01
-3.949524106329166528e+01
-3.926630995916740119e+01
-3.899223594569866691e+01
-3.867749191706116818e+01
-3.833245589304063827e+01
-3.795059588571444920e+01
-3.755406964049620200e+01
-3.714014373797592583e+01
-3.673995787991326978e+01
-3.640492657581171443e+01
-3.626544365978465834e+01
-3.234608473935681161e+01
-3.485528011191538411e+01
-3.653825053604035844e+01
-3.779382155639100205e+01
-3.877066736969837280e+01
-3.956909049182084459e+01
-4.025091602900378973e+01
-4.083541005967082071e+01
-4.134675026171879608e+01
-4.176096198043683927e+01
-4.210488200473336917e+01
-4.236823010817855817e+01
-4.255872455523291364e+01
-4.268233401866079646e+01
-4.274383909138082061e+01
-4.274712324018710063e+01
-4.269533900690090888e+01
-4.259099180990362044e+01
-4.243594327141473599e+01
-4.223127552753481950e+01
-4.199023103454885586e+01
-4.170531850637584625e+01
-4.138309820507098635e+01
-4.102948063684076629e+01
-4.064481874448630094e+01
-4.022236907360814939e+01
-3.976707372815890551e+01
-3.924230644803321155e+01
-3.861644958345742396e+01
