-7.250760585324502738e-01
-6.918593000647355051e-01
-7.262678114928655670e-01
-7.821722403581365946e-01
-8.629256697228182560e-01
-9.786084764245868151e-01
-1.084220973246738051e+00
-1.184535629520082178e+00
-1.287405216152974763e+00
-1.397119664534970163e+00
-1.515794995719097038e+00
-1.649098986327338423e+00
-1.717000310277506436e+00
-1.761936556403453480e+00
-1.816005182546483354e+00
-1.874075264948167785e+00
-1.933738339172384357e+00
-1.994032365709629495e+00
-2.055012070254675471e+00
-2.117742685488538612e+00
-2.160099794504901638e+00
-2.193370249996682730e+00
-2.226806168405905950e+00
-2.259250212195546226e+00
-2.290078114053926583e+00
-2.318977900535836412e+00
-2.345897789842732450e+00
-2.371068043460244468e+00
-2.392975312082279871e+00
-2.408276993851060865e+00
-2.422480228231293609e+00
-2.435592870656424935e+00
-2.447620227517530722e+00
-2.458301181252974033e+00
-2.466920379255103768e+00
-2.472236353709472922e+00
-2.472644899689029785e+00
-2.465803455884259421e+00
-2.448762825556030975e+00
-2.425233878306066515e+00
-2.398529646771532242e+00
-2.375013627789595461e+00
-2.365606457885576219e+00
-2.401765112658473811e+00
-2.607104842361493979e+00
-2.983604400636311382e+00
-3.289962863785421021e+00
-3.713816302618418774e+00
-4.907488230732991674e+00
-7.250760585324486085e-01
-6.918593000647341729e-01
-7.262678114928649009e-01
-7.821722403581321537e-01
-8.629256697228173678e-01
-9.786084764245797096e-01
-1.084220973246733610e+00
-1.184535629520075517e+00
-1.287405216152965881e+00
-1.397119664534965722e+00
-1.515794995719098814e+00
-1.649098986327340199e+00
-1.717000310277511765e+00
-1.761936556403444598e+00
-1.816005182546483354e+00
-1.874075264948169561e+00
-1.933738339172384357e+00
-1.994032365709631271e+00
-2.055012070254679912e+00
-2.117742685488526178e+00
-2.160099794504890980e+00
-2.193370249996672072e+00
-2.226806168405902397e+00
-2.259250212195539120e+00
-2.290078114053926583e+00
-2.318977900535832859e+00
-2.345897789842769754e+00
-2.371068043460255126e+00
-2.392975312082286976e+00
-2.408276993851060865e+00
-2.422480228231284727e+00
-2.435592870656424935e+00
-2.447620227517511182e+00
-2.458301181252974033e+00
-2.466920379255110873e+00
-2.472236353709478252e+00
-2.472644899689026232e+00
-2.465803455884250539e+00
-2.448762825556020317e+00
-2.425233878306078950e+00
-2.398529646771553558e+00
-2.375013627789602566e+00
-2.365606457885581548e+00
-2.401765112658477364e+00
-2.607104842361501085e+00
-2.983604400636306053e+00
-3.289962863785440561e+00
-3.713816302618432985e+00
-4.907488230732993451e+00
-7.250760585324521612e-01
-6.918593000647386138e-01
-7.262678114928680095e-01
-7.821722403581368166e-01
-8.629256697228235851e-01
-9.786084764245837064e-01
-1.084220973246734943e+00
-1.184535629520078182e+00
-1.287405216152968102e+00
-1.397119664534966610e+00
-1.515794995719107696e+00
-1.649098986327343752e+00
-1.717000310277517983e+00
-1.761936556403443710e+00
-1.816005182546479801e+00
-1.874075264948173114e+00
-1.933738339172384357e+00
-1.994032365709628607e+00
-2.055012070254679024e+00
-2.117742685488535059e+00
-2.160099794504912296e+00
-2.193370249996672072e+00
-2.226806168405891739e+00
-2.259250212195551555e+00
-2.290078114053930136e+00
-2.318977900535847070e+00
-2.345897789842757319e+00
-2.371068043460255126e+00
-2.392975312082285200e+00
-2.408276993851064418e+00
-2.422480228231282950e+00
-2.435592870656424935e+00
-2.447620227517516511e+00
-2.458301181252963374e+00
-2.466920379255101992e+00
-2.472236353709478252e+00
-2.472644899689033338e+00
-2.465803455884262974e+00
-2.448762825556006106e+00
-2.425233878306041646e+00
-2.398529646771528689e+00
-2.375013627789568815e+00
-2.365606457885588654e+00
-2.401765112658434731e+00
-2.607104842361476216e+00
-2.983604400636339804e+00
-3.289962863785451219e+00
-3.713816302618425880e+00
-4.907488230732982792e+00
-3.556005415635078748e+01
-3.681607000377812966e+01
-3.767724984803530219e+01
-3.834825137787800031e+01
-3.891966854786893748e+01
-3.945111026743247606e+01
-3.995824674194506088e+01
-4.045227784831324414e+01
-4.088660931694936806e+01
-4.128342814510012460e+01
-4.162262418879968351e+01
-4.190839667056773976e+01
-4.214336753236000277e+01
-4.230722194905104061e+01
-4.241770478467793026e+01
-4.248525857080234402e+01
-4.251126071283704988e+01
-4.250381806575978061e+01
-4.245793055334226551e+01
-4.237243426162251581e+01
-4.225792801938996490e+01
-4.210240584627563010e+01
-4.191699431749744065e+01
-4.169812232570097876e+01
-4.144465008082412538e+01
-4.116956932174048944e+01
-4.088430534445080866e+01
-4.060891187308871508e+01
-4.042823408904948224e+01
-3.066044808072364347e+01
-3.327411517491002968e+01
-3.481205524300870024e+01
-3.585937393226542724e+01
-3.660864617768311291e+01
-3.715302173146742604e+01
-3.758588208669644359e+01
-3.795186937867232047e+01
-3.827891179782245956e+01
-3.858627050909066725e+01
-3.886146891642719936e+01
-3.911850467980271162e+01
-3.932774582703396504e+01
-3.949039011775538910e+01
-3.960836770673483898e+01
-3.968270681388754895e+01
-3.971273944489603025e+01
-3.968635542673614225e+01
-3.962100879006654708e+01
-3.951740013737574486e+01
-3.937771662397259576e+01
-3.921579005436510101e+01
-3.901690410315710977e+01
-3.880111235529759028e+01
-3.855905331213790532e+01
-3.831141060597979475e+01
-3.807470420929903554e+01
-3.789516879448023445e+01
-3.790990340183061136e+01
-3.444792172821739484e+01
-3.631782692023757164e+01
-3.754545783043852936e+01
-3.843167221321080973e+01
-3.911962985531657466e+01
-3.970446257077738039e+01
-4.021753959329462447e+01
-4.067973696407230477e+01
-4.109023763594665013e+01
-4.146999477911734289e+01
-4.179450523328550560e+01
-4.206684099042411162e+01
-4.228896997857781770e+01
-4.246049154068990106e+01
-4.257998064015669115e+01
-4.265331052936377176e+01
-4.268125622286941478e+01
-4.266396474027829555e+01
-4.260516756790146076e+01
-4.251251046980453907e+01
-4.237312651294081434e+01
-4.220330804031931393e+01
-4.198683021288064054e+01
-4.174416955833512333e+01
-4.146066194277339889e+01
-4.114630481074554069e+01
-4.080916285690763345e+01
-4.045058082493368090e+01
-4.011224532892050121e+01
-3.556005415635065958e+01
-3.681607000377793071e+01
-3.767724984803507482e+01
-3.834825137787785820e+01
-3.891966854786887353e+01
-3.945111026743220606e+01
-3.995824674194507509e+01
-4.045227784831303097e+01
-4.088660931694941780e+01
-4.128342814510017433e+01
-4.162262418879981851e+01
-4.190839667056758344e+01
-4.214336753235996014e+01
-4.230722194905116851e+01
-4.241770478467789474e+01
-4.248525857080232271e+01
-4.251126071283702856e+01
-4.250381806575978771e+01
-4.245793055334226551e+01
-4.237243426162262949e+01
-4.225792801939007148e+01
-4.210240584627574378e+01
-4.191699431749754012e+01
-4.169812232570104982e+01
-4.144465008082406143e+01
-4.116956932174077366e+01
-4.088430534445100761e+01
-4.060891187308875772e+01
-4.042823408904951776e+01
-3.066044808072346939e+01
-3.327411517491028548e+01
-3.481205524300910525e+01
-3.585937393226589620e+01
-3.660864617768375240e+01
-3.715302173146803000e+01
-3.758588208669704755e+01
-3.795186937867286048e+01
-3.827891179782303510e+01
-3.858627050909116463e+01
-3.886146891642776069e+01
-3.911850467980309531e+01
-3.932774582703434163e+01
-3.949039011775572305e+01
-3.960836770673515872e+01
-3.968270681388770527e+01
-3.971273944489616525e+01
-3.968635542673617067e+01
-3.962100879006658261e+01
-3.951740013737565960e+01
-3.937771662397258865e+01
-3.921579005436517207e+01
-3.901690410315711688e+01
-3.880111235529761871e+01
-3.855905331213790532e+01
-3.831141060597982317e+01
-3.807470420929899291e+01
-3.789516879448030551e+01
-3.790990340183074636e+01
-3.444792172821733800e+01
-3.631782692023742953e+01
-3.754545783043837304e+01
-3.843167221321081684e+01
-3.911962985531648229e+01
-3.970446257077715302e+01
-4.021753959329450367e+01
-4.067973696407215556e+01
-4.109023763594652934e+01
-4.146999477911712262e+01
-4.179450523328538480e+01
-4.206684099042404057e+01
-4.228896997857770401e+01
-4.246049154068970211e+01
-4.257998064015679773e+01
-4.265331052936372913e+01
-4.268125622286919452e+01
-4.266396474027830976e+01
-4.260516756790131865e+01
-4.251251046980454618e+01
-4.237312651294089960e+01
-4.220330804031927840e+01
-4.198683021288068318e+01
-4.174416955833523701e+01
-4.146066194277352679e+01
-4.114630481074560464e+01
-4.080916285690776135e+01
-4.045058082493378038e+01
-4.011224532892050831e+01
-3.556005415635083722e+01
-3.681607000377795913e+01
-3.767724984803526667e+01
-3.834825137787786531e+01
-3.891966854786915064e+01
-3.945111026743263949e+01
-3.995824674194509640e+01
-4.045227784831318019e+01
-4.088660931694931122e+01
-4.128342814510025249e+01
-4.162262418879974035e+01
-4.190839667056774687e+01
-4.214336753236000277e+01
-4.230722194905114009e+01
-4.241770478467805106e+01
-4.248525857080234402e+01
-4.251126071283717067e+01
-4.250381806575968824e+01
-4.245793055334223709e+01
-4.237243426162247317e+01
-4.225792801939004306e+01
-4.210240584627568694e+01
-4.191699431749731275e+01
-4.169812232570085797e+01
-4.144465008082404012e+01
-4.116956932174059602e+01
-4.088430534445087261e+01
-4.060891187308860140e+01
-4.042823408904941118e+01
-3.066044808072349070e+01
-3.327411517491007231e+01
-3.481205524300883525e+01
-3.585937393226569725e+01
-3.660864617768339002e+01
-3.715302173146775289e+01
-3.758588208669676334e+01
-3.795186937867266863e+01
-3.827891179782280773e+01
-3.858627050909101541e+01
-3.886146891642754753e+01
-3.911850467980298163e+01
-3.932774582703416399e+01
-3.949039011775558095e+01
-3.960836770673498108e+01
-3.968270681388769816e+01
-3.971273944489612262e+01
-3.968635542673624883e+01
-3.962100879006663234e+01
-3.951740013737580171e+01
-3.937771662397266681e+01
-3.921579005436529997e+01
-3.901690410315718083e+01
-3.880111235529773239e+01
-3.855905331213797638e+01
-3.831141060597996528e+01
-3.807470420929907107e+01
-3.789516879448030551e+01
-3.790990340183070373e+01
-3.444792172821733089e+01
-3.631782692023745795e+01
-3.754545783043859331e+01
-3.843167221321083105e+01
-3.911962985531663151e+01
-3.970446257077726671e+01
-4.021753959329453920e+01
-4.067973696407222661e+01
-4.109023763594650092e+01
-4.146999477911734289e+01
-4.179450523328529954e+01
-4.206684099042418978e+01
-4.228896997857776796e+01
-4.246049154068988685e+01
-4.257998064015669115e+01
-4.265331052936387835e+01
-4.268125622286925136e+01
-4.266396474027816055e+01
-4.260516756790127602e+01
-4.251251046980454618e+01
-4.237312651294075749e+01
-4.220330804031935656e+01
-4.198683021288061923e+01
-4.174416955833508780e+01
-4.146066194277342021e+01
-4.114630481074546253e+01
-4.080916285690768319e+01
-4.045058082493365958e+01
-4.011224532892042305e+01
