-7.190705658116467447e-01
-8.138022763412697813e-01
-9.070928000987975581e-01
-1.003273695082840478e+00
-1.105484438082930732e+00
-1.234352250245358551e+00
-1.359157925096202701e+00
-1.481901478386410842e+00
-1.607597623334706238e+00
-1.736528925450416150e+00
-1.874177928502702262e+00
-1.948622968507391029e+00
-2.015530937530089606e+00
-2.085760864677813409e+00
-2.157739370923407840e+00
-2.230920114400854359e+00
-2.305695364185942786e+00
-2.371906943034969295e+00
-2.418730799742289328e+00
-2.465636919858892995e+00
-2.511513514250399481e+00
-2.555804797953852514e+00
-2.598235383278021615e+00
-2.638785504379577596e+00
-2.674655763552417298e+00
-2.704382179510821160e+00
-2.731716719149906325e+00
-2.756525088477773444e+00
-2.778768557608936263e+00
-2.798638490963563541e+00
-2.816486886044694771e+00
-2.832681632771508973e+00
-2.843913691863532378e+00
-2.852806898929404866e+00
-2.859376898613160023e+00
-2.862835211727052354e+00
-2.862239941994367598e+00
-2.856773787924874242e+00
-2.846275941527260045e+00
-2.831964078135726481e+00
-2.816638537155252919e+00
-2.805286487567085985e+00
-2.803880974106700563e+00
-2.802206960386538270e+00
-2.995202148992225588e+00
-3.363426220868525718e+00
-3.556546189422467918e+00
-4.159566156181992547e+00
-5.354161597426244867e+00
-7.190705658116460786e-01
-8.138022763412680050e-01
-9.070928000987957818e-01
-1.003273695082838479e+00
-1.105484438082929177e+00
-1.234352250245361660e+00
-1.359157925096199149e+00
-1.481901478386412396e+00
-1.607597623334699577e+00
-1.736528925450414818e+00
-1.874177928502704926e+00
-1.948622968507383035e+00
-2.015530937530089162e+00
-2.085760864677810744e+00
-2.157739370923395850e+00
-2.230920114400853915e+00
-2.305695364185939233e+00
-2.371906943034973736e+00
-2.418730799742292881e+00
-2.465636919858896547e+00
-2.511513514250400370e+00
-2.555804797953852514e+00
-2.598235383278020727e+00
-2.638785504379567826e+00
-2.674655763552408416e+00
-2.704382179510822937e+00
-2.731716719149914319e+00
-2.756525088477774332e+00
-2.778768557608945144e+00
-2.798638490963568870e+00
-2.816486886044689442e+00
-2.832681632771512525e+00
-2.843913691863528825e+00
-2.852806898929404866e+00
-2.859376898613156470e+00
-2.862835211727045248e+00
-2.862239941994362269e+00
-2.856773787924872465e+00
-2.846275941527240505e+00
-2.831964078135705165e+00
-2.816638537155260025e+00
-2.805286487567075326e+00
-2.803880974106714774e+00
-2.802206960386550705e+00
-2.995202148992214930e+00
-3.363426220868516836e+00
-3.556546189422476800e+00
-4.159566156181979224e+00
-5.354161597426253749e+00
-7.190705658116451904e-01
-8.138022763412674498e-01
-9.070928000987954487e-01
-1.003273695082839811e+00
-1.105484438082930509e+00
-1.234352250245361216e+00
-1.359157925096201147e+00
-1.481901478386414617e+00
-1.607597623334702019e+00
-1.736528925450414373e+00
-1.874177928502704926e+00
-1.948622968507391917e+00
-2.015530937530091826e+00
-2.085760864677809412e+00
-2.157739370923399402e+00
-2.230920114400855248e+00
-2.305695364185940122e+00
-2.371906943034976400e+00
-2.418730799742283111e+00
-2.465636919858891218e+00
-2.511513514250403034e+00
-2.555804797953855179e+00
-2.598235383278011845e+00
-2.638785504379571378e+00
-2.674655763552419074e+00
-2.704382179510813167e+00
-2.731716719149916983e+00
-2.756525088477774332e+00
-2.778768557608943368e+00
-2.798638490963563541e+00
-2.816486886044694771e+00
-2.832681632771512525e+00
-2.843913691863546589e+00
-2.852806898929415524e+00
-2.859376898613147588e+00
-2.862835211727043472e+00
-2.862239941994374703e+00
-2.856773787924879571e+00
-2.846275941527256492e+00
-2.831964078135708718e+00
-2.816638537155267130e+00
-2.805286487567096643e+00
-2.803880974106714774e+00
-2.802206960386564916e+00
-2.995202148992209601e+00
-3.363426220868504402e+00
-3.556546189422494564e+00
-4.159566156181978336e+00
-5.354161597426255526e+00
-3.919126812755524725e+01
-4.464418200073338738e+01
-4.606925572041387795e+01
-4.428328490724289423e+01
-4.177421179967785037e+01
-4.002072977180911550e+01
-3.928112875849643615e+01
-3.930830710004509854e+01
-3.975933900820253797e+01
-4.035471166857325187e+01
-4.093108275901265358e+01
-4.143060382613767700e+01
-4.183869485743312566e+01
-4.216404393634681469e+01
-4.241619905867310081e+01
-4.259709314537010272e+01
-4.271334218337338484e+01
-4.276990868610013052e+01
-4.277075682985307736e+01
-4.271925072879360386e+01
-4.261839208126219347e+01
-4.247094519268653556e+01
-4.227945234559379628e+01
-4.204606060056838857e+01
-4.177819765262732687e+01
-4.147959701191492599e+01
-4.114320305652589127e+01
-4.077720315236344106e+01
-4.035193822591613610e+01
-4.147264389642019466e+01
-4.661080230725214335e+01
-4.768359942746499769e+01
-4.556675118240143263e+01
-4.279673076863917203e+01
-4.085741512163055233e+01
-4.004332965953427959e+01
-4.006994109788214331e+01
-4.055152385102670820e+01
-4.118823668804510163e+01
-4.181360772911640566e+01
-4.236229175010440429e+01
-4.281841960290461202e+01
-4.318956629299513850e+01
-4.349101186770273131e+01
-4.372373041325879939e+01
-4.389403074254637005e+01
-4.400653794881949210e+01
-4.406478433665881056e+01
-4.407146678386516925e+01
-4.403476519256575727e+01
-4.395427742497308543e+01
-4.382983205775560975e+01
-4.366520497868186368e+01
-4.346400532401358419e+01
-4.321426598724440993e+01
-4.290750804098120597e+01
-4.250115808399259265e+01
-4.186838230943772032e+01
-3.792064234542720413e+01
-4.308107910933421181e+01
-4.435230684697093295e+01
-4.254588988264783467e+01
-4.003721736303830880e+01
-3.822899059093263929e+01
-3.740814868793746228e+01
-3.734362269024957470e+01
-3.769946320169875520e+01
-3.821414116748713496e+01
-3.872122820917859087e+01
-3.916027422484675213e+01
-3.951052642193931774e+01
-3.977851336548193473e+01
-3.997169260708423622e+01
-4.009756157245517727e+01
-4.016432863057424640e+01
-4.017618283829625625e+01
-4.013661039630336091e+01
-4.004877576498110159e+01
-3.991583768641927321e+01
-3.974124983765399577e+01
-3.952912251197216165e+01
-3.928478564674605167e+01
-3.901318586287879242e+01
-3.872514661482280474e+01
-3.844286293673061294e+01
-3.821126820798514245e+01
-3.819117734863934999e+01
-3.919126812755539646e+01
-4.464418200073323817e+01
-4.606925572041370742e+01
-4.428328490724288713e+01
-4.177421179967785037e+01
-4.002072977180914393e+01
-3.928112875849645036e+01
-3.930830710004512696e+01
-3.975933900820257350e+01
-4.035471166857323055e+01
-4.093108275901265358e+01
-4.143060382613769121e+01
-4.183869485743313277e+01
-4.216404393634677206e+01
-4.241619905867306528e+01
-4.259709314537012403e+01
-4.271334218337337063e+01
-4.276990868610008789e+01
-4.277075682985304184e+01
-4.271925072879362517e+01
-4.261839208126218637e+01
-4.247094519268651425e+01
-4.227945234559373944e+01
-4.204606060056838857e+01
-4.177819765262732687e+01
-4.147959701191493309e+01
-4.114320305652587706e+01
-4.077720315236345527e+01
-4.035193822591615742e+01
-4.147264389641991045e+01
-4.661080230725190177e+01
-4.768359942746483426e+01
-4.556675118240118394e+01
-4.279673076863938519e+01
-4.085741512163058076e+01
-4.004332965953446433e+01
-4.006994109788219305e+01
-4.055152385102664425e+01
-4.118823668804509452e+01
-4.181360772911634172e+01
-4.236229175010442560e+01
-4.281841960290458360e+01
-4.318956629299505323e+01
-4.349101186770275262e+01
-4.372373041325876386e+01
-4.389403074254629189e+01
-4.400653794881951342e+01
-4.406478433665879635e+01
-4.407146678386524741e+01
-4.403476519256577859e+01
-4.395427742497304990e+01
-4.382983205775566660e+01
-4.366520497868187789e+01
-4.346400532401349892e+01
-4.321426598724449519e+01
-4.290750804098121307e+01
-4.250115808399266371e+01
-4.186838230943774164e+01
-3.792064234542744572e+01
-4.308107910933451734e+01
-4.435230684697114611e+01
-4.254588988264798388e+01
-4.003721736303813827e+01
-3.822899059093255403e+01
-3.740814868793742676e+01
-3.734362269024957470e+01
-3.769946320169879073e+01
-3.821414116748724155e+01
-3.872122820917869745e+01
-3.916027422484687293e+01
-3.951052642193944564e+01
-3.977851336548208394e+01
-3.997169260708437832e+01
-4.009756157245524122e+01
-4.016432863057432456e+01
-4.017618283829632730e+01
-4.013661039630343907e+01
-4.004877576498108738e+01
-3.991583768641926611e+01
-3.974124983765400998e+01
-3.952912251197212612e+01
-3.928478564674598772e+01
-3.901318586287868584e+01
-3.872514661482274079e+01
-3.844286293673046373e+01
-3.821126820798500745e+01
-3.819117734863922919e+01
-3.919126812755535383e+01
-4.464418200073338028e+01
-4.606925572041389216e+01
-4.428328490724289423e+01
-4.177421179967784326e+01
-4.002072977180914393e+01
-3.928112875849643615e+01
-3.930830710004508433e+01
-3.975933900820254507e+01
-4.035471166857322345e+01
-4.093108275901264648e+01
-4.143060382613769832e+01
-4.183869485743312566e+01
-4.216404393634677916e+01
-4.241619905867307239e+01
-4.259709314537012403e+01
-4.271334218337337774e+01
-4.276990868610015184e+01
-4.277075682985302763e+01
-4.271925072879361807e+01
-4.261839208126222189e+01
-4.247094519268653556e+01
-4.227945234559375365e+01
-4.204606060056840278e+01
-4.177819765262733398e+01
-4.147959701191492599e+01
-4.114320305652589127e+01
-4.077720315236344817e+01
-4.035193822591614321e+01
-4.147264389642015203e+01
-4.661080230725222151e+01
-4.768359942746494085e+01
-4.556675118240119104e+01
-4.279673076863922176e+01
-4.085741512163043865e+01
-4.004332965953443590e+01
-4.006994109788213621e+01
-4.055152385102658741e+01
-4.118823668804513005e+01
-4.181360772911632750e+01
-4.236229175010443981e+01
-4.281841960290459781e+01
-4.318956629299506034e+01
-4.349101186770277394e+01
-4.372373041325876386e+01
-4.389403074254630610e+01
-4.400653794881953473e+01
-4.406478433665878924e+01
-4.407146678386528293e+01
-4.403476519256580701e+01
-4.395427742497305701e+01
-4.382983205775571633e+01
-4.366520497868185657e+01
-4.346400532401353445e+01
-4.321426598724447388e+01
-4.290750804098119175e+01
-4.250115808399265660e+01
-4.186838230943772032e+01
-3.792064234542724677e+01
-4.308107910933448892e+01
-4.435230684697111059e+01
-4.254588988264794835e+01
-4.003721736303824486e+01
-3.822899059093258245e+01
-3.740814868793746228e+01
-3.734362269024954628e+01
-3.769946320169876230e+01
-3.821414116748718470e+01
-3.872122820917866193e+01
-3.916027422484678766e+01
-3.951052642193937459e+01
-3.977851336548197736e+01
-3.997169260708430016e+01
-4.009756157245519148e+01
-4.016432863057426061e+01
-4.017618283829628467e+01
-4.013661039630337513e+01
-4.004877576498110869e+01
-3.991583768641925190e+01
-3.974124983765399577e+01
-3.952912251197210480e+01
-3.928478564674600904e+01
-3.901318586287875689e+01
-3.872514661482277631e+01
-3.844286293673052768e+01
-3.821126820798505008e+01
-3.819117734863934999e+01
