-6.791488639115381698e-01
-7.254958240295615868e-01
-7.826130027471962514e-01
-8.450772330944487098e-01
-9.097495113151649049e-01
-9.747640410350865148e-01
-1.039173641756689026e+00
-1.108494610631577171e+00
-1.199283881264139540e+00
-1.278266229594734460e+00
-1.352555856369411558e+00
-1.423674690063561732e+00
-1.492563859255346070e+00
-1.557543266377372060e+00
-1.622225614675202987e+00
-1.688326550487396105e+00
-1.758928432065431036e+00
-1.808905745678216270e+00
-1.829337892732245230e+00
-1.852383842618297916e+00
-1.873986892056193732e+00
-1.891187199136986408e+00
-1.901972769099758764e+00
-1.904846758048285515e+00
-1.901594705541009844e+00
-1.894347579399587644e+00
-1.886387298430008741e+00
-1.881838010494616853e+00
-1.863735313806884619e+00
-1.849180937688494453e+00
-1.840485255006497844e+00
-1.835683425467586005e+00
-1.831526126731598758e+00
-1.823798952910376414e+00
-1.807949449454654633e+00
-1.779843227034565878e+00
-1.736400719321061104e+00
-1.675679931879868079e+00
-1.596321444753491470e+00
-1.496353918636801339e+00
-1.366676834438498744e+00
-1.187228648707698397e+00
-8.355863096531663814e-01
-9.264178163195495586e-01
-7.258469043000752130e+00
3.967435154299528222e+01
-3.410080090280611387e+01
3.168126196135357020e+01
-3.467225094233313030e+02
-6.791488639115383918e-01
-7.254958240295611427e-01
-7.826130027471841499e-01
-8.450772330944454902e-01
-9.097495113151583546e-01
-9.747640410350818518e-01
-1.039173641756674371e+00
-1.108494610631541644e+00
-1.199283881264116669e+00
-1.278266229594732462e+00
-1.352555856369402454e+00
-1.423674690063566173e+00
-1.492563859255326530e+00
-1.557543266377376057e+00
-1.622225614675213645e+00
-1.688326550487399214e+00
-1.758928432065437253e+00
-1.808905745678212718e+00
-1.829337892732241677e+00
-1.852383842618300580e+00
-1.873986892056182185e+00
-1.891187199136985075e+00
-1.901972769099751659e+00
-1.904846758048269528e+00
-1.901594705540993857e+00
-1.894347579399589421e+00
-1.886387298430002524e+00
-1.881838010494598201e+00
-1.863735313806872185e+00
-1.849180937688482018e+00
-1.840485255006480969e+00
-1.835683425467557583e+00
-1.831526126731585435e+00
-1.823798952910355098e+00
-1.807949449454629764e+00
-1.779843227034544562e+00
-1.736400719321045116e+00
-1.675679931879853868e+00
-1.596321444753446173e+00
-1.496353918636738278e+00
-1.366676834438434796e+00
-1.187228648707614909e+00
-8.355863096530722345e-01
-9.264178163194118909e-01
-7.258469042999905696e+00
3.967435154299646172e+01
-3.410080090279772236e+01
3.168126196136174855e+01
-3.467225094231627054e+02
-6.791488639115401682e-01
-7.254958240295712457e-01
-7.826130027471953632e-01
-8.450772330944457122e-01
-9.097495113151731205e-01
-9.747640410350938422e-01
-1.039173641756690136e+00
-1.108494610631533872e+00
-1.199283881264133766e+00
-1.278266229594721137e+00
-1.352555856369409337e+00
-1.423674690063565507e+00
-1.492563859255333414e+00
-1.557543266377368951e+00
-1.622225614675200323e+00
-1.688326550487382338e+00
-1.758928432065419045e+00
-1.808905745678195842e+00
-1.829337892732225690e+00
-1.852383842618300136e+00
-1.873986892056183073e+00
-1.891187199136987296e+00
-1.901972769099752547e+00
-1.904846758048260646e+00
-1.901594705541003627e+00
-1.894347579399582315e+00
-1.886387298429999859e+00
-1.881838010494602642e+00
-1.863735313806871297e+00
-1.849180937688498894e+00
-1.840485255006493404e+00
-1.835683425467578012e+00
-1.831526126731587212e+00
-1.823798952910355098e+00
-1.807949449454630653e+00
-1.779843227034533015e+00
-1.736400719321019359e+00
-1.675679931879836104e+00
-1.596321444753430185e+00
-1.496353918636710745e+00
-1.366676834438390387e+00
-1.187228648707575829e+00
-8.355863096529780876e-01
-9.264178163192759996e-01
-7.258469043000859600e+00
3.967435154300758882e+01
-3.410080090283945964e+01
3.168126196135747819e+01
-3.467225094237229541e+02
-2.545651717610143194e+01
-3.046348466732869653e+01
-3.302682316187190992e+01
-3.804017681214013180e+01
-4.143203574621030327e+01
-4.342965787576819281e+01
2.670821329108363784e+02
-4.341449583322079775e+02
4.823328220542380791e+02
1.572652655825382055e+02
-2.747933642979187852e+01
1.286437052144956397e+02
-6.741426071382265661e+01
-1.186433543223539715e+02
-2.023380682672596365e+01
-2.338440433022924481e+01
-2.222371895901169836e+01
-1.974349255871381814e+01
-2.183404666483373902e+01
-2.229215266241142501e+01
-2.342281109473803369e+01
-2.528272839144556627e+01
-2.630169190624513931e+01
-3.454857687850575587e+01
-3.502364164116423950e+01
-3.608727542546603928e+01
-3.748555119782873390e+01
-3.969983858790866549e+01
-4.341309653822792569e+01
3.077792437040665519e+01
1.270250741177486304e+02
-2.609790106747503842e+02
5.524332757893589019e+01
2.021985837347326509e+01
7.790481715841992560e+00
4.571365455603143779e+00
6.500935283334652759e+00
-8.445150102502861245e+00
-2.136658236646229270e+01
-1.368116928338206417e+00
4.129787248793561361e+01
-3.520271514710811402e+02
5.832389166443346795e+01
5.229616131140065960e+00
-1.357648623674003829e+01
-2.079576649206997985e+01
-2.470755363276052918e+01
-2.729689347955354961e+01
-2.912684585570785600e+01
-2.887411901804942715e+01
-3.490632772161757202e+01
-3.486769071934936193e+01
-3.518533399020538610e+01
-3.559854973241484544e+01
-3.608489557686981897e+01
-3.690937155629800515e+01
-3.857339220143294511e+01
-4.206969254347895060e+01
-3.156891895794264258e+01
-7.144461867800019905e-02
-4.925824972873490992e+01
-1.277093137013483499e+02
3.145210176867155951e+02
-4.479904773834448974e+02
2.287087609834041757e+02
-4.794787160371883061e+01
-2.816806118236131056e+02
8.363884114559115801e+01
-1.003593287831527014e+01
1.719072914083040526e+00
-1.779134951846306834e+01
-1.689380503945723788e+01
-2.153823431498296515e+01
-2.272713273514782983e+01
-2.442039066684849047e+01
-2.540784457059593748e+01
-2.649923341546782751e+01
-2.769344348262132627e+01
-2.775569383210177676e+01
-3.488116333923259305e+01
-3.530808565937977050e+01
-3.624199775545864100e+01
-3.721862998401024925e+01
-3.830506159645049991e+01
-3.969114364373096748e+01
-4.164354795601745707e+01
-4.456884981636426346e+01
-2.545651717610480347e+01
-3.046348466733700633e+01
-3.302682316188246858e+01
-3.804017681215691482e+01
-4.143203574622347674e+01
-4.342965787577560377e+01
2.670821329107099587e+02
-4.341449583323081924e+02
4.823328220542523468e+02
1.572652655824532815e+02
-2.747933643015003113e+01
1.286437052146737017e+02
-6.741426071378165830e+01
-1.186433543223320157e+02
-2.023380682676595299e+01
-2.338440433023411558e+01
-2.222371895901767758e+01
-1.974349255871574016e+01
-2.183404666483287215e+01
-2.229215266241207161e+01
-2.342281109473974610e+01
-2.528272839144706907e+01
-2.630169190624674513e+01
-3.454857687850651615e+01
-3.502364164116505663e+01
-3.608727542546662193e+01
-3.748555119782941603e+01
-3.969983858790931208e+01
-4.341309653822866466e+01
3.077792437041879836e+01
1.270250741177721494e+02
-2.609790106749020424e+02
5.524332757894958945e+01
2.021985837348101001e+01
7.790481715846751420e+00
4.571365455605613803e+00
6.500935283332925252e+00
-8.445150102499624722e+00
-2.136658236645828879e+01
-1.368116928341015726e+00
4.129787248794376353e+01
-3.520271514712109138e+02
5.832389166444153972e+01
5.229616131145721880e+00
-1.357648623673793509e+01
-2.079576649206783756e+01
-2.470755363275899796e+01
-2.729689347955234169e+01
-2.912684585570753981e+01
-2.887411901804883385e+01
-3.490632772161702491e+01
-3.486769071934895692e+01
-3.518533399020496688e+01
-3.559854973241437648e+01
-3.608489557686925764e+01
-3.690937155629733724e+01
-3.857339220143237668e+01
-4.206969254347821163e+01
-3.156891895795428127e+01
-7.144461869485960182e-02
-4.925824972865103746e+01
-1.277093137014187363e+02
3.145210176868820895e+02
-4.479904773832496403e+02
2.287087609834931641e+02
-4.794787160373751789e+01
-2.816806118236094107e+02
8.363884114560059402e+01
-1.003593287830934422e+01
1.719072914088564996e+00
-1.779134951845622936e+01
-1.689380503945250567e+01
-2.153823431497905716e+01
-2.272713273514423449e+01
-2.442039066684551329e+01
-2.540784457059378099e+01
-2.649923341546588773e+01
-2.769344348261941491e+01
-2.775569383210006436e+01
-3.488116333923179724e+01
-3.530808565937948629e+01
-3.624199775545845625e+01
-3.721862998401020661e+01
-3.830506159645049280e+01
-3.969114364373110959e+01
-4.164354795601761339e+01
-4.456884981636434873e+01
-2.545651717610550335e+01
-3.046348466733471128e+01
-3.302682316187763689e+01
-3.804017681215518110e+01
-4.143203574622528151e+01
-4.342965787576922310e+01
2.670821329106975099e+02
-4.341449583322070112e+02
4.823328220546173952e+02
1.572652655828464390e+02
-2.747933642994163606e+01
1.286437052148415319e+02
-6.741426071380951157e+01
-1.186433543222895821e+02
-2.023380682674609687e+01
-2.338440433022721265e+01
-2.222371895901106953e+01
-1.974349255871002740e+01
-2.183404666482488210e+01
-2.229215266240613857e+01
-2.342281109473590561e+01
-2.528272839144470296e+01
-2.630169190624542708e+01
-3.454857687850595482e+01
-3.502364164116470846e+01
-3.608727542546655087e+01
-3.748555119782916023e+01
-3.969983858790886444e+01
-4.341309653822856518e+01
3.077792437038943163e+01
1.270250741177107159e+02
-2.609790106746069114e+02
5.524332757893922263e+01
2.021985837347160597e+01
7.790481715840757992e+00
4.571365455601764438e+00
6.500935283335860682e+00
-8.445150102501756351e+00
-2.136658236646655595e+01
-1.368116928341031269e+00
4.129787248793781629e+01
-3.520271514711793657e+02
5.832389166443758910e+01
5.229616131144773306e+00
-1.357648623673762955e+01
-2.079576649206778427e+01
-2.470755363275922889e+01
-2.729689347955248024e+01
-2.912684585570733731e+01
-2.887411901804898662e+01
-3.490632772161734465e+01
-3.486769071934885744e+01
-3.518533399020498109e+01
-3.559854973241424858e+01
-3.608489557686917237e+01
-3.690937155629714539e+01
-3.857339220143186509e+01
-4.206969254347789189e+01
-3.156891895794788638e+01
-7.144461870569004946e-02
-4.925824972864505469e+01
-1.277093137013841044e+02
3.145210176868147300e+02
-4.479904773833693525e+02
2.287087609834873660e+02
-4.794787160395393499e+01
-2.816806118236596035e+02
8.363884114559792238e+01
-1.003593287830689995e+01
1.719072914084902148e+00
-1.779134951845921009e+01
-1.689380503945610812e+01
-2.153823431498192775e+01
-2.272713273514676757e+01
-2.442039066684723991e+01
-2.540784457059475798e+01
-2.649923341546699262e+01
-2.769344348262009348e+01
-2.775569383210153163e+01
-3.488116333923231593e+01
-3.530808565937979893e+01
-3.624199775545889679e+01
-3.721862998401056188e+01
-3.830506159645082676e+01
-3.969114364373137249e+01
-4.164354795601771286e+01
-4.456884981636428478e+01
