-1.059170489321262565e+00
-1.144560961664639498e+00
-1.234621129626881642e+00
-1.335185006181401679e+00
-1.441408803338922517e+00
-1.549715351686300036e+00
-1.658196966000682782e+00
-1.766975755806006187e+00
-1.839927298204199868e+00
-1.903078072754163408e+00
-1.966866600191774506e+00
-2.031415672799868233e+00
-2.096721339978853571e+00
-2.162717586915777090e+00
-2.229641699286341705e+00
-2.281962222020273323e+00
-2.327067857737732837e+00
-2.370344944047471536e+00
-2.411095247203727254e+00
-2.448661625462194458e+00
-2.482587581592382797e+00
-2.512676617401623957e+00
-2.539042323996541839e+00
-2.558098817393281266e+00
-2.573379693263405876e+00
-2.586044539881169335e+00
-2.596531049055892382e+00
-2.605149835148043103e+00
-2.611913010024039750e+00
-2.615859543497566442e+00
-2.616216297760276532e+00
-2.611232257034956206e+00
-2.595644688739794148e+00
-2.566243349095106652e+00
-2.515745239752412488e+00
-2.431396213558858932e+00
-2.295575778983973692e+00
-2.081023681143864934e+00
-1.749843471728016908e+00
-1.245866066853636767e+00
-5.093457133351400046e-01
6.117869393760493324e-01
6.076254657304883011e+00
2.403801528985808744e+01
5.640725255601034149e+01
-3.866976306791024740e+02
4.949773016733713860e+01
1.542555805949873360e+01
-5.448527723761209529e-01
-1.059170489321265229e+00
-1.144560961664643717e+00
-1.234621129626879199e+00
-1.335185006181403011e+00
-1.441408803338922073e+00
-1.549715351686300036e+00
-1.658196966000681005e+00
-1.766975755805996862e+00
-1.839927298204199868e+00
-1.903078072754158079e+00
-1.966866600191765180e+00
-2.031415672799855798e+00
-2.096721339978846466e+00
-2.162717586915768209e+00
-2.229641699286336376e+00
-2.281962222020264441e+00
-2.327067857737717738e+00
-2.370344944047459101e+00
-2.411095247203724590e+00
-2.448661625462189129e+00
-2.482587581592381021e+00
-2.512676617401625734e+00
-2.539042323996545392e+00
-2.558098817393283042e+00
-2.573379693263400547e+00
-2.586044539881166671e+00
-2.596531049055892382e+00
-2.605149835148051096e+00
-2.611913010024034421e+00
-2.615859543497567330e+00
-2.616216297760299625e+00
-2.611232257034977522e+00
-2.595644688739810135e+00
-2.566243349095145732e+00
-2.515745239752471107e+00
-2.431396213558926434e+00
-2.295575778984064286e+00
-2.081023681143982174e+00
-1.749843471728123490e+00
-1.245866066853784204e+00
-5.093457133353211930e-01
6.117869393758343932e-01
6.076254657303611140e+00
2.403801528985587765e+01
5.640725255601044807e+01
-3.866976306791090110e+02
4.949773016733711017e+01
1.542555805949889702e+01
-5.448527723761085184e-01
-1.059170489321260122e+00
-1.144560961664640164e+00
-1.234621129626874758e+00
-1.335185006181400791e+00
-1.441408803338924738e+00
-1.549715351686301812e+00
-1.658196966000679673e+00
-1.766975755805999970e+00
-1.839927298204192763e+00
-1.903078072754152750e+00
-1.966866600191760739e+00
-2.031415672799853134e+00
-2.096721339978834919e+00
-2.162717586915754886e+00
-2.229641699286324386e+00
-2.281962222020253783e+00
-2.327067857737703527e+00
-2.370344944047439562e+00
-2.411095247203713932e+00
-2.448661625462172253e+00
-2.482587581592356152e+00
-2.512676617401603529e+00
-2.539042323996527628e+00
-2.558098817393274160e+00
-2.573379693263381895e+00
-2.586044539881146243e+00
-2.596531049055875506e+00
-2.605149835147996917e+00
-2.611913010023990900e+00
-2.615859543497524697e+00
-2.616216297760248111e+00
-2.611232257034917126e+00
-2.595644688739760397e+00
-2.566243349095065795e+00
-2.515745239752389395e+00
-2.431396213558842945e+00
-2.295575778983952375e+00
-2.081023681143838289e+00
-1.749843471727974276e+00
-1.245866066853597687e+00
-5.093457133350458577e-01
6.117869393762234154e-01
6.076254657305955931e+00
2.403801528986011959e+01
5.640725255601130783e+01
-3.866976306790892295e+02
4.949773016733650621e+01
1.542555805949766778e+01
-5.448527723761884545e-01
-3.441382178554486160e+01
-3.417922859674380476e+01
-3.443566171339695359e+01
-3.485046553800190594e+01
-3.523665272094018519e+01
-3.558229924092185570e+01
-3.573706336059802169e+01
-3.579579047393458779e+01
-3.536652284844083738e+01
-3.546876615189535897e+01
-3.558591163894755027e+01
-3.574882682248606613e+01
-3.594167200227536796e+01
-3.616163073558262653e+01
-3.641030113263764179e+01
-3.669512953186058724e+01
-3.702504186633899508e+01
-3.756438957842443926e+01
-3.827327039141754028e+01
-3.840373802178534390e+01
-3.852694356135974374e+01
-3.865577247504094061e+01
-3.877168531812105812e+01
-3.887596531353549523e+01
-3.902515261258736956e+01
-3.930227772727030811e+01
-3.983175659796334855e+01
-4.087100428424660237e+01
-4.302206990845625967e+01
-2.944118589929071206e+01
-3.108089624745542068e+01
-3.215917299620212333e+01
-3.279069337231641867e+01
-3.309108304563206104e+01
-3.333118498461071511e+01
-3.356831115993076509e+01
-3.374805632325625027e+01
-3.385397846781773978e+01
-3.390266702224624851e+01
-3.381695627335714960e+01
-3.362060079965250026e+01
-3.351277328400303190e+01
-3.305597707448880129e+01
-3.288243553396962682e+01
-3.274656202961491402e+01
-3.265651942602470825e+01
-3.265682694371206907e+01
-3.262793723493883391e+01
-3.281996105943823494e+01
-3.307924244101929645e+01
-3.308356617855795179e+01
-3.308543071756935916e+01
-3.314526877162882812e+01
-3.325728709435315267e+01
-3.347597444845752790e+01
-3.397169164064249713e+01
-3.514123924495705609e+01
-3.808650721814019136e+01
-3.798146719668347515e+01
-3.744641713265924921e+01
-3.773125970331776102e+01
-3.820517915050517388e+01
-3.865203795353038174e+01
-3.905170239063566839e+01
-3.938629308499966442e+01
-3.953783277409866059e+01
-3.957154877806140547e+01
-3.973992034087213199e+01
-3.975470658494626974e+01
-3.987616795878845721e+01
-4.008258332413018366e+01
-4.021096234277059978e+01
-4.042478237140058894e+01
-4.099557536069355024e+01
-4.122914940105611947e+01
-4.133292841692758657e+01
-4.140018658679937857e+01
-4.145828153005950156e+01
-4.149450905132727740e+01
-4.148945696165119301e+01
-4.146275154796066431e+01
-4.145424493951303191e+01
-4.150450226943806342e+01
-4.167137385731128063e+01
-4.205398953138909235e+01
-4.287694689869233144e+01
-4.456946884638649209e+01
-3.441382178554458449e+01
-3.417922859674352765e+01
-3.443566171339682569e+01
-3.485046553800177094e+01
-3.523665272093982992e+01
-3.558229924092178464e+01
-3.573706336059784405e+01
-3.579579047393466595e+01
-3.536652284844124949e+01
-3.546876615189488291e+01
-3.558591163894782028e+01
-3.574882682248599508e+01
-3.594167200227527559e+01
-3.616163073558229968e+01
-3.641030113263763468e+01
-3.669512953186028881e+01
-3.702504186633915850e+01
-3.756438957842485848e+01
-3.827327039141760423e+01
-3.840373802178529417e+01
-3.852694356135970821e+01
-3.865577247504119640e+01
-3.877168531812110075e+01
-3.887596531353561602e+01
-3.902515261258748325e+01
-3.930227772727051416e+01
-3.983175659796381751e+01
-4.087100428424732002e+01
-4.302206990845719758e+01
-2.944118589929090746e+01
-3.108089624745565160e+01
-3.215917299620239334e+01
-3.279069337231661763e+01
-3.309108304563224578e+01
-3.333118498461085721e+01
-3.356831115993082193e+01
-3.374805632325625027e+01
-3.385397846781775399e+01
-3.390266702224639062e+01
-3.381695627335732013e+01
-3.362060079965260684e+01
-3.351277328400314559e+01
-3.305597707448924893e+01
-3.288243553396955576e+01
-3.274656202961493534e+01
-3.265651942602483615e+01
-3.265682694371219696e+01
-3.262793723493885523e+01
-3.281996105943813546e+01
-3.307924244101936750e+01
-3.308356617855798021e+01
-3.308543071756944443e+01
-3.314526877162895602e+01
-3.325728709435306740e+01
-3.347597444845747816e+01
-3.397169164064246871e+01
-3.514123924495682161e+01
-3.808650721814008477e+01
-3.798146719668311277e+01
-3.744641713265902183e+01
-3.773125970331759760e+01
-3.820517915050498203e+01
-3.865203795353025384e+01
-3.905170239063555471e+01
-3.938629308499946546e+01
-3.953783277409852559e+01
-3.957154877806128468e+01
-3.973992034087201120e+01
-3.975470658494610632e+01
-3.987616795878807352e+01
-4.008258332412989944e+01
-4.021096234277068504e+01
-4.042478237140019814e+01
-4.099557536069362129e+01
-4.122914940105590631e+01
-4.133292841692756525e+01
-4.140018658679945673e+01
-4.145828153005955130e+01
-4.149450905132734135e+01
-4.148945696165115748e+01
-4.146275154796066431e+01
-4.145424493951303191e+01
-4.150450226943809184e+01
-4.167137385731139432e+01
-4.205398953138926288e+01
-4.287694689869250197e+01
-4.456946884638672657e+01
-3.441382178554464844e+01
-3.417922859674376923e+01
-3.443566171339696780e+01
-3.485046553800198410e+01
-3.523665272093999334e+01
-3.558229924092182728e+01
-3.573706336059789379e+01
-3.579579047393476543e+01
-3.536652284844118554e+01
-3.546876615189493265e+01
-3.558591163894801213e+01
-3.574882682248608035e+01
-3.594167200227534664e+01
-3.616163073558243468e+01
-3.641030113263764179e+01
-3.669512953186062276e+01
-3.702504186633913008e+01
-3.756438957842448900e+01
-3.827327039141762555e+01
-3.840373802178521601e+01
-3.852694356135964426e+01
-3.865577247504094771e+01
-3.877168531812108654e+01
-3.887596531353556628e+01
-3.902515261258744061e+01
-3.930227772727031521e+01
-3.983175659796361145e+01
-4.087100428424681553e+01
-4.302206990845662915e+01
-2.944118589929067298e+01
-3.108089624745550950e+01
-3.215917299620213043e+01
-3.279069337231643999e+01
-3.309108304563194736e+01
-3.333118498461055879e+01
-3.356831115993064429e+01
-3.374805632325615790e+01
-3.385397846781769005e+01
-3.390266702224622719e+01
-3.381695627335721355e+01
-3.362060079965250736e+01
-3.351277328400287558e+01
-3.305597707448915656e+01
-3.288243553396925023e+01
-3.274656202961506324e+01
-3.265651942602460878e+01
-3.265682694371221828e+01
-3.262793723493866338e+01
-3.281996105943812125e+01
-3.307924244101927513e+01
-3.308356617855793758e+01
-3.308543071756936627e+01
-3.314526877162884233e+01
-3.325728709435320241e+01
-3.347597444845749237e+01
-3.397169164064244029e+01
-3.514123924495698503e+01
-3.808650721814054663e+01
-3.798146719668335436e+01
-3.744641713265927763e+01
-3.773125970331771839e+01
-3.820517915050506019e+01
-3.865203795353024674e+01
-3.905170239063566129e+01
-3.938629308499954362e+01
-3.953783277409857533e+01
-3.957154877806134863e+01
-3.973992034087211778e+01
-3.975470658494607079e+01
-3.987616795878850695e+01
-4.008258332412994207e+01
-4.021096234277091241e+01
-4.042478237140016972e+01
-4.099557536069365682e+01
-4.122914940105605552e+01
-4.133292841692761499e+01
-4.140018658679945673e+01
-4.145828153005959393e+01
-4.149450905132727030e+01
-4.148945696165120012e+01
-4.146275154796066431e+01
-4.145424493951308165e+01
-4.150450226943812027e+01
-4.167137385731140142e+01
-4.205398953138926998e+01
-4.287694689869255171e+01
-4.456946884638664130e+01
