-8.823300419434410014e-01
-9.270360297124264903e-01
-9.951623483521362390e-01
-1.080165155986982928e+00
-1.174290722159256006e+00
-1.271460398887613863e+00
-1.371805909114991229e+00
-1.475036728043396472e+00
-1.568975404614022295e+00
-1.623068239394268808e+00
-1.679189306304371243e+00
-1.735859388498796285e+00
-1.792967215022190697e+00
-1.850764845306727580e+00
-1.909399396668163718e+00
-1.969581763784898243e+00
-2.010052558862164496e+00
-2.050170329177775308e+00
-2.090068439905126141e+00
-2.129399519196704560e+00
-2.167962555751485887e+00
-2.205621854345707789e+00
-2.242283558525326015e+00
-2.277917271481375572e+00
-2.308833603381435395e+00
-2.337452515295561639e+00
-2.363977102278262521e+00
-2.387965560440804325e+00
-2.408941164702643967e+00
-2.426569216442087118e+00
-2.440846993666689002e+00
-2.451949185606117965e+00
-2.460402779749065516e+00
-2.466478493469779210e+00
-2.469991270609718015e+00
-2.473862009837866083e+00
-2.478997395705420104e+00
-2.485678876815928362e+00
-2.492742537717898443e+00
-2.496538866479793839e+00
-2.490043021110377452e+00
-2.462445284526980416e+00
-2.396736075012469769e+00
-2.240506424111023520e+00
-1.253798297381887750e+00
2.703190970479170119e-01
1.070525267091060329e+00
-3.212887932575323902e+00
-4.251266655985943999e+00
-8.823300419434429998e-01
-9.270360297124300430e-01
-9.951623483521394586e-01
-1.080165155986986703e+00
-1.174290722159256894e+00
-1.271460398887618970e+00
-1.371805909114993671e+00
-1.475036728043400469e+00
-1.568975404614031177e+00
-1.623068239394278578e+00
-1.679189306304378793e+00
-1.735859388498801170e+00
-1.792967215022198246e+00
-1.850764845306727580e+00
-1.909399396668185034e+00
-1.969581763784903572e+00
-2.010052558862178707e+00
-2.050170329177789519e+00
-2.090068439905136799e+00
-2.129399519196729429e+00
-2.167962555751501874e+00
-2.205621854345721111e+00
-2.242283558525346443e+00
-2.277917271481407546e+00
-2.308833603381470922e+00
-2.337452515295580291e+00
-2.363977102278294495e+00
-2.387965560440815871e+00
-2.408941164702673277e+00
-2.426569216442104882e+00
-2.440846993666719200e+00
-2.451949185606149939e+00
-2.460402779749093938e+00
-2.466478493469824507e+00
-2.469991270609751766e+00
-2.473862009837910492e+00
-2.478997395705469842e+00
-2.485678876816004745e+00
-2.492742537717976603e+00
-2.496538866479864893e+00
-2.490043021110460941e+00
-2.462445284527081668e+00
-2.396736075012629641e+00
-2.240506424111240236e+00
-1.253798297382228810e+00
2.703190970465332299e-01
1.070525267086026133e+00
-3.212887932575766214e+00
-4.251266655986159826e+00
-8.823300419434407793e-01
-9.270360297124243809e-01
-9.951623483521336855e-01
-1.080165155986978931e+00
-1.174290722159254452e+00
-1.271460398887611642e+00
-1.371805909114989008e+00
-1.475036728043396028e+00
-1.568975404614019631e+00
-1.623068239394262591e+00
-1.679189306304375684e+00
-1.735859388498791844e+00
-1.792967215022183147e+00
-1.850764845306727580e+00
-1.909399396668165494e+00
-1.969581763784893802e+00
-2.010052558862159167e+00
-2.050170329177771755e+00
-2.090068439905121700e+00
-2.129399519196703672e+00
-2.167962555751497433e+00
-2.205621854345714006e+00
-2.242283558525329568e+00
-2.277917271481394224e+00
-2.308833603381452271e+00
-2.337452515295562527e+00
-2.363977102278274955e+00
-2.387965560440804325e+00
-2.408941164702657289e+00
-2.426569216442096888e+00
-2.440846993666705878e+00
-2.451949185606144610e+00
-2.460402779749096602e+00
-2.466478493469805855e+00
-2.469991270609765976e+00
-2.473862009837906939e+00
-2.478997395705471618e+00
-2.485678876815992311e+00
-2.492742537717990814e+00
-2.496538866479898644e+00
-2.490043021110487587e+00
-2.462445284527124301e+00
-2.396736075012658063e+00
-2.240506424111265105e+00
-1.253798297382337168e+00
2.703190970457711728e-01
1.070525267085182364e+00
-3.212887932575744010e+00
-4.251266655986126075e+00
-2.987451598930980623e+01
-3.089707564732992040e+01
-3.164332801786375526e+01
-3.213308520785552957e+01
-3.246864673329150719e+01
-3.274865495988483843e+01
-3.300959713522902206e+01
-3.325659159338800919e+01
-3.348533875363921197e+01
-3.369316876939144834e+01
-3.387796081576384921e+01
-3.404379765498070753e+01
-3.419193461771681086e+01
-3.432335331154558844e+01
-3.443890962366251074e+01
-3.453953829669150366e+01
-3.462433568637854364e+01
-3.469255270699733273e+01
-3.474775130358551678e+01
-3.479178212299709116e+01
-3.482791539696951588e+01
-3.486071158228387645e+01
-3.489405630291133065e+01
-3.492968800416218045e+01
-3.497423432556137612e+01
-3.503505416170357734e+01
-3.509702867345571775e+01
-3.521639551647155031e+01
-3.565647590693822622e+01
-2.817098293642523643e+01
-2.949239702146119058e+01
-3.033229550519255469e+01
-3.096473074922078084e+01
-3.136915049824770918e+01
-3.160592159118225197e+01
-3.178150769485598204e+01
-3.193406036416388361e+01
-3.207119733880801959e+01
-3.218914802150649734e+01
-3.228345257787381684e+01
-3.235352071723198719e+01
-3.239934351180470173e+01
-3.242663492690667937e+01
-3.243776966723899591e+01
-3.243420444876316822e+01
-3.241801991378175529e+01
-3.238539308938020156e+01
-3.234019650818988367e+01
-3.228080617643287553e+01
-3.221361617858102733e+01
-3.214352317172601659e+01
-3.207846874272089366e+01
-3.203060089151505707e+01
-3.201670899401387516e+01
-3.206204122760080821e+01
-3.222069918987663328e+01
-3.258056427169901781e+01
-3.342683887455576297e+01
-3.051066693991284140e+01
-3.153609132705702933e+01
-3.230639788017953862e+01
-3.284371187489499277e+01
-3.321551406870862166e+01
-3.352284213912690092e+01
-3.379722068211853525e+01
-3.405086346724348800e+01
-3.428091647171597600e+01
-3.448574857038018138e+01
-3.466618916529445471e+01
-3.482202806359122604e+01
-3.495524116613609777e+01
-3.506724301949311240e+01
-3.515915485480671521e+01
-3.523192932274667299e+01
-3.528678661596306654e+01
-3.532490667193196998e+01
-3.534861170902712502e+01
-3.535995292970827109e+01
-3.536257950487730284e+01
-3.535998433879824887e+01
-3.535400846523606333e+01
-3.534827374650806320e+01
-3.534617581771514239e+01
-3.534540652928642146e+01
-3.534053985185686031e+01
-3.538587060832461617e+01
-3.573793660016304585e+01
-2.987451598930960017e+01
-3.089707564732964329e+01
-3.164332801786368066e+01
-3.213308520785534483e+01
-3.246864673329137929e+01
-3.274865495988477448e+01
-3.300959713522890127e+01
-3.325659159338798077e+01
-3.348533875363918355e+01
-3.369316876939143413e+01
-3.387796081576384211e+01
-3.404379765498063648e+01
-3.419193461771681086e+01
-3.432335331154559555e+01
-3.443890962366259600e+01
-3.453953829669158893e+01
-3.462433568637865733e+01
-3.469255270699745353e+01
-3.474775130358560205e+01
-3.479178212299722617e+01
-3.482791539696960115e+01
-3.486071158228385514e+01
-3.489405630291146565e+01
-3.492968800416227992e+01
-3.497423432556148981e+01
-3.503505416170375497e+01
-3.509702867345578170e+01
-3.521639551647169242e+01
-3.565647590693848912e+01
-2.817098293642523288e+01
-2.949239702146141440e+01
-3.033229550519282469e+01
-3.096473074922116453e+01
-3.136915049824803958e+01
-3.160592159118257172e+01
-3.178150769485629823e+01
-3.193406036416425664e+01
-3.207119733880830381e+01
-3.218914802150673182e+01
-3.228345257787401579e+01
-3.235352071723214351e+01
-3.239934351180480121e+01
-3.242663492690689253e+01
-3.243776966723915223e+01
-3.243420444876328901e+01
-3.241801991378174819e+01
-3.238539308938027261e+01
-3.234019650818996894e+01
-3.228080617643292527e+01
-3.221361617858094206e+01
-3.214352317172598106e+01
-3.207846874272089366e+01
-3.203060089151496470e+01
-3.201670899401386094e+01
-3.206204122760066610e+01
-3.222069918987647696e+01
-3.258056427169884728e+01
-3.342683887455550718e+01
-3.051066693991270995e+01
-3.153609132705691920e+01
-3.230639788017948177e+01
-3.284371187489495725e+01
-3.321551406870862877e+01
-3.352284213912672328e+01
-3.379722068211840025e+01
-3.405086346724336011e+01
-3.428091647171576994e+01
-3.448574857037998243e+01
-3.466618916529434102e+01
-3.482202806359104841e+01
-3.495524116613592724e+01
-3.506724301949289924e+01
-3.515915485480658731e+01
-3.523192932274653799e+01
-3.528678661596295996e+01
-3.532490667193186340e+01
-3.534861170902700422e+01
-3.535995292970820003e+01
-3.536257950487727442e+01
-3.535998433879808545e+01
-3.535400846523597096e+01
-3.534827374650792819e+01
-3.534617581771507844e+01
-3.534540652928643567e+01
-3.534053985185690294e+01
-3.538587060832469433e+01
-3.573793660016299611e+01
-2.987451598930956109e+01
-3.089707564732952960e+01
-3.164332801786363802e+01
-3.213308520785533062e+01
-3.246864673329142903e+01
-3.274865495988471764e+01
-3.300959713522880179e+01
-3.325659159338788129e+01
-3.348533875363916934e+01
-3.369316876939151228e+01
-3.387796081576387763e+01
-3.404379765498063648e+01
-3.419193461771681797e+01
-3.432335331154550317e+01
-3.443890962366258179e+01
-3.453953829669152498e+01
-3.462433568637852943e+01
-3.469255270699746063e+01
-3.474775130358553810e+01
-3.479178212299719775e+01
-3.482791539696958694e+01
-3.486071158228386935e+01
-3.489405630291147986e+01
-3.492968800416230835e+01
-3.497423432556163903e+01
-3.503505416170374076e+01
-3.509702867345578170e+01
-3.521639551647170663e+01
-3.565647590693855307e+01
-2.817098293642532880e+01
-2.949239702146146413e+01
-3.033229550519284601e+01
-3.096473074922122848e+01
-3.136915049824807866e+01
-3.160592159118260369e+01
-3.178150769485630533e+01
-3.193406036416425664e+01
-3.207119733880831802e+01
-3.218914802150672472e+01
-3.228345257787405842e+01
-3.235352071723217193e+01
-3.239934351180487937e+01
-3.242663492690692806e+01
-3.243776966723915223e+01
-3.243420444876327480e+01
-3.241801991378171266e+01
-3.238539308938025130e+01
-3.234019650818991920e+01
-3.228080617643288264e+01
-3.221361617858097759e+01
-3.214352317172600237e+01
-3.207846874272089366e+01
-3.203060089151496470e+01
-3.201670899401383252e+01
-3.206204122760068032e+01
-3.222069918987649828e+01
-3.258056427169864122e+01
-3.342683887455564928e+01
-3.051066693991277035e+01
-3.153609132705692275e+01
-3.230639788017940361e+01
-3.284371187489492172e+01
-3.321551406870860035e+01
-3.352284213912675170e+01
-3.379722068211830077e+01
-3.405086346724328905e+01
-3.428091647171574863e+01
-3.448574857038002506e+01
-3.466618916529434102e+01
-3.482202806359109815e+01
-3.495524116613589172e+01
-3.506724301949290634e+01
-3.515915485480659441e+01
-3.523192932274655931e+01
-3.528678661596298127e+01
-3.532490667193188472e+01
-3.534861170902701843e+01
-3.535995292970822845e+01
-3.536257950487728863e+01
-3.535998433879812808e+01
-3.535400846523604201e+01
-3.534827374650800635e+01
-3.534617581771510686e+01
-3.534540652928652094e+01
-3.534053985185700242e+01
-3.538587060832471565e+01
-3.573793660016303875e+01
