1.101818345349989681e-01
-2.287758372991835376e+00
4.071555225468646455e+00
5.539942005644292067e+00
7.404383480575777554e+00
1.493028152316956358e+01
4.036550750234609097e+01
5.292625512316124059e+01
4.233777991580066669e+01
2.473954415255053618e+01
-1.182828744649864490e+02
-5.257600351288655816e+01
-2.363625504647917452e+01
-9.927988438137219873e+00
-4.613390426550640022e+00
3.459566321839577796e-01
3.628175948278524299e+00
5.858214373316703139e+00
1.187486407969151259e+01
8.445656001343781583e+00
8.345007074441369355e+00
1.468450549841729735e+00
-8.958164572134354131e+00
-1.011770327329738350e+01
2.211517174162906052e+00
-7.435827780319868019e+00
-1.437899912598444807e+01
-2.389416039325260854e+01
-7.848017591886270239e+00
-8.932929937046996116e-01
-5.154082864959050880e-01
7.895321722983334567e+00
1.995957524132183636e+00
-3.626390971279108921e+00
-2.116357924031762749e+01
-2.432710304077541252e+01
3.859267500030567621e-01
8.317733888892271388e-01
-1.233364054430924117e+00
5.487341641067988718e+00
4.273409037701769719e+00
3.639397683053567256e+00
3.076166584591827569e+00
2.622150513246532810e+00
2.243155352593228624e+00
1.898245498332729486e+00
1.533183182439501469e+00
1.042269607772148721e+00
-5.507157910112336907e-02
1.107502498013303027e-01
-2.288943029437454868e+00
4.072332708660321821e+00
5.540557431998527349e+00
7.405035207436858613e+00
1.493088804005197368e+01
4.036730457535050931e+01
5.292107178777507670e+01
4.233960313683728316e+01
2.474559967782077763e+01
-1.183084747616930059e+02
-5.257564489468751390e+01
-2.363746536482521066e+01
-9.926812980425344435e+00
-4.613963617789062610e+00
3.467015980324399393e-01
3.629024000312730536e+00
5.862423184349549565e+00
1.182452263322167418e+01
8.447812954781660721e+00
8.348105631185436692e+00
1.470680767284380686e+00
-8.956837907248839770e+00
-1.011749841300262887e+01
2.211311020718535580e+00
-7.434718871900066084e+00
-1.437876545500710357e+01
-2.389545271657662795e+01
-7.845565329261356524e+00
-8.933176669948945658e-01
-5.154351022087571010e-01
7.898333355435043224e+00
1.997291786606882447e+00
-3.625155516207782647e+00
-2.116295674147720263e+01
-2.433140758477694021e+01
3.867728042750320228e-01
8.314735199859102366e-01
-1.234125879772775214e+00
5.488188690507887380e+00
4.274138496008786703e+00
3.640093186154430782e+00
3.076816808821781102e+00
2.622780682763797611e+00
2.243775803606390618e+00
1.898881822595862801e+00
1.533857961736740272e+00
1.043017684096522846e+00
-5.407293882059271972e-02
1.047867566928371019e-01
-2.293830730998548173e+00
4.060160331741307971e+00
5.529650052737339117e+00
7.394594115528054346e+00
1.492338389625646400e+01
4.040874695742348166e+01
5.286889711415234672e+01
4.233229510985455590e+01
2.474469997087929585e+01
-1.186651341312866919e+02
-5.259885836598535747e+01
-2.367695855885000356e+01
-9.930915427877179624e+00
-4.642739325810425477e+00
3.295062231607819303e-01
3.610521241201252618e+00
5.902074919222243032e+00
1.093298902818993845e+01
8.456732664538392896e+00
8.362605174569679889e+00
1.455884462914206257e+00
-8.983720444830623819e+00
-1.016950309615180181e+01
2.161743695598297599e+00
-7.467100855157567274e+00
-1.444224552684474538e+01
-2.395254091654522455e+01
-7.858229441460709452e+00
-9.573629458924575175e-01
-5.732726884992302985e-01
7.910277846414112801e+00
1.963026877665746461e+00
-3.663540597359513651e+00
-2.122063119657039465e+01
-2.449017092695271458e+01
3.308292393999627823e-01
7.539023336918193596e-01
-1.326902437488978403e+00
5.440364603828209411e+00
4.220832989655194822e+00
3.584713663543101170e+00
3.019338548758332408e+00
2.563219870782256660e+00
2.182688280054329244e+00
1.836346067558178863e+00
1.470259966835490317e+00
9.806752374416949358e-01
-1.093457097891024077e-01
1.208426319758063583e-01
-2.278771064272861580e+00
4.095041344157349883e+00
5.562545714840151589e+00
7.429542958562874944e+00
1.496224847967052085e+01
4.037357384398475801e+01
5.302850578969032824e+01
4.236048215780411397e+01
2.470551893278520694e+01
-1.180723641137442712e+02
-5.257259801660906362e+01
-2.358860337516568961e+01
-9.914110824471029204e+00
-4.577922487505871274e+00
3.720355251305926814e-01
3.656625415592602124e+00
5.827059105564243779e+00
1.277726020449159527e+01
8.446956671064963729e+00
8.341806979696421820e+00
1.487149024567367306e+00
-8.933909059068025016e+00
-1.006820162507792027e+01
2.270081442814515960e+00
-7.403750260028886920e+00
-1.432492917314891478e+01
-2.385973734021730763e+01
-7.833970350637426527e+00
-8.229823610157964708e-01
-4.505874143960122424e-01
7.899119679124211757e+00
2.040801433391084885e+00
-3.583709751215534034e+00
-2.112647826715587129e+01
-2.420169426655355949e+01
4.542117731405177494e-01
9.208283143183653152e-01
-1.133026219921760003e+00
5.552198161013109257e+00
4.342818747058286633e+00
3.710558000230366638e+00
3.149092617752187184e+00
2.697086380677898187e+00
2.319612355711076379e+00
1.976271440242231225e+00
1.612398736748247075e+00
1.119860506753519225e+00
1.368326707171552137e-02
1.107502498013119840e-01
-2.288943029437470855e+00
4.072332708660294287e+00
5.540557431998495375e+00
7.405035207436810651e+00
1.493088804005195236e+01
4.036730457535045247e+01
5.292107178777500565e+01
4.233960313683733290e+01
2.474559967782090553e+01
-1.183084747616926080e+02
-5.257564489468752100e+01
-2.363746536482532079e+01
-9.926812980425440358e+00
-4.613963617789080374e+00
3.467015980324288371e-01
3.629024000312703446e+00
5.862423184349612626e+00
1.182452263322147346e+01
8.447812954781678485e+00
8.348105631185458009e+00
1.470680767284377133e+00
-8.956837907248837993e+00
-1.011749841300259156e+01
2.211311020718579989e+00
-7.434718871900099835e+00
-1.437876545500711245e+01
-2.389545271657665992e+01
-7.845565329261360077e+00
-8.933176669948910131e-01
-5.154351022087508838e-01
7.898333355434919767e+00
1.997291786606870012e+00
-3.625155516207786643e+00
-2.116295674147722394e+01
-2.433140758477689758e+01
3.867728042750377959e-01
8.314735199859286663e-01
-1.234125879772770329e+00
5.488188690507913137e+00
4.274138496008790256e+00
3.640093186154433891e+00
3.076816808821779770e+00
2.622780682763807825e+00
2.243775803606401276e+00
1.898881822595858360e+00
1.533857961736746489e+00
1.043017684096527731e+00
-5.407293882059338586e-02
1.101818345349961925e-01
-2.287758372991823386e+00
4.071555225468637573e+00
5.539942005644263645e+00
7.404383480575823739e+00
1.493028152316952628e+01
4.036550750234596308e+01
5.292625512316111269e+01
4.233777991580068800e+01
2.473954415255071027e+01
-1.182828744649862074e+02
-5.257600351288662921e+01
-2.363625504647928821e+01
-9.927988438137271388e+00
-4.613390426550653345e+00
3.459566321839124825e-01
3.628175948278476781e+00
5.858214373316741330e+00
1.187486407969228708e+01
8.445656001343685659e+00
8.345007074441301853e+00
1.468450549841688435e+00
-8.958164572134373671e+00
-1.011770327329742081e+01
2.211517174162857202e+00
-7.435827780319859137e+00
-1.437899912598445695e+01
-2.389416039325261920e+01
-7.848017591886286226e+00
-8.932929937046996116e-01
-5.154082864959246280e-01
7.895321722983458912e+00
1.995957524132202288e+00
-3.626390971279109809e+00
-2.116357924031764526e+01
-2.432710304077546226e+01
3.859267500030556519e-01
8.317733888892249183e-01
-1.233364054430921897e+00
5.487341641067986941e+00
4.273409037701767943e+00
3.639397683053556598e+00
3.076166584591814690e+00
2.622150513246520376e+00
2.243155352593228624e+00
1.898245498332731707e+00
1.533183182439509462e+00
1.042269607772154938e+00
-5.507157910113136268e-02
1.208426319757918144e-01
-2.278771064272878899e+00
4.095041344157360541e+00
5.562545714840167577e+00
7.429542958562899813e+00
1.496224847967054927e+01
4.037357384398477222e+01
5.302850578969035666e+01
4.236048215780416371e+01
2.470551893278526023e+01
-1.180723641137445696e+02
-5.257259801660901388e+01
-2.358860337516561856e+01
-9.914110824470897754e+00
-4.577922487505906801e+00
3.720355251306222133e-01
3.656625415592654971e+00
5.827059105564396546e+00
1.277726020448910838e+01
8.446956671065137812e+00
8.341806979696620772e+00
1.487149024567417932e+00
-8.933909059068014358e+00
-1.006820162507790073e+01
2.270081442814535944e+00
-7.403750260028960639e+00
-1.432492917314894321e+01
-2.385973734021730053e+01
-7.833970350637418534e+00
-8.229823610157840363e-01
-4.505874143960113543e-01
7.899119679124178894e+00
2.040801433391089770e+00
-3.583709751215516270e+00
-2.112647826715587840e+01
-2.420169426655352396e+01
4.542117731405275194e-01
9.208283143183693120e-01
-1.133026219921794198e+00
5.552198161013109257e+00
4.342818747058281303e+00
3.710558000230359088e+00
3.149092617752185852e+00
2.697086380677893303e+00
2.319612355711077711e+00
1.976271440242229893e+00
1.612398736748244410e+00
1.119860506753510787e+00
1.368326707171041434e-02
1.047867566928599725e-01
-2.293830730998545508e+00
4.060160331741348827e+00
5.529650052737340005e+00
7.394594115528068556e+00
1.492338389625646755e+01
4.040874695742348166e+01
5.286889711415241067e+01
4.233229510985458433e+01
2.474469997087909690e+01
-1.186651341312867487e+02
-5.259885836598541431e+01
-2.367695855884997158e+01
-9.930915427877225810e+00
-4.642739325810380180e+00
3.295062231607555070e-01
3.610521241201277931e+00
5.902074919221977467e+00
1.093298902819189955e+01
8.456732664538357369e+00
8.362605174569610611e+00
1.455884462914204036e+00
-8.983720444830623819e+00
-1.016950309615178938e+01
2.161743695598305592e+00
-7.467100855157460693e+00
-1.444224552684472940e+01
-2.395254091654522810e+01
-7.858229441460684583e+00
-9.573629458924588498e-01
-5.732726884992702665e-01
7.910277846414121683e+00
1.963026877665732250e+00
-3.663540597359520312e+00
-2.122063119657037333e+01
-2.449017092695275721e+01
3.308292393999661130e-01
7.539023336918235785e-01
-1.326902437488957531e+00
5.440364603828205858e+00
4.220832989655189493e+00
3.584713663543108275e+00
3.019338548758338625e+00
2.563219870782252663e+00
2.182688280054330132e+00
1.836346067558189521e+00
1.470259966835505416e+00
9.806752374416967122e-01
-1.093457097891001872e-01
