-7.189233741839586855e-01
-8.135994011325359265e-01
-9.068497638940347105e-01
-1.002991973950346782e+00
-1.105140444888335294e+00
-1.234038958601867408e+00
-1.358907821257397286e+00
-1.481644711186602237e+00
-1.607332921306952933e+00
-1.736271154247060355e+00
-1.873907487673958983e+00
-1.948360828156212143e+00
-2.015250307842598509e+00
-2.085459205275804528e+00
-2.157412002701778242e+00
-2.230560624577385909e+00
-2.305295709084787426e+00
-2.371472882831872298e+00
-2.418228490801874742e+00
-2.465068050889767548e+00
-2.510867827064837243e+00
-2.555072992806487697e+00
-2.597410205874933098e+00
-2.637863281233260970e+00
-2.673643564137176298e+00
-2.703281527482971569e+00
-2.730546296844525322e+00
-2.755313404614549100e+00
-2.777539009959131278e+00
-2.797444380323948820e+00
-2.815366540012815832e+00
-2.831660132001619701e+00
-2.843000340104699930e+00
-2.851954126813463830e+00
-2.858501770087697125e+00
-2.861818476840507941e+00
-2.860956086951889077e+00
-2.855143846354838644e+00
-2.844336013381550288e+00
-2.829954223203440478e+00
-2.815229156890039164e+00
-2.806526915843910785e+00
-2.815908655327980625e+00
-2.865298235239951197e+00
-3.005380641373539774e+00
-3.278048025466263837e+00
-3.618770224097485055e+00
-4.158828787974133689e+00
-5.339424551331813262e+00
-7.189233741839572422e-01
-8.135994011325360376e-01
-9.068497638940309358e-01
-1.002991973950344562e+00
-1.105140444888335516e+00
-1.234038958601864966e+00
-1.358907821257395954e+00
-1.481644711186599128e+00
-1.607332921306945606e+00
-1.736271154247061466e+00
-1.873907487673958983e+00
-1.948360828156213920e+00
-2.015250307842595845e+00
-2.085459205275809413e+00
-2.157412002701782239e+00
-2.230560624577385020e+00
-2.305295709084790978e+00
-2.371472882831862528e+00
-2.418228490801873853e+00
-2.465068050889769324e+00
-2.510867827064843461e+00
-2.555072992806490362e+00
-2.597410205874942868e+00
-2.637863281233254753e+00
-2.673643564137171857e+00
-2.703281527482977786e+00
-2.730546296844523546e+00
-2.755313404614550876e+00
-2.777539009959127725e+00
-2.797444380323954150e+00
-2.815366540012808727e+00
-2.831660132001626806e+00
-2.843000340104699930e+00
-2.851954126813470936e+00
-2.858501770087682914e+00
-2.861818476840511494e+00
-2.860956086951883748e+00
-2.855143846354863513e+00
-2.844336013381568051e+00
-2.829954223203436925e+00
-2.815229156890044493e+00
-2.806526915843916115e+00
-2.815908655327984178e+00
-2.865298235239942315e+00
-3.005380641373546879e+00
-3.278048025466256732e+00
-3.618770224097485055e+00
-4.158828787974137242e+00
-5.339424551331815039e+00
-7.189233741839571312e-01
-8.135994011325334840e-01
-9.068497638940321570e-01
-1.002991973950345228e+00
-1.105140444888336848e+00
-1.234038958601863634e+00
-1.358907821257397730e+00
-1.481644711186594465e+00
-1.607332921306948714e+00
-1.736271154247062576e+00
-1.873907487673963423e+00
-1.948360828156214808e+00
-2.015250307842597621e+00
-2.085459205275810746e+00
-2.157412002701785791e+00
-2.230560624577390350e+00
-2.305295709084799860e+00
-2.371472882831869633e+00
-2.418228490801880959e+00
-2.465068050889776430e+00
-2.510867827064832802e+00
-2.555072992806485921e+00
-2.597410205874929545e+00
-2.637863281233256529e+00
-2.673643564137173634e+00
-2.703281527482978674e+00
-2.730546296844524434e+00
-2.755313404614557982e+00
-2.777539009959121508e+00
-2.797444380323960367e+00
-2.815366540012795404e+00
-2.831660132001642793e+00
-2.843000340104705259e+00
-2.851954126813476265e+00
-2.858501770087697125e+00
-2.861818476840500836e+00
-2.860956086951878419e+00
-2.855143846354856407e+00
-2.844336013381562722e+00
-2.829954223203436925e+00
-2.815229156890039164e+00
-2.806526915843921444e+00
-2.815908655327980625e+00
-2.865298235239949420e+00
-3.005380641373545103e+00
-3.278048025466256732e+00
-3.618770224097483279e+00
-4.158828787974146124e+00
-5.339424551331818591e+00
-3.530709074398824754e+01
-3.785348026282062506e+01
-3.942538467162597016e+01
-4.050771139319684977e+01
-4.130930047288054396e+01
-4.195837650141019992e+01
-4.251384485993501983e+01
-4.298971030645593316e+01
-4.338696045963453685e+01
-4.371179892562918212e+01
-4.397036337192436406e+01
-4.417297114857794327e+01
-4.432618275529697627e+01
-4.443239522467169422e+01
-4.449736112015735046e+01
-4.452349105698574050e+01
-4.450987650539377682e+01
-4.445938080391229619e+01
-4.437297055135757518e+01
-4.424623331895967482e+01
-4.408171263375645310e+01
-4.387817100338012466e+01
-4.363633475564439834e+01
-4.335474067068618353e+01
-4.304078915860129939e+01
-4.267082881496014579e+01
-4.221087723812416215e+01
-4.158957440271026940e+01
-4.061813336777861849e+01
-3.494678078366140994e+01
-3.728932350992165112e+01
-3.868173138779486209e+01
-3.962327293755856061e+01
-4.034857105130747357e+01
-4.096665935484227106e+01
-4.148268923770738326e+01
-4.189989052511629808e+01
-4.223017260395255335e+01
-4.248830520475051742e+01
-4.267709712413606837e+01
-4.282274571967406018e+01
-4.291966092815567180e+01
-4.298620596238636438e+01
-4.302322307408447699e+01
-4.303221894644921264e+01
-4.301523613608058128e+01
-4.296609110225365669e+01
-4.288239399746478853e+01
-4.276877322424316930e+01
-4.261216840694986985e+01
-4.241809982414798696e+01
-4.218400585615079024e+01
-4.190685795214626097e+01
-4.158767874439296008e+01
-4.122663730556004680e+01
-4.081823360775725718e+01
-4.033527395158490236e+01
-3.969319849842953829e+01
-3.262478038884464127e+01
-3.550579894745986564e+01
-3.721285677802221414e+01
-3.838329298953019020e+01
-3.918399842376935283e+01
-3.976208216723863842e+01
-4.023198705490003846e+01
-4.064516292049938073e+01
-4.098687756866551979e+01
-4.125286754010616619e+01
-4.145163186537068611e+01
-4.158356600185988583e+01
-4.166623631198677202e+01
-4.169935823772843264e+01
-4.169734375938921289e+01
-4.166151720166993044e+01
-4.159341285245074005e+01
-4.149456417179725065e+01
-4.136657891483639560e+01
-4.121098505995296080e+01
-4.101341316135664528e+01
-4.078773916640766828e+01
-4.051924735218189255e+01
-4.021653811153568370e+01
-3.987470847282327924e+01
-3.949392468393084954e+01
-3.907784316978600003e+01
-3.862547820002966859e+01
-3.812964219923310338e+01
-3.530709074398875913e+01
-3.785348026282063216e+01
-3.942538467162591331e+01
-4.050771139319687819e+01
-4.130930047288052265e+01
-4.195837650141015018e+01
-4.251384485993487772e+01
-4.298971030645578395e+01
-4.338696045963443737e+01
-4.371179892562911107e+01
-4.397036337192421485e+01
-4.417297114857785800e+01
-4.432618275529695495e+01
-4.443239522467163738e+01
-4.449736112015736467e+01
-4.452349105698576892e+01
-4.450987650539386919e+01
-4.445938080391239566e+01
-4.437297055135768886e+01
-4.424623331895967482e+01
-4.408171263375651705e+01
-4.387817100338015308e+01
-4.363633475564442676e+01
-4.335474067068624748e+01
-4.304078915860145571e+01
-4.267082881496038027e+01
-4.221087723812438952e+01
-4.158957440271045414e+01
-4.061813336777873928e+01
-3.494678078366136731e+01
-3.728932350992160849e+01
-3.868173138779485498e+01
-3.962327293755846114e+01
-4.034857105130738830e+01
-4.096665935484216448e+01
-4.148268923770730510e+01
-4.189989052511617018e+01
-4.223017260395253203e+01
-4.248830520475056005e+01
-4.267709712413608969e+01
-4.282274571967411703e+01
-4.291966092815570732e+01
-4.298620596238640701e+01
-4.302322307408450541e+01
-4.303221894644921264e+01
-4.301523613608058128e+01
-4.296609110225368511e+01
-4.288239399746489511e+01
-4.276877322424326167e+01
-4.261216840694997643e+01
-4.241809982414809355e+01
-4.218400585615088971e+01
-4.190685795214631781e+01
-4.158767874439301693e+01
-4.122663730556013206e+01
-4.081823360775725718e+01
-4.033527395158498763e+01
-3.969319849842958092e+01
-3.262478038884459153e+01
-3.550579894745992249e+01
-3.721285677802238467e+01
-3.838329298953035362e+01
-3.918399842376953757e+01
-3.976208216723887290e+01
-4.023198705490019478e+01
-4.064516292049950863e+01
-4.098687756866561216e+01
-4.125286754010622303e+01
-4.145163186537078559e+01
-4.158356600185994267e+01
-4.166623631198685018e+01
-4.169935823772846817e+01
-4.169734375938918447e+01
-4.166151720166998018e+01
-4.159341285245074715e+01
-4.149456417179721512e+01
-4.136657891483642402e+01
-4.121098505995293948e+01
-4.101341316135658843e+01
-4.078773916640758301e+01
-4.051924735218177887e+01
-4.021653811153565528e+01
-3.987470847282317976e+01
-3.949392468393071454e+01
-3.907784316978590766e+01
-3.862547820002955490e+01
-3.812964219923307496e+01
-3.530709074398863834e+01
-3.785348026282059664e+01
-3.942538467162595595e+01
-4.050771139319692793e+01
-4.130930047288067186e+01
-4.195837650141029940e+01
-4.251384485993497719e+01
-4.298971030645587632e+01
-4.338696045963457948e+01
-4.371179892562918923e+01
-4.397036337192430011e+01
-4.417297114857792195e+01
-4.432618275529700469e+01
-4.443239522467169422e+01
-4.449736112015736467e+01
-4.452349105698577603e+01
-4.450987650539381235e+01
-4.445938080391237435e+01
-4.437297055135767465e+01
-4.424623331895963929e+01
-4.408171263375643889e+01
-4.387817100338008913e+01
-4.363633475564432729e+01
-4.335474067068611959e+01
-4.304078915860132781e+01
-4.267082881496020264e+01
-4.221087723812429005e+01
-4.158957440271039019e+01
-4.061813336777869665e+01
-3.494678078366136731e+01
-3.728932350992167244e+01
-3.868173138779494735e+01
-3.962327293755858904e+01
-4.034857105130741672e+01
-4.096665935484224264e+01
-4.148268923770734062e+01
-4.189989052511627676e+01
-4.223017260395252492e+01
-4.248830520475056005e+01
-4.267709712413615364e+01
-4.282274571967413124e+01
-4.291966092815573575e+01
-4.298620596238637859e+01
-4.302322307408451252e+01
-4.303221894644919132e+01
-4.301523613608058128e+01
-4.296609110225364958e+01
-4.288239399746484537e+01
-4.276877322424321903e+01
-4.261216840694997643e+01
-4.241809982414802960e+01
-4.218400585615083997e+01
-4.190685795214629650e+01
-4.158767874439295298e+01
-4.122663730556003259e+01
-4.081823360775717902e+01
-4.033527395158492368e+01
-3.969319849842956671e+01
-3.262478038884462705e+01
-3.550579894745982301e+01
-3.721285677802219283e+01
-3.838329298953020441e+01
-3.918399842376941677e+01
-3.976208216723867395e+01
-4.023198705490003846e+01
-4.064516292049938784e+01
-4.098687756866549137e+01
-4.125286754010616619e+01
-4.145163186537065059e+01
-4.158356600185992846e+01
-4.166623631198683597e+01
-4.169935823772844685e+01
-4.169734375938919868e+01
-4.166151720166996597e+01
-4.159341285245076847e+01
-4.149456417179724355e+01
-4.136657891483635296e+01
-4.121098505995296080e+01
-4.101341316135663817e+01
-4.078773916640763986e+01
-4.051924735218181439e+01
-4.021653811153558422e+01
-3.987470847282321529e+01
-3.949392468393073585e+01
-3.907784316978584371e+01
-3.862547820002949805e+01
-3.812964219923314602e+01
