-7.232053503860674804e-01
-8.203428858910923882e-01
-9.161682412162913680e-01
-1.015716084877730463e+00
-1.123671602712555284e+00
-1.253648525599269092e+00
-1.376880366389239052e+00
-1.502030638402145346e+00
-1.629077747739347437e+00
-1.759539459026838504e+00
-1.899365056513218075e+00
-1.975357254676668006e+00
-2.044758717581977248e+00
-2.117370376208846494e+00
-2.191603114687977083e+00
-2.266859857451985150e+00
-2.343471973079715109e+00
-2.410621426944356216e+00
-2.459095865186913699e+00
-2.506937004764862920e+00
-2.552791465422346917e+00
-2.596486137289890195e+00
-2.637724114008207721e+00
-2.676524403621452386e+00
-2.710104733948387690e+00
-2.737411898122356746e+00
-2.762135843644109912e+00
-2.784275238000043728e+00
-2.803917860067673296e+00
-2.821037965753685484e+00
-2.835232127355654441e+00
-2.846138099470245209e+00
-2.849118720450661613e+00
-2.845232107730767623e+00
-2.832903805306534295e+00
-2.810295547642070346e+00
-2.776462716576125089e+00
-2.731988304322715777e+00
-2.679509094569999306e+00
-2.623406606301472266e+00
-2.568868510308140785e+00
-2.520589907556900044e+00
-2.479816863794546578e+00
-2.418786114843653579e+00
-2.573367518456961989e+00
-2.697921097492658404e+00
-2.395906116696780330e+00
-3.459299699802998340e+00
-4.922008856832537305e+00
-7.232053503860677024e-01
-8.203428858910915000e-01
-9.161682412162909239e-01
-1.015716084877727354e+00
-1.123671602712552620e+00
-1.253648525599267094e+00
-1.376880366389243271e+00
-1.502030638402140461e+00
-1.629077747739344328e+00
-1.759539459026837616e+00
-1.899365056513212746e+00
-1.975357254676670671e+00
-2.044758717581975027e+00
-2.117370376208845606e+00
-2.191603114687977527e+00
-2.266859857451978932e+00
-2.343471973079710224e+00
-2.410621426944355328e+00
-2.459095865186909258e+00
-2.506937004764860255e+00
-2.552791465422338923e+00
-2.596486137289887530e+00
-2.637724114008218379e+00
-2.676524403621440840e+00
-2.710104733948387690e+00
-2.737411898122351417e+00
-2.762135843644115241e+00
-2.784275238000041064e+00
-2.803917860067681289e+00
-2.821037965753676602e+00
-2.835232127355640230e+00
-2.846138099470262972e+00
-2.849118720450677600e+00
-2.845232107730774729e+00
-2.832903805306544953e+00
-2.810295547642073899e+00
-2.776462716576139300e+00
-2.731988304322721106e+00
-2.679509094570009964e+00
-2.623406606301474042e+00
-2.568868510308165654e+00
-2.520589907556914255e+00
-2.479816863794553683e+00
-2.418786114843678448e+00
-2.573367518456967318e+00
-2.697921097492660181e+00
-2.395906116696856714e+00
-3.459299699803008110e+00
-4.922008856832541746e+00
-7.232053503860681465e-01
-8.203428858910932764e-01
-9.161682412162943656e-01
-1.015716084877730463e+00
-1.123671602712553952e+00
-1.253648525599270425e+00
-1.376880366389240384e+00
-1.502030638402143126e+00
-1.629077747739342552e+00
-1.759539459026840280e+00
-1.899365056513214522e+00
-1.975357254676668450e+00
-2.044758717581980800e+00
-2.117370376208843386e+00
-2.191603114687977083e+00
-2.266859857451983373e+00
-2.343471973079704451e+00
-2.410621426944351775e+00
-2.459095865186901264e+00
-2.506937004764856702e+00
-2.552791465422345141e+00
-2.596486137289888418e+00
-2.637724114008203280e+00
-2.676524403621455050e+00
-2.710104733948376143e+00
-2.737411898122352305e+00
-2.762135843644100142e+00
-2.784275238000037511e+00
-2.803917860067690171e+00
-2.821037965753678378e+00
-2.835232127355643783e+00
-2.846138099470250538e+00
-2.849118720450650954e+00
-2.845232107730748083e+00
-2.832903805306530742e+00
-2.810295547642079228e+00
-2.776462716576123313e+00
-2.731988304322715777e+00
-2.679509094570001082e+00
-2.623406606301452726e+00
-2.568868510308144337e+00
-2.520589907556894715e+00
-2.479816863794514603e+00
-2.418786114843642920e+00
-2.573367518456942449e+00
-2.697921097492510967e+00
-2.395906116696629340e+00
-3.459299699802881989e+00
-4.922008856832480461e+00
-3.899056315749887602e+01
-4.432451673025396133e+01
-4.567656658360574795e+01
-4.386474445340640216e+01
-4.134610990907724215e+01
-3.958130181852949647e+01
-3.883743159808508949e+01
-3.886151099504688489e+01
-3.931264180856237545e+01
-3.990982811382581019e+01
-4.049360441845790604e+01
-4.100567554589411401e+01
-4.142901595991602193e+01
-4.177828493530304854e+01
-4.205277249667702932e+01
-4.226117960023819364e+01
-4.241058709492843093e+01
-4.250332396952753555e+01
-4.253649999783227997e+01
-4.250160843795590182e+01
-4.239266529653907867e+01
-4.221643926488101073e+01
-4.198527415766567117e+01
-4.172116378445423379e+01
-4.145710227753985322e+01
-4.119023127190199318e+01
-4.088996353650573212e+01
-4.054998415276386936e+01
-4.013453733194700845e+01
-4.123589887082839311e+01
-4.631497076732714646e+01
-4.737786869479460705e+01
-4.527960968740152481e+01
-4.253672532281483143e+01
-4.061296684384218025e+01
-3.980592664837025296e+01
-3.983662637134396789e+01
-4.032483424466497723e+01
-4.096813906008711115e+01
-4.160118826787352475e+01
-4.215323994251756545e+01
-4.261243545144068889e+01
-4.299345679652888919e+01
-4.329731486536446994e+01
-4.353243216603735988e+01
-4.370498125109638465e+01
-4.381957239654857261e+01
-4.387979434581083638e+01
-4.388851872103333562e+01
-4.384794617139569084e+01
-4.376769459872247836e+01
-4.364526356542528873e+01
-4.347944288701546611e+01
-4.327856991758930150e+01
-4.303282753848755959e+01
-4.273067906502821955e+01
-4.233750006186485848e+01
-4.173822463481612033e+01
-3.730302618516477509e+01
-4.245676384843523010e+01
-4.377426499863215525e+01
-4.204574859781533291e+01
-3.960920277401740464e+01
-3.785659967610180132e+01
-3.706143211268135218e+01
-3.700111311812385395e+01
-3.735390379875146749e+01
-3.785581981841238530e+01
-3.835503539800782846e+01
-3.878852862840744109e+01
-3.913411596727313935e+01
-3.939770090592492835e+01
-3.958655077383552623e+01
-3.970792259598509588e+01
-3.977022105229320914e+01
-3.977760551516804810e+01
-3.973183279909025600e+01
-3.963859887234759327e+01
-3.950209456031291211e+01
-3.932325672069881506e+01
-3.910617244059395148e+01
-3.885730294923993000e+01
-3.858473773182858935e+01
-3.829727234857811879e+01
-3.801978171504665482e+01
-3.780538795124908802e+01
-3.783081166377805005e+01
-3.899056315749885471e+01
-4.432451673025396843e+01
-4.567656658360570532e+01
-4.386474445340635953e+01
-4.134610990907724215e+01
-3.958130181852954621e+01
-3.883743159808509660e+01
-3.886151099504689910e+01
-3.931264180856236834e+01
-3.990982811382582440e+01
-4.049360441845789893e+01
-4.100567554589409269e+01
-4.142901595991600061e+01
-4.177828493530301301e+01
-4.205277249667699380e+01
-4.226117960023815101e+01
-4.241058709492838830e+01
-4.250332396952750003e+01
-4.253649999783225155e+01
-4.250160843795581656e+01
-4.239266529653904314e+01
-4.221643926488096810e+01
-4.198527415766565696e+01
-4.172116378445421958e+01
-4.145710227753984611e+01
-4.119023127190199318e+01
-4.088996353650570370e+01
-4.054998415276388357e+01
-4.013453733194701556e+01
-4.123589887082845706e+01
-4.631497076732709672e+01
-4.737786869479482021e+01
-4.527960968740180192e+01
-4.253672532281510144e+01
-4.061296684384202393e+01
-3.980592664837021033e+01
-3.983662637134392526e+01
-4.032483424466492750e+01
-4.096813906008704009e+01
-4.160118826787346791e+01
-4.215323994251752993e+01
-4.261243545144066758e+01
-4.299345679652888208e+01
-4.329731486536439178e+01
-4.353243216603731014e+01
-4.370498125109635623e+01
-4.381957239654863656e+01
-4.387979434581091454e+01
-4.388851872103342089e+01
-4.384794617139579742e+01
-4.376769459872262047e+01
-4.364526356542524610e+01
-4.347944288701547322e+01
-4.327856991758932281e+01
-4.303282753848764486e+01
-4.273067906502831192e+01
-4.233750006186493664e+01
-4.173822463481613454e+01
-3.730302618516497404e+01
-4.245676384843542905e+01
-4.377426499863221920e+01
-4.204574859781525475e+01
-3.960920277401730516e+01
-3.785659967610178001e+01
-3.706143211268129534e+01
-3.700111311812386816e+01
-3.735390379875147460e+01
-3.785581981841249188e+01
-3.835503539800788531e+01
-3.878852862840750504e+01
-3.913411596727317487e+01
-3.939770090592497809e+01
-3.958655077383555465e+01
-3.970792259598511009e+01
-3.977022105229322335e+01
-3.977760551516806231e+01
-3.973183279909029864e+01
-3.963859887234761459e+01
-3.950209456031286237e+01
-3.932325672069879374e+01
-3.910617244059395148e+01
-3.885730294923994421e+01
-3.858473773182844013e+01
-3.829727234857800511e+01
-3.801978171504659088e+01
-3.780538795124905960e+01
-3.783081166377802163e+01
-3.899056315749884050e+01
-4.432451673025406791e+01
-4.567656658360587585e+01
-4.386474445340643058e+01
-4.134610990907732742e+01
-3.958130181852948226e+01
-3.883743159808508949e+01
-3.886151099504685646e+01
-3.931264180856236123e+01
-3.990982811382581019e+01
-4.049360441845792735e+01
-4.100567554589409269e+01
-4.142901595991602903e+01
-4.177828493530301301e+01
-4.205277249667703643e+01
-4.226117960023817943e+01
-4.241058709492844514e+01
-4.250332396952752134e+01
-4.253649999783230129e+01
-4.250160843795589471e+01
-4.239266529653904314e+01
-4.221643926488101783e+01
-4.198527415766567117e+01
-4.172116378445424090e+01
-4.145710227753987454e+01
-4.119023127190201450e+01
-4.088996353650573923e+01
-4.054998415276387647e+01
-4.013453733194704398e+01
-4.123589887082867023e+01
-4.631497076732731699e+01
-4.737786869479485574e+01
-4.527960968740185876e+01
-4.253672532281509433e+01
-4.061296684384198130e+01
-3.980592664837011085e+01
-3.983662637134388973e+01
-4.032483424466493460e+01
-4.096813906008708273e+01
-4.160118826787348922e+01
-4.215323994251757256e+01
-4.261243545144068889e+01
-4.299345679652893892e+01
-4.329731486536442020e+01
-4.353243216603732435e+01
-4.370498125109634913e+01
-4.381957239654855840e+01
-4.387979434581086480e+01
-4.388851872103334983e+01
-4.384794617139579742e+01
-4.376769459872257784e+01
-4.364526356542521768e+01
-4.347944288701539506e+01
-4.327856991758923044e+01
-4.303282753848753828e+01
-4.273067906502825508e+01
-4.233750006186488690e+01
-4.173822463481611322e+01
-3.730302618516476798e+01
-4.245676384843541484e+01
-4.377426499863217657e+01
-4.204574859781526186e+01
-3.960920277401735490e+01
-3.785659967610185817e+01
-3.706143211268134507e+01
-3.700111311812378290e+01
-3.735390379875144617e+01
-3.785581981841244215e+01
-3.835503539800783557e+01
-3.878852862840742688e+01
-3.913411596727314645e+01
-3.939770090592494967e+01
-3.958655077383556886e+01
-3.970792259598503904e+01
-3.977022105229318782e+01
-3.977760551516802678e+01
-3.973183279909027732e+01
-3.963859887234755774e+01
-3.950209456031290500e+01
-3.932325672069880795e+01
-3.910617244059401543e+01
-3.885730294923997974e+01
-3.858473773182854671e+01
-3.829727234857812590e+01
-3.801978171504672588e+01
-3.780538795124910934e+01
-3.783081166377811400e+01
