-6.769458241561603362e-01
-7.693243815797186080e-01
-8.573667385886072356e-01
-9.458636755254959949e-01
-1.037410705916562481e+00
-1.140294199408055320e+00
-1.257291544421612617e+00
-1.369386919407290737e+00
-1.481091942037466191e+00
-1.595248838944236969e+00
-1.712397570062460073e+00
-1.836636069776492519e+00
-1.913191842019631661e+00
-1.971581799410324187e+00
-2.033386462917038173e+00
-2.096750955920908321e+00
-2.160893901334857592e+00
-2.225702228816882844e+00
-2.292102304153186054e+00
-2.339917597652467762e+00
-2.379397107710659043e+00
-2.418393909986384926e+00
-2.456058690333037475e+00
-2.491966410189776049e+00
-2.525926967739327900e+00
-2.557966431787310313e+00
-2.587470990666594695e+00
-2.609724539890800443e+00
-2.630137013706540294e+00
-2.648637673609577803e+00
-2.665223510296220510e+00
-2.680153345746608906e+00
-2.693504803923411295e+00
-2.705204717646827461e+00
-2.714992483713892568e+00
-2.719367892387314356e+00
-2.719333200287916696e+00
-2.714677729694313868e+00
-2.704975583699141595e+00
-2.690987519876200551e+00
-2.675200168220310815e+00
-2.662258355443176683e+00
-2.660384082140803130e+00
-2.695229149485006914e+00
-2.890301820018086332e+00
-3.264786601945004918e+00
-3.485104231009259479e+00
-3.940563208714653598e+00
-5.082039762331584498e+00
-6.769458241561603362e-01
-7.693243815797179419e-01
-8.573667385886059034e-01
-9.458636755254927753e-01
-1.037410705916558040e+00
-1.140294199408055764e+00
-1.257291544421616392e+00
-1.369386919407288516e+00
-1.481091942037469966e+00
-1.595248838944232528e+00
-1.712397570062460517e+00
-1.836636069776487634e+00
-1.913191842019629441e+00
-1.971581799410326408e+00
-2.033386462917040838e+00
-2.096750955920897663e+00
-2.160893901334864253e+00
-2.225702228816892614e+00
-2.292102304153178949e+00
-2.339917597652458880e+00
-2.379397107710666148e+00
-2.418393909986377821e+00
-2.456058690333036587e+00
-2.491966410189784931e+00
-2.525926967739330564e+00
-2.557966431787312089e+00
-2.587470990666613346e+00
-2.609724539890796891e+00
-2.630137013706539406e+00
-2.648637673609567145e+00
-2.665223510296222287e+00
-2.680153345746610682e+00
-2.693504803923425506e+00
-2.705204717646826573e+00
-2.714992483713858817e+00
-2.719367892387312580e+00
-2.719333200287939789e+00
-2.714677729694313868e+00
-2.704975583699141595e+00
-2.690987519876225420e+00
-2.675200168220323249e+00
-2.662258355443162472e+00
-2.660384082140801354e+00
-2.695229149484982045e+00
-2.890301820018068568e+00
-3.264786601945010247e+00
-3.485104231009254150e+00
-3.940563208714651822e+00
-5.082039762331588939e+00
-6.769458241561600031e-01
-7.693243815797177199e-01
-8.573667385886070136e-01
-9.458636755254934414e-01
-1.037410705916562703e+00
-1.140294199408055320e+00
-1.257291544421617058e+00
-1.369386919407286518e+00
-1.481091942037472853e+00
-1.595248838944244296e+00
-1.712397570062459407e+00
-1.836636069776489411e+00
-1.913191842019632105e+00
-1.971581799410321967e+00
-2.033386462917040838e+00
-2.096750955920910542e+00
-2.160893901334870471e+00
-2.225702228816887285e+00
-2.292102304153180725e+00
-2.339917597652453551e+00
-2.379397107710659931e+00
-2.418393909986376045e+00
-2.456058690333021488e+00
-2.491966410189775161e+00
-2.525926967739340334e+00
-2.557966431787311201e+00
-2.587470990666603576e+00
-2.609724539890795114e+00
-2.630137013706544735e+00
-2.648637673609576915e+00
-2.665223510296229392e+00
-2.680153345746608018e+00
-2.693504803923403301e+00
-2.705204717646807921e+00
-2.714992483713874805e+00
-2.719367892387310803e+00
-2.719333200287911367e+00
-2.714677729694315644e+00
-2.704975583699132713e+00
-2.690987519876209433e+00
-2.675200168220307262e+00
-2.662258355443173130e+00
-2.660384082140804907e+00
-2.695229149484987374e+00
-2.890301820018063239e+00
-3.264786601944987154e+00
-3.485104231009250597e+00
-3.940563208714647381e+00
-5.082039762331590715e+00
-3.294034215608712657e+01
-3.511785213302796649e+01
-3.660135973043810509e+01
-3.771142350874930571e+01
-3.860548923138600941e+01
-3.938491428336027411e+01
-4.007363903735974731e+01
-4.066307313958103720e+01
-4.115892781663410460e+01
-4.157511956866946434e+01
-4.191039307669934999e+01
-4.216931394771788177e+01
-4.235913247283969696e+01
-4.248673851351746578e+01
-4.255223336791116395e+01
-4.255928340071460525e+01
-4.251508082434983038e+01
-4.241956241714493103e+01
-4.227424107260875985e+01
-4.207998944189594681e+01
-4.185023635626707517e+01
-4.157551616270662720e+01
-4.126752121627003334e+01
-4.092138637883591201e+01
-4.055459371372907640e+01
-4.015697123926243250e+01
-3.973346621983392168e+01
-3.928504338812260244e+01
-3.878818305576076142e+01
-2.940521392518556354e+01
-3.221891187238922072e+01
-3.405622389407734829e+01
-3.536074403200848337e+01
-3.632145404736974825e+01
-3.705431581033577970e+01
-3.766265054044538374e+01
-3.820194830661086627e+01
-3.866791571680312245e+01
-3.905404076721934814e+01
-3.936968194336928661e+01
-3.960419381177830189e+01
-3.977460123281102256e+01
-3.987615404856516932e+01
-3.991274099262503938e+01
-3.988930966724042548e+01
-3.980990190773445647e+01
-3.967790291483773046e+01
-3.949619345087268130e+01
-3.926724492711025505e+01
-3.899315591370827860e+01
-3.867836621802636188e+01
-3.833332129502358754e+01
-3.795145594795564392e+01
-3.755489908498319807e+01
-3.714094959197649359e+01
-3.674078793556429900e+01
-3.640576593426122542e+01
-3.626634988030247086e+01
-3.235123904565440967e+01
-3.485901687327228160e+01
-3.654121754366890684e+01
-3.779620437546187617e+01
-3.877265521112644819e+01
-3.957087233882539579e+01
-4.025265314431017316e+01
-4.083713692730918154e+01
-4.134826763595390986e+01
-4.176245007952239519e+01
-4.210620925269316217e+01
-4.236941910781988696e+01
-4.255979262760187964e+01
-4.268329552132810534e+01
-4.274470643343590837e+01
-4.274790749224857223e+01
-4.269605036061939529e+01
-4.259164001586303527e+01
-4.243653820395918075e+01
-4.223182832523355046e+01
-4.199065937681753979e+01
-4.170573014246458854e+01
-4.138339521661946208e+01
-4.102978449543624606e+01
-4.064504262584891592e+01
-4.022256120394366974e+01
-3.976734511297297558e+01
-3.924268273256561201e+01
-3.861707490114886099e+01
-3.294034215608709104e+01
-3.511785213302794517e+01
-3.660135973043797719e+01
-3.771142350874924176e+01
-3.860548923138597388e+01
-3.938491428335994726e+01
-4.007363903735949862e+01
-4.066307313958085246e+01
-4.115892781663404776e+01
-4.157511956866944303e+01
-4.191039307669912262e+01
-4.216931394771783204e+01
-4.235913247283959038e+01
-4.248673851351749420e+01
-4.255223336791112843e+01
-4.255928340071446314e+01
-4.251508082434986591e+01
-4.241956241714507314e+01
-4.227424107260875985e+01
-4.207998944189605339e+01
-4.185023635626718885e+01
-4.157551616270677641e+01
-4.126752121627011149e+01
-4.092138637883603280e+01
-4.055459371372916166e+01
-4.015697123926251777e+01
-3.973346621983402116e+01
-3.928504338812271612e+01
-3.878818305576083958e+01
-2.940521392518558841e+01
-3.221891187238922782e+01
-3.405622389407748329e+01
-3.536074403200875338e+01
-3.632145404736992589e+01
-3.705431581033585076e+01
-3.766265054044563243e+01
-3.820194830661106522e+01
-3.866791571680326456e+01
-3.905404076721949735e+01
-3.936968194336940741e+01
-3.960419381177849374e+01
-3.977460123281110072e+01
-3.987615404856519774e+01
-3.991274099262497543e+01
-3.988930966724046101e+01
-3.980990190773449200e+01
-3.967790291483768073e+01
-3.949619345087259603e+01
-3.926724492711016978e+01
-3.899315591370820755e+01
-3.867836621802627661e+01
-3.833332129502343122e+01
-3.795145594795563682e+01
-3.755489908498312701e+01
-3.714094959197630885e+01
-3.674078793556423506e+01
-3.640576593426111174e+01
-3.626634988030240692e+01
-3.235123904565437414e+01
-3.485901687327231713e+01
-3.654121754366892105e+01
-3.779620437546186906e+01
-3.877265521112640556e+01
-3.957087233882532473e+01
-4.025265314431007369e+01
-4.083713692730903233e+01
-4.134826763595393828e+01
-4.176245007952230281e+01
-4.210620925269300585e+01
-4.236941910781983012e+01
-4.255979262760175885e+01
-4.268329552132799165e+01
-4.274470643343589416e+01
-4.274790749224851538e+01
-4.269605036061938108e+01
-4.259164001586304238e+01
-4.243653820395913812e+01
-4.223182832523350783e+01
-4.199065937681751848e+01
-4.170573014246469512e+01
-4.138339521661956866e+01
-4.102978449543634554e+01
-4.064504262584890881e+01
-4.022256120394371948e+01
-3.976734511297304664e+01
-3.924268273256562622e+01
-3.861707490114900310e+01
-3.294034215608716210e+01
-3.511785213302803044e+01
-3.660135973043808377e+01
-3.771142350874941940e+01
-3.860548923138608046e+01
-3.938491428336008227e+01
-4.007363903735960520e+01
-4.066307313958098746e+01
-4.115892781663401223e+01
-4.157511956866936487e+01
-4.191039307669922209e+01
-4.216931394771786756e+01
-4.235913247283964722e+01
-4.248673851351742314e+01
-4.255223336791118527e+01
-4.255928340071455551e+01
-4.251508082434976643e+01
-4.241956241714497367e+01
-4.227424107260871722e+01
-4.207998944189589707e+01
-4.185023635626699701e+01
-4.157551616270657746e+01
-4.126752121626998360e+01
-4.092138637883590491e+01
-4.055459371372901245e+01
-4.015697123926237566e+01
-3.973346621983387195e+01
-3.928504338812262375e+01
-3.878818305576072589e+01
-2.940521392518550314e+01
-3.221891187238908572e+01
-3.405622389407730566e+01
-3.536074403200844785e+01
-3.632145404736969851e+01
-3.705431581033570154e+01
-3.766265054044543348e+01
-3.820194830661085916e+01
-3.866791571680313666e+01
-3.905404076721929130e+01
-3.936968194336924398e+01
-3.960419381177830900e+01
-3.977460123281097282e+01
-3.987615404856513379e+01
-3.991274099262496122e+01
-3.988930966724046101e+01
-3.980990190773451332e+01
-3.967790291483771625e+01
-3.949619345087262445e+01
-3.926724492711016268e+01
-3.899315591370837808e+01
-3.867836621802643293e+01
-3.833332129502353069e+01
-3.795145594795580024e+01
-3.755489908498329044e+01
-3.714094959197648649e+01
-3.674078793556439848e+01
-3.640576593426130358e+01
-3.626634988030259876e+01
-3.235123904565425335e+01
-3.485901687327233844e+01
-3.654121754366895658e+01
-3.779620437546196854e+01
-3.877265521112644819e+01
-3.957087233882543842e+01
-4.025265314431015895e+01
-4.083713692730917444e+01
-4.134826763595405907e+01
-4.176245007952239519e+01
-4.210620925269311954e+01
-4.236941910781990117e+01
-4.255979262760192228e+01
-4.268329552132816929e+01
-4.274470643343597231e+01
-4.274790749224856512e+01
-4.269605036061939529e+01
-4.259164001586307080e+01
-4.243653820395920206e+01
-4.223182832523349362e+01
-4.199065937681753269e+01
-4.170573014246460275e+01
-4.138339521661951892e+01
-4.102978449543624606e+01
-4.064504262584888750e+01
-4.022256120394364132e+01
-3.976734511297290453e+01
-3.924268273256555517e+01
-3.861707490114894625e+01
