-1.064024086495624744e+00
-1.090597978276155899e+00
-1.139355673834196780e+00
-1.259761653783822544e+00
-1.385971007529974486e+00
-1.504969446433005675e+00
-1.622432168190771851e+00
-1.738892384593743845e+00
-1.855847396095590796e+00
-1.980897201465662505e+00
-2.054688724635185260e+00
-2.109597833539202050e+00
-2.168615091567329234e+00
-2.229416994941034957e+00
-2.290870115388842443e+00
-2.352507685792621039e+00
-2.414469913372418119e+00
-2.477759562510376767e+00
-2.522304020128641078e+00
-2.559295820786815057e+00
-2.595797650302024806e+00
-2.630876877740545794e+00
-2.664037718426438772e+00
-2.694973720672225959e+00
-2.723525516983022143e+00
-2.749685201483704766e+00
-2.773663503637522787e+00
-2.792294058452704064e+00
-2.806062706821666808e+00
-2.817889392229304235e+00
-2.827828573617845009e+00
-2.835975414928231686e+00
-2.842270777707911478e+00
-2.846321393900199226e+00
-2.847253568113377042e+00
-2.843678931401205645e+00
-2.833881451443355459e+00
-2.816272522201316519e+00
-2.789841142452324618e+00
-2.753528204316369354e+00
-2.712701947659885704e+00
-2.671480029643118925e+00
-2.634961058284053692e+00
-2.671441832318190990e+00
-3.017735491049828411e+00
-3.300702801227158645e+00
-3.516958325530177731e+00
-3.979545863910006531e+00
-5.246856336318425740e+00
-1.064024086495624299e+00
-1.090597978276153679e+00
-1.139355673834191895e+00
-1.259761653783820767e+00
-1.385971007529969379e+00
-1.504969446433002123e+00
-1.622432168190768298e+00
-1.738892384593737184e+00
-1.855847396095583690e+00
-1.980897201465662061e+00
-2.054688724635185260e+00
-2.109597833539210043e+00
-2.168615091567333675e+00
-2.229416994941036734e+00
-2.290870115388852213e+00
-2.352507685792621928e+00
-2.414469913372405685e+00
-2.477759562510384761e+00
-2.522304020128641966e+00
-2.559295820786818609e+00
-2.595797650302025694e+00
-2.630876877740549347e+00
-2.664037718426435219e+00
-2.694973720672231288e+00
-2.723525516983016814e+00
-2.749685201483709207e+00
-2.773663503637513017e+00
-2.792294058452728933e+00
-2.806062706821659702e+00
-2.817889392229326440e+00
-2.827828573617850338e+00
-2.835975414928221028e+00
-2.842270777707936347e+00
-2.846321393900201002e+00
-2.847253568113384148e+00
-2.843678931401198540e+00
-2.833881451443346577e+00
-2.816272522201330730e+00
-2.789841142452308631e+00
-2.753528204316369354e+00
-2.712701947659899915e+00
-2.671480029643095833e+00
-2.634961058284062574e+00
-2.671441832318192766e+00
-3.017735491049803542e+00
-3.300702801227169303e+00
-3.516958325530193719e+00
-3.979545863909997649e+00
-5.246856336318389324e+00
-1.064024086495622967e+00
-1.090597978276154345e+00
-1.139355673834193228e+00
-1.259761653783821655e+00
-1.385971007529969601e+00
-1.504969446433002567e+00
-1.622432168190766744e+00
-1.738892384593734963e+00
-1.855847396095585022e+00
-1.980897201465658508e+00
-2.054688724635185260e+00
-2.109597833539204714e+00
-2.168615091567323905e+00
-2.229416994941027852e+00
-2.290870115388851325e+00
-2.352507685792624592e+00
-2.414469913372407461e+00
-2.477759562510382096e+00
-2.522304020128637525e+00
-2.559295820786821274e+00
-2.595797650302019477e+00
-2.630876877740543129e+00
-2.664037718426429890e+00
-2.694973720672231288e+00
-2.723525516983021255e+00
-2.749685201483712760e+00
-2.773663503637523675e+00
-2.792294058452709393e+00
-2.806062706821666808e+00
-2.817889392229314893e+00
-2.827828573617839680e+00
-2.835975414928235239e+00
-2.842270777707929241e+00
-2.846321393900209884e+00
-2.847253568113380595e+00
-2.843678931401200316e+00
-2.833881451443351907e+00
-2.816272522201320072e+00
-2.789841142452335276e+00
-2.753528204316351591e+00
-2.712701947659882151e+00
-2.671480029643099385e+00
-2.634961058284048363e+00
-2.671441832318182108e+00
-3.017735491049814200e+00
-3.300702801227178185e+00
-3.516958325530175955e+00
-3.979545863910013637e+00
-5.246856336318413305e+00
-3.874441103016356180e+01
-4.030207293965150939e+01
-4.121525550987345099e+01
-4.194643070837915388e+01
-4.253210085772078486e+01
-4.297282462414047188e+01
-4.329493048496298258e+01
-4.354670050595243680e+01
-4.377128303192298375e+01
-4.397731229604915626e+01
-4.416810797601743843e+01
-4.434330315773208042e+01
-4.450382213286495414e+01
-4.464937188530576151e+01
-4.478005547537181741e+01
-4.489632696654665978e+01
-4.499814797876943828e+01
-4.508611333293786316e+01
-4.515963101222894238e+01
-4.521940712341059054e+01
-4.526363955595784461e+01
-4.528563940239228458e+01
-4.526436169336939486e+01
-4.518345707246679410e+01
-4.504222959897875000e+01
-4.484320072003252733e+01
-4.459730053909501635e+01
-4.432677633836507880e+01
-4.413130903738999677e+01
-3.654079238103765448e+01
-3.860418228394701856e+01
-3.955465926404845334e+01
-4.015033992651802919e+01
-4.066084851928407318e+01
-4.105697544324096526e+01
-4.131271050195717720e+01
-4.143732122036658438e+01
-4.150527001436603314e+01
-4.154774684165392529e+01
-4.157322323360524763e+01
-4.158399844877384766e+01
-4.157964510269569303e+01
-4.156054330779385708e+01
-4.152569151041356577e+01
-4.147522772327500462e+01
-4.140979630833309955e+01
-4.133094911009669659e+01
-4.124035934548282967e+01
-4.113920590882717221e+01
-4.103057379030890672e+01
-4.091533775650685101e+01
-4.079758402302866926e+01
-4.068197884258556485e+01
-4.057447214365110000e+01
-4.045679220414736932e+01
-4.034211034983396615e+01
-4.031030017156204082e+01
-4.062377621217107304e+01
-3.849619589808314402e+01
-4.043845028090001392e+01
-4.145557954367338738e+01
-4.220379429418892414e+01
-4.284612359716371088e+01
-4.336999531774718974e+01
-4.377934725729254950e+01
-4.408526915000721402e+01
-4.432183483721218664e+01
-4.451959021668366034e+01
-4.469330265835782257e+01
-4.484543062523357548e+01
-4.497957874880769680e+01
-4.509457794637430794e+01
-4.519239697260464084e+01
-4.527228019043001694e+01
-4.533591950669567439e+01
-4.538470632986675213e+01
-4.541524196205045882e+01
-4.542897351666408667e+01
-4.542168572821354644e+01
-4.538023103569125283e+01
-4.528898637480899936e+01
-4.514408845768612366e+01
-4.494299416721812435e+01
-4.468885262326622154e+01
-4.438873892747471217e+01
-4.405758148381847406e+01
-4.376075319895615223e+01
-3.874441103016356180e+01
-4.030207293965158044e+01
-4.121525550987345810e+01
-4.194643070837912546e+01
-4.253210085772089144e+01
-4.297282462414057136e+01
-4.329493048496296126e+01
-4.354670050595248654e+01
-4.377128303192300507e+01
-4.397731229604919179e+01
-4.416810797601737448e+01
-4.434330315773208753e+01
-4.450382213286496835e+01
-4.464937188530573309e+01
-4.478005547537188136e+01
-4.489632696654665978e+01
-4.499814797876939565e+01
-4.508611333293784185e+01
-4.515963101222904896e+01
-4.521940712341056212e+01
-4.526363955595778776e+01
-4.528563940239227747e+01
-4.526436169336939486e+01
-4.518345707246668752e+01
-4.504222959897858658e+01
-4.484320072003249891e+01
-4.459730053909498793e+01
-4.432677633836492959e+01
-4.413130903738991861e+01
-3.654079238103760474e+01
-3.860418228394689777e+01
-3.955465926404829702e+01
-4.015033992651786576e+01
-4.066084851928400923e+01
-4.105697544324092263e+01
-4.131271050195721273e+01
-4.143732122036653465e+01
-4.150527001436601893e+01
-4.154774684165392529e+01
-4.157322323360521210e+01
-4.158399844877384766e+01
-4.157964510269565750e+01
-4.156054330779385708e+01
-4.152569151041353024e+01
-4.147522772327496199e+01
-4.140979630833305691e+01
-4.133094911009666106e+01
-4.124035934548279414e+01
-4.113920590882710826e+01
-4.103057379030894936e+01
-4.091533775650688654e+01
-4.079758402302872611e+01
-4.068197884258560038e+01
-4.057447214365117105e+01
-4.045679220414739063e+01
-4.034211034983404431e+01
-4.031030017156214029e+01
-4.062377621217117962e+01
-3.849619589808317244e+01
-4.043845028090004945e+01
-4.145557954367338027e+01
-4.220379429418891704e+01
-4.284612359716368246e+01
-4.336999531774719685e+01
-4.377934725729259924e+01
-4.408526915000723534e+01
-4.432183483721217954e+01
-4.451959021668362482e+01
-4.469330265835780835e+01
-4.484543062523364654e+01
-4.497957874880776075e+01
-4.509457794637421557e+01
-4.519239697260463373e+01
-4.527228019043005247e+01
-4.533591950669567439e+01
-4.538470632986679476e+01
-4.541524196205043751e+01
-4.542897351666411510e+01
-4.542168572821358907e+01
-4.538023103569126704e+01
-4.528898637480906331e+01
-4.514408845768608103e+01
-4.494299416721806040e+01
-4.468885262326617180e+01
-4.438873892747469085e+01
-4.405758148381846695e+01
-4.376075319895606697e+01
-3.874441103016356180e+01
-4.030207293965167992e+01
-4.121525550987351494e+01
-4.194643070837923204e+01
-4.253210085772089144e+01
-4.297282462414062820e+01
-4.329493048496302521e+01
-4.354670050595249364e+01
-4.377128303192303349e+01
-4.397731229604919179e+01
-4.416810797601745264e+01
-4.434330315773212305e+01
-4.450382213286497546e+01
-4.464937188530575440e+01
-4.478005547537183872e+01
-4.489632696654666688e+01
-4.499814797876938854e+01
-4.508611333293787027e+01
-4.515963101222907028e+01
-4.521940712341053370e+01
-4.526363955595779487e+01
-4.528563940239223484e+01
-4.526436169336938065e+01
-4.518345707246669463e+01
-4.504222959897859369e+01
-4.484320072003248470e+01
-4.459730053909500924e+01
-4.432677633836498643e+01
-4.413130903738990440e+01
-3.654079238103761185e+01
-3.860418228394683382e+01
-3.955465926404827570e+01
-4.015033992651780892e+01
-4.066084851928400923e+01
-4.105697544324084447e+01
-4.131271050195714167e+01
-4.143732122036643517e+01
-4.150527001436592656e+01
-4.154774684165384002e+01
-4.157322323360514105e+01
-4.158399844877386897e+01
-4.157964510269562197e+01
-4.156054330779383577e+01
-4.152569151041350182e+01
-4.147522772327493357e+01
-4.140979630833304981e+01
-4.133094911009663264e+01
-4.124035934548278703e+01
-4.113920590882705142e+01
-4.103057379030899199e+01
-4.091533775650682969e+01
-4.079758402302875453e+01
-4.068197884258564301e+01
-4.057447214365121368e+01
-4.045679220414745458e+01
-4.034211034983409405e+01
-4.031030017156218292e+01
-4.062377621217105172e+01
-3.849619589808304454e+01
-4.043845028090001392e+01
-4.145557954367340869e+01
-4.220379429418895967e+01
-4.284612359716371088e+01
-4.336999531774720396e+01
-4.377934725729266319e+01
-4.408526915000726376e+01
-4.432183483721220085e+01
-4.451959021668368166e+01
-4.469330265835782257e+01
-4.484543062523368917e+01
-4.497957874880773232e+01
-4.509457794637427952e+01
-4.519239697260462663e+01
-4.527228019043003115e+01
-4.533591950669566017e+01
-4.538470632986672371e+01
-4.541524196205048014e+01
-4.542897351666409378e+01
-4.542168572821354644e+01
-4.538023103569125283e+01
-4.528898637480902067e+01
-4.514408845768603840e+01
-4.494299416721806040e+01
-4.468885262326615759e+01
-4.438873892747466954e+01
-4.405758148381850958e+01
-4.376075319895606697e+01
