-7.191163397485262898e-01
-8.138689674699915999e-01
-9.071775057425033317e-01
-1.003379108483373638e+00
-1.105623400047192062e+00
-1.234488705734378522e+00
-1.359272867730636714e+00
-1.482026038208096086e+00
-1.607731431713639747e+00
-1.736661981308041280e+00
-1.874318580382683841e+00
-1.948767919541938731e+00
-2.015681372251434844e+00
-2.085913384326259834e+00
-2.157890019801328663e+00
-2.231064134120069653e+00
-2.305826972393992591e+00
-2.372017749314564661e+00
-2.418816105407728401e+00
-2.465684034966312943e+00
-2.511512015822424004e+00
-2.555743861865870770e+00
-2.598104739451307488e+00
-2.638576709310946455e+00
-2.674363531656271498e+00
-2.704004929993122808e+00
-2.731259590360419764e+00
-2.755999511029536997e+00
-2.778183650037881591e+00
-2.798016102808173144e+00
-2.815836774389909536e+00
-2.831997786411800888e+00
-2.843165175302393877e+00
-2.851926561209065625e+00
-2.858266047392451270e+00
-2.861379970901513303e+00
-2.860351882526142475e+00
-2.854453801396800827e+00
-2.843691807362450419e+00
-2.829534739318077641e+00
-2.815178989146941646e+00
-2.806625528579226980e+00
-2.814300653135635599e+00
-2.857582766695458076e+00
-3.005381182971255782e+00
-3.266792466066005929e+00
-3.588762818655645503e+00
-4.171239952119430328e+00
-5.354956800572730380e+00
-7.191163397485261788e-01
-8.138689674699920440e-01
-9.071775057425024436e-01
-1.003379108483375415e+00
-1.105623400047189397e+00
-1.234488705734376524e+00
-1.359272867730634271e+00
-1.482026038208096086e+00
-1.607731431713638637e+00
-1.736661981308037062e+00
-1.874318580382687394e+00
-1.948767919541939175e+00
-2.015681372251438841e+00
-2.085913384326263387e+00
-2.157890019801325110e+00
-2.231064134120057219e+00
-2.305826972393990815e+00
-2.372017749314562884e+00
-2.418816105407736394e+00
-2.465684034966309390e+00
-2.511512015822428445e+00
-2.555743861865879651e+00
-2.598104739451305711e+00
-2.638576709310942014e+00
-2.674363531656273274e+00
-2.704004929993114814e+00
-2.731259590360419764e+00
-2.755999511029543214e+00
-2.778183650037886032e+00
-2.798016102808176697e+00
-2.815836774389891772e+00
-2.831997786411807994e+00
-2.843165175302402758e+00
-2.851926561209054967e+00
-2.858266047392469034e+00
-2.861379970901515080e+00
-2.860351882526137146e+00
-2.854453801396793722e+00
-2.843691807362450419e+00
-2.829534739318090075e+00
-2.815178989146946975e+00
-2.806625528579244744e+00
-2.814300653135635599e+00
-2.857582766695454524e+00
-3.005381182971250453e+00
-3.266792466066004152e+00
-3.588762818655649056e+00
-4.171239952119430328e+00
-5.354956800572733933e+00
-7.191163397485259567e-01
-8.138689674699911558e-01
-9.071775057425041089e-01
-1.003379108483373638e+00
-1.105623400047190730e+00
-1.234488705734376301e+00
-1.359272867730638712e+00
-1.482026038208098084e+00
-1.607731431713644188e+00
-1.736661981308040392e+00
-1.874318580382684729e+00
-1.948767919541938287e+00
-2.015681372251431291e+00
-2.085913384326265163e+00
-2.157890019801326886e+00
-2.231064134120062548e+00
-2.305826972393984597e+00
-2.372017749314564661e+00
-2.418816105407737282e+00
-2.465684034966314719e+00
-2.511512015822425781e+00
-2.555743861865878763e+00
-2.598104739451313705e+00
-2.638576709310944679e+00
-2.674363531656276827e+00
-2.704004929993114814e+00
-2.731259590360424205e+00
-2.755999511029543214e+00
-2.778183650037891361e+00
-2.798016102808176697e+00
-2.815836774389906871e+00
-2.831997786411795559e+00
-2.843165175302393877e+00
-2.851926561209074507e+00
-2.858266047392472586e+00
-2.861379970901509751e+00
-2.860351882526135370e+00
-2.854453801396818591e+00
-2.843691807362443313e+00
-2.829534739318074088e+00
-2.815178989146959410e+00
-2.806625528579266060e+00
-2.814300653135632047e+00
-2.857582766695456300e+00
-3.005381182971254006e+00
-3.266792466066000600e+00
-3.588762818655647280e+00
-4.171239952119424999e+00
-5.354956800572741038e+00
-3.833569882147008911e+01
-4.378366881143355016e+01
-4.527409033945157546e+01
-4.358861429716089475e+01
-4.117619995193788185e+01
-3.948608886626836068e+01
-3.876589036553835399e+01
-3.879380926895301229e+01
-3.923805119620985238e+01
-3.982474102371692481e+01
-4.039359029221034803e+01
-4.089051889258142580e+01
-4.129497010073613694e+01
-4.162585036877240441e+01
-4.187739400372822018e+01
-4.205905316845801423e+01
-4.217861188261441896e+01
-4.223687385289113649e+01
-4.223778877641833418e+01
-4.218467958166670684e+01
-4.208054999388620132e+01
-4.192824825621991636e+01
-4.173050188648575443e+01
-4.149531691199148753e+01
-4.122220010029642623e+01
-4.091417332086253111e+01
-4.058942795446958485e+01
-4.024489062825469432e+01
-3.991641391199344469e+01
-4.137157872912599288e+01
-4.658076284815339108e+01
-4.770293741745423688e+01
-4.561616184317055200e+01
-4.286796478669301536e+01
-4.096168158078614852e+01
-4.017340240629126669e+01
-4.020825013059038611e+01
-4.069260149267903870e+01
-4.133162934927804599e+01
-4.195544729693868646e+01
-4.249788161384726237e+01
-4.295347697306635837e+01
-4.332537993054611292e+01
-4.362189431837980891e+01
-4.385142138120472310e+01
-4.402015352156709582e+01
-4.413272206755505778e+01
-4.419273828240726942e+01
-4.420311871401120385e+01
-4.416621995439619042e+01
-4.408375159972601409e+01
-4.396208545608488549e+01
-4.380089305223810925e+01
-4.359500641627008832e+01
-4.334274855714519958e+01
-4.302418385568885384e+01
-4.259168076506315259e+01
-4.190302193486112969e+01
-3.894892515248103848e+01
-4.406670167773140889e+01
-4.524171466561230659e+01
-4.332240607979045421e+01
-4.071896772399012576e+01
-3.884647633294182612e+01
-3.800384681835146239e+01
-3.795146857020479558e+01
-3.834354179612603275e+01
-3.889232591790773341e+01
-3.943301239393600355e+01
-3.990225035217446248e+01
-4.028150569424771987e+01
-4.057719581760184724e+01
-4.079885746781155831e+01
-4.095430865176928847e+01
-4.104759478734409583e+01
-4.108566199451658463e+01
-4.107211914909773043e+01
-4.101017633574163312e+01
-4.090266597472699317e+01
-4.075065067858716361e+01
-4.055918288424329887e+01
-4.033222054876232221e+01
-4.007459282580949633e+01
-3.979312454703187996e+01
-3.950312972367931508e+01
-3.923259717732146612e+01
-3.907718179878995102e+01
-3.833569882147008201e+01
-4.378366881143356437e+01
-4.527409033945147598e+01
-4.358861429716091607e+01
-4.117619995193776816e+01
-3.948608886626838910e+01
-3.876589036553839662e+01
-3.879380926895304071e+01
-3.923805119620989501e+01
-3.982474102371695324e+01
-4.039359029221038355e+01
-4.089051889258148265e+01
-4.129497010073617247e+01
-4.162585036877246836e+01
-4.187739400372829124e+01
-4.205905316845802844e+01
-4.217861188261447580e+01
-4.223687385289113649e+01
-4.223778877641828444e+01
-4.218467958166667842e+01
-4.208054999388613737e+01
-4.192824825621987372e+01
-4.173050188648568337e+01
-4.149531691199142358e+01
-4.122220010029638360e+01
-4.091417332086244585e+01
-4.058942795446954221e+01
-4.024489062825466590e+01
-3.991641391199340205e+01
-4.137157872912587919e+01
-4.658076284815322055e+01
-4.770293741745428662e+01
-4.561616184317051648e+01
-4.286796478669311483e+01
-4.096168158078626931e+01
-4.017340240629120984e+01
-4.020825013059057085e+01
-4.069260149267915239e+01
-4.133162934927812415e+01
-4.195544729693867936e+01
-4.249788161384725527e+01
-4.295347697306635126e+01
-4.332537993054615555e+01
-4.362189431837977338e+01
-4.385142138120470889e+01
-4.402015352156709582e+01
-4.413272206755507909e+01
-4.419273828240731916e+01
-4.420311871401119674e+01
-4.416621995439620463e+01
-4.408375159972602120e+01
-4.396208545608481444e+01
-4.380089305223820872e+01
-4.359500641627018780e+01
-4.334274855714529195e+01
-4.302418385568887516e+01
-4.259168076506318101e+01
-4.190302193486113680e+01
-3.894892515248116638e+01
-4.406670167773171443e+01
-4.524171466561256238e+01
-4.332240607979055369e+01
-4.071896772399024655e+01
-3.884647633294193270e+01
-3.800384681835151923e+01
-3.795146857020480269e+01
-3.834354179612603275e+01
-3.889232591790775473e+01
-3.943301239393603197e+01
-3.990225035217449800e+01
-4.028150569424776961e+01
-4.057719581760187566e+01
-4.079885746781160094e+01
-4.095430865176933111e+01
-4.104759478734410294e+01
-4.108566199451662015e+01
-4.107211914909776596e+01
-4.101017633574161181e+01
-4.090266597472700028e+01
-4.075065067858717782e+01
-4.055918288424332729e+01
-4.033222054876232932e+01
-4.007459282580951054e+01
-3.979312454703188706e+01
-3.950312972367932929e+01
-3.923259717732144480e+01
-3.907718179878996523e+01
-3.833569882146998964e+01
-4.378366881143364253e+01
-4.527409033945157546e+01
-4.358861429716098712e+01
-4.117619995193779658e+01
-3.948608886626835357e+01
-3.876589036553835399e+01
-3.879380926895298387e+01
-3.923805119620985238e+01
-3.982474102371691060e+01
-4.039359029221033381e+01
-4.089051889258145422e+01
-4.129497010073613694e+01
-4.162585036877243283e+01
-4.187739400372822729e+01
-4.205905316845802844e+01
-4.217861188261451133e+01
-4.223687385289115070e+01
-4.223778877641832707e+01
-4.218467958166665710e+01
-4.208054999388618000e+01
-4.192824825621993057e+01
-4.173050188648571890e+01
-4.149531691199149464e+01
-4.122220010029644754e+01
-4.091417332086253111e+01
-4.058942795446959906e+01
-4.024489062825465879e+01
-3.991641391199345179e+01
-4.137157872912601420e+01
-4.658076284815359003e+01
-4.770293741745428662e+01
-4.561616184317042411e+01
-4.286796478669295851e+01
-4.096168158078607036e+01
-4.017340240629103221e+01
-4.020825013059052111e+01
-4.069260149267913818e+01
-4.133162934927814547e+01
-4.195544729693870067e+01
-4.249788161384731211e+01
-4.295347697306640811e+01
-4.332537993054616976e+01
-4.362189431837977338e+01
-4.385142138120470889e+01
-4.402015352156711003e+01
-4.413272206755506488e+01
-4.419273828240722679e+01
-4.420311871401116832e+01
-4.416621995439616200e+01
-4.408375159972592172e+01
-4.396208545608478602e+01
-4.380089305223815899e+01
-4.359500641627011674e+01
-4.334274855714516406e+01
-4.302418385568884673e+01
-4.259168076506313128e+01
-4.190302193486109417e+01
-3.894892515248096743e+01
-4.406670167773162916e+01
-4.524171466561256238e+01
-4.332240607979050395e+01
-4.071896772399018971e+01
-3.884647633294189006e+01
-3.800384681835148371e+01
-3.795146857020480979e+01
-3.834354179612603275e+01
-3.889232591790772631e+01
-3.943301239393604618e+01
-3.990225035217448379e+01
-4.028150569424778382e+01
-4.057719581760185434e+01
-4.079885746781155120e+01
-4.095430865176930979e+01
-4.104759478734415978e+01
-4.108566199451659884e+01
-4.107211914909772332e+01
-4.101017633574163312e+01
-4.090266597472698606e+01
-4.075065067858716361e+01
-4.055918288424332019e+01
-4.033222054876230800e+01
-4.007459282580947502e+01
-3.979312454703191548e+01
-3.950312972367930797e+01
-3.923259717732142349e+01
-3.907718179878995102e+01
