-9.428651739071370885e-01
-1.475879139033244858e+00
-1.858202788123292759e+00
-2.111072618399481904e+00
-2.316293031815303216e+00
-2.484693088160086827e+00
-2.617455402004917886e+00
-2.715869368920891702e+00
-2.778785396447523315e+00
-2.804310788043912872e+00
-2.781969640557030221e+00
-2.662821248466063384e+00
-2.279679013152367872e+00
-2.635533732710801935e+00
-9.428651739071380877e-01
-1.475879139033243970e+00
-1.858202788123292315e+00
-2.111072618399481904e+00
-2.316293031815305881e+00
-2.484693088160087271e+00
-2.617455402004914777e+00
-2.715869368920892590e+00
-2.778785396447521094e+00
-2.804310788043903546e+00
-2.781969640557034662e+00
-2.662821248466068269e+00
-2.279679013152372757e+00
-2.635533732710823251e+00
-9.428651739071376436e-01
-1.475879139033246190e+00
-1.858202788123293647e+00
-2.111072618399481460e+00
-2.316293031815302772e+00
-2.484693088160086383e+00
-2.617455402004916998e+00
-2.715869368920893034e+00
-2.778785396447517986e+00
-2.804310788043899549e+00
-2.781969640557026224e+00
-2.662821248466056723e+00
-2.279679013152349221e+00
-2.635533732710744648e+00
-4.016225824624247309e+01
-2.173877989379749565e+01
-4.232996554653515631e+01
-2.588210610190952465e+01
-4.091822314567772167e+01
-2.949435655275675217e+01
-4.027640237919428046e+01
-3.297460520039010134e+01
-4.611548556761246687e+01
-3.981938706499647651e+01
-2.134258486159514234e+01
-4.090111477069164181e+01
-2.467555163218169412e+01
-3.879563737715144356e+01
-2.738694293247012013e+01
-3.735184861584653504e+01
-2.986478702280684061e+01
-4.178594218592512988e+01
-4.122768051929754307e+01
-2.254075163255767933e+01
-4.352463864308610653e+01
-2.686402344405766485e+01
-4.204312635191000425e+01
-3.052602036909179617e+01
-4.115350464653731422e+01
-3.391220812001775187e+01
-4.644073818122008390e+01
-4.016225824624210361e+01
-2.173877989379742104e+01
-4.232996554653466603e+01
-2.588210610190929728e+01
-4.091822314567821195e+01
-2.949435655275641111e+01
-4.027640237919455046e+01
-3.297460520038998766e+01
-4.611548556761255924e+01
-3.981938706499629888e+01
-2.134258486159504997e+01
-4.090111477069174839e+01
-2.467555163218171543e+01
-3.879563737715174909e+01
-2.738694293247018763e+01
-3.735184861584662741e+01
-2.986478702280686903e+01
-4.178594218592479592e+01
-4.122768051929733701e+01
-2.254075163255791736e+01
-4.352463864308596442e+01
-2.686402344405786380e+01
-4.204312635190911607e+01
-3.052602036909227934e+01
-4.115350464653699447e+01
-3.391220812001768081e+01
-4.644073818122000574e+01
-4.016225824624382312e+01
-2.173877989379661457e+01
-4.232996554653472288e+01
-2.588210610190914807e+01
-4.091822314567838959e+01
-2.949435655275671309e+01
-4.027640237919427335e+01
-3.297460520039030030e+01
-4.611548556761241002e+01
-3.981938706499850866e+01
-2.134258486159435009e+01
-4.090111477069216761e+01
-2.467555163218166570e+01
-3.879563737715174199e+01
-2.738694293247016986e+01
-3.735184861584654215e+01
-2.986478702280706798e+01
-4.178594218592502330e+01
-4.122768051929966049e+01
-2.254075163255706826e+01
-4.352463864308680286e+01
-2.686402344405752984e+01
-4.204312635190915159e+01
-3.052602036909222250e+01
-4.115350464653707263e+01
-3.391220812001785845e+01
-4.644073818121982811e+01
