-7.189225247667347940e-01
-8.135981247070955824e-01
-9.068486366869105142e-01
-1.002991334029914583e+00
-1.105141072667601421e+00
-1.234040967624380869e+00
-1.358910881665147619e+00
-1.481648419256956561e+00
-1.607337039674276769e+00
-1.736275463159534738e+00
-1.873911760040276597e+00
-1.948359352005315070e+00
-2.015246545144031121e+00
-2.085451910577969414e+00
-2.157399842491728226e+00
-2.230542140181825950e+00
-2.305269372347041212e+00
-2.371434045929539991e+00
-2.418176071219928502e+00
-2.465001166231931329e+00
-2.510784246635878958e+00
-2.554970670954189060e+00
-2.597287438241155044e+00
-2.637718947539859471e+00
-2.673476090895119839e+00
-2.703091900197909681e+00
-2.730336322161735829e+00
-2.755086377631792871e+00
-2.777296514824199924e+00
-2.797194346835531142e+00
-2.815114327608171152e+00
-2.831409889523792245e+00
-2.842752500013528305e+00
-2.851705774192375031e+00
-2.858243678220800277e+00
-2.861536543934070309e+00
-2.860635161102271340e+00
-2.854775544733431758e+00
-2.843930158640862516e+00
-2.829551026493234644e+00
-2.814908865052039744e+00
-2.806411531301931106e+00
-2.816263033073751032e+00
-2.867287587376729618e+00
-3.010429214336269865e+00
-3.281818242414425768e+00
-3.635318330134369447e+00
-4.176765897458256660e+00
-5.342797185606120713e+00
-7.189225247667342389e-01
-8.135981247070921407e-01
-9.068486366869086268e-01
-1.002991334029912140e+00
-1.105141072667601421e+00
-1.234040967624381757e+00
-1.358910881665149617e+00
-1.481648419256957006e+00
-1.607337039674279211e+00
-1.736275463159538734e+00
-1.873911760040277041e+00
-1.948359352005312850e+00
-2.015246545144030677e+00
-2.085451910577970747e+00
-2.157399842491727338e+00
-2.230542140181825950e+00
-2.305269372347032331e+00
-2.371434045929531997e+00
-2.418176071219924950e+00
-2.465001166231923335e+00
-2.510784246635885175e+00
-2.554970670954191725e+00
-2.597287438241157709e+00
-2.637718947539862135e+00
-2.673476090895119839e+00
-2.703091900197905240e+00
-2.730336322161737606e+00
-2.755086377631782213e+00
-2.777296514824211471e+00
-2.797194346835542689e+00
-2.815114327608197797e+00
-2.831409889523792245e+00
-2.842752500013533634e+00
-2.851705774192369702e+00
-2.858243678220812711e+00
-2.861536543934075638e+00
-2.860635161102273116e+00
-2.854775544733421100e+00
-2.843930158640869621e+00
-2.829551026493264843e+00
-2.814908865052043296e+00
-2.806411531301925777e+00
-2.816263033073756361e+00
-2.867287587376743829e+00
-3.010429214336259207e+00
-3.281818242414416886e+00
-3.635318330134378328e+00
-4.176765897458265542e+00
-5.342797185606129595e+00
-7.189225247667359042e-01
-8.135981247070945832e-01
-9.068486366869119575e-01
-1.002991334029915027e+00
-1.105141072667604085e+00
-1.234040967624380647e+00
-1.358910881665147841e+00
-1.481648419256955895e+00
-1.607337039674282764e+00
-1.736275463159534294e+00
-1.873911760040274821e+00
-1.948359352005310630e+00
-2.015246545144031121e+00
-2.085451910577973411e+00
-2.157399842491726893e+00
-2.230542140181825950e+00
-2.305269372347044765e+00
-2.371434045929534662e+00
-2.418176071219924950e+00
-2.465001166231931329e+00
-2.510784246635881622e+00
-2.554970670954183731e+00
-2.597287438241151492e+00
-2.637718947539866576e+00
-2.673476090895116286e+00
-2.703091900197899022e+00
-2.730336322161736717e+00
-2.755086377631780437e+00
-2.777296514824205254e+00
-2.797194346835548018e+00
-2.815114327608178257e+00
-2.831409889523797574e+00
-2.842752500013515871e+00
-2.851705774192382137e+00
-2.858243678220794948e+00
-2.861536543934079191e+00
-2.860635161102276669e+00
-2.854775544733428205e+00
-2.843930158640866068e+00
-2.829551026493232868e+00
-2.814908865052050402e+00
-2.806411531301943540e+00
-2.816263033073754585e+00
-2.867287587376715408e+00
-3.010429214336259207e+00
-3.281818242414406228e+00
-3.635318330134360565e+00
-4.176765897458256660e+00
-5.342797185606120713e+00
-3.290650184249516741e+01
-3.580347584222177204e+01
-3.753881978251300922e+01
-3.873772419715107418e+01
-3.956874681564628560e+01
-4.018309514879241107e+01
-4.069008162286866082e+01
-4.113834558045920176e+01
-4.151214122807688511e+01
-4.180913949953694697e+01
-4.203641244809514887e+01
-4.219734928958882136e+01
-4.230890970828718167e+01
-4.236677290091495962e+01
-4.238577125816292579e+01
-4.236894307746599964e+01
-4.231776013684174131e+01
-4.223384822228808844e+01
-4.211920153375023546e+01
-4.196254235414863842e+01
-4.177323950021967391e+01
-4.154473816530783381e+01
-4.127768523752872198e+01
-4.096929046801695762e+01
-4.062109555656537196e+01
-4.022967787983369448e+01
-3.979769002353701524e+01
-3.932161509107095299e+01
-3.876791489015098335e+01
-3.557535481564710267e+01
-3.805004883589761988e+01
-3.957936227539708796e+01
-4.063930340952827436e+01
-4.143310488929841995e+01
-4.208436875060257876e+01
-4.264551355269258437e+01
-4.312643980147724676e+01
-4.352809691405325054e+01
-4.385915495095098038e+01
-4.412477081396195899e+01
-4.433640009883855981e+01
-4.449944446152692024e+01
-4.461662965885329157e+01
-4.469327377185555861e+01
-4.472973976279271824e+01
-4.472785716004684531e+01
-4.468919744221040702e+01
-4.461365353834168701e+01
-4.449770486617883591e+01
-4.434402596669418273e+01
-4.415031218066844332e+01
-4.392099601544870779e+01
-4.365298811081078156e+01
-4.334573179980593949e+01
-4.298481511948462952e+01
-4.252525921709173673e+01
-4.188951348603105629e+01
-4.087979119682236728e+01
-3.441358754961261468e+01
-3.681772959089133224e+01
-3.823798537054329927e+01
-3.917370419077285248e+01
-3.988255628401313402e+01
-4.048207511629666300e+01
-4.098180423737100853e+01
-4.138045508683669027e+01
-4.168827362425206928e+01
-4.191762408297639553e+01
-4.208598569273755174e+01
-4.219311709491087470e+01
-4.226706796033528235e+01
-4.230901314990322959e+01
-4.231850189371298399e+01
-4.230634179866179068e+01
-4.226321580893282714e+01
-4.219509251150633133e+01
-4.210448201393037948e+01
-4.197223451188221333e+01
-4.181305298214746813e+01
-4.160687907157448251e+01
-4.136430932505439984e+01
-4.108117304633800870e+01
-4.075568383482578128e+01
-4.038744873149196479e+01
-3.997926367922226376e+01
-3.952380578789053089e+01
-3.898325216965778139e+01
-3.290650184249522425e+01
-3.580347584222192125e+01
-3.753881978251319396e+01
-3.873772419715124471e+01
-3.956874681564644902e+01
-4.018309514879258870e+01
-4.069008162286879582e+01
-4.113834558045930834e+01
-4.151214122807709828e+01
-4.180913949953705355e+01
-4.203641244809527677e+01
-4.219734928958887110e+01
-4.230890970828722430e+01
-4.236677290091496673e+01
-4.238577125816292579e+01
-4.236894307746597832e+01
-4.231776013684173421e+01
-4.223384822228808844e+01
-4.211920153375012177e+01
-4.196254235414862421e+01
-4.177323950021963128e+01
-4.154473816530774144e+01
-4.127768523752857277e+01
-4.096929046801684393e+01
-4.062109555656520854e+01
-4.022967787983358079e+01
-3.979769002353685892e+01
-3.932161509107094588e+01
-3.876791489015097625e+01
-3.557535481564731583e+01
-3.805004883589759146e+01
-3.957936227539693164e+01
-4.063930340952796882e+01
-4.143310488929813573e+01
-4.208436875060233007e+01
-4.264551355269236410e+01
-4.312643980147702649e+01
-4.352809691405304449e+01
-4.385915495095078853e+01
-4.412477081396183820e+01
-4.433640009883844613e+01
-4.449944446152684208e+01
-4.461662965885327026e+01
-4.469327377185552308e+01
-4.472973976279278929e+01
-4.472785716004693768e+01
-4.468919744221054913e+01
-4.461365353834179359e+01
-4.449770486617891407e+01
-4.434402596669425378e+01
-4.415031218066854279e+01
-4.392099601544873622e+01
-4.365298811081078867e+01
-4.334573179980593949e+01
-4.298481511948459399e+01
-4.252525921709175094e+01
-4.188951348603105629e+01
-4.087979119682236018e+01
-3.441358754961251520e+01
-3.681772959089126118e+01
-3.823798537054321400e+01
-3.917370419077280985e+01
-3.988255628401307717e+01
-4.048207511629663458e+01
-4.098180423737095168e+01
-4.138045508683667606e+01
-4.168827362425203376e+01
-4.191762408297640263e+01
-4.208598569273753043e+01
-4.219311709491087470e+01
-4.226706796033525393e+01
-4.230901314990317275e+01
-4.231850189371293425e+01
-4.230634179866177647e+01
-4.226321580893278451e+01
-4.219509251150634555e+01
-4.210448201393040790e+01
-4.197223451188224175e+01
-4.181305298214751076e+01
-4.160687907157453935e+01
-4.136430932505448510e+01
-4.108117304633807976e+01
-4.075568383482586654e+01
-4.038744873149203585e+01
-3.997926367922237034e+01
-3.952380578789059484e+01
-3.898325216965783824e+01
-3.290650184249500398e+01
-3.580347584222175783e+01
-3.753881978251301632e+01
-3.873772419715110260e+01
-3.956874681564625718e+01
-4.018309514879243238e+01
-4.069008162286863239e+01
-4.113834558045918044e+01
-4.151214122807691354e+01
-4.180913949953695408e+01
-4.203641244809518440e+01
-4.219734928958877163e+01
-4.230890970828720299e+01
-4.236677290091493830e+01
-4.238577125816293290e+01
-4.236894307746598543e+01
-4.231776013684172710e+01
-4.223384822228801738e+01
-4.211920153375018572e+01
-4.196254235414863842e+01
-4.177323950021977339e+01
-4.154473816530793329e+01
-4.127768523752876462e+01
-4.096929046801703578e+01
-4.062109555656540039e+01
-4.022967787983373711e+01
-3.979769002353698681e+01
-3.932161509107105957e+01
-3.876791489015099046e+01
-3.557535481564722346e+01
-3.805004883589758435e+01
-3.957936227539697427e+01
-4.063930340952808962e+01
-4.143310488929817836e+01
-4.208436875060245796e+01
-4.264551355269244937e+01
-4.312643980147711176e+01
-4.352809691405311554e+01
-4.385915495095085959e+01
-4.412477081396187373e+01
-4.433640009883848876e+01
-4.449944446152684918e+01
-4.461662965885327736e+01
-4.469327377185555150e+01
-4.472973976279268982e+01
-4.472785716004688794e+01
-4.468919744221046386e+01
-4.461365353834171543e+01
-4.449770486617883591e+01
-4.434402596669414010e+01
-4.415031218066841490e+01
-4.392099601544860832e+01
-4.365298811081064656e+01
-4.334573179980579027e+01
-4.298481511948445899e+01
-4.252525921709157330e+01
-4.188951348603096392e+01
-4.087979119682228912e+01
-3.441358754961258626e+01
-3.681772959089131092e+01
-3.823798537054322111e+01
-3.917370419077283117e+01
-3.988255628401309849e+01
-4.048207511629659905e+01
-4.098180423737098721e+01
-4.138045508683669027e+01
-4.168827362425206218e+01
-4.191762408297643105e+01
-4.208598569273750911e+01
-4.219311709491081075e+01
-4.226706796033532498e+01
-4.230901314990317985e+01
-4.231850189371296977e+01
-4.230634179866172673e+01
-4.226321580893278451e+01
-4.219509251150632423e+01
-4.210448201393035106e+01
-4.197223451188220622e+01
-4.181305298214751076e+01
-4.160687907157456777e+01
-4.136430932505443536e+01
-4.108117304633807976e+01
-4.075568383482583101e+01
-4.038744873149200032e+01
-3.997926367922234192e+01
-3.952380578789056642e+01
-3.898325216965784534e+01
