-6.915643892822851413e-01
-6.605448455554916443e-01
-6.828960103405994353e-01
-8.045547181832231054e-01
-9.405088023326513280e-01
-1.073556071018177516e+00
-1.190275763986440971e+00
-1.292694375641583182e+00
-1.396643868113006448e+00
-1.488139309528959231e+00
-1.532696385172696019e+00
-1.584124727697091117e+00
-1.639574688753257625e+00
-1.697208223771780489e+00
-1.755808730713320998e+00
-1.814981075113918152e+00
-1.866632978326227210e+00
-1.900589282403423397e+00
-1.933120946554176101e+00
-1.963340553142829847e+00
-1.990766086006347635e+00
-2.015101271010951933e+00
-2.036239378750202889e+00
-2.053680540929068599e+00
-2.062215268186346151e+00
-2.066742686100047521e+00
-2.066617230312498776e+00
-2.061045867338103577e+00
-2.048850384534892655e+00
-2.028491545122784956e+00
-1.997926270610241417e+00
-1.953142742926132769e+00
-1.889999785857339631e+00
-1.806461215770116979e+00
-1.697934442275949252e+00
-1.559492139790652487e+00
-1.384777068376468634e+00
-1.167007882536243102e+00
-9.008447194995561347e-01
-5.814767261085194150e-01
-1.919111803924202775e-01
2.797643702944370148e-01
8.802504227182197383e-01
1.547815003886659824e+01
-5.144433011163229708e+00
4.570758096406314053e+01
1.138651011602676988e+01
-1.552723994482764169e+02
-4.070762205770752189e+02
-6.741555910338373758e-01
-6.252329645279568471e-01
-6.442812286061230242e-01
-7.565695888604206942e-01
-8.883567745215903422e-01
-1.018272128813491939e+00
-1.136873955571784833e+00
-1.246508676686732819e+00
-1.353416989414947480e+00
-1.444672624822135987e+00
-1.488030965954521889e+00
-1.540196168907614904e+00
-1.597529876497377543e+00
-1.657842771628764922e+00
-1.719758152007210938e+00
-1.782804445962566930e+00
-1.838065067111326556e+00
-1.877395008255142272e+00
-1.916371210178743567e+00
-1.954198082264605674e+00
-1.990510560472561252e+00
-2.025129607141042953e+00
-2.058020875402673866e+00
-2.088677075151863960e+00
-2.112209904433177243e+00
-2.133436532474988212e+00
-2.151706419543987892e+00
-2.166168429083395353e+00
-2.175599513135093588e+00
-2.178284621108025121e+00
-2.171940584812142916e+00
-2.152495935497915625e+00
-2.115218470107485871e+00
-2.057987231375854265e+00
-1.976187770854568981e+00
-1.865310151432801433e+00
-1.720675335883832702e+00
-1.537660902106097183e+00
-1.310624587400525343e+00
-1.037109805644039540e+00
-7.195809632955914026e-01
-3.519843209102937465e-01
1.102921627598405507e-01
1.384222712349823681e+01
-6.530764111917775949e+00
4.686245258482685472e+01
-3.231561714527146023e+00
8.628250999931651677e+00
-4.593191061479013797e+02
-6.658533325298533478e-01
-6.137809753286282977e-01
-6.263066263210737006e-01
-7.293621406415500275e-01
-8.530679989569320831e-01
-9.750056909145010664e-01
-1.087550957310346789e+00
-1.193343138098517109e+00
-1.301307205953624369e+00
-1.388039228503632927e+00
-1.425135474188413909e+00
-1.470819770936147464e+00
-1.521397434475455945e+00
-1.574768666274987794e+00
-1.629417589858611848e+00
-1.685044618026450891e+00
-1.731382648411067926e+00
-1.760716422839861295e+00
-1.788978144241083257e+00
-1.815258036431677269e+00
-1.839009214386184254e+00
-1.859911619615093770e+00
-1.877795037311305038e+00
-1.891555154552488460e+00
-1.896243936947541897e+00
-1.896630496839465607e+00
-1.891800357830604185e+00
-1.880636225300627018e+00
-1.861636336515442025e+00
-1.832750881007530808e+00
-1.791348919653941607e+00
-1.732577588173366934e+00
-1.652254392528032412e+00
-1.546744636814015195e+00
-1.409426537058120488e+00
-1.233993702576530183e+00
-1.014187509606447435e+00
-7.441510326276592480e-01
-4.078552223132909660e-01
1.602704546757394155e-02
5.566719511461322156e-01
1.296114921861672542e+00
3.590123209077660249e+00
2.109179174108805910e+01
-1.351417091595088493e+00
4.370360193039269348e+01
3.400433938808563994e+01
-2.428741064423883245e+02
-3.938040285140152719e+02
1.118331891621518821e+02
2.354063649189813034e+01
2.936290087427032702e+01
4.595775747787681098e+01
1.147556228317285409e+01
8.721755979776543199e+01
-2.197811825382398752e+02
1.477971793580787221e+02
-2.329703186919992390e+02
-2.860600940689718374e+00
-1.529339351076852260e+01
4.957781536270491642e+02
1.766552004647241176e+02
-2.240063630812734630e+02
8.381337681589350552e+01
1.299769668393757343e+02
-8.466430360388903864e+01
9.919988505065312268e+01
7.558016171250915249e+01
-9.266408184273107196e+00
-3.054901697553030360e+01
-6.752925311769243422e+01
-6.653283225190239136e+01
-6.601595523498491502e+01
-6.452575914156341241e+01
-6.361111494900687546e+01
-6.304716261594255400e+01
-6.282284802310591942e+01
-6.325061836935065429e+01
-2.835355990082070576e+01
1.241822778403679735e+02
-6.779212454441307045e+02
8.250504700651144958e+02
-1.620529241276273780e+01
-6.627590269404469048e+00
1.791353393285670279e+02
4.248140407267049312e+01
-4.027588036902408248e+02
3.320361381604257076e+02
-2.134737303111931794e+02
7.784247959650939208e+01
-1.046569535125489097e+02
5.982188914816245706e+00
-1.056601207605686765e+00
3.578691710771669676e+01
-7.247104072677083764e+01
-6.474314498504774917e+01
-6.181307125501763267e+01
-6.200390599025440963e+01
-6.168491618080166461e+01
-5.951446354101715741e+01
-5.821443026225072970e+01
-5.711653021325696500e+01
-5.749850528592809695e+01
-5.755097452068633146e+01
-5.761308592867403178e+01
-5.831404439300758469e+01
-6.003587780967962573e+01
6.393442003663270867e+00
2.394980740745996928e-01
1.621717380746289052e+02
-4.316152538554835161e+00
1.585423700908684630e+01
-3.372711854340904125e+01
1.987240819155504923e+01
-8.381903508903198130e+00
-4.718923770261184103e+01
-1.459618259459094425e+01
2.699505766247593641e+01
-3.893538483725026822e+01
-3.483362819365618179e+01
-3.495044790462512907e+01
-5.070617137779130701e+01
9.876731459689338521e+01
-9.989428635691284342e+01
-1.271900206923446319e+02
-2.706154235728572743e+01
-8.313577585855330199e+01
-3.799695876424435426e+01
-2.694852861570582903e+01
-6.344916027401809089e+01
-5.915696222936218618e+01
-5.763213386390249582e+01
-5.747365955595485332e+01
-5.825750357730151308e+01
-5.961265284796656516e+01
-6.213573647719232440e+01
2.393967839092152516e+01
7.698897467159972052e+01
7.938327231019290764e+01
-4.518412885179058236e+01
6.627092948503778302e+01
7.706816552047862956e+01
-2.234967639965555293e+02
1.493964340467119314e+02
-2.384061843981715185e+02
-1.903865529335788409e+01
1.444353421826988892e+01
4.432166329557933295e+02
2.520893375713388309e+02
-3.188030836341457643e+02
4.691270489993376458e+01
1.023194169941466214e+02
-1.671568060905892992e+02
6.068001310711354108e+02
9.514246861872109662e+01
-3.762119042362512289e+01
-3.452049272057448093e+01
-6.961539765030498472e+01
-6.768140300634777873e+01
-6.691979164768062560e+01
-6.492102799143293623e+01
-6.342733026793177231e+01
-6.242046018918559724e+01
-6.192526324702720331e+01
-6.223094353065763329e+01
-3.415073632887958155e+01
1.253925908839118506e+02
-6.376393396677694909e+02
7.825204616926746439e+02
-4.392523966052226569e+01
2.094262206463485398e+01
2.871474847316900991e+02
6.796102370511243862e+01
-4.320966245930396781e+02
3.178066249496641831e+02
-2.195756995870220010e+02
5.397889885137346511e+01
-5.775640570930841022e+01
-2.237469621842067369e+01
6.065014951008073751e+01
2.322577549618039328e+01
-6.928324725689284946e+01
-6.262890816592965137e+01
-6.096029630537923083e+01
-6.201688163808608323e+01
-6.231286605010377144e+01
-6.045622716758369819e+01
-5.919430576519658871e+01
-5.797989159157587125e+01
-5.815610755318781599e+01
-5.801147561385958085e+01
-5.793973607541339987e+01
-5.858922511622534302e+01
-6.032097082223565110e+01
1.980785072429105398e+01
6.199215227406666884e+01
2.237807056634804326e+01
5.651686363219689468e+01
2.992488782988159812e+01
-2.868790638748662403e+01
2.869575022418426258e+01
1.112450444169964747e+01
-4.616811687687322774e+01
-5.291135274613781192e+00
3.244639144359007332e+01
-3.812054119682126441e+01
-3.022141183682198573e+01
-3.463602407255709892e+01
-5.262795898431312480e+01
8.506090648577020374e+01
-6.141208360555125978e+01
-1.312240047544577237e+02
-2.931833347123802724e+01
-8.351509660342910024e+01
-3.943525190061905050e+01
-2.640056966860674947e+01
-6.307691367822489781e+01
-5.871668402011526666e+01
-5.718013572921297794e+01
-5.701777229436081029e+01
-5.782249096342656713e+01
-5.924226104199870235e+01
-6.184272289948865620e+01
3.003414007988900991e+01
7.395194528735680706e+01
4.884741761489546263e+01
-7.265584892895097369e+01
3.170305901635395074e+01
6.914623419025425655e+00
-2.353900699041182634e+02
1.394025575029443473e+02
-2.450457265142706831e+02
-1.463582872148365865e+01
2.576735763155553727e+01
3.615533370699175180e+02
1.124533763223913496e+02
-2.862800320594534469e+02
8.019882573384148827e+01
1.370939969988122584e+02
-9.608668499036937760e+01
2.232697650176336595e+02
9.444471140757251248e+01
8.474939907851577470e-01
-1.752161675671913699e+01
-6.537171131955091141e+01
-6.487180992869352281e+01
-6.495466688634888897e+01
-6.392091594255316522e+01
-6.330613112839633061e+01
-6.299867281743600955e+01
-6.298843678508472976e+01
-6.358502617085299846e+01
-2.702889540773566424e+01
1.269929770919140992e+02
-6.597436036084341140e+02
8.222538338724343703e+02
-3.979671817460941785e+00
1.964532485922322991e+01
2.499023952503857799e+02
1.169329491677459743e+01
-4.908628810549060972e+02
3.492667225876036241e+02
-2.090602761702839416e+02
7.593919806167593833e+01
-1.074873600373624214e+02
-1.003337043223589653e+01
4.996655439887753403e+00
4.212803659879029539e+01
-6.246673311482113178e+01
-5.919755734042749395e+01
-5.760671231042340423e+01
-5.896288952736487943e+01
-5.965744029235126078e+01
-5.819849995068157256e+01
-5.729787303247924513e+01
-5.625110588878404627e+01
-5.650584826723149945e+01
-5.646351537239106477e+01
-5.646455513636532686e+01
-5.714485958316353020e+01
-5.890380372058612579e+01
-4.483666424789691973e+01
1.163638859869724627e+02
2.182030704467172288e+00
4.016170711248360448e+01
2.594862609405330289e+01
-3.005898507063689706e+01
2.543804713433955911e+01
3.667003278675777356e+00
-4.784081941091587709e+01
-8.600584180090001141e+00
2.993004997908139586e+01
-4.049909013244329969e+01
-3.043054890670237000e+01
-3.655197540041937998e+01
-5.534146666713850493e+01
7.290440017302172748e+01
-4.864055087835284041e+01
-1.325858557342833137e+02
-3.132672766561832489e+01
-8.506249060497700043e+01
-4.518603212681896508e+01
-2.992494820504581554e+01
-6.441120121708813429e+01
-6.019223324357553651e+01
-5.864656089088974511e+01
-5.842770248175231274e+01
-5.908745613178126632e+01
-6.032112183998750510e+01
-6.278575536186961159e+01
