7.988873314399400627e+00
-7.544869981224934463e+01
9.130475376387319209e-01
5.711453581516925837e+00
2.822063732151685933e+00
1.616534848182290318e+00
9.405269488799605782e-01
5.613500557977118000e-01
6.755782537524537279e-01
1.184726747052549101e+00
1.582615760502700475e+00
1.985767973136000064e+00
2.636886010636519284e+00
3.531983398451822520e+00
4.056717109574449864e+00
3.027605171058518785e+00
1.030187943599260691e+00
-2.499363767787035506e+00
-4.503130629399979767e+00
-1.612809497885592336e+01
-7.353772799899932266e+00
-6.678297089511813667e+00
-1.486139400219597784e+00
-2.372520966766451522e-01
5.511579797703809458e-01
5.442486582079124613e-01
5.601257603693174936e-01
5.012546563588720083e-01
2.184000229641833712e-01
-3.047220658390958903e-01
-9.009177010205959846e-01
-1.225933416458623304e+00
-1.400028624963935764e+00
-5.723442588106184559e-01
-6.617833617189417872e+00
-8.752620927267154016e-01
1.472311151403834373e+01
2.518275437816324569e+00
8.380312457827376882e-02
2.415294085151062919e+00
2.067987977681827516e+00
1.609491271609606811e+00
1.272293484977695011e+00
1.038482252948708773e+00
8.632377456985145248e-01
7.062176356631144625e-01
5.564652454718035379e-01
3.413913256055582934e-01
-1.050206816046979075e-01
7.988650281887217375e+00
-7.544914708756191146e+01
9.135165467193528954e-01
5.711403534702998108e+00
2.821982886053190143e+00
1.616549590745468779e+00
9.405347439639863971e-01
5.613595670308164642e-01
6.755822239985200817e-01
1.184717191567190575e+00
1.582599247370261253e+00
1.985750602995817626e+00
2.636867759346660733e+00
3.531987804408953213e+00
4.056682632992428594e+00
3.027543055144527262e+00
1.030182526944838806e+00
-2.499366736060898653e+00
-4.503217626556786257e+00
-1.612778426527430398e+01
-7.353781544890827249e+00
-6.678175495116793314e+00
-1.486153147551265707e+00
-2.372555484680245463e-01
5.511429394279088179e-01
5.442404355402703509e-01
5.601152961200996927e-01
5.012374899711971032e-01
2.183807522387466449e-01
-3.047382171147503538e-01
-9.009267781539549436e-01
-1.225938782687441053e+00
-1.400028586469538983e+00
-5.723304234028392390e-01
-6.617837683423051232e+00
-8.749625847067523665e-01
1.472343014137862305e+01
2.518345498363860457e+00
8.386956612175211490e-02
2.415274735003053674e+00
2.067959830537818178e+00
1.609465227144586397e+00
1.272268917503865060e+00
1.038459676134902976e+00
8.632139974474297706e-01
7.061946909320160337e-01
5.564398537327894800e-01
3.413612933938097171e-01
-1.050605624301140795e-01
7.987855732329374625e+00
-7.545000557146178721e+01
9.124642431661618147e-01
5.709995608599554018e+00
2.820266697495957153e+00
1.615247716295006963e+00
9.390257106102453122e-01
5.597618181644232749e-01
6.739193208901514964e-01
1.183043498335538679e+00
1.580866775776271771e+00
1.983936965733924973e+00
2.634857922564648014e+00
3.529743891396030175e+00
4.054421278387909666e+00
3.025375849898822800e+00
1.027546059542916446e+00
-2.502314459732673413e+00
-4.505030387302839223e+00
-1.613559734785599531e+01
-7.357253363626219844e+00
-6.684370262904902660e+00
-1.489478066120592858e+00
-2.408566422577407273e-01
5.477822133880976274e-01
5.406140133790822144e-01
5.564885919288693472e-01
4.976587374966279231e-01
2.147725477938617900e-01
-3.087024587260545072e-01
-9.050843754185590173e-01
-1.230397334769202766e+00
-1.404436979914766681e+00
-5.773671066436416588e-01
-6.623088733283612584e+00
-8.923340111774802352e-01
1.469832272591369104e+01
2.511393824232778904e+00
7.548691349321545729e-02
2.410631545075401228e+00
2.063589856148086987e+00
1.604851560045072345e+00
1.267376997600495825e+00
1.033541900768651711e+00
8.580717904755696956e-01
7.011893668047501915e-01
5.513259335411977435e-01
3.362506985939591742e-01
-1.094058236161210562e-01
7.989933154563058082e+00
-7.544773615863918792e+01
9.142702888308908982e-01
5.713181147744909261e+00
2.824109428485347628e+00
1.618042433094016408e+00
9.422488734303944291e-01
5.631586617570519815e-01
6.774828681224467353e-01
1.186697461771657691e+00
1.584684380590125841e+00
1.987943748534798605e+00
2.639300736363736632e+00
3.534653131935056702e+00
4.059417378454474701e+00
3.030193637275949037e+00
1.033146406491875391e+00
-2.496319601519993103e+00
-4.501356397222862071e+00
-1.612166752238531231e+01
-7.350697955337199829e+00
-6.672397193855825748e+00
-1.482512086633406945e+00
-2.332319389491217532e-01
5.550090399634188820e-01
5.483803175375290273e-01
5.642804778105869890e-01
5.053876183626098140e-01
2.225525563551296049e-01
-3.002318743467837781e-01
-8.963009186171899678e-01
-1.221022900526193222e+00
-1.395192898241933710e+00
-5.666968972038197716e-01
-6.613376150379666640e+00
-8.577275495236360570e-01
1.475284460495503858e+01
2.525989613509005416e+00
9.267485697042587844e-02
2.420939633479619602e+00
2.073386921385328208e+00
1.615083446599495653e+00
1.278137392883302415e+00
1.044308981166705008e+00
8.693010404566650084e-01
7.121021460717391616e-01
5.624668646926038740e-01
3.473831907578046607e-01
-9.992748377359816914e-02
7.988650281887205828e+00
-7.544914708756195409e+01
9.135165467193573363e-01
5.711403534702997220e+00
2.821982886053176820e+00
1.616549590745465892e+00
9.405347439639926144e-01
5.613595670308129115e-01
6.755822239985289634e-01
1.184717191567190575e+00
1.582599247370266582e+00
1.985750602995815184e+00
2.636867759346661177e+00
3.531987804408954101e+00
4.056682632992423265e+00
3.027543055144520601e+00
1.030182526944840804e+00
-2.499366736060899541e+00
-4.503217626556780040e+00
-1.612778426527428621e+01
-7.353781544890821031e+00
-6.678175495116821736e+00
-1.486153147551272813e+00
-2.372555484680187732e-01
5.511429394279110383e-01
5.442404355402699068e-01
5.601152961200996927e-01
5.012374899711957710e-01
2.183807522387490874e-01
-3.047382171147456908e-01
-9.009267781539509468e-01
-1.225938782687439721e+00
-1.400028586469534986e+00
-5.723304234028399051e-01
-6.617837683423049455e+00
-8.749625847067390438e-01
1.472343014137898187e+01
2.518345498363859569e+00
8.386956612173634973e-02
2.415274735003055895e+00
2.067959830537816401e+00
1.609465227144586397e+00
1.272268917503863284e+00
1.038459676134909637e+00
8.632139974474311028e-01
7.061946909320175880e-01
5.564398537327936989e-01
3.413612933938088290e-01
-1.050605624301166330e-01
7.988873314399376646e+00
-7.544869981224934463e+01
9.130475376387234832e-01
5.711453581516921396e+00
2.822063732151690374e+00
1.616534848182294759e+00
9.405269488799550270e-01
5.613500557977144645e-01
6.755782537524519515e-01
1.184726747052555762e+00
1.582615760502705804e+00
1.985767973136009168e+00
2.636886010636518840e+00
3.531983398451820744e+00
4.056717109574450753e+00
3.027605171058518785e+00
1.030187943599268019e+00
-2.499363767787033730e+00
-4.503130629399981544e+00
-1.612809497885594467e+01
-7.353772799899936707e+00
-6.678297089511792350e+00
-1.486139400219589568e+00
-2.372520966766469286e-01
5.511579797703789474e-01
5.442486582079115731e-01
5.601257603693183817e-01
5.012546563588744508e-01
2.184000229641784863e-01
-3.047220658390932257e-01
-9.009177010206042002e-01
-1.225933416458624192e+00
-1.400028624963940871e+00
-5.723442588106211204e-01
-6.617833617189417872e+00
-8.752620927267305007e-01
1.472311151403798135e+01
2.518275437816323681e+00
8.380312457829131034e-02
2.415294085151066472e+00
2.067987977681832401e+00
1.609491271609608587e+00
1.272293484977700118e+00
1.038482252948710993e+00
8.632377456985187436e-01
7.062176356631137963e-01
5.564652454718046481e-01
3.413913256055596257e-01
-1.050206816046996838e-01
7.989933154563050977e+00
-7.544773615863918792e+01
9.142702888308951170e-01
5.713181147744911925e+00
2.824109428485344964e+00
1.618042433094013965e+00
9.422488734303962055e-01
5.631586617570487618e-01
6.774828681224398519e-01
1.186697461771654805e+00
1.584684380590124508e+00
1.987943748534796162e+00
2.639300736363734856e+00
3.534653131935050485e+00
4.059417378454469372e+00
3.030193637275950813e+00
1.033146406491864511e+00
-2.496319601519996212e+00
-4.501356397222862959e+00
-1.612166752238531231e+01
-7.350697955337205158e+00
-6.672397193855851505e+00
-1.482512086633405168e+00
-2.332319389491162021e-01
5.550090399634171057e-01
5.483803175375232541e-01
5.642804778105905417e-01
5.053876183626109242e-01
2.225525563551262742e-01
-3.002318743467822237e-01
-8.963009186171926324e-01
-1.221022900526191002e+00
-1.395192898241935708e+00
-5.666968972038155528e-01
-6.613376150379666640e+00
-8.577275495236076353e-01
1.475284460495504035e+01
2.525989613509010745e+00
9.267485697041988324e-02
2.420939633479621378e+00
2.073386921385325099e+00
1.615083446599490768e+00
1.278137392883298196e+00
1.044308981166699679e+00
8.693010404566592353e-01
7.121021460717360529e-01
5.624668646926020976e-01
3.473831907578026623e-01
-9.992748377359861323e-02
7.987855732329381730e+00
-7.545000557146178721e+01
9.124642431661564856e-01
5.709995608599553130e+00
2.820266697495958930e+00
1.615247716295004299e+00
9.390257106102515294e-01
5.597618181644219426e-01
6.739193208901574916e-01
1.183043498335544674e+00
1.580866775776271327e+00
1.983936965733923863e+00
2.634857922564652455e+00
3.529743891396036837e+00
4.054421278387916772e+00
3.025375849898821912e+00
1.027546059542923107e+00
-2.502314459732674745e+00
-4.505030387302838335e+00
-1.613559734785598465e+01
-7.357253363626220732e+00
-6.684370262904888449e+00
-1.489478066120599964e+00
-2.408566422577438360e-01
5.477822133880982935e-01
5.406140133790884317e-01
5.564885919288684590e-01
4.976587374966305877e-01
2.147725477938644545e-01
-3.087024587260605024e-01
-9.050843754185586842e-01
-1.230397334769209650e+00
-1.404436979914766681e+00
-5.773671066436469879e-01
-6.623088733283616136e+00
-8.923340111775104333e-01
1.469832272591368572e+01
2.511393824232772687e+00
7.548691349322034227e-02
2.410631545075392346e+00
2.063589856148087431e+00
1.604851560045073011e+00
1.267376997600499156e+00
1.033541900768656818e+00
8.580717904755752468e-01
7.011893668047528561e-01
5.513259335411984097e-01
3.362506985939590631e-01
-1.094058236161192799e-01
