-9.389488533499288359e-01
-1.497368554395426266e+00
-1.817050382268197595e+00
-2.042799815285452514e+00
-2.233658699936605707e+00
-2.388745851836165723e+00
-2.509527150017497821e+00
-2.597241744204455305e+00
-2.650940637609348283e+00
-2.667470799333249154e+00
-2.631412950714306032e+00
-2.494564048897478070e+00
-2.028042014200641674e+00
-3.089538849764200013e+00
-9.389488533499303902e-01
-1.497368554395425155e+00
-1.817050382268198039e+00
-2.042799815285450737e+00
-2.233658699936604819e+00
-2.388745851836166167e+00
-2.509527150017496488e+00
-2.597241744204453084e+00
-2.650940637609346506e+00
-2.667470799333250930e+00
-2.631412950714307364e+00
-2.494564048897478958e+00
-2.028042014200639453e+00
-3.089538849764222217e+00
-9.389488533499261713e-01
-1.497368554395424267e+00
-1.817050382268198039e+00
-2.042799815285453846e+00
-2.233658699936605263e+00
-2.388745851836164391e+00
-2.509527150017497377e+00
-2.597241744204452196e+00
-2.650940637609342510e+00
-2.667470799333248710e+00
-2.631412950714302479e+00
-2.494564048897472741e+00
-2.028042014200649668e+00
-3.089538849764224882e+00
-3.716165634754530345e+01
-2.200747274518495900e+01
-4.214973392882024683e+01
-2.268431758283441724e+01
-4.246870440472031305e+01
-2.523267647066505148e+01
-4.155417791108767744e+01
-2.870358373005656460e+01
-4.234014395773550632e+01
-3.684605461349355693e+01
-2.148049252708857537e+01
-4.073471419539355765e+01
-2.153966914355111939e+01
-4.030062458805306846e+01
-2.321056915243264385e+01
-3.861865085506494211e+01
-2.567768484841606735e+01
-3.830622014264479702e+01
-3.811688941352601745e+01
-2.272555863969869350e+01
-4.322429099829524546e+01
-2.355327854973235091e+01
-4.345833351169807912e+01
-2.611067395089645160e+01
-4.224575558437361167e+01
-2.947760841416320332e+01
-4.246100709449536481e+01
-3.716165634754538871e+01
-2.200747274518454333e+01
-4.214973392882069447e+01
-2.268431758283346156e+01
-4.246870440472090991e+01
-2.523267647066477437e+01
-4.155417791108770587e+01
-2.870358373005651842e+01
-4.234014395773598949e+01
-3.684605461349392641e+01
-2.148049252708858958e+01
-4.073471419539376370e+01
-2.153966914355073214e+01
-4.030062458805316083e+01
-2.321056915243217134e+01
-3.861865085506487105e+01
-2.567768484841587195e+01
-3.830622014264471886e+01
-3.811688941352631588e+01
-2.272555863969848389e+01
-4.322429099829517440e+01
-2.355327854973220525e+01
-4.345833351169869019e+01
-2.611067395089640542e+01
-4.224575558437367562e+01
-2.947760841416344135e+01
-4.246100709449543587e+01
-3.716165634754374025e+01
-2.200747274518556651e+01
-4.214973392881989867e+01
-2.268431758283388433e+01
-4.246870440472061148e+01
-2.523267647066462160e+01
-4.155417791108760639e+01
-2.870358373005653263e+01
-4.234014395773576211e+01
-3.684605461349195821e+01
-2.148049252708957368e+01
-4.073471419539316685e+01
-2.153966914355153506e+01
-4.030062458805298320e+01
-2.321056915243265450e+01
-3.861865085506484263e+01
-2.567768484841591459e+01
-3.830622014264437780e+01
-3.811688941352458926e+01
-2.272555863969967405e+01
-4.322429099829436439e+01
-2.355327854973269908e+01
-4.345833351169839887e+01
-2.611067395089661503e+01
-4.224575558437332745e+01
-2.947760841416349820e+01
-4.246100709449527955e+01
