-7.565370219607436830e-01
-8.604741190389217920e-01
-9.624590522396638814e-01
-1.069208348057476332e+00
-1.188312432478934699e+00
-1.312442596047120436e+00
-1.439149279756956057e+00
-1.567833133887685415e+00
-1.698524907863361744e+00
-1.836112001865182641e+00
-1.958089690903362268e+00
-2.026060750214137673e+00
-2.098496580448781401e+00
-2.173329693062304280e+00
-2.249611834529747778e+00
-2.327277378950076248e+00
-2.407461473328947221e+00
-2.458018285140541437e+00
-2.508915631848937622e+00
-2.558574479941737145e+00
-2.606743622475558908e+00
-2.653173074075292348e+00
-2.697766535134581645e+00
-2.738630392634526345e+00
-2.772460314320272623e+00
-2.803860224667003465e+00
-2.832613011718943419e+00
-2.858707244158722460e+00
-2.882266431316415911e+00
-2.903532538596253154e+00
-2.922754008697571848e+00
-2.935966614980056733e+00
-2.947246721830371285e+00
-2.956223509417295503e+00
-2.962374075835139564e+00
-2.964973355370586816e+00
-2.963227169046870557e+00
-2.956619071236275431e+00
-2.945503044126725811e+00
-2.930544232253719628e+00
-2.917156453031687136e+00
-2.912786963076291258e+00
-2.928587088256502824e+00
-2.980427281112522309e+00
-3.091068140849854373e+00
-3.291107151682277632e+00
-3.636720630061443416e+00
-4.245048545748890234e+00
-5.459549475309989575e+00
-7.565370219607426838e-01
-8.604741190389200156e-01
-9.624590522396643255e-01
-1.069208348057475444e+00
-1.188312432478935587e+00
-1.312442596047124432e+00
-1.439149279756957167e+00
-1.567833133887680530e+00
-1.698524907863356415e+00
-1.836112001865178422e+00
-1.958089690903363156e+00
-2.026060750214135009e+00
-2.098496580448777404e+00
-2.173329693062298951e+00
-2.249611834529745558e+00
-2.327277378950073139e+00
-2.407461473328942780e+00
-2.458018285140538772e+00
-2.508915631848939398e+00
-2.558574479941729152e+00
-2.606743622475560684e+00
-2.653173074075297677e+00
-2.697766535134586974e+00
-2.738630392634518351e+00
-2.772460314320282393e+00
-2.803860224667003465e+00
-2.832613011718949636e+00
-2.858707244158718908e+00
-2.882266431316418576e+00
-2.903532538596261148e+00
-2.922754008697575401e+00
-2.935966614980058509e+00
-2.947246721830385496e+00
-2.956223509417302608e+00
-2.962374075835146670e+00
-2.964973355370585040e+00
-2.963227169046890097e+00
-2.956619071236284313e+00
-2.945503044126748904e+00
-2.930544232253726733e+00
-2.917156453031688912e+00
-2.912786963076287705e+00
-2.928587088256499271e+00
-2.980427281112525861e+00
-3.091068140849840162e+00
-3.291107151682282961e+00
-3.636720630061450521e+00
-4.245048545748886681e+00
-5.459549475309997568e+00
-7.565370219607432389e-01
-8.604741190389202377e-01
-9.624590522396676562e-01
-1.069208348057480107e+00
-1.188312432478933811e+00
-1.312442596047119103e+00
-1.439149279756957167e+00
-1.567833133887681196e+00
-1.698524907863358635e+00
-1.836112001865179089e+00
-1.958089690903360935e+00
-2.026060750214135453e+00
-2.098496580448776960e+00
-2.173329693062298951e+00
-2.249611834529743781e+00
-2.327277378950072695e+00
-2.407461473328945445e+00
-2.458018285140536108e+00
-2.508915631848928740e+00
-2.558574479941736257e+00
-2.606743622475562461e+00
-2.653173074075289684e+00
-2.697766535134577204e+00
-2.738630392634523680e+00
-2.772460314320284169e+00
-2.803860224667006129e+00
-2.832613011718951412e+00
-2.858707244158712690e+00
-2.882266431316416799e+00
-2.903532538596254042e+00
-2.922754008697582506e+00
-2.935966614980067391e+00
-2.947246721830378391e+00
-2.956223509417315043e+00
-2.962374075835136011e+00
-2.964973355370577934e+00
-2.963227169046881215e+00
-2.956619071236282537e+00
-2.945503044126741798e+00
-2.930544232253723180e+00
-2.917156453031683583e+00
-2.912786963076278823e+00
-2.928587088256499271e+00
-2.980427281112522309e+00
-3.091068140849850820e+00
-3.291107151682286514e+00
-3.636720630061446968e+00
-4.245048545748892010e+00
-5.459549475309994904e+00
