-7.190868597544032292e-01
-8.138271277830770867e-01
-9.071252954722925921e-01
-1.003315421851500133e+00
-1.105540736012116110e+00
-1.234408556945549851e+00
-1.359205293410741699e+00
-1.481953580770692058e+00
-1.607654211038045844e+00
-1.736585162681726580e+00
-1.874237446934930773e+00
-1.948690873030030524e+00
-2.015602156176394377e+00
-2.085834075909487328e+00
-2.157812778808601450e+00
-2.230991368157826393e+00
-2.305761382559556871e+00
-2.371967005065518386e+00
-2.418779554832320322e+00
-2.465667315922718927e+00
-2.511519827600196209e+00
-2.555780863125325375e+00
-2.598175091761320665e+00
-2.638683468147723588e+00
-2.674509464994850205e+00
-2.704188598101262997e+00
-2.731477590685097212e+00
-2.756245700090618200e+00
-2.778453533163478539e+00
-2.798299519276812752e+00
-2.816130017705376076e+00
-2.832304909557041839e+00
-2.843502705119989926e+00
-2.852324540746892012e+00
-2.858767028854781955e+00
-2.862028061598252293e+00
-2.861171595572322701e+00
-2.855419240152683003e+00
-2.844692777542871198e+00
-2.830347971439994836e+00
-2.815428833113021057e+00
-2.805579441912097849e+00
-2.809337339322780736e+00
-2.832860545898764570e+00
-3.004971807938076722e+00
-3.280673172873022736e+00
-3.629209243760996628e+00
-4.129432530741667051e+00
-5.352912105234130635e+00
-7.190868597544022300e-01
-8.138271277830757544e-01
-9.071252954722899275e-01
-1.003315421851500355e+00
-1.105540736012111669e+00
-1.234408556945545188e+00
-1.359205293410739479e+00
-1.481953580770692724e+00
-1.607654211038052949e+00
-1.736585162681727912e+00
-1.874237446934927220e+00
-1.948690873030033632e+00
-2.015602156176385940e+00
-2.085834075909484220e+00
-2.157812778808596565e+00
-2.230991368157825505e+00
-2.305761382559555095e+00
-2.371967005065513057e+00
-2.418779554832316769e+00
-2.465667315922732250e+00
-2.511519827600195320e+00
-2.555780863125332480e+00
-2.598175091761325106e+00
-2.638683468147723588e+00
-2.674509464994859975e+00
-2.704188598101263885e+00
-2.731477590685095436e+00
-2.756245700090611095e+00
-2.778453533163473210e+00
-2.798299519276811864e+00
-2.816130017705386734e+00
-2.832304909557041839e+00
-2.843502705119995255e+00
-2.852324540746877801e+00
-2.858767028854771297e+00
-2.862028061598255846e+00
-2.861171595572312043e+00
-2.855419240152681226e+00
-2.844692777542858764e+00
-2.830347971440005495e+00
-2.815428833113031715e+00
-2.805579441912108507e+00
-2.809337339322764748e+00
-2.832860545898764570e+00
-3.004971807938080275e+00
-3.280673172873001420e+00
-3.629209243760994852e+00
-4.129432530741652840e+00
-5.352912105234131523e+00
-7.190868597544047836e-01
-8.138271277830770867e-01
-9.071252954722917039e-01
-1.003315421851500355e+00
-1.105540736012115666e+00
-1.234408556945552515e+00
-1.359205293410746584e+00
-1.481953580770693391e+00
-1.607654211038052727e+00
-1.736585162681730132e+00
-1.874237446934929441e+00
-1.948690873030031412e+00
-2.015602156176388604e+00
-2.085834075909494878e+00
-2.157812778808591681e+00
-2.230991368157825505e+00
-2.305761382559561312e+00
-2.371967005065520162e+00
-2.418779554832318546e+00
-2.465667315922728697e+00
-2.511519827600187327e+00
-2.555780863125324487e+00
-2.598175091761319777e+00
-2.638683468147723588e+00
-2.674509464994864416e+00
-2.704188598101270991e+00
-2.731477590685095436e+00
-2.756245700090618200e+00
-2.778453533163473210e+00
-2.798299519276806535e+00
-2.816130017705391175e+00
-2.832304909557032957e+00
-2.843502705119986373e+00
-2.852324540746897341e+00
-2.858767028854758863e+00
-2.862028061598245188e+00
-2.861171595572312043e+00
-2.855419240152684779e+00
-2.844692777542844553e+00
-2.830347971440000165e+00
-2.815428833113019280e+00
-2.805579441912113836e+00
-2.809337339322768301e+00
-2.832860545898782334e+00
-3.004971807938074946e+00
-3.280673172872990762e+00
-3.629209243761025050e+00
-4.129432530741659946e+00
-5.352912105234129747e+00
-3.993338026412132535e+01
-4.534047509365556294e+01
-4.668008087454813904e+01
-4.479407431790161098e+01
-4.220466398805694297e+01
-4.040220756972053096e+01
-3.964811129396178302e+01
-3.967520480927265680e+01
-4.013318162929151356e+01
-4.073683052303118046e+01
-4.132429511825039725e+01
-4.182805949486831310e+01
-4.224758341139172302e+01
-4.257985686755358756e+01
-4.283591585074447750e+01
-4.302947413728147552e+01
-4.315903174593427138e+01
-4.322972344518864674e+01
-4.324550508324433906e+01
-4.320960587418859689e+01
-4.312472535709193977e+01
-4.299299215417291009e+01
-4.282492478524789448e+01
-4.261559873361151318e+01
-4.236516922055617584e+01
-4.208059958727529448e+01
-4.175008958287106253e+01
-4.135335170899750068e+01
-4.082271140233719819e+01
-4.124229252911163002e+01
-4.633084207914073716e+01
-4.738463374693627372e+01
-4.526946297474201231e+01
-4.250552228529359411e+01
-4.055486457484413165e+01
-3.971784222804138409e+01
-3.972511720391995738e+01
-4.019108519706063021e+01
-4.081720829186753718e+01
-4.143087021864157293e+01
-4.196865910107458575e+01
-4.242012588214969071e+01
-4.278582115623204629e+01
-4.307573962544088886e+01
-4.329800904148649465e+01
-4.345864801652764697e+01
-4.356217765125266794e+01
-4.361215945562919671e+01
-4.361153355048057989e+01
-4.356278475492239721e+01
-4.346793136198211727e+01
-4.332980742678429920e+01
-4.315982241850470302e+01
-4.294760809115877009e+01
-4.269911860847862073e+01
-4.240303378514515487e+01
-4.203334845789368757e+01
-4.150659779982218822e+01
-3.741930024128382115e+01
-4.263327445172062369e+01
-4.398581500886735540e+01
-4.226512203996459505e+01
-3.983464819318095351e+01
-3.809243511828137230e+01
-3.730184886233660535e+01
-3.723864077367205283e+01
-3.757945990318096108e+01
-3.806935324068302862e+01
-3.855259846253876077e+01
-3.896848183218932604e+01
-3.930579614256583909e+01
-3.955998064861096708e+01
-3.974058944926038350e+01
-3.985553206766167023e+01
-3.990783275181165379e+01
-3.990463190001735683e+01
-3.984999250135480509e+01
-3.974700730335441534e+01
-3.959877697140706942e+01
-3.940870890021557926e+01
-3.918089857718580760e+01
-3.892073741805574372e+01
-3.863279362091262925e+01
-3.833020334050233657e+01
-3.803514376233693639e+01
-3.779585148107463510e+01
-3.778110713151712474e+01
-3.993338026412124009e+01
-4.534047509365539241e+01
-4.668008087454807509e+01
-4.479407431790163230e+01
-4.220466398805685060e+01
-4.040220756972054517e+01
-3.964811129396180434e+01
-3.967520480927262128e+01
-4.013318162929153488e+01
-4.073683052303115915e+01
-4.132429511825038304e+01
-4.182805949486827046e+01
-4.224758341139168749e+01
-4.257985686755357335e+01
-4.283591585074442065e+01
-4.302947413728146131e+01
-4.315903174593425007e+01
-4.322972344518861831e+01
-4.324550508324432485e+01
-4.320960587418859689e+01
-4.312472535709192556e+01
-4.299299215417293851e+01
-4.282492478524789448e+01
-4.261559873361153450e+01
-4.236516922055618295e+01
-4.208059958727529448e+01
-4.175008958287106253e+01
-4.135335170899752200e+01
-4.082271140233721241e+01
-4.124229252911143107e+01
-4.633084207914082953e+01
-4.738463374693627372e+01
-4.526946297474198388e+01
-4.250552228529383569e+01
-4.055486457484413165e+01
-3.971784222804136277e+01
-3.972511720391987922e+01
-4.019108519706065863e+01
-4.081720829186750166e+01
-4.143087021864154451e+01
-4.196865910107450759e+01
-4.242012588214969071e+01
-4.278582115623204629e+01
-4.307573962544086754e+01
-4.329800904148647334e+01
-4.345864801652773224e+01
-4.356217765125263952e+01
-4.361215945562916119e+01
-4.361153355048054436e+01
-4.356278475492247537e+01
-4.346793136198218832e+01
-4.332980742678428498e+01
-4.315982241850461065e+01
-4.294760809115881983e+01
-4.269911860847866336e+01
-4.240303378514519750e+01
-4.203334845789365914e+01
-4.150659779982219533e+01
-3.741930024128398458e+01
-4.263327445172060237e+01
-4.398581500886743356e+01
-4.226512203996460926e+01
-3.983464819318074035e+01
-3.809243511828140782e+01
-3.730184886233656272e+01
-3.723864077367206704e+01
-3.757945990318103924e+01
-3.806935324068308546e+01
-3.855259846253885314e+01
-3.896848183218934025e+01
-3.930579614256595278e+01
-3.955998064861108787e+01
-3.974058944926044035e+01
-3.985553206766174128e+01
-3.990783275181166800e+01
-3.990463190001745630e+01
-3.984999250135485482e+01
-3.974700730335442245e+01
-3.959877697140708364e+01
-3.940870890021549400e+01
-3.918089857718577917e+01
-3.892073741805571530e+01
-3.863279362091260793e+01
-3.833020334050224420e+01
-3.803514376233680849e+01
-3.779585148107464221e+01
-3.778110713151701816e+01
-3.993338026412129693e+01
-4.534047509365554163e+01
-4.668008087454811061e+01
-4.479407431790171756e+01
-4.220466398805682928e+01
-4.040220756972044569e+01
-3.964811129396172618e+01
-3.967520480927257154e+01
-4.013318162929151356e+01
-4.073683052303115915e+01
-4.132429511825038304e+01
-4.182805949486829888e+01
-4.224758341139171591e+01
-4.257985686755359467e+01
-4.283591585074444907e+01
-4.302947413728148973e+01
-4.315903174593425007e+01
-4.322972344518865384e+01
-4.324550508324433196e+01
-4.320960587418859689e+01
-4.312472535709194688e+01
-4.299299215417294562e+01
-4.282492478524790869e+01
-4.261559873361152029e+01
-4.236516922055616163e+01
-4.208059958727527317e+01
-4.175008958287104832e+01
-4.135335170899748647e+01
-4.082271140233717688e+01
-4.124229252911178634e+01
-4.633084207914085795e+01
-4.738463374693626662e+01
-4.526946297474180625e+01
-4.250552228529372911e+01
-4.055486457484402507e+01
-3.971784222804129172e+01
-3.972511720391981527e+01
-4.019108519706067284e+01
-4.081720829186753008e+01
-4.143087021864155872e+01
-4.196865910107452891e+01
-4.242012588214975466e+01
-4.278582115623205340e+01
-4.307573962544088886e+01
-4.329800904148645202e+01
-4.345864801652767540e+01
-4.356217765125265373e+01
-4.361215945562912566e+01
-4.361153355048050884e+01
-4.356278475492246116e+01
-4.346793136198215279e+01
-4.332980742678423525e+01
-4.315982241850458934e+01
-4.294760809115879852e+01
-4.269911860847864915e+01
-4.240303378514515487e+01
-4.203334845789355967e+01
-4.150659779982217401e+01
-3.741930024128377141e+01
-4.263327445172051000e+01
-4.398581500886739093e+01
-4.226512203996462347e+01
-3.983464819318085404e+01
-3.809243511828143625e+01
-3.730184886233654140e+01
-3.723864077367194625e+01
-3.757945990318100371e+01
-3.806935324068300019e+01
-3.855259846253878919e+01
-3.896848183218925499e+01
-3.930579614256583909e+01
-3.955998064861100261e+01
-3.974058944926036929e+01
-3.985553206766168444e+01
-3.990783275181160406e+01
-3.990463190001738525e+01
-3.984999250135481930e+01
-3.974700730335439403e+01
-3.959877697140709074e+01
-3.940870890021552952e+01
-3.918089857718581470e+01
-3.892073741805567266e+01
-3.863279362091265767e+01
-3.833020334050235078e+01
-3.803514376233687955e+01
-3.779585148107467063e+01
-3.778110713151708211e+01
