-7.950195565204126735e-01
-1.042862042612515694e+00
-1.354525425740698674e+00
-1.678842315544931019e+00
-1.958378088886182811e+00
-2.137392265815830417e+00
-2.326496496882904275e+00
-2.460040056080549320e+00
-2.575505097299345181e+00
-2.675734103345876136e+00
-2.747638828935810906e+00
-2.803084101903610126e+00
-2.843018611294254594e+00
-2.863387957909965920e+00
-2.861241017791216201e+00
-2.827681021482765011e+00
-2.805421337579667274e+00
-3.100280988502073232e+00
-4.021921496574839772e+00
-7.950195565204114523e-01
-1.042862042612515694e+00
-1.354525425740700451e+00
-1.678842315544932351e+00
-1.958378088886183699e+00
-2.137392265815833081e+00
-2.326496496882905163e+00
-2.460040056080549320e+00
-2.575505097299347845e+00
-2.675734103345875692e+00
-2.747638828935817124e+00
-2.803084101903608349e+00
-2.843018611294253262e+00
-2.863387957909968140e+00
-2.861241017791216645e+00
-2.827681021482768564e+00
-2.805421337579669494e+00
-3.100280988502075008e+00
-4.021921496574843324e+00
-7.950195565204130066e-01
-1.042862042612515250e+00
-1.354525425740699784e+00
-1.678842315544931463e+00
-1.958378088886182367e+00
-2.137392265815830861e+00
-2.326496496882902498e+00
-2.460040056080552429e+00
-2.575505097299344293e+00
-2.675734103345877912e+00
-2.747638828935817124e+00
-2.803084101903607905e+00
-2.843018611294251485e+00
-2.863387957909969916e+00
-2.861241017791214869e+00
-2.827681021482764123e+00
-2.805421337579666385e+00
-3.100280988502067459e+00
-4.021921496574842436e+00
-4.236512224091886480e+01
-4.337018504500238691e+01
-3.994098784205087327e+01
-4.013997831208929767e+01
-4.152248328074490047e+01
-4.243861005524144048e+01
-4.285672606609189472e+01
-4.287181912920011939e+01
-4.254469326142714181e+01
-4.193372002343087956e+01
-4.115879827815778924e+01
-4.040205722162655633e+01
-4.198781097429934306e+01
-3.894663596925556703e+01
-3.917955802978320179e+01
-4.049045502139549058e+01
-4.134751316643268382e+01
-4.169772847119838843e+01
-4.163953927190112836e+01
-4.123738556979706971e+01
-4.055402861734430076e+01
-3.975262147360370335e+01
-4.334846703366096676e+01
-4.454361990118445647e+01
-4.115738261584596103e+01
-4.146059583746679067e+01
-4.292725830123154651e+01
-4.392215861830416657e+01
-4.440135149486206956e+01
-4.446015544122273155e+01
-4.416691108296453194e+01
-4.358286180302572888e+01
-4.272198661418629939e+01
-4.236512224091880796e+01
-4.337018504500232297e+01
-3.994098784205087327e+01
-4.013997831208926925e+01
-4.152248328074490047e+01
-4.243861005524144758e+01
-4.285672606609189472e+01
-4.287181912920013360e+01
-4.254469326142719154e+01
-4.193372002343085825e+01
-4.115879827815778214e+01
-4.040205722162650659e+01
-4.198781097429936437e+01
-3.894663596925551730e+01
-3.917955802978322311e+01
-4.049045502139554031e+01
-4.134751316643269092e+01
-4.169772847119841686e+01
-4.163953927190109994e+01
-4.123738556979706260e+01
-4.055402861734431497e+01
-3.975262147360367493e+01
-4.334846703366088860e+01
-4.454361990118445647e+01
-4.115738261584600366e+01
-4.146059583746673383e+01
-4.292725830123153230e+01
-4.392215861830413814e+01
-4.440135149486203403e+01
-4.446015544122275998e+01
-4.416691108296454615e+01
-4.358286180302577151e+01
-4.272198661418634202e+01
-4.236512224091877954e+01
-4.337018504500235849e+01
-3.994098784205088037e+01
-4.013997831208929057e+01
-4.152248328074491468e+01
-4.243861005524144048e+01
-4.285672606609190183e+01
-4.287181912920011939e+01
-4.254469326142715602e+01
-4.193372002343083693e+01
-4.115879827815776792e+01
-4.040205722162649238e+01
-4.198781097429937859e+01
-3.894663596925552440e+01
-3.917955802978320179e+01
-4.049045502139546926e+01
-4.134751316643269092e+01
-4.169772847119841686e+01
-4.163953927190114257e+01
-4.123738556979711944e+01
-4.055402861734432207e+01
-3.975262147360376019e+01
-4.334846703366096676e+01
-4.454361990118448489e+01
-4.115738261584601076e+01
-4.146059583746674093e+01
-4.292725830123153230e+01
-4.392215861830415236e+01
-4.440135149486205535e+01
-4.446015544122275287e+01
-4.416691108296452484e+01
-4.358286180302575019e+01
-4.272198661418631360e+01
