-9.493951294780277328e-01
-9.951637027792563650e-01
-1.068263998818354654e+00
-1.165495278511368360e+00
-1.269573839236418422e+00
-1.378405144697793183e+00
-1.488208472842961427e+00
-1.601732303789487055e+00
-1.718926634804986087e+00
-1.774989749276126183e+00
-1.833341364833102727e+00
-1.893779580393002426e+00
-1.955557965208748250e+00
-2.018458315335834641e+00
-2.082807943844757759e+00
-2.139770110486350241e+00
-2.180207212148029150e+00
-2.220562724065296756e+00
-2.260077254973016814e+00
-2.298420061513168022e+00
-2.335173559782569797e+00
-2.370712187433205997e+00
-2.402686948712191572e+00
-2.430001599958608871e+00
-2.455834870031901929e+00
-2.480153531628236152e+00
-2.503046636529471236e+00
-2.524674352522778165e+00
-2.545255929918170068e+00
-2.564515877269096578e+00
-2.580035649303443535e+00
-2.594729453870286306e+00
-2.608404413917025266e+00
-2.620821652052249817e+00
-2.631671931108870766e+00
-2.640619317347519868e+00
-2.647408281318906376e+00
-2.651442064774178320e+00
-2.652658785319685464e+00
-2.652485994724241181e+00
-2.651489044062277145e+00
-2.649064396181445957e+00
-2.647274523652939138e+00
-2.809961497476701098e+00
-3.252117187255128883e+00
-3.478741424190632259e+00
-3.633102095120140262e+00
-4.000997310667912643e+00
-5.038210048425669996e+00
-9.493951294780268446e-01
-9.951637027792561430e-01
-1.068263998818355542e+00
-1.165495278511368138e+00
-1.269573839236417978e+00
-1.378405144697792073e+00
-1.488208472842963648e+00
-1.601732303789485279e+00
-1.718926634804984310e+00
-1.774989749276129736e+00
-1.833341364833098286e+00
-1.893779580393007755e+00
-1.955557965208742921e+00
-2.018458315335827535e+00
-2.082807943844756871e+00
-2.139770110486343135e+00
-2.180207212148029150e+00
-2.220562724065287874e+00
-2.260077254973016814e+00
-2.298420061513157364e+00
-2.335173559782569797e+00
-2.370712187433207774e+00
-2.402686948712192461e+00
-2.430001599958603542e+00
-2.455834870031896600e+00
-2.480153531628250363e+00
-2.503046636529465019e+00
-2.524674352522783494e+00
-2.545255929918150528e+00
-2.564515877269091249e+00
-2.580035649303429324e+00
-2.594729453870286306e+00
-2.608404413917009279e+00
-2.620821652052244488e+00
-2.631671931108868989e+00
-2.640619317347521644e+00
-2.647408281318879730e+00
-2.651442064774187202e+00
-2.652658785319687240e+00
-2.652485994724242957e+00
-2.651489044062278921e+00
-2.649064396181444181e+00
-2.647274523652948020e+00
-2.809961497476683334e+00
-3.252117187255144870e+00
-3.478741424190639364e+00
-3.633102095120118946e+00
-4.000997310667893103e+00
-5.038210048425664667e+00
-9.493951294780296202e-01
-9.951637027792573642e-01
-1.068263998818354876e+00
-1.165495278511374355e+00
-1.269573839236418422e+00
-1.378405144697796292e+00
-1.488208472842961649e+00
-1.601732303789487055e+00
-1.718926634804985198e+00
-1.774989749276131068e+00
-1.833341364833099618e+00
-1.893779580392998874e+00
-1.955557965208743809e+00
-2.018458315335831088e+00
-2.082807943844751541e+00
-2.139770110486353794e+00
-2.180207212148030038e+00
-2.220562724065294091e+00
-2.260077254973022143e+00
-2.298420061513155588e+00
-2.335173559782575126e+00
-2.370712187433199780e+00
-2.402686948712188908e+00
-2.430001599958609759e+00
-2.455834870031898376e+00
-2.480153531628243258e+00
-2.503046636529465019e+00
-2.524674352522787046e+00
-2.545255929918146975e+00
-2.564515877269082367e+00
-2.580035649303439982e+00
-2.594729453870296965e+00
-2.608404413917021714e+00
-2.620821652052233830e+00
-2.631671931108876095e+00
-2.640619317347521644e+00
-2.647408281318897494e+00
-2.651442064774169438e+00
-2.652658785319694346e+00
-2.652485994724248286e+00
-2.651489044062280698e+00
-2.649064396181433523e+00
-2.647274523652946243e+00
-2.809961497476670900e+00
-3.252117187255159081e+00
-3.478741424190653575e+00
-3.633102095120149144e+00
-4.000997310667898432e+00
-5.038210048425668219e+00
-3.252537660781204920e+01
-3.372160239794432357e+01
-3.455541287020737684e+01
-3.520875909918303392e+01
-3.569507534955040740e+01
-3.603604253705220373e+01
-3.631400254738129973e+01
-3.656732696894116685e+01
-3.680479524069346553e+01
-3.702998391063632511e+01
-3.724213396540507404e+01
-3.744138154412966912e+01
-3.762607172153278157e+01
-3.779636591940351309e+01
-3.795223854075719316e+01
-3.809449967593329234e+01
-3.822380527595524313e+01
-3.834015233361650132e+01
-3.844414341153837711e+01
-3.853521734859440784e+01
-3.861270988933219428e+01
-3.867408994466367744e+01
-3.870943554586926183e+01
-3.869101292115264812e+01
-3.860523533422460218e+01
-3.845778191170724369e+01
-3.826404793313215436e+01
-3.806353752580460537e+01
-3.799011755554136727e+01
-3.049171721056004714e+01
-3.216531167210555253e+01
-3.297465122250939373e+01
-3.358358111772466259e+01
-3.408297673680422690e+01
-3.443651505813067359e+01
-3.464217310244459469e+01
-3.477139251483638560e+01
-3.487312802422088964e+01
-3.495858184251792977e+01
-3.503232739867077328e+01
-3.509342920342442085e+01
-3.514098471556620495e+01
-3.517351458031174616e+01
-3.519149917740408284e+01
-3.519561285911524351e+01
-3.518647819407902944e+01
-3.516496560885420308e+01
-3.513368794322250466e+01
-3.509385769606450367e+01
-3.504922751010098381e+01
-3.500313893639562224e+01
-3.495845106833275651e+01
-3.492109161281728547e+01
-3.489851133370059699e+01
-3.488976919205679650e+01
-3.488054077870918235e+01
-3.493978524328931456e+01
-3.531764310057825895e+01
-3.269140552208187955e+01
-3.408919814114771185e+01
-3.497966043631076616e+01
-3.570184989332216219e+01
-3.627846353937150781e+01
-3.671927229206391274e+01
-3.704223755528598616e+01
-3.731048181291499333e+01
-3.754720667274256130e+01
-3.776186477781256201e+01
-3.795767731011775936e+01
-3.813527499921883646e+01
-3.829518129433265017e+01
-3.843771617912560146e+01
-3.856337491885780366e+01
-3.867281811630189736e+01
-3.876703588473298367e+01
-3.884498883227090005e+01
-3.890840675759793044e+01
-3.895730489582008715e+01
-3.898978009872396910e+01
-3.900135015120312687e+01
-3.897327414810038704e+01
-3.888384557955018295e+01
-3.873297874214061665e+01
-3.852528779890184296e+01
-3.827511849229418317e+01
-3.801491682402987493e+01
-3.785611507230237294e+01
-3.252537660781192130e+01
-3.372160239794419567e+01
-3.455541287020732710e+01
-3.520875909918295577e+01
-3.569507534955019423e+01
-3.603604253705211136e+01
-3.631400254738125000e+01
-3.656732696894116685e+01
-3.680479524069342290e+01
-3.702998391063630379e+01
-3.724213396540506693e+01
-3.744138154412963360e+01
-3.762607172153277446e+01
-3.779636591940354151e+01
-3.795223854075722159e+01
-3.809449967593334918e+01
-3.822380527595527155e+01
-3.834015233361658659e+01
-3.844414341153841974e+01
-3.853521734859452152e+01
-3.861270988933220139e+01
-3.867408994466376271e+01
-3.870943554586936841e+01
-3.869101292115276891e+01
-3.860523533422464482e+01
-3.845778191170739291e+01
-3.826404793313238883e+01
-3.806353752580486116e+01
-3.799011755554165148e+01
-3.049171721056014661e+01
-3.216531167210570885e+01
-3.297465122250956426e+01
-3.358358111772482602e+01
-3.408297673680441164e+01
-3.443651505813078728e+01
-3.464217310244473680e+01
-3.477139251483647087e+01
-3.487312802422100333e+01
-3.495858184251804346e+01
-3.503232739867086565e+01
-3.509342920342450611e+01
-3.514098471556629733e+01
-3.517351458031185274e+01
-3.519149917740416811e+01
-3.519561285911532167e+01
-3.518647819407902233e+01
-3.516496560885423861e+01
-3.513368794322249045e+01
-3.509385769606443972e+01
-3.504922751010091275e+01
-3.500313893639552276e+01
-3.495845106833266414e+01
-3.492109161281726415e+01
-3.489851133370044067e+01
-3.488976919205669702e+01
-3.488054077870920366e+01
-3.493978524328915825e+01
-3.531764310057817369e+01
-3.269140552208193640e+01
-3.408919814114764790e+01
-3.497966043631073063e+01
-3.570184989332213377e+01
-3.627846353937140833e+01
-3.671927229206380616e+01
-3.704223755528587958e+01
-3.731048181291495780e+01
-3.754720667274247603e+01
-3.776186477781244122e+01
-3.795767731011767410e+01
-3.813527499921882224e+01
-3.829518129433259332e+01
-3.843771617912555882e+01
-3.856337491885777524e+01
-3.867281811630189026e+01
-3.876703588473301210e+01
-3.884498883227093557e+01
-3.890840675759787359e+01
-3.895730489582012979e+01
-3.898978009872391226e+01
-3.900135015120316240e+01
-3.897327414810040125e+01
-3.888384557955021847e+01
-3.873297874214070191e+01
-3.852528779890191402e+01
-3.827511849229428265e+01
-3.801491682402996730e+01
-3.785611507230245820e+01
-3.252537660781193551e+01
-3.372160239794428094e+01
-3.455541287020741237e+01
-3.520875909918304103e+01
-3.569507534955027239e+01
-3.603604253705217531e+01
-3.631400254738136368e+01
-3.656732696894123791e+01
-3.680479524069352237e+01
-3.702998391063633221e+01
-3.724213396540510956e+01
-3.744138154412966912e+01
-3.762607172153278867e+01
-3.779636591940357704e+01
-3.795223854075722159e+01
-3.809449967593336339e+01
-3.822380527595525024e+01
-3.834015233361659369e+01
-3.844414341153834869e+01
-3.853521734859445758e+01
-3.861270988933210191e+01
-3.867408994466362060e+01
-3.870943554586924051e+01
-3.869101292115266233e+01
-3.860523533422454534e+01
-3.845778191170724369e+01
-3.826404793313226094e+01
-3.806353752580466931e+01
-3.799011755554145964e+01
-3.049171721056004714e+01
-3.216531167210555253e+01
-3.297465122250942926e+01
-3.358358111772465548e+01
-3.408297673680421269e+01
-3.443651505813056701e+01
-3.464217310244458048e+01
-3.477139251483635718e+01
-3.487312802422087543e+01
-3.495858184251797951e+01
-3.503232739867080170e+01
-3.509342920342447769e+01
-3.514098471556623338e+01
-3.517351458031181721e+01
-3.519149917740411837e+01
-3.519561285911527904e+01
-3.518647819407903654e+01
-3.516496560885421019e+01
-3.513368794322244781e+01
-3.509385769606451078e+01
-3.504922751010099802e+01
-3.500313893639557250e+01
-3.495845106833274230e+01
-3.492109161281728547e+01
-3.489851133370060410e+01
-3.488976919205678939e+01
-3.488054077870919656e+01
-3.493978524328931456e+01
-3.531764310057841527e+01
-3.269140552208188666e+01
-3.408919814114766211e+01
-3.497966043631076616e+01
-3.570184989332211956e+01
-3.627846353937147228e+01
-3.671927229206390564e+01
-3.704223755528595063e+01
-3.731048181291500754e+01
-3.754720667274256840e+01
-3.776186477781256201e+01
-3.795767731011781621e+01
-3.813527499921890751e+01
-3.829518129433272122e+01
-3.843771617912570804e+01
-3.856337491885787472e+01
-3.867281811630191157e+01
-3.876703588473299789e+01
-3.884498883227096400e+01
-3.890840675759794465e+01
-3.895730489582009426e+01
-3.898978009872391937e+01
-3.900135015120315529e+01
-3.897327414810039414e+01
-3.888384557955020426e+01
-3.873297874214065928e+01
-3.852528779890187849e+01
-3.827511849229419738e+01
-3.801491682402991046e+01
-3.785611507230237294e+01
