-1.842305721579889699e+00
-2.023881029664770459e+00
-2.208996403259032348e+00
-2.399567279132446274e+00
-2.600343371975871065e+00
-2.800091463527735858e+00
-2.985721340631747989e+00
-3.174524597305056872e+00
-3.369147363702744258e+00
-3.570243928325150584e+00
-3.778869457233994922e+00
-3.992366120002040830e+00
-4.212332672270459710e+00
-4.420561465100430354e+00
-4.523960854303576085e+00
-4.633301938998661385e+00
-4.745962217736288125e+00
-4.860685877988737857e+00
-4.976708739214400268e+00
-5.093516597892655540e+00
-5.210839141499572946e+00
-5.328943855694689091e+00
-5.421158917853244219e+00
-5.477147951308825924e+00
-5.527112046059109218e+00
-5.568463548858396450e+00
-5.599345993689201606e+00
-5.618469286704332433e+00
-5.625194065929441933e+00
-5.619138451541765278e+00
-5.601460240129483736e+00
-5.574985690447416431e+00
-5.530387377017145667e+00
-5.483032876187525773e+00
-5.437342800519488151e+00
-5.398249943151704144e+00
-5.371240266205447256e+00
-5.362247811822868471e+00
-5.377687163237634849e+00
-5.424661834182472830e+00
-5.511415190130733777e+00
-5.648159765462665405e+00
-5.841381520973719432e+00
-6.113682626180306556e+00
-6.494310606129673147e+00
-7.024790074957138586e+00
-7.781688526772519765e+00
-8.925076024762777394e+00
-1.089498847044191621e+01
-1.896399886747506702e+00
-2.065475878937701903e+00
-2.244282279754343801e+00
-2.431443410885496981e+00
-2.631315364903000997e+00
-2.821237701219983407e+00
-3.008705997897631157e+00
-3.202220456443956031e+00
-3.398879868035241003e+00
-3.602461436505413950e+00
-3.814057132229352831e+00
-4.032983965063868581e+00
-4.257489202596842048e+00
-4.427789083866906950e+00
-4.533006902565261953e+00
-4.643499495131937493e+00
-4.757097678917116212e+00
-4.872726907607422220e+00
-4.989735387691055735e+00
-5.107715551347119742e+00
-5.226549444371293873e+00
-5.346833195130248129e+00
-5.422182017665207354e+00
-5.479551417460509555e+00
-5.530493106264557923e+00
-5.572684159131995330e+00
-5.604381998192138781e+00
-5.624366945332511136e+00
-5.631836191446442541e+00
-5.626454198790817429e+00
-5.610199487222342185e+00
-5.581341340765263226e+00
-5.537952646130506196e+00
-5.492035495195864314e+00
-5.447782359360218152e+00
-5.410148685749000208e+00
-5.384632179483475056e+00
-5.377179097520446760e+00
-5.394223223480331342e+00
-5.442901339431173824e+00
-5.531520266355350657e+00
-5.668639866970934804e+00
-5.863177464959633767e+00
-6.137953060321045484e+00
-6.521573016137793388e+00
-7.055721972154323396e+00
-7.817615175562295349e+00
-8.968306634765777829e+00
-1.095074623265029778e+01
-1.871390750969556649e+00
-2.048014377045173973e+00
-2.230912670226260275e+00
-2.420787820593954365e+00
-2.622204678187894711e+00
-2.817633073824203027e+00
-3.004655477379723827e+00
-3.195549239515393936e+00
-3.391607008517818045e+00
-3.594335675021728349e+00
-3.804833608805665790e+00
-4.020486927333514870e+00
-4.243035750362594172e+00
-4.432793108373559221e+00
-4.537572916562774950e+00
-4.647944791120629304e+00
-4.761517478584149643e+00
-4.877128381108279953e+00
-4.994070905436906571e+00
-5.111884737234916543e+00
-5.230375705435758249e+00
-5.349975179793808877e+00
-5.434150171124876749e+00
-5.491167552895340975e+00
-5.541943534338553690e+00
-5.584018273195255233e+00
-5.615587800310493094e+00
-5.635391808613942288e+00
-5.642812890578788654e+00
-5.637446262846054879e+00
-5.620618086441009353e+00
-5.593209834935809255e+00
-5.549155173977048605e+00
-5.502576090585481694e+00
-5.457636098918122514e+00
-5.419281532664406598e+00
-5.393005168155202256e+00
-5.384746762594321723e+00
-5.400928170770242787e+00
-5.448664234305837795e+00
-5.536218835635708047e+00
-5.673473817643575501e+00
-5.866561571894607141e+00
-6.139822794573518649e+00
-6.521418723483826341e+00
-7.053133812085693677e+00
-7.811516716300410224e+00
-8.957031326175233232e+00
-1.093058677129241119e+01
-1.866874476819563089e+00
-2.041150122674987522e+00
-2.222123609878620343e+00
-2.410023437870560059e+00
-2.609279516244142005e+00
-2.803186519746665439e+00
-2.989314707144310468e+00
-3.180808161376710963e+00
-3.376044739589648458e+00
-3.577998895452242145e+00
-3.787718969167396921e+00
-4.004527461380455122e+00
-4.226432426463219372e+00
-4.415512808742711570e+00
-4.519299036900200406e+00
-4.628718458135523406e+00
-4.741365032412559799e+00
-4.856068614155427454e+00
-4.972118409825698748e+00
-5.089051849613678513e+00
-5.206673616528284754e+00
-5.325413865025975468e+00
-5.408831469829468830e+00
-5.465122690846108355e+00
-5.515202035474029429e+00
-5.556617151381615827e+00
-5.587571964435603888e+00
-5.606815866156061645e+00
-5.613589199859791989e+00
-5.607361418203485215e+00
-5.590183218700914836e+00
-5.562470218441760039e+00
-5.518191894576201406e+00
-5.471432954527198689e+00
-5.426356881156955581e+00
-5.387908937553973487e+00
-5.361581526679419341e+00
-5.353316032759245502e+00
-5.369539094784997246e+00
-5.417374616365997042e+00
-5.505100942972944722e+00
-5.642626862526000764e+00
-5.836307813830423186e+00
-6.110125044208892575e+00
-6.492798804481203945e+00
-7.025741995526693984e+00
-7.786237473454349356e+00
-8.934962263063013665e+00
-1.091407454464804516e+01
-1.896399886747505370e+00
-2.065475878937705900e+00
-2.244282279754346465e+00
-2.431443410885497425e+00
-2.631315364902998777e+00
-2.821237701219989624e+00
-3.008705997897625828e+00
-3.202220456443963137e+00
-3.398879868035241891e+00
-3.602461436505424608e+00
-3.814057132229352831e+00
-4.032983965063870357e+00
-4.257489202596826061e+00
-4.427789083866906950e+00
-4.533006902565263729e+00
-4.643499495131917953e+00
-4.757097678917128647e+00
-4.872726907607404456e+00
-4.989735387691085933e+00
-5.107715551347052241e+00
-5.226549444371318742e+00
-5.346833195130283656e+00
-5.422182017665203801e+00
-5.479551417460498897e+00
-5.530493106264561476e+00
-5.572684159131974013e+00
-5.604381998192138781e+00
-5.624366945332511136e+00
-5.631836191446460305e+00
-5.626454198790835193e+00
-5.610199487222352843e+00
-5.581341340765284542e+00
-5.537952646130509748e+00
-5.492035495195857209e+00
-5.447782359360221704e+00
-5.410148685748982444e+00
-5.384632179483475056e+00
-5.377179097520432549e+00
-5.394223223480324236e+00
-5.442901339431209351e+00
-5.531520266355407500e+00
-5.668639866970956120e+00
-5.863177464959619556e+00
-6.137953060321002852e+00
-6.521573016137772072e+00
-7.055721972154330501e+00
-7.817615175562231400e+00
-8.968306634765781382e+00
-1.095074623265024982e+01
-1.842305721579890809e+00
-2.023881029664771347e+00
-2.208996403259034125e+00
-2.399567279132441389e+00
-2.600343371975874174e+00
-2.800091463527734525e+00
-2.985721340631749321e+00
-3.174524597305062201e+00
-3.369147363702733600e+00
-3.570243928325147031e+00
-3.778869457233971829e+00
-3.992366120002033725e+00
-4.212332672270475697e+00
-4.420561465100446341e+00
-4.523960854303574308e+00
-4.633301938998641845e+00
-4.745962217736281019e+00
-4.860685877988736081e+00
-4.976708739214391386e+00
-5.093516597892666198e+00
-5.210839141499540972e+00
-5.328943855694671328e+00
-5.421158917853251324e+00
-5.477147951308811713e+00
-5.527112046059137640e+00
-5.568463548858446188e+00
-5.599345993689208711e+00
-5.618469286704318222e+00
-5.625194065929434828e+00
-5.619138451541754620e+00
-5.601460240129444657e+00
-5.574985690447409326e+00
-5.530387377017099482e+00
-5.483032876187508009e+00
-5.437342800519488151e+00
-5.398249943151668617e+00
-5.371240266205425939e+00
-5.362247811822882682e+00
-5.377687163237645507e+00
-5.424661834182472830e+00
-5.511415190130740882e+00
-5.648159765462658299e+00
-5.841381520973712327e+00
-6.113682626180313662e+00
-6.494310606129658936e+00
-7.024790074957156349e+00
-7.781688526772569503e+00
-8.925076024762766735e+00
-1.089498847044191088e+01
-1.866874476819561757e+00
-2.041150122674990630e+00
-2.222123609878623451e+00
-2.410023437870561835e+00
-2.609279516244144226e+00
-2.803186519746670324e+00
-2.989314707144308247e+00
-3.180808161376717180e+00
-3.376044739589648458e+00
-3.577998895452241257e+00
-3.787718969167372052e+00
-4.004527461380458675e+00
-4.226432426463199832e+00
-4.415512808742718676e+00
-4.519299036900212840e+00
-4.628718458135514524e+00
-4.741365032412547365e+00
-4.856068614155434560e+00
-4.972118409825702301e+00
-5.089051849613674960e+00
-5.206673616528284754e+00
-5.325413865025971916e+00
-5.408831469829490146e+00
-5.465122690846097697e+00
-5.515202035474040088e+00
-5.556617151381601616e+00
-5.587571964435639416e+00
-5.606815866156043882e+00
-5.613589199859745804e+00
-5.607361418203474557e+00
-5.590183218700882861e+00
-5.562470218441738723e+00
-5.518191894576201406e+00
-5.471432954527202241e+00
-5.426356881156959133e+00
-5.387908937553945066e+00
-5.361581526679401577e+00
-5.353316032759238396e+00
-5.369539094785004352e+00
-5.417374616365968620e+00
-5.505100942972951827e+00
-5.642626862526007869e+00
-5.836307813830401869e+00
-6.110125044208885470e+00
-6.492798804481225261e+00
-7.025741995526704642e+00
-7.786237473454356461e+00
-8.934962263063020771e+00
-1.091407454464803450e+01
-1.871390750969556427e+00
-2.048014377045173529e+00
-2.230912670226257610e+00
-2.420787820593957473e+00
-2.622204678187894711e+00
-2.817633073824207912e+00
-3.004655477379722939e+00
-3.195549239515393936e+00
-3.391607008517825150e+00
-3.594335675021721244e+00
-3.804833608805672895e+00
-4.020486927333498883e+00
-4.243035750362587066e+00
-4.432793108373571656e+00
-4.537572916562764291e+00
-4.647944791120632857e+00
-4.761517478584144314e+00
-4.877128381108262190e+00
-4.994070905436906571e+00
-5.111884737234900555e+00
-5.230375705435751144e+00
-5.349975179793830193e+00
-5.434150171124866091e+00
-5.491167552895340975e+00
-5.541943534338553690e+00
-5.584018273195262339e+00
-5.615587800310507305e+00
-5.635391808613913867e+00
-5.642812890578774443e+00
-5.637446262846047773e+00
-5.620618086441048433e+00
-5.593209834935819913e+00
-5.549155173977069921e+00
-5.502576090585478141e+00
-5.457636098918129619e+00
-5.419281532664385281e+00
-5.393005168155220019e+00
-5.384746762594303959e+00
-5.400928170770221470e+00
-5.448664234305837795e+00
-5.536218835635722257e+00
-5.673473817643518657e+00
-5.866561571894635563e+00
-6.139822794573504439e+00
-6.521418723483840552e+00
-7.053133812085725651e+00
-7.811516716300420882e+00
-8.957031326175211916e+00
-1.093058677129239165e+01
