-1.085612244663074488e+00
-1.523556723603497032e+00
-1.804454022868869911e+00
-2.019139936395849322e+00
-2.197861069121318511e+00
-2.343356683778600846e+00
-2.459163670989542805e+00
-2.546107541616178249e+00
-2.604360093512994911e+00
-2.631626858017295234e+00
-2.616466877473502706e+00
-2.526515784539653087e+00
-2.148756712577785777e+00
-3.461044464016196809e+00
-1.085612244663075820e+00
-1.523556723603496810e+00
-1.804454022868867913e+00
-2.019139936395850654e+00
-2.197861069121321620e+00
-2.343356683778600846e+00
-2.459163670989544581e+00
-2.546107541616177805e+00
-2.604360093512998908e+00
-2.631626858017292125e+00
-2.616466877473507147e+00
-2.526515784539658860e+00
-2.148756712577797323e+00
-3.461044464016246103e+00
-1.085612244663075376e+00
-1.523556723603497698e+00
-1.804454022868868579e+00
-2.019139936395849766e+00
-2.197861069121319399e+00
-2.343356683778605287e+00
-2.459163670989545025e+00
-2.546107541616182246e+00
-2.604360093512998464e+00
-2.631626858017301451e+00
-2.616466877473512476e+00
-2.526515784539669518e+00
-2.148756712577819528e+00
-3.461044464016294064e+00
-3.591846316601412781e+01
-2.202778184632768443e+01
-3.728427410121702934e+01
-2.512179203969665764e+01
-3.687767359663449440e+01
-2.764153737572136293e+01
-3.674721037915472976e+01
-3.002902546896847369e+01
-3.962701228476673521e+01
-3.561238631478037320e+01
-2.152939175331760779e+01
-3.615391299557381899e+01
-2.384660751229351661e+01
-3.507585725697407497e+01
-2.551516059707339323e+01
-3.416100924894118407e+01
-2.698881788856880348e+01
-3.587169227370105062e+01
-3.693539405542472309e+01
-2.290785510693861227e+01
-3.839747460289967051e+01
-2.617300506348070144e+01
-3.791051207991367278e+01
-2.867065299462482386e+01
-3.753065570970359488e+01
-3.091051950981691476e+01
-3.988871302297839350e+01
-3.591846316601434808e+01
-2.202778184632740022e+01
-3.728427410121737040e+01
-2.512179203969593999e+01
-3.687767359663496336e+01
-2.764153737572129899e+01
-3.674721037915500688e+01
-3.002902546896825697e+01
-3.962701228476706206e+01
-3.561238631478018135e+01
-2.152939175331703581e+01
-3.615391299557378346e+01
-2.384660751229335673e+01
-3.507585725697405366e+01
-2.551516059707319428e+01
-3.416100924894126933e+01
-2.698881788856872888e+01
-3.587169227370114299e+01
-3.693539405542477994e+01
-2.290785510693847016e+01
-3.839747460289897418e+01
-2.617300506348107803e+01
-3.791051207991388594e+01
-2.867065299462487360e+01
-3.753065570970382225e+01
-3.091051950981685437e+01
-3.988871302297860666e+01
-3.591846316601291988e+01
-2.202778184632792247e+01
-3.728427410121703645e+01
-2.512179203969608565e+01
-3.687767359663501310e+01
-2.764153737572130254e+01
-3.674721037915480792e+01
-3.002902546896832447e+01
-3.962701228476711890e+01
-3.561238631477897343e+01
-2.152939175331803057e+01
-3.615391299557359162e+01
-2.384660751229358411e+01
-3.507585725697402523e+01
-2.551516059707335771e+01
-3.416100924894116275e+01
-2.698881788856878217e+01
-3.587169227370095825e+01
-3.693539405542334464e+01
-2.290785510693921978e+01
-3.839747460289856917e+01
-2.617300506348125566e+01
-3.791051207991372962e+01
-2.867065299462483452e+01
-3.753065570970361620e+01
-3.091051950981706398e+01
-3.988871302297835797e+01
