-9.247594449608449452e-01
-1.476440070512378355e+00
-1.797593165781203872e+00
-2.024081204802631984e+00
-2.213568308744147117e+00
-2.367526529333628726e+00
-2.486888378884524187e+00
-2.572566248150860435e+00
-2.623437882550927025e+00
-2.637084399478688557e+00
-2.598910068423979425e+00
-2.455350303912070764e+00
-2.230236010435729277e+00
-2.653838086742983382e+00
-9.247594449608467215e-01
-1.476440070512379243e+00
-1.797593165781203428e+00
-2.024081204802630651e+00
-2.213568308744144897e+00
-2.367526529333629171e+00
-2.486888378884528628e+00
-2.572566248150864432e+00
-2.623437882550931022e+00
-2.637084399478692998e+00
-2.598910068423977648e+00
-2.455350303912065435e+00
-2.230236010435723504e+00
-2.653838086742969615e+00
-9.247594449608449452e-01
-1.476440070512378355e+00
-1.797593165781201874e+00
-2.024081204802632428e+00
-2.213568308744147117e+00
-2.367526529333629171e+00
-2.486888378884528183e+00
-2.572566248150863100e+00
-2.623437882550927469e+00
-2.637084399478693886e+00
-2.598910068423981645e+00
-2.455350303912073873e+00
-2.230236010435734162e+00
-2.653838086742998037e+00
-3.666602064003701855e+01
-2.260052682869138607e+01
-3.905996367366929434e+01
-2.565832134432622524e+01
-3.832836605033770638e+01
-2.839393401590056243e+01
-3.781221151132596248e+01
-3.078085027258988404e+01
-3.975157525575933448e+01
-3.623511701526537365e+01
-2.194077090682598552e+01
-3.724736013894558084e+01
-2.403599581809903896e+01
-3.549575559226519772e+01
-2.565645349160304889e+01
-3.395972989587453839e+01
-2.685274532567632022e+01
-3.462469043288930237e+01
-3.776559868525735908e+01
-2.341804967626614342e+01
-4.019401012484225078e+01
-2.650642452633492141e+01
-3.922098602369699449e+01
-2.910206857141549719e+01
-3.830604111017347435e+01
-3.122085563869445224e+01
-3.963610390748220169e+01
-3.666602064003749462e+01
-2.260052682869121554e+01
-3.905996367366950039e+01
-2.565832134432586997e+01
-3.832836605033806165e+01
-2.839393401590049137e+01
-3.781221151132587011e+01
-3.078085027258982720e+01
-3.975157525575937001e+01
-3.623511701526534523e+01
-2.194077090682582565e+01
-3.724736013894558795e+01
-2.403599581809884000e+01
-3.549575559226529720e+01
-2.565645349160299915e+01
-3.395972989587453839e+01
-2.685274532567628469e+01
-3.462469043288923842e+01
-3.776559868525762909e+01
-2.341804967626606171e+01
-4.019401012484213709e+01
-2.650642452633502799e+01
-3.922098602369671738e+01
-2.910206857141571390e+01
-3.830604111017331803e+01
-3.122085563869462632e+01
-3.963610390748193879e+01
-3.666602064003603800e+01
-2.260052682869207885e+01
-3.905996367366918776e+01
-2.565832134432612577e+01
-3.832836605033790534e+01
-2.839393401590071164e+01
-3.781221151132582747e+01
-3.078085027258979878e+01
-3.975157525575930606e+01
-3.623511701526381756e+01
-2.194077090682658238e+01
-3.724736013894509767e+01
-2.403599581809912067e+01
-3.549575559226504851e+01
-2.565645349160309507e+01
-3.395972989587446023e+01
-2.685274532567634864e+01
-3.462469043288906789e+01
-3.776559868525636432e+01
-2.341804967626702094e+01
-4.019401012484137681e+01
-2.650642452633553958e+01
-3.922098602369639764e+01
-2.910206857141598036e+01
-3.830604111017300539e+01
-3.122085563869440961e+01
-3.963610390748190326e+01
