-9.832017226344534899e-01
-1.013030720949369412e+00
-1.068831149829140292e+00
-1.129530044399683852e+00
-1.240486236374677809e+00
-1.362021847766595295e+00
-1.478512557895899748e+00
-1.592336979078027515e+00
-1.703866815026169768e+00
-1.818143952296106036e+00
-1.940355649837667507e+00
-2.047038340899590025e+00
-2.093835039493617600e+00
-2.147271022147540176e+00
-2.204263604289531830e+00
-2.263224016335047217e+00
-2.323162576873480489e+00
-2.383929438777600218e+00
-2.446284439733730665e+00
-2.496477968858298091e+00
-2.530919669171051822e+00
-2.565506333463122957e+00
-2.599103219242955731e+00
-2.631164087166729004e+00
-2.661433893867187983e+00
-2.689883188610473042e+00
-2.716731254177715549e+00
-2.740337019895668469e+00
-2.757322574473276333e+00
-2.773089570629728939e+00
-2.787571726545122530e+00
-2.800762208696280453e+00
-2.812515805586427220e+00
-2.822417492807076655e+00
-2.829717882864294154e+00
-2.833412051733732895e+00
-2.830253996415432738e+00
-2.819321094555022000e+00
-2.802292335925780975e+00
-2.780326569636057954e+00
-2.756378569063032913e+00
-2.735671828561061503e+00
-2.734190230849005587e+00
-2.852833981994871593e+00
-3.159043636593441562e+00
-3.399814688705852461e+00
-3.660005255855683259e+00
-4.139906112690845852e+00
-5.377195131592404920e+00
-9.832017226344544891e-01
-1.013030720949370522e+00
-1.068831149829140070e+00
-1.129530044399682076e+00
-1.240486236374677809e+00
-1.362021847766596405e+00
-1.478512557895895974e+00
-1.592336979078027515e+00
-1.703866815026166659e+00
-1.818143952296109589e+00
-1.940355649837663510e+00
-2.047038340899591358e+00
-2.093835039493613159e+00
-2.147271022147538844e+00
-2.204263604289535827e+00
-2.263224016335056987e+00
-2.323162576873484930e+00
-2.383929438777602883e+00
-2.446284439733726224e+00
-2.496477968858299867e+00
-2.530919669171043829e+00
-2.565506333463126509e+00
-2.599103219242953067e+00
-2.631164087166732557e+00
-2.661433893867194200e+00
-2.689883188610466824e+00
-2.716731254177711108e+00
-2.740337019895671133e+00
-2.757322574473288768e+00
-2.773089570629727163e+00
-2.787571726545113648e+00
-2.800762208696303546e+00
-2.812515805586423667e+00
-2.822417492807080208e+00
-2.829717882864276390e+00
-2.833412051733724013e+00
-2.830253996415454054e+00
-2.819321094555034435e+00
-2.802292335925784528e+00
-2.780326569636041967e+00
-2.756378569063020478e+00
-2.735671828561063279e+00
-2.734190230849016245e+00
-2.852833981994878698e+00
-3.159043636593461102e+00
-3.399814688705863119e+00
-3.660005255855685036e+00
-4.139906112690843187e+00
-5.377195131592390709e+00
-9.832017226344533789e-01
-1.013030720949371410e+00
-1.068831149829140736e+00
-1.129530044399683186e+00
-1.240486236374677587e+00
-1.362021847766593963e+00
-1.478512557895900414e+00
-1.592336979078024406e+00
-1.703866815026171100e+00
-1.818143952296110033e+00
-1.940355649837666174e+00
-2.047038340899593578e+00
-2.093835039493612271e+00
-2.147271022147531738e+00
-2.204263604289530054e+00
-2.263224016335048105e+00
-2.323162576873484930e+00
-2.383929438777592225e+00
-2.446284439733731553e+00
-2.496477968858297203e+00
-2.530919669171033171e+00
-2.565506333463122957e+00
-2.599103219242956619e+00
-2.631164087166732557e+00
-2.661433893867187095e+00
-2.689883188610462383e+00
-2.716731254177729760e+00
-2.740337019895672910e+00
-2.757322574473277221e+00
-2.773089570629728939e+00
-2.787571726545118977e+00
-2.800762208696292888e+00
-2.812515805586428996e+00
-2.822417492807081985e+00
-2.829717882864281719e+00
-2.833412051733708026e+00
-2.830253996415455831e+00
-2.819321094555036211e+00
-2.802292335925773870e+00
-2.780326569636049072e+00
-2.756378569063018702e+00
-2.735671828561056174e+00
-2.734190230848989600e+00
-2.852833981994871593e+00
-3.159043636593466431e+00
-3.399814688705866672e+00
-3.660005255855711681e+00
-4.139906112690848516e+00
-5.377195131592408472e+00
-3.943150106596537796e+01
-4.037442877121495854e+01
-4.105055296690009925e+01
-4.155940769165093229e+01
-4.190796653452970588e+01
-4.216210726551249621e+01
-4.238653330292519428e+01
-4.260100676853456036e+01
-4.280864608023199480e+01
-4.301064588008510725e+01
-4.320358039623617685e+01
-4.338665764176757733e+01
-4.355853213200568064e+01
-4.371962439250518173e+01
-4.386999980020770096e+01
-4.400967265490467639e+01
-4.413859229600738132e+01
-4.425944255192423782e+01
-4.437166554908194627e+01
-4.447803016197354964e+01
-4.457976422256413684e+01
-4.467692693126077330e+01
-4.477201954644478832e+01
-4.486449864817256383e+01
-4.494785835346376501e+01
-4.500242610439994451e+01
-4.503812199153100693e+01
-4.511724689204643823e+01
-4.548530436832480461e+01
-3.726852525236255076e+01
-3.864878397440174496e+01
-3.930084909575778340e+01
-3.980250822809916400e+01
-4.017290470298574689e+01
-4.039022905870958624e+01
-4.048710945002167705e+01
-4.054395889908835215e+01
-4.058673295801852987e+01
-4.062396594352075141e+01
-4.065531641207921609e+01
-4.067750935819596947e+01
-4.068964186196629385e+01
-4.068988353519338119e+01
-4.067962535958061210e+01
-4.065901339353710853e+01
-4.062900985168035106e+01
-4.059088464818155018e+01
-4.054580157562743636e+01
-4.049569104578350931e+01
-4.044411981965733816e+01
-4.039653109867920477e+01
-4.036079025293823719e+01
-4.034871679939528377e+01
-4.037783107671332772e+01
-4.047890429427457804e+01
-4.071343121123590691e+01
-4.115415621019000270e+01
-4.212459593960800674e+01
-3.931143078307579231e+01
-4.053010339222645086e+01
-4.130682944915375998e+01
-4.192786086540987611e+01
-4.240952763698897598e+01
-4.276024522260714633e+01
-4.302176583367675988e+01
-4.324423886517573834e+01
-4.344678925518079637e+01
-4.363414666801914166e+01
-4.380779117932452493e+01
-4.396813072408436085e+01
-4.411445688375201257e+01
-4.424736757906902085e+01
-4.436690742708395163e+01
-4.447392167048631961e+01
-4.456884121055377790e+01
-4.465254462516782752e+01
-4.472668074211009781e+01
-4.479139625402345359e+01
-4.484814175847754569e+01
-4.489777908943690932e+01
-4.494022585845836915e+01
-4.497041082003747192e+01
-4.496884667990929074e+01
-4.493009350953461478e+01
-4.487543189919656328e+01
-4.486179357658594569e+01
-4.509248076078050360e+01
-3.943150106596539217e+01
-4.037442877121501539e+01
-4.105055296690005662e+01
-4.155940769165096782e+01
-4.190796653452976273e+01
-4.216210726551252463e+01
-4.238653330292520849e+01
-4.260100676853451063e+01
-4.280864608023198059e+01
-4.301064588008504330e+01
-4.320358039623606317e+01
-4.338665764176754180e+01
-4.355853213200562379e+01
-4.371962439250515331e+01
-4.386999980020777201e+01
-4.400967265490463376e+01
-4.413859229600732448e+01
-4.425944255192420940e+01
-4.437166554908196758e+01
-4.447803016197349280e+01
-4.457976422256405868e+01
-4.467692693126085146e+01
-4.477201954644479542e+01
-4.486449864817247857e+01
-4.494785835346362290e+01
-4.500242610439988766e+01
-4.503812199153095719e+01
-4.511724689204629613e+01
-4.548530436832474777e+01
-3.726852525236247260e+01
-3.864878397440158153e+01
-3.930084909575766261e+01
-3.980250822809897215e+01
-4.017290470298565452e+01
-4.039022905870950098e+01
-4.048710945002162021e+01
-4.054395889908823847e+01
-4.058673295801839487e+01
-4.062396594352070167e+01
-4.065531641207913793e+01
-4.067750935819589131e+01
-4.068964186196622279e+01
-4.068988353519330303e+01
-4.067962535958051973e+01
-4.065901339353710853e+01
-4.062900985168030843e+01
-4.059088464818150044e+01
-4.054580157562747189e+01
-4.049569104578351642e+01
-4.044411981965739500e+01
-4.039653109867924741e+01
-4.036079025293830824e+01
-4.034871679939538325e+01
-4.037783107671341298e+01
-4.047890429427463488e+01
-4.071343121123598507e+01
-4.115415621019013059e+01
-4.212459593960813464e+01
-3.931143078307584204e+01
-4.053010339222650060e+01
-4.130682944915375288e+01
-4.192786086540986901e+01
-4.240952763698899730e+01
-4.276024522260712502e+01
-4.302176583367680962e+01
-4.324423886517573834e+01
-4.344678925518078216e+01
-4.363414666801919850e+01
-4.380779117932459599e+01
-4.396813072408438217e+01
-4.411445688375199836e+01
-4.424736757906904927e+01
-4.436690742708395874e+01
-4.447392167048640488e+01
-4.456884121055382053e+01
-4.465254462516783462e+01
-4.472668074211004097e+01
-4.479139625402346070e+01
-4.484814175847760254e+01
-4.489777908943689511e+01
-4.494022585845841178e+01
-4.497041082003750034e+01
-4.496884667990936180e+01
-4.493009350953471426e+01
-4.487543189919664854e+01
-4.486179357658603095e+01
-4.509248076078051781e+01
-3.943150106596542059e+01
-4.037442877121511486e+01
-4.105055296690017741e+01
-4.155940769165102466e+01
-4.190796653452982667e+01
-4.216210726551261700e+01
-4.238653330292525823e+01
-4.260100676853457458e+01
-4.280864608023205875e+01
-4.301064588008505751e+01
-4.320358039623612001e+01
-4.338665764176756312e+01
-4.355853213200572327e+01
-4.371962439250518884e+01
-4.386999980020773648e+01
-4.400967265490464797e+01
-4.413859229600739553e+01
-4.425944255192420229e+01
-4.437166554908195337e+01
-4.447803016197350701e+01
-4.457976422256406579e+01
-4.467692693126075909e+01
-4.477201954644470305e+01
-4.486449864817242883e+01
-4.494785835346354474e+01
-4.500242610439983793e+01
-4.503812199153096429e+01
-4.511724689204631744e+01
-4.548530436832469093e+01
-3.726852525236247260e+01
-3.864878397440149627e+01
-3.930084909575764129e+01
-3.980250822809895794e+01
-4.017290470298566873e+01
-4.039022905870948676e+01
-4.048710945002159889e+01
-4.054395889908814610e+01
-4.058673295801829539e+01
-4.062396594352064483e+01
-4.065531641207910241e+01
-4.067750935819590552e+01
-4.068964186196622990e+01
-4.068988353519328172e+01
-4.067962535958051262e+01
-4.065901339353708011e+01
-4.062900985168032975e+01
-4.059088464818148623e+01
-4.054580157562748610e+01
-4.049569104578341694e+01
-4.044411981965741631e+01
-4.039653109867918346e+01
-4.036079025293829403e+01
-4.034871679939543299e+01
-4.037783107671342719e+01
-4.047890429427465619e+01
-4.071343121123600639e+01
-4.115415621019020165e+01
-4.212459593960802096e+01
-3.931143078307579231e+01
-4.053010339222649350e+01
-4.130682944915382393e+01
-4.192786086540988322e+01
-4.240952763698901151e+01
-4.276024522260713923e+01
-4.302176583367685936e+01
-4.324423886517575255e+01
-4.344678925518084611e+01
-4.363414666801921982e+01
-4.380779117932463862e+01
-4.396813072408446033e+01
-4.411445688375200547e+01
-4.424736757906904216e+01
-4.436690742708395163e+01
-4.447392167048631961e+01
-4.456884121055382764e+01
-4.465254462516790568e+01
-4.472668074211001965e+01
-4.479139625402344649e+01
-4.484814175847760254e+01
-4.489777908943687379e+01
-4.494022585845836915e+01
-4.497041082003742218e+01
-4.496884667990933337e+01
-4.493009350953462899e+01
-4.487543189919657749e+01
-4.486179357658600964e+01
-4.509248076078046097e+01
