-7.272551543587961742e-01
-7.542509034137533375e-01
-7.975062081121402358e-01
-8.479999209345658873e-01
-8.986288537009703425e-01
-9.561095553431099292e-01
-1.044741631525696102e+00
-1.126877970357279768e+00
-1.205675025190612537e+00
-1.282520793039232831e+00
-1.359021532142140165e+00
-1.436558916480227488e+00
-1.513117736623096121e+00
-1.593926884028957769e+00
-1.678284952358377602e+00
-1.703793725659740854e+00
-1.735825969363540722e+00
-1.770510221643406545e+00
-1.806021333188188027e+00
-1.841324965868378349e+00
-1.875850920790123944e+00
-1.909356554331001377e+00
-1.941852476303441932e+00
-1.973591621224860759e+00
-2.005220400172124329e+00
-2.028925330472318045e+00
-2.040766972765799103e+00
-2.052219626613402959e+00
-2.062624748955528275e+00
-2.071778950102416417e+00
-2.079670296408140828e+00
-2.086337053322401935e+00
-2.091729887902266327e+00
-2.095566965624035660e+00
-2.097203327559313379e+00
-2.095599656557631363e+00
-2.089452499081048131e+00
-2.077566515549964521e+00
-2.059494517816544246e+00
-2.032554488415648564e+00
-2.001857616489086666e+00
-1.972522862306306912e+00
-1.956897625839398636e+00
-2.011083193787987611e+00
-2.188790908728867279e+00
-2.363681266699641625e+00
-2.563268298597846773e+00
-2.926554565298887134e+00
-3.861789373572998230e+00
-7.272551543587941758e-01
-7.542509034137536705e-01
-7.975062081121399027e-01
-8.479999209345649991e-01
-8.986288537009711197e-01
-9.561095553431121497e-01
-1.044741631525693437e+00
-1.126877970357280656e+00
-1.205675025190609873e+00
-1.282520793039235496e+00
-1.359021532142138611e+00
-1.436558916480226156e+00
-1.513117736623090348e+00
-1.593926884028957325e+00
-1.678284952358375381e+00
-1.703793725659741298e+00
-1.735825969363542498e+00
-1.770510221643407434e+00
-1.806021333188195577e+00
-1.841324965868377905e+00
-1.875850920790126608e+00
-1.909356554331000488e+00
-1.941852476303436603e+00
-1.973591621224862536e+00
-2.005220400172125217e+00
-2.028925330472314492e+00
-2.040766972765803544e+00
-2.052219626613398518e+00
-2.062624748955514953e+00
-2.071778950102405759e+00
-2.079670296408130170e+00
-2.086337053322409929e+00
-2.091729887902268104e+00
-2.095566965624044542e+00
-2.097203327559308939e+00
-2.095599656557634027e+00
-2.089452499081033920e+00
-2.077566515549966297e+00
-2.059494517816544246e+00
-2.032554488415652116e+00
-2.001857616489081337e+00
-1.972522862306328228e+00
-1.956897625839397747e+00
-2.011083193787987611e+00
-2.188790908728869944e+00
-2.363681266699644290e+00
-2.563268298597848549e+00
-2.926554565298882693e+00
-3.861789373573010220e+00
-7.272551543587948419e-01
-7.542509034137545587e-01
-7.975062081121409019e-01
-8.479999209345663314e-01
-8.986288537009720079e-01
-9.561095553431112615e-01
-1.044741631525694547e+00
-1.126877970357280656e+00
-1.205675025190609428e+00
-1.282520793039237716e+00
-1.359021532142138611e+00
-1.436558916480228376e+00
-1.513117736623094345e+00
-1.593926884028960878e+00
-1.678284952358377602e+00
-1.703793725659740410e+00
-1.735825969363540722e+00
-1.770510221643409210e+00
-1.806021333188197353e+00
-1.841324965868378349e+00
-1.875850920790131049e+00
-1.909356554331010258e+00
-1.941852476303438380e+00
-1.973591621224862536e+00
-2.005220400172121664e+00
-2.028925330472310051e+00
-2.040766972765798215e+00
-2.052219626613402959e+00
-2.062624748955523835e+00
-2.071778950102411088e+00
-2.079670296408138164e+00
-2.086337053322399271e+00
-2.091729887902259222e+00
-2.095566965624043654e+00
-2.097203327559306274e+00
-2.095599656557636692e+00
-2.089452499081036585e+00
-2.077566515549968074e+00
-2.059494517816540693e+00
-2.032554488415650340e+00
-2.001857616489074232e+00
-1.972522862306316682e+00
-1.956897625839393307e+00
-2.011083193787984058e+00
-2.188790908728865503e+00
-2.363681266699636296e+00
-2.563268298597832562e+00
-2.926554565298880917e+00
-3.861789373572983131e+00
-3.012153440791068348e+01
-3.079720647950727042e+01
-3.129042527753432879e+01
-3.163853230991613685e+01
-3.186459762880310009e+01
-3.204333262862394349e+01
-3.220479118437499721e+01
-3.236048191665932450e+01
-3.251063601062504915e+01
-3.265280062372929137e+01
-3.278525157434901161e+01
-3.290741247091466448e+01
-3.301898107027982121e+01
-3.312018874296617810e+01
-3.321141268166635996e+01
-3.329291004069587245e+01
-3.336548413970194105e+01
-3.342942190821635506e+01
-3.348596390168737003e+01
-3.353603131210358868e+01
-3.358218389720433805e+01
-3.362762313028694905e+01
-3.367416603511026096e+01
-3.372416560436512611e+01
-3.378366852748983717e+01
-3.386407914529321062e+01
-3.396435799248909859e+01
-3.414125965734876189e+01
-3.462606002493011204e+01
-2.844400582388398036e+01
-2.944983075609795620e+01
-2.995277343103669665e+01
-3.033366694938599295e+01
-3.058972034723591804e+01
-3.071680520503477396e+01
-3.077180491894371883e+01
-3.080293953643979776e+01
-3.082653123812901441e+01
-3.084511629699219526e+01
-3.085567860059981982e+01
-3.085619640262450503e+01
-3.084456177358041629e+01
-3.082135758798131775e+01
-3.078795680429531600e+01
-3.074534134657730888e+01
-3.069432556962594916e+01
-3.063586075677224230e+01
-3.057107699525246147e+01
-3.050018667426101260e+01
-3.042513395055290104e+01
-3.035054083275448278e+01
-3.028157211480456112e+01
-3.022715387932335318e+01
-3.020313110172780213e+01
-3.023618185441218387e+01
-3.038114891433210474e+01
-3.076940304416602245e+01
-3.174419143970488832e+01
-3.021248945612674319e+01
-3.103452265035295454e+01
-3.160580628839519335e+01
-3.204082713563031604e+01
-3.234893976488275769e+01
-3.256393042702566731e+01
-3.273768703986037565e+01
-3.289037990780405352e+01
-3.302967040854260006e+01
-3.315771000787207612e+01
-3.327314887782507213e+01
-3.337685254156883730e+01
-3.346702273700194041e+01
-3.354497861151846649e+01
-3.361137213545006830e+01
-3.366690083350492557e+01
-3.371198487728125315e+01
-3.374728926278787355e+01
-3.377555974333896671e+01
-3.379701374826586857e+01
-3.381394648508951661e+01
-3.382815479502465195e+01
-3.384069984469001469e+01
-3.385402079882320692e+01
-3.387173358972770387e+01
-3.389579064492877336e+01
-3.392997237519956855e+01
-3.402281706324959742e+01
-3.439932458838380569e+01
-3.012153440791061243e+01
-3.079720647950719581e+01
-3.129042527753425418e+01
-3.163853230991606935e+01
-3.186459762880306457e+01
-3.204333262862387954e+01
-3.220479118437499721e+01
-3.236048191665932450e+01
-3.251063601062500652e+01
-3.265280062372922742e+01
-3.278525157434894766e+01
-3.290741247091466448e+01
-3.301898107027984963e+01
-3.312018874296616389e+01
-3.321141268166638127e+01
-3.329291004069588666e+01
-3.336548413970192684e+01
-3.342942190821630533e+01
-3.348596390168739845e+01
-3.353603131210360999e+01
-3.358218389720436647e+01
-3.362762313028699879e+01
-3.367416603511024675e+01
-3.372416560436518296e+01
-3.378366852748989402e+01
-3.386407914529328878e+01
-3.396435799248916254e+01
-3.414125965734886137e+01
-3.462606002493024704e+01
-2.844400582388406207e+01
-2.944983075609808409e+01
-2.995277343103683876e+01
-3.033366694938616348e+01
-3.058972034723607436e+01
-3.071680520503493383e+01
-3.077180491894383607e+01
-3.080293953643994342e+01
-3.082653123812919205e+01
-3.084511629699230184e+01
-3.085567860059989087e+01
-3.085619640262460095e+01
-3.084456177358050510e+01
-3.082135758798134972e+01
-3.078795680429535153e+01
-3.074534134657737994e+01
-3.069432556962592074e+01
-3.063586075677227782e+01
-3.057107699525244371e+01
-3.050018667426101615e+01
-3.042513395055282288e+01
-3.035054083275445080e+01
-3.028157211480448652e+01
-3.022715387932331765e+01
-3.020313110172764581e+01
-3.023618185441213413e+01
-3.038114891433196973e+01
-3.076940304416594429e+01
-3.174419143970463963e+01
-3.021248945612673253e+01
-3.103452265035301139e+01
-3.160580628839511519e+01
-3.204082713563023788e+01
-3.234893976488275769e+01
-3.256393042702559626e+01
-3.273768703986034012e+01
-3.289037990780402509e+01
-3.302967040854262848e+01
-3.315771000787204059e+01
-3.327314887782508634e+01
-3.337685254156883019e+01
-3.346702273700188357e+01
-3.354497861151846649e+01
-3.361137213545008251e+01
-3.366690083350486873e+01
-3.371198487728122473e+01
-3.374728926278788776e+01
-3.377555974333894540e+01
-3.379701374826588989e+01
-3.381394648508955214e+01
-3.382815479502466616e+01
-3.384069984469000758e+01
-3.385402079882318560e+01
-3.387173358972769677e+01
-3.389579064492876626e+01
-3.392997237519958276e+01
-3.402281706324962585e+01
-3.439932458838370621e+01
-3.012153440791060888e+01
-3.079720647950718870e+01
-3.129042527753425063e+01
-3.163853230991605869e+01
-3.186459762880303970e+01
-3.204333262862390086e+01
-3.220479118437499011e+01
-3.236048191665929608e+01
-3.251063601062502784e+01
-3.265280062372922032e+01
-3.278525157434895476e+01
-3.290741247091462895e+01
-3.301898107027985674e+01
-3.312018874296617810e+01
-3.321141268166636706e+01
-3.329291004069585824e+01
-3.336548413970190552e+01
-3.342942190821629111e+01
-3.348596390168734160e+01
-3.353603131210359578e+01
-3.358218389720431674e+01
-3.362762313028699879e+01
-3.367416603511021123e+01
-3.372416560436516875e+01
-3.378366852748990823e+01
-3.386407914529328167e+01
-3.396435799248914122e+01
-3.414125965734877610e+01
-3.462606002493026836e+01
-2.844400582388414733e+01
-2.944983075609815870e+01
-2.995277343103688850e+01
-3.033366694938622743e+01
-3.058972034723615252e+01
-3.071680520503498713e+01
-3.077180491894388581e+01
-3.080293953643998250e+01
-3.082653123812922757e+01
-3.084511629699233026e+01
-3.085567860059990863e+01
-3.085619640262458319e+01
-3.084456177358054063e+01
-3.082135758798135683e+01
-3.078795680429533732e+01
-3.074534134657735862e+01
-3.069432556962592074e+01
-3.063586075677228848e+01
-3.057107699525242239e+01
-3.050018667426100194e+01
-3.042513395055282643e+01
-3.035054083275441528e+01
-3.028157211480447586e+01
-3.022715387932331765e+01
-3.020313110172763515e+01
-3.023618185441204176e+01
-3.038114891433188447e+01
-3.076940304416574534e+01
-3.174419143970453305e+01
-3.021248945612676096e+01
-3.103452265035299007e+01
-3.160580628839513651e+01
-3.204082713563023788e+01
-3.234893976488277900e+01
-3.256393042702557494e+01
-3.273768703986034723e+01
-3.289037990780401799e+01
-3.302967040854257164e+01
-3.315771000787204059e+01
-3.327314887782503661e+01
-3.337685254156883019e+01
-3.346702273700186225e+01
-3.354497861151842386e+01
-3.361137213545006830e+01
-3.366690083350486873e+01
-3.371198487728118920e+01
-3.374728926278787355e+01
-3.377555974333894540e+01
-3.379701374826589699e+01
-3.381394648508956635e+01
-3.382815479502468747e+01
-3.384069984469001469e+01
-3.385402079882321402e+01
-3.387173358972771808e+01
-3.389579064492876626e+01
-3.392997237519957565e+01
-3.402281706324960453e+01
-3.439932458838369200e+01
