-2.518999318951087751e+00
-3.008330820347675427e+01
-1.668253221263485031e+01
5.636209083177050161e+00
3.267796118031942854e+01
1.211931318987339168e+01
7.357349999947611963e+00
-2.451886383541808527e+02
-3.197478741895326770e+00
9.329229533648254247e+00
6.905935450636841111e+00
7.035817831867403171e+00
7.522984213381867846e+00
4.352294155143541232e+00
1.102631856377085828e+00
-2.502209366513028499e+00
-4.416123774812440672e+00
-5.017938187012919826e+00
-4.737537998523075444e+00
-4.140248097791618065e+00
-3.353973905742135386e+00
-2.330052435488391804e+00
-8.393896282136735776e-01
5.704338240038739904e-01
1.839939776269848171e+00
3.008542732280658605e+00
3.815729318739977671e+00
3.383076631542929480e+00
1.954545731136387410e+00
6.056450329426201762e-01
-7.278778412241583284e-01
-2.906346350533212775e+00
-6.139360921861281462e+00
-2.170443440803370905e+01
-4.803646378895820135e+01
-5.600691500274690426e+00
-1.985427024400459706e+00
6.341168509908503559e-01
3.408942128041779096e+00
3.301192198023921165e+00
2.834059151691820322e+00
2.408443450020438359e+00
2.020997855072839577e+00
1.695860427729769526e+00
1.419507849223911933e+00
1.159461046938237150e+00
8.789838967853109697e-01
4.829940947654105532e-01
-3.467347022020339509e-01
-2.517782883148905970e+00
-3.008524418297899672e+01
-1.668397805842397830e+01
5.636831659630265001e+00
3.267708465638754944e+01
1.212363234119235500e+01
7.358443002544134082e+00
-2.452183142164262790e+02
-3.190695802616620114e+00
9.332738405056232978e+00
6.906905070405295000e+00
7.036462683891709702e+00
7.524441306728185452e+00
4.351174316035908873e+00
1.102138547285615555e+00
-2.501918330954659098e+00
-4.415532562088799295e+00
-5.017759524555486905e+00
-4.737467192677230265e+00
-4.140131832453292304e+00
-3.353841507699832469e+00
-2.329901847201146126e+00
-8.393010993981691037e-01
5.704731943288887663e-01
1.839962027859657789e+00
3.008643957766282906e+00
3.816042095469434070e+00
3.383496394802736784e+00
1.954927378043047170e+00
6.059844456424297032e-01
-7.275554105357893153e-01
-2.905985498784454002e+00
-6.138622645065594519e+00
-2.170528954916590791e+01
-4.803770109439616931e+01
-5.599443853936438842e+00
-1.985508839155144756e+00
6.340375019075175089e-01
3.409275038169901961e+00
3.301573894470482440e+00
2.834431617345144705e+00
2.408805378987190604e+00
2.021341107704791362e+00
1.696196370134338327e+00
1.419834919654646921e+00
1.159806931345433334e+00
8.793373035448035502e-01
4.834122715817712468e-01
-3.461833793613899868e-01
-2.519739547025423576e+00
-3.008841212061168235e+01
-1.668791220198041003e+01
5.631816854451946242e+00
3.267344342080465935e+01
1.211535458190001791e+01
7.352243188023180664e+00
-2.452108455336706072e+02
-3.195770622532084992e+00
9.322005385776614972e+00
6.896211220453844604e+00
7.027788851729950714e+00
7.520603675904165009e+00
4.333487723506342704e+00
1.088527195753843824e+00
-2.510115465573432569e+00
-4.421233361742721968e+00
-5.027484825054009399e+00
-4.748550559300491081e+00
-4.151354931799819958e+00
-3.366034228451221022e+00
-2.342379401834321584e+00
-8.534144218122697856e-01
5.568991797035121039e-01
1.825955103637707300e+00
2.994508906221195588e+00
3.802930464360115170e+00
3.371084255503943972e+00
1.942035355011953790e+00
5.921388128599653911e-01
-7.430774863230166227e-01
-2.920180600136313753e+00
-6.150792229344231643e+00
-2.173337119847849763e+01
-4.808158032514121061e+01
-5.603328153635750652e+00
-2.007428771227579123e+00
6.078114870726647467e-01
3.392394202597321051e+00
3.285398371760003933e+00
2.817635566148557924e+00
2.391218698423477118e+00
2.003067036009889001e+00
1.677231535411097152e+00
1.400736380643184287e+00
1.140090197289842955e+00
8.601831259091476944e-01
4.641922851101212277e-01
-3.625617087573083097e-01
-2.516780942824052403e+00
-3.007955257887241274e+01
-1.667795389849015208e+01
5.642107031711313780e+00
3.268246624848739401e+01
1.212853967179457193e+01
7.364749059954905697e+00
-2.451977922496616884e+02
-3.192254801160757438e+00
9.340107871205724166e+00
6.917403066945682966e+00
7.045998991234455389e+00
7.529112965575384564e+00
4.371219404673293063e+00
1.117049411234803280e+00
-2.493715676600723352e+00
-4.410492221118661682e+00
-5.008353462345417562e+00
-4.726581136337253852e+00
-4.129053829459842007e+00
-3.341640577408601764e+00
-2.316789805411646697e+00
-8.243525794939666751e-01
5.853432298519463117e-01
1.855657053929674394e+00
3.024728045826232670e+00
3.831128627541888321e+00
3.397862990403771377e+00
1.969784514436009104e+00
6.217104870308012288e-01
-7.103082721373187303e-01
-2.891017796157317132e+00
-6.127178344301897006e+00
-2.168583747754701108e+01
-4.801532238504113081e+01
-5.596835529603454873e+00
-1.961929991140028307e+00
6.630512204880831817e-01
3.429875756336556947e+00
3.321514268807665093e+00
2.854937511891660673e+00
2.430070907347964937e+00
2.043238587233727088e+00
1.718772095671714517e+00
1.442470918726166840e+00
1.183095136136400161e+00
9.019012254324714206e-01
5.059628828260192002e-01
-3.271872300524782951e-01
-2.517782883148893980e+00
-3.008524418297901093e+01
-1.668397805842393922e+01
5.636831659630249902e+00
3.267708465638762050e+01
1.212363234119223421e+01
7.358443002544106548e+00
-2.452183142164264495e+02
-3.190695802616845711e+00
9.332738405056163700e+00
6.906905070405287894e+00
7.036462683891727465e+00
7.524441306728192558e+00
4.351174316035914202e+00
1.102138547285616887e+00
-2.501918330954660430e+00
-4.415532562088800184e+00
-5.017759524555489570e+00
-4.737467192677225825e+00
-4.140131832453288752e+00
-3.353841507699832469e+00
-2.329901847201141241e+00
-8.393010993981746548e-01
5.704731943288812168e-01
1.839962027859649130e+00
3.008643957766270027e+00
3.816042095469428741e+00
3.383496394802727014e+00
1.954927378043052055e+00
6.059844456424325898e-01
-7.275554105357846524e-01
-2.905985498784461107e+00
-6.138622645065598959e+00
-2.170528954916591147e+01
-4.803770109439622615e+01
-5.599443853936444171e+00
-1.985508839155151417e+00
6.340375019075312757e-01
3.409275038169921057e+00
3.301573894470491766e+00
2.834431617345139376e+00
2.408805378987190604e+00
2.021341107704792694e+00
1.696196370134342768e+00
1.419834919654646921e+00
1.159806931345434222e+00
8.793373035448037722e-01
4.834122715817759097e-01
-3.461833793613893206e-01
-2.518999318951095745e+00
-3.008330820347676138e+01
-1.668253221263487518e+01
5.636209083177042167e+00
3.267796118031936459e+01
1.211931318987353023e+01
7.357349999947618180e+00
-2.451886383541805685e+02
-3.197478741895060317e+00
9.329229533648344841e+00
6.905935450636896178e+00
7.035817831867412053e+00
7.522984213381874952e+00
4.352294155143541232e+00
1.102631856377076947e+00
-2.502209366513036937e+00
-4.416123774812447778e+00
-5.017938187012924267e+00
-4.737537998523081662e+00
-4.140248097791629611e+00
-3.353973905742139827e+00
-2.330052435488389584e+00
-8.393896282136743547e-01
5.704338240038744345e-01
1.839939776269843064e+00
3.008542732280647947e+00
3.815729318739971898e+00
3.383076631542934365e+00
1.954545731136391407e+00
6.056450329426159573e-01
-7.278778412241653228e-01
-2.906346350533210110e+00
-6.139360921861282350e+00
-2.170443440803371615e+01
-4.803646378895813029e+01
-5.600691500274686874e+00
-1.985427024400454599e+00
6.341168509908419182e-01
3.408942128041777764e+00
3.301192198023917612e+00
2.834059151691831424e+00
2.408443450020439247e+00
2.020997855072839577e+00
1.695860427729771747e+00
1.419507849223908380e+00
1.159461046938232265e+00
8.789838967853094154e-01
4.829940947654129957e-01
-3.467347022020350611e-01
-2.516780942824058176e+00
-3.007955257887240563e+01
-1.667795389849013432e+01
5.642107031711320886e+00
3.268246624848741533e+01
1.212853967179459502e+01
7.364749059954904808e+00
-2.451977922496641327e+02
-3.192254801160741451e+00
9.340107871205574952e+00
6.917403066945677637e+00
7.045998991234456277e+00
7.529112965575367689e+00
4.371219404673288622e+00
1.117049411234802392e+00
-2.493715676600718467e+00
-4.410492221118665235e+00
-5.008353462345420226e+00
-4.726581136337254740e+00
-4.129053829459845559e+00
-3.341640577408607538e+00
-2.316789805411652026e+00
-8.243525794939644546e-01
5.853432298519503085e-01
1.855657053929672173e+00
3.024728045826233558e+00
3.831128627541880771e+00
3.397862990403758499e+00
1.969784514436013101e+00
6.217104870307976761e-01
-7.103082721373306097e-01
-2.891017796157316688e+00
-6.127178344301897894e+00
-2.168583747754698976e+01
-4.801532238504108108e+01
-5.596835529603437109e+00
-1.961929991139945928e+00
6.630512204881027216e-01
3.429875756336590698e+00
3.321514268807667758e+00
2.854937511891665558e+00
2.430070907347963161e+00
2.043238587233717318e+00
1.718772095671710964e+00
1.442470918726161511e+00
1.183095136136396608e+00
9.019012254324625388e-01
5.059628828260172018e-01
-3.271872300524774069e-01
-2.519739547025420467e+00
-3.008841212061168946e+01
-1.668791220198041003e+01
5.631816854451944465e+00
3.267344342080465935e+01
1.211535458190000014e+01
7.352243188023165565e+00
-2.452108455336682766e+02
-3.195770622532105421e+00
9.322005385776746422e+00
6.896211220453840163e+00
7.027788851729937392e+00
7.520603675904178331e+00
4.333487723506361355e+00
1.088527195753854482e+00
-2.510115465573423688e+00
-4.421233361742710422e+00
-5.027484825054003181e+00
-4.748550559300490193e+00
-4.151354931799824399e+00
-3.366034228451216137e+00
-2.342379401834321584e+00
-8.534144218122676762e-01
5.568991797035121039e-01
1.825955103637710852e+00
2.994508906221197364e+00
3.802930464360116058e+00
3.371084255503951077e+00
1.942035355011953790e+00
5.921388128599767153e-01
-7.430774863230127369e-01
-2.920180600136319526e+00
-6.150792229344231643e+00
-2.173337119847848697e+01
-4.808158032514120350e+01
-5.603328153635761311e+00
-2.007428771227674602e+00
6.078114870726345487e-01
3.392394202597289521e+00
3.285398371759995051e+00
2.817635566148554371e+00
2.391218698423473121e+00
2.003067036009887669e+00
1.677231535411099816e+00
1.400736380643184287e+00
1.140090197289841623e+00
8.601831259091503590e-01
4.641922851101156766e-01
-3.625617087573140829e-01
