-7.189011661022537414e-01
-8.135672005599731138e-01
-9.068100349370568081e-01
-1.002944323218122991e+00
-1.105080810037875505e+00
-1.233983315480339016e+00
-1.358863495660758591e+00
-1.481597386450999032e+00
-1.607282141265427233e+00
-1.736220642114649770e+00
-1.873853016325008891e+00
-1.948294116276357180e+00
-2.015176043407055140e+00
-2.085376247460345667e+00
-2.157319182690985659e+00
-2.230456782507416413e+00
-2.305179878418250894e+00
-2.371340111836965470e+00
-2.418076976217333751e+00
-2.464901057067521606e+00
-2.510684719854866742e+00
-2.554873605966561989e+00
-2.597194777385961828e+00
-2.637632442304068903e+00
-2.673396288183993441e+00
-2.703019471504607196e+00
-2.730270719323240947e+00
-2.755026219192354908e+00
-2.777239415583519389e+00
-2.797140346539269018e+00
-2.815065668113454933e+00
-2.831374168198488306e+00
-2.842744458125759266e+00
-2.851749603504622144e+00
-2.858369787522342165e+00
-2.861775099508108156e+00
-2.861002962285924767e+00
-2.855257068065334636e+00
-2.844453774184032113e+00
-2.829952033304326875e+00
-2.814837388482745340e+00
-2.804960783916563116e+00
-2.810871836191614292e+00
-2.853137259336882892e+00
-3.005305285584089603e+00
-3.316626329509963611e+00
-3.655957044691495739e+00
-4.184746086793687425e+00
-5.348459962417038582e+00
-7.189011661022525201e-01
-8.135672005599718926e-01
-9.068100349370551427e-01
-1.002944323218120326e+00
-1.105080810037877281e+00
-1.233983315480335463e+00
-1.358863495660752818e+00
-1.481597386450999476e+00
-1.607282141265422126e+00
-1.736220642114645774e+00
-1.873853016325004006e+00
-1.948294116276356291e+00
-2.015176043407054252e+00
-2.085376247460345667e+00
-2.157319182690978998e+00
-2.230456782507416857e+00
-2.305179878418256223e+00
-2.371340111836971687e+00
-2.418076976217341745e+00
-2.464901057067534040e+00
-2.510684719854869407e+00
-2.554873605966561101e+00
-2.597194777385960052e+00
-2.637632442304068903e+00
-2.673396288183992553e+00
-2.703019471504601867e+00
-2.730270719323238282e+00
-2.755026219192348691e+00
-2.777239415583529158e+00
-2.797140346539269018e+00
-2.815065668113447828e+00
-2.831374168198490082e+00
-2.842744458125755713e+00
-2.851749603504615038e+00
-2.858369787522343941e+00
-2.861775099508106379e+00
-2.861002962285930096e+00
-2.855257068065343518e+00
-2.844453774184028561e+00
-2.829952033304326875e+00
-2.814837388482768432e+00
-2.804960783916563116e+00
-2.810871836191640938e+00
-2.853137259336861575e+00
-3.005305285584112696e+00
-3.316626329509940518e+00
-3.655957044691509950e+00
-4.184746086793698083e+00
-5.348459962417045688e+00
-7.189011661022526312e-01
-8.135672005599715595e-01
-9.068100349370568081e-01
-1.002944323218119660e+00
-1.105080810037876615e+00
-1.233983315480334131e+00
-1.358863495660748377e+00
-1.481597386450997034e+00
-1.607282141265424569e+00
-1.736220642114647994e+00
-1.873853016325007559e+00
-1.948294116276358068e+00
-2.015176043407058248e+00
-2.085376247460347443e+00
-2.157319182690983883e+00
-2.230456782507416413e+00
-2.305179878418250006e+00
-2.371340111836968134e+00
-2.418076976217339080e+00
-2.464901057067521606e+00
-2.510684719854861413e+00
-2.554873605966560213e+00
-2.597194777385960052e+00
-2.637632442304057356e+00
-2.673396288183998770e+00
-2.703019471504601867e+00
-2.730270719323237394e+00
-2.755026219192341586e+00
-2.777239415583522053e+00
-2.797140346539273459e+00
-2.815065668113446051e+00
-2.831374168198493635e+00
-2.842744458125741502e+00
-2.851749603504607933e+00
-2.858369787522329730e+00
-2.861775099508102826e+00
-2.861002962285924767e+00
-2.855257068065347070e+00
-2.844453774184019679e+00
-2.829952033304325099e+00
-2.814837388482768432e+00
-2.804960783916571998e+00
-2.810871836191621398e+00
-2.853137259336868681e+00
-3.005305285584098485e+00
-3.316626329509960058e+00
-3.655957044691502844e+00
-4.184746086793682096e+00
-5.348459962417041247e+00
-3.574381475288028298e+01
-3.815880402958727302e+01
-3.965417120643652993e+01
-4.069041549476366981e+01
-4.147823417501686549e+01
-4.213040422868348855e+01
-4.269629931582922922e+01
-4.318069157894645826e+01
-4.358363419522745374e+01
-4.391603963644791975e+01
-4.418508181385604416e+01
-4.440166041677858999e+01
-4.456792081357589552e+01
-4.469017079436856221e+01
-4.477329563863331430e+01
-4.481893503093341025e+01
-4.482349522263457686e+01
-4.479150471149385737e+01
-4.472333280961121460e+01
-4.461399409630274704e+01
-4.446685250128701483e+01
-4.427950641830472733e+01
-4.405617366339079410e+01
-4.379423359665005222e+01
-4.349253039347173200e+01
-4.313680438760139424e+01
-4.268073619491947568e+01
-4.204482002130042417e+01
-4.102826307806851247e+01
-3.389274956288240048e+01
-3.636973438247821377e+01
-3.782655874037035204e+01
-3.876663904637962332e+01
-3.945998964240693141e+01
-4.004037020088617282e+01
-4.052815609904674687e+01
-4.091323338991860226e+01
-4.120480387130756128e+01
-4.141323704743951595e+01
-4.155542395031453395e+01
-4.164192443326179216e+01
-4.168695030555895897e+01
-4.169674206676167927e+01
-4.168275917429996724e+01
-4.164529719800938778e+01
-4.158569568598291255e+01
-4.150639633340834678e+01
-4.139449353570019241e+01
-4.125661705376233357e+01
-4.108460407712865958e+01
-4.088131364878999818e+01
-4.063141834447622358e+01
-4.034563752565458827e+01
-4.002104977900164329e+01
-3.965795110233493403e+01
-3.925791319384745037e+01
-3.883193652576995447e+01
-3.840190981995382913e+01
-3.325115805245431488e+01
-3.613069388057463271e+01
-3.787259605348373270e+01
-3.907174063136854159e+01
-3.991295612759731171e+01
-4.054558659331164705e+01
-4.107856772801304146e+01
-4.154425438092231104e+01
-4.193022279292583221e+01
-4.223659040723502045e+01
-4.247211133373826897e+01
-4.263828448651659642e+01
-4.275410769320617277e+01
-4.281479336573742245e+01
-4.283468226422404257e+01
-4.281704897817790823e+01
-4.276359966181914274e+01
-4.267626308526032375e+01
-4.255415837067452856e+01
-4.239033896236000487e+01
-4.219409440765063835e+01
-4.195433046669735688e+01
-4.167753263710795864e+01
-4.135791355170454153e+01
-4.099795117774009157e+01
-4.059561314795800513e+01
-4.014892917406076833e+01
-3.965293113653186197e+01
-3.906487621776741292e+01
-3.574381475288019772e+01
-3.815880402958715933e+01
-3.965417120643641624e+01
-4.069041549476349928e+01
-4.147823417501666654e+01
-4.213040422868326829e+01
-4.269629931582898763e+01
-4.318069157894614563e+01
-4.358363419522718374e+01
-4.391603963644789133e+01
-4.418508181385599443e+01
-4.440166041677854025e+01
-4.456792081357586000e+01
-4.469017079436855511e+01
-4.477329563863333561e+01
-4.481893503093347420e+01
-4.482349522263464792e+01
-4.479150471149394974e+01
-4.472333280961133539e+01
-4.461399409630276125e+01
-4.446685250128714273e+01
-4.427950641830475575e+01
-4.405617366339084384e+01
-4.379423359665008775e+01
-4.349253039347177463e+01
-4.313680438760142977e+01
-4.268073619491951831e+01
-4.204482002130045970e+01
-4.102826307806851958e+01
-3.389274956288214469e+01
-3.636973438247816404e+01
-3.782655874037026678e+01
-3.876663904637956648e+01
-3.945998964240697404e+01
-4.004037020088610888e+01
-4.052815609904671135e+01
-4.091323338991861647e+01
-4.120480387130761812e+01
-4.141323704743953726e+01
-4.155542395031452685e+01
-4.164192443326182058e+01
-4.168695030555898029e+01
-4.169674206676165795e+01
-4.168275917429997435e+01
-4.164529719800942331e+01
-4.158569568598295518e+01
-4.150639633340838941e+01
-4.139449353570023504e+01
-4.125661705376237620e+01
-4.108460407712871643e+01
-4.088131364879008345e+01
-4.063141834447627332e+01
-4.034563752565466643e+01
-4.002104977900170724e+01
-3.965795110233499798e+01
-3.925791319384746458e+01
-3.883193652577002553e+01
-3.840190981995385755e+01
-3.325115805245432199e+01
-3.613069388057474640e+01
-3.787259605348385350e+01
-3.907174063136863396e+01
-3.991295612759746092e+01
-4.054558659331182469e+01
-4.107856772801309830e+01
-4.154425438092240341e+01
-4.193022279292586774e+01
-4.223659040723504887e+01
-4.247211133373834713e+01
-4.263828448651661773e+01
-4.275410769320611593e+01
-4.281479336573746508e+01
-4.283468226422409231e+01
-4.281704897817787270e+01
-4.276359966181917116e+01
-4.267626308526028822e+01
-4.255415837067446461e+01
-4.239033896236000487e+01
-4.219409440765052466e+01
-4.195433046669721477e+01
-4.167753263710795864e+01
-4.135791355170449890e+01
-4.099795117774002051e+01
-4.059561314795801223e+01
-4.014892917406071149e+01
-3.965293113653180512e+01
-3.906487621776741292e+01
-3.574381475288011956e+01
-3.815880402958722328e+01
-3.965417120643650151e+01
-4.069041549476362718e+01
-4.147823417501676602e+01
-4.213040422868338197e+01
-4.269629931582910842e+01
-4.318069157894632326e+01
-4.358363419522731874e+01
-4.391603963644799080e+01
-4.418508181385609390e+01
-4.440166041677865394e+01
-4.456792081357596658e+01
-4.469017079436862616e+01
-4.477329563863337114e+01
-4.481893503093338893e+01
-4.482349522263453423e+01
-4.479150471149380053e+01
-4.472333280961117197e+01
-4.461399409630268309e+01
-4.446685250128695088e+01
-4.427950641830465628e+01
-4.405617366339073726e+01
-4.379423359664998117e+01
-4.349253039347165384e+01
-4.313680438760133029e+01
-4.268073619491939752e+01
-4.204482002130033891e+01
-4.102826307806842721e+01
-3.389274956288220864e+01
-3.636973438247816404e+01
-3.782655874037030230e+01
-3.876663904637955937e+01
-3.945998964240688167e+01
-4.004037020088609466e+01
-4.052815609904673266e+01
-4.091323338991855962e+01
-4.120480387130757549e+01
-4.141323704743948042e+01
-4.155542395031451974e+01
-4.164192443326180637e+01
-4.168695030555892345e+01
-4.169674206676168637e+01
-4.168275917429999566e+01
-4.164529719800941621e+01
-4.158569568598299071e+01
-4.150639633340836809e+01
-4.139449353570020662e+01
-4.125661705376236199e+01
-4.108460407712870932e+01
-4.088131364878998397e+01
-4.063141834447625911e+01
-4.034563752565469485e+01
-4.002104977900170013e+01
-3.965795110233496246e+01
-3.925791319384746458e+01
-3.883193652577002553e+01
-3.840190981995380781e+01
-3.325115805245415856e+01
-3.613069388057459008e+01
-3.787259605348368297e+01
-3.907174063136849895e+01
-3.991295612759726907e+01
-4.054558659331169679e+01
-4.107856772801306988e+01
-4.154425438092231104e+01
-4.193022279292586063e+01
-4.223659040723499913e+01
-4.247211133373831160e+01
-4.263828448651658221e+01
-4.275410769320612303e+01
-4.281479336573740824e+01
-4.283468226422401415e+01
-4.281704897817794375e+01
-4.276359966181919958e+01
-4.267626308526033085e+01
-4.255415837067450724e+01
-4.239033896236005461e+01
-4.219409440765063835e+01
-4.195433046669730714e+01
-4.167753263710793732e+01
-4.135791355170454153e+01
-4.099795117774007025e+01
-4.059561314795804066e+01
-4.014892917406075412e+01
-3.965293113653184776e+01
-3.906487621776744135e+01
