-7.189203932558576593e-01
-8.135949597881030337e-01
-9.068448732464332585e-01
-1.002987227468029818e+00
-1.105136857694149821e+00
-1.234037883164764704e+00
-1.358908870101969590e+00
-1.481645943132098742e+00
-1.607333629889922788e+00
-1.736271243761875915e+00
-1.873906267148059079e+00
-1.948350902429058173e+00
-2.015236164811845754e+00
-2.085439347310218405e+00
-2.157384839574000512e+00
-2.230524432841933802e+00
-2.305248728278273873e+00
-2.371409529782171788e+00
-2.418147301137631544e+00
-2.464968742213772046e+00
-2.510748074082997938e+00
-2.554930767876991027e+00
-2.597243926276846082e+00
-2.637672050583214300e+00
-2.673425779330708352e+00
-2.703038600011881343e+00
-2.730280437138278060e+00
-2.755028437510436135e+00
-2.777236496041762592e+00
-2.797133944072681899e+00
-2.815055130861004784e+00
-2.831354291739911488e+00
-2.842703652377128520e+00
-2.851667980532173630e+00
-2.858221398532908353e+00
-2.861533350985329349e+00
-2.860651706416444284e+00
-2.854806634695494338e+00
-2.843960529082087518e+00
-2.829546620948754310e+00
-2.814792596655708579e+00
-2.805968486655908478e+00
-2.814909026161068084e+00
-2.864244356920723433e+00
-3.010178449028895642e+00
-3.290565422901378767e+00
-3.642286941402211653e+00
-4.180772309408362197e+00
-5.344666009257657002e+00
-7.189203932558593246e-01
-8.135949597881045880e-01
-9.068448732464335915e-01
-1.002987227468032705e+00
-1.105136857694151598e+00
-1.234037883164768257e+00
-1.358908870101972921e+00
-1.481645943132101850e+00
-1.607333629889922566e+00
-1.736271243761873695e+00
-1.873906267148059968e+00
-1.948350902429058173e+00
-2.015236164811839092e+00
-2.085439347310225067e+00
-2.157384839574009394e+00
-2.230524432841927140e+00
-2.305248728278274761e+00
-2.371409529782178893e+00
-2.418147301137623550e+00
-2.464968742213777375e+00
-2.510748074082994385e+00
-2.554930767876985698e+00
-2.597243926276837200e+00
-2.637672050583215189e+00
-2.673425779330709240e+00
-2.703038600011894665e+00
-2.730280437138278060e+00
-2.755028437510433470e+00
-2.777236496041768810e+00
-2.797133944072661471e+00
-2.815055130860999455e+00
-2.831354291739911488e+00
-2.842703652377126744e+00
-2.851667980532182511e+00
-2.858221398532901247e+00
-2.861533350985322244e+00
-2.860651706416454942e+00
-2.854806634695492562e+00
-2.843960529082075084e+00
-2.829546620948754310e+00
-2.814792596655713908e+00
-2.805968486655915584e+00
-2.814909026161050321e+00
-2.864244356920725210e+00
-3.010178449028888537e+00
-3.290565422901407189e+00
-3.642286941402211653e+00
-4.180772309408373744e+00
-5.344666009257666772e+00
-7.189203932558585475e-01
-8.135949597881038109e-01
-9.068448732464323703e-01
-1.002987227468032039e+00
-1.105136857694153596e+00
-1.234037883164768479e+00
-1.358908870101971589e+00
-1.481645943132101184e+00
-1.607333629889923454e+00
-1.736271243761879024e+00
-1.873906267148058191e+00
-1.948350902429063503e+00
-2.015236164811849306e+00
-2.085439347310223734e+00
-2.157384839573998292e+00
-2.230524432841924920e+00
-2.305248728278271209e+00
-2.371409529782174452e+00
-2.418147301137626215e+00
-2.464968742213780040e+00
-2.510748074082999715e+00
-2.554930767876983033e+00
-2.597243926276851411e+00
-2.637672050583214300e+00
-2.673425779330712793e+00
-2.703038600011886672e+00
-2.730280437138281613e+00
-2.755028437510445016e+00
-2.777236496041764369e+00
-2.797133944072669465e+00
-2.815055130861001231e+00
-2.831354291739913265e+00
-2.842703652377119639e+00
-2.851667980532193170e+00
-2.858221398532910129e+00
-2.861533350985304480e+00
-2.860651706416447837e+00
-2.854806634695508549e+00
-2.843960529082092847e+00
-2.829546620948754310e+00
-2.814792596655713908e+00
-2.805968486655901373e+00
-2.814909026161050321e+00
-2.864244356920714552e+00
-3.010178449028870773e+00
-3.290565422901391202e+00
-3.642286941402220535e+00
-4.180772309408357756e+00
-5.344666009257666772e+00
-3.423124780976780812e+01
-3.665953843303525161e+01
-3.809225029593607559e+01
-3.902747805469788034e+01
-3.973144804274242858e+01
-4.032448450655396499e+01
-4.081970830375986736e+01
-4.121322033411797747e+01
-4.151484036135418165e+01
-4.173621233650644058e+01
-4.189558031338827959e+01
-4.199428165568190963e+01
-4.206144722224654231e+01
-4.208803732114922980e+01
-4.208926234824860302e+01
-4.206791669852107418e+01
-4.202590687992493201e+01
-4.194865057775818684e+01
-4.184869739526475740e+01
-4.171837402189834165e+01
-4.155160692550479240e+01
-4.134593118161978254e+01
-4.110312771655906516e+01
-4.081740817901766150e+01
-4.049100791266536703e+01
-4.012441101603474891e+01
-3.971881166819970588e+01
-3.927323818861603399e+01
-3.877038568782356975e+01
-3.302019241208685685e+01
-3.591440321298752281e+01
-3.765412810277476297e+01
-3.885527541237262028e+01
-3.969208621697448791e+01
-4.031416085780805503e+01
-4.083111100955660788e+01
-4.128769156828889209e+01
-4.166745097110736396e+01
-4.196944130573064058e+01
-4.220122032727147854e+01
-4.236558038547248373e+01
-4.248005872378943337e+01
-4.254025752481187794e+01
-4.256071119294259830e+01
-4.254458816630568663e+01
-4.249342120159377600e+01
-4.240891528732931448e+01
-4.229287753702165276e+01
-4.213330156443686292e+01
-4.194169990665584891e+01
-4.170927610119723283e+01
-4.143881414659814766e+01
-4.112595899708576042e+01
-4.077319697131976284e+01
-4.037734009615548558e+01
-3.993897706891649335e+01
-3.945618658450724325e+01
-3.889082862580721667e+01
-3.564335402148255127e+01
-3.809605322332178901e+01
-3.961310978799365046e+01
-4.066479404340008585e+01
-4.145667090817771339e+01
-4.210842822237918881e+01
-4.267136489404867206e+01
-4.315369592628512407e+01
-4.355613478295786933e+01
-4.388850682232602196e+01
-4.415535731362977145e+01
-4.436911805721057789e+01
-4.453454232072780172e+01
-4.465349732395239357e+01
-4.473294169013905730e+01
-4.477272030172324691e+01
-4.477359905437451459e+01
-4.473776092840225971e+01
-4.466505954254842692e+01
-4.455185028882301879e+01
-4.440084367884847438e+01
-4.420965282240730687e+01
-4.398302260719962220e+01
-4.371791728043609027e+01
-4.341284667340361381e+01
-4.305382237756061414e+01
-4.259516767466463705e+01
-4.195795148266547869e+01
-4.094276529903555684e+01
-3.423124780976768022e+01
-3.665953843303522319e+01
-3.809225029593596901e+01
-3.902747805469778086e+01
-3.973144804274244279e+01
-4.032448450655394367e+01
-4.081970830375985315e+01
-4.121322033411793484e+01
-4.151484036135421718e+01
-4.173621233650639795e+01
-4.189558031338824406e+01
-4.199428165568184568e+01
-4.206144722224654942e+01
-4.208803732114928664e+01
-4.208926234824862433e+01
-4.206791669852110260e+01
-4.202590687992493912e+01
-4.194865057775821526e+01
-4.184869739526478583e+01
-4.171837402189842692e+01
-4.155160692550486345e+01
-4.134593118161981806e+01
-4.110312771655915753e+01
-4.081740817901776808e+01
-4.049100791266545940e+01
-4.012441101603481997e+01
-3.971881166819978404e+01
-3.927323818861612637e+01
-3.877038568782359107e+01
-3.302019241208692790e+01
-3.591440321298757965e+01
-3.765412810277477718e+01
-3.885527541237262028e+01
-3.969208621697453765e+01
-4.031416085780809055e+01
-4.083111100955665052e+01
-4.128769156828903419e+01
-4.166745097110745633e+01
-4.196944130573078269e+01
-4.220122032727155670e+01
-4.236558038547257610e+01
-4.248005872378946890e+01
-4.254025752481194900e+01
-4.256071119294258409e+01
-4.254458816630570084e+01
-4.249342120159374048e+01
-4.240891528732932159e+01
-4.229287753702154617e+01
-4.213330156443682739e+01
-4.194169990665574943e+01
-4.170927610119723994e+01
-4.143881414659815476e+01
-4.112595899708584568e+01
-4.077319697131976994e+01
-4.037734009615557085e+01
-3.993897706891651467e+01
-3.945618658450733562e+01
-3.889082862580723088e+01
-3.564335402148279286e+01
-3.809605322332176769e+01
-3.961310978799343019e+01
-4.066479404339997927e+01
-4.145667090817758549e+01
-4.210842822237899696e+01
-4.267136489404848021e+01
-4.315369592628508855e+01
-4.355613478295773433e+01
-4.388850682232582301e+01
-4.415535731362958671e+01
-4.436911805721055657e+01
-4.453454232072774488e+01
-4.465349732395230120e+01
-4.473294169013902888e+01
-4.477272030172328243e+01
-4.477359905437450038e+01
-4.473776092840215313e+01
-4.466505954254857613e+01
-4.455185028882309695e+01
-4.440084367884849570e+01
-4.420965282240742766e+01
-4.398302260719978563e+01
-4.371791728043615421e+01
-4.341284667340354986e+01
-4.305382237756071362e+01
-4.259516767466473652e+01
-4.195795148266546448e+01
-4.094276529903557105e+01
-3.423124780976787918e+01
-3.665953843303528004e+01
-3.809225029593601874e+01
-3.902747805469784481e+01
-3.973144804274249964e+01
-4.032448450655392236e+01
-4.081970830375985315e+01
-4.121322033411792063e+01
-4.151484036135425981e+01
-4.173621233650633400e+01
-4.189558031338827249e+01
-4.199428165568183857e+01
-4.206144722224654942e+01
-4.208803732114927243e+01
-4.208926234824856749e+01
-4.206791669852102444e+01
-4.202590687992491780e+01
-4.194865057775820105e+01
-4.184869739526479293e+01
-4.171837402189839139e+01
-4.155160692550479951e+01
-4.134593118161979675e+01
-4.110312771655914332e+01
-4.081740817901770413e+01
-4.049100791266539545e+01
-4.012441101603477023e+01
-3.971881166819974851e+01
-3.927323818861608373e+01
-3.877038568782357686e+01
-3.302019241208680711e+01
-3.591440321298745886e+01
-3.765412810277473454e+01
-3.885527541237257765e+01
-3.969208621697446659e+01
-4.031416085780803371e+01
-4.083111100955665762e+01
-4.128769156828896314e+01
-4.166745097110747054e+01
-4.196944130573070453e+01
-4.220122032727158512e+01
-4.236558038547251215e+01
-4.248005872378951864e+01
-4.254025752481189215e+01
-4.256071119294263383e+01
-4.254458816630569373e+01
-4.249342120159381864e+01
-4.240891528732937843e+01
-4.229287753702165986e+01
-4.213330156443679186e+01
-4.194169990665583470e+01
-4.170927610119727547e+01
-4.143881414659821871e+01
-4.112595899708581015e+01
-4.077319697131983389e+01
-4.037734009615552111e+01
-3.993897706891657862e+01
-3.945618658450730010e+01
-3.889082862580728062e+01
-3.564335402148270049e+01
-3.809605322332175348e+01
-3.961310978799347282e+01
-4.066479404339998638e+01
-4.145667090817771339e+01
-4.210842822237912486e+01
-4.267136489404857969e+01
-4.315369592628514539e+01
-4.355613478295784091e+01
-4.388850682232590827e+01
-4.415535731362963645e+01
-4.436911805721064184e+01
-4.453454232072779462e+01
-4.465349732395235094e+01
-4.473294169013906441e+01
-4.477272030172332506e+01
-4.477359905437445775e+01
-4.473776092840215313e+01
-4.466505954254854771e+01
-4.455185028882301168e+01
-4.440084367884839622e+01
-4.420965282240732819e+01
-4.398302260719959378e+01
-4.371791728043599079e+01
-4.341284667340345038e+01
-4.305382237756061414e+01
-4.259516767466461573e+01
-4.195795148266535790e+01
-4.094276529903550710e+01
