-1.106873062650848727e+00
-1.579440066106481799e+00
-1.875554392381002078e+00
-2.101326753309606943e+00
-2.290720338239418563e+00
-2.444764288776379413e+00
-2.565786903416193532e+00
-2.654968011085093060e+00
-2.712480865530231711e+00
-2.736522038825480063e+00
-2.713653028509648291e+00
-2.598157914847280647e+00
-2.495757662155109191e+00
-3.036510234265442421e+00
-1.106873062650849171e+00
-1.579440066106481133e+00
-1.875554392381002078e+00
-2.101326753309607831e+00
-2.290720338239419895e+00
-2.444764288776385186e+00
-2.565786903416196196e+00
-2.654968011085096613e+00
-2.712480865530229934e+00
-2.736522038825481395e+00
-2.713653028509656728e+00
-2.598157914847285532e+00
-2.495757662155121182e+00
-3.036510234265446417e+00
-1.106873062650847395e+00
-1.579440066106480245e+00
-1.875554392381000746e+00
-2.101326753309605166e+00
-2.290720338239419895e+00
-2.444764288776379857e+00
-2.565786903416194420e+00
-2.654968011085093060e+00
-2.712480865530227270e+00
-2.736522038825479619e+00
-2.713653028509650955e+00
-2.598157914847278427e+00
-2.495757662155106082e+00
-3.036510234265406449e+00
-3.620344666056278271e+01
-2.130853847685411750e+01
-4.234283465771129329e+01
-2.180575030463836583e+01
-4.229877867122836932e+01
-2.459522307443763367e+01
-4.086824721454645726e+01
-2.818289188756712349e+01
-4.098499950655606483e+01
-3.589693198173750943e+01
-2.068019421279906567e+01
-4.040670401700621994e+01
-2.049821516061419402e+01
-3.930794800175777937e+01
-2.221820813928734140e+01
-3.692882388351640088e+01
-2.454015634054382033e+01
-3.589183044422317437e+01
-3.740841310674469611e+01
-2.208682957772575861e+01
-4.366564119443855674e+01
-2.266968749604465927e+01
-4.346492589185034205e+01
-2.541488414409841567e+01
-4.162082140269666297e+01
-2.883110785442362456e+01
-4.106063417270786431e+01
-3.620344666056252692e+01
-2.130853847685394342e+01
-4.234283465771154198e+01
-2.180575030463802122e+01
-4.229877867122908697e+01
-2.459522307443750222e+01
-4.086824721454696885e+01
-2.818289188756698493e+01
-4.098499950655600088e+01
-3.589693198173712574e+01
-2.068019421279898040e+01
-4.040670401700674574e+01
-2.049821516061445337e+01
-3.930794800175773673e+01
-2.221820813928729166e+01
-3.692882388351651457e+01
-2.454015634054382744e+01
-3.589183044422303226e+01
-3.740841310674466769e+01
-2.208682957772589717e+01
-4.366564119443848568e+01
-2.266968749604490796e+01
-4.346492589185082522e+01
-2.541488414409851870e+01
-4.162082140269638586e+01
-2.883110785442347890e+01
-4.106063417270765825e+01
-3.620344666056391958e+01
-2.130853847685298064e+01
-4.234283465771201094e+01
-2.180575030463763753e+01
-4.229877867122911539e+01
-2.459522307443731037e+01
-4.086824721454691911e+01
-2.818289188756699204e+01
-4.098499950655595825e+01
-3.589693198173887367e+01
-2.068019421279822012e+01
-4.040670401700747760e+01
-2.049821516061384585e+01
-3.930794800175805648e+01
-2.221820813928712823e+01
-3.692882388351653589e+01
-2.454015634054370310e+01
-3.589183044422350122e+01
-3.740841310674611009e+01
-2.208682957772497701e+01
-4.366564119443938807e+01
-2.266968749604435729e+01
-4.346492589185132260e+01
-2.541488414409812080e+01
-4.162082140269693298e+01
-2.883110785442354640e+01
-4.106063417270782168e+01
