-2.252432565253066787e+00
-2.445362080570617547e+00
-2.642737672775816282e+00
-2.839228863034425565e+00
-3.033517977455860493e+00
-3.225513168874953873e+00
-3.415876238935476650e+00
-3.605647503904375384e+00
-3.826889050070389153e+00
-4.056031683863278836e+00
-4.273278537598183213e+00
-4.490506568473874083e+00
-4.713880760602279452e+00
-4.945252360737898201e+00
-5.186526150119743050e+00
-5.433067187402857101e+00
-5.696963425067265163e+00
-5.986235631236912269e+00
-6.137116361993095737e+00
-6.233489134792442599e+00
-6.344536939876057602e+00
-6.463970849912655581e+00
-6.587832643953614564e+00
-6.712269939517216955e+00
-6.832248754345059183e+00
-6.946121560803401707e+00
-7.050323355906158440e+00
-7.141831935203558857e+00
-7.219529346719298246e+00
-7.210783433497553574e+00
-7.171635650691101205e+00
-7.105634890670689430e+00
-7.016049165660643183e+00
-6.908824414303627037e+00
-6.791312070489610164e+00
-6.672982303335388110e+00
-6.564646734317882704e+00
-6.477799828097026591e+00
-6.424247217528460396e+00
-6.416183791096912614e+00
-6.466881948079667097e+00
-6.574634728060573252e+00
-6.774836967161853352e+00
-7.092327398142984407e+00
-7.561039437144181363e+00
-8.249181857571159071e+00
-9.270864925516750787e+00
-1.086946519979050407e+01
-1.373754058189922844e+01
-2.305511609357038694e+00
-2.480908228184542708e+00
-2.667138657106147281e+00
-2.855275957910288653e+00
-3.042632382091706500e+00
-3.228276326186101386e+00
-3.411870031551596405e+00
-3.591911744108583715e+00
-3.831236415369542847e+00
-4.062564985282995700e+00
-4.293311896623697166e+00
-4.512474569894536103e+00
-4.738750219078223580e+00
-4.973638428005255463e+00
-5.219530121631764885e+00
-5.472551928455473558e+00
-5.742743030965119289e+00
-6.041522304231865093e+00
-6.125275450802323718e+00
-6.228302165045651151e+00
-6.343293046837402471e+00
-6.465486902165988425e+00
-6.591478732307365362e+00
-6.718160453388758668e+00
-6.842340384062865155e+00
-6.958425345993713762e+00
-7.064871002873768902e+00
-7.159659066092487478e+00
-7.224568429343221965e+00
-7.209552654907604108e+00
-7.171736874603340084e+00
-7.107102459723421362e+00
-7.020046765891308382e+00
-6.915263795385577339e+00
-6.800194298812250793e+00
-6.684338943345775164e+00
-6.578521999934473286e+00
-6.494256449570912082e+00
-6.443397846344382174e+00
-6.438285084077364218e+00
-6.486082012998409141e+00
-6.596820604260926757e+00
-6.800009817152783853e+00
-7.120983688764610520e+00
-7.593498972250515067e+00
-8.286568846377882380e+00
-9.315026530287344286e+00
-1.092386379956086984e+01
-1.380986887855866563e+01
-2.280687786424408614e+00
-2.465791448264714081e+00
-2.658383360822742958e+00
-2.851465974564879158e+00
-3.043115025518170036e+00
-3.232893961636202906e+00
-3.421106023362089132e+00
-3.607925154238460941e+00
-3.837401695177994121e+00
-4.068149616762502419e+00
-4.290861713509922737e+00
-4.509593274380652161e+00
-4.734857549011339373e+00
-4.968386364497167307e+00
-5.212580009599641073e+00
-5.461891281714549962e+00
-5.729333399799132920e+00
-6.023703227674870320e+00
-6.141452800696033165e+00
-6.241572735928521354e+00
-6.354995616881755183e+00
-6.476201806607456035e+00
-6.601512235838029596e+00
-6.727706709499987170e+00
-6.849367866684694661e+00
-6.964442624289667094e+00
-7.070046129058262352e+00
-7.163327129473362476e+00
-7.239521564382712882e+00
-7.223223061363814423e+00
-7.185775623024742487e+00
-7.120663374377588895e+00
-7.032484221341359643e+00
-6.926580691061630546e+00
-6.810354686119090672e+00
-6.693297312801441024e+00
-6.586231622961143728e+00
-6.500665161801045144e+00
-6.448430314150755294e+00
-6.441793031084522170e+00
-6.490970790508868049e+00
-6.600130862846974367e+00
-6.801700398441866469e+00
-7.120479509420285069e+00
-7.590798434733997624e+00
-8.280783913056431800e+00
-9.304936420675090858e+00
-1.090719718888747636e+01
-1.378173606705752263e+01
-2.277002227553651004e+00
-2.460412858015082360e+00
-2.651539784713618619e+00
-2.843164318928669942e+00
-3.033243900295670592e+00
-3.221216686726206646e+00
-3.407168995418579094e+00
-3.590713806881054460e+00
-3.819421652040154491e+00
-4.049484702654112311e+00
-4.275227552495206140e+00
-4.492909475372002248e+00
-4.717307715504658105e+00
-4.950029398721634166e+00
-5.193445452359586767e+00
-5.443304875235549289e+00
-5.709943871124742998e+00
-6.003602595312488077e+00
-6.120785216024344777e+00
-6.219987285601391136e+00
-6.332527502809025322e+00
-6.452863247297944582e+00
-6.577295495259853908e+00
-6.702565778654509643e+00
-6.825083690085417487e+00
-6.939286964490690934e+00
-7.044126627960835663e+00
-7.136726825028993915e+00
-7.212448152430926740e+00
-7.195637205366118394e+00
-7.156992199975825031e+00
-7.090926979848294565e+00
-7.002529755881354845e+00
-6.896434398914884412e+00
-6.780057898849779718e+00
-6.662892061846587666e+00
-6.555756546293537212e+00
-6.470155670678984450e+00
-6.417921368615111533e+00
-6.411323708378297681e+00
-6.460607075159558121e+00
-6.569883581895048508e+00
-6.771658077637198403e+00
-7.091335470397744700e+00
-7.562223143447816653e+00
-8.253471838727222121e+00
-9.279522442325294662e+00
-1.088483208203791008e+01
-1.376464171668282255e+01
-2.305511609357036473e+00
-2.480908228184541375e+00
-2.667138657106143285e+00
-2.855275957910286877e+00
-3.042632382091706056e+00
-3.228276326186112044e+00
-3.411870031551604399e+00
-3.591911744108584159e+00
-3.831236415369532189e+00
-4.062564985283003693e+00
-4.293311896623679402e+00
-4.512474569894544985e+00
-4.738750219078232462e+00
-4.973638428005248358e+00
-5.219530121631756003e+00
-5.472551928455470005e+00
-5.742743030965108630e+00
-6.041522304231856211e+00
-6.125275450802345034e+00
-6.228302165045622729e+00
-6.343293046837366944e+00
-6.465486902165967109e+00
-6.591478732307365362e+00
-6.718160453388751563e+00
-6.842340384062822523e+00
-6.958425345993656919e+00
-7.064871002873786665e+00
-7.159659066092473267e+00
-7.224568429343207754e+00
-7.209552654907593450e+00
-7.171736874603347189e+00
-7.107102459723400045e+00
-7.020046765891287066e+00
-6.915263795385573786e+00
-6.800194298812254345e+00
-6.684338943345807138e+00
-6.578521999934437758e+00
-6.494256449570940504e+00
-6.443397846344346647e+00
-6.438285084077321585e+00
-6.486082012998394930e+00
-6.596820604260926757e+00
-6.800009817152762537e+00
-7.120983688764610520e+00
-7.593498972250486645e+00
-8.286568846377903697e+00
-9.315026530287376261e+00
-1.092386379956084497e+01
-1.380986887855866030e+01
-2.252432565253069008e+00
-2.445362080570617103e+00
-2.642737672775814062e+00
-2.839228863034424233e+00
-3.033517977455870263e+00
-3.225513168874954761e+00
-3.415876238935479314e+00
-3.605647503904375828e+00
-3.826889050070390930e+00
-4.056031683863274395e+00
-4.273278537598171667e+00
-4.490506568473877635e+00
-4.713880760602270570e+00
-4.945252360737894648e+00
-5.186526150119743050e+00
-5.433067187402848219e+00
-5.696963425067265163e+00
-5.986235631236912269e+00
-6.137116361993118829e+00
-6.233489134792446151e+00
-6.344536939876039838e+00
-6.463970849912669792e+00
-6.587832643953607459e+00
-6.712269939517241824e+00
-6.832248754345055630e+00
-6.946121560803412365e+00
-7.050323355906154887e+00
-7.141831935203608595e+00
-7.219529346719266272e+00
-7.210783433497610417e+00
-7.171635650691104757e+00
-7.105634890670696535e+00
-7.016049165660650289e+00
-6.908824414303623485e+00
-6.791312070489620822e+00
-6.672982303335395216e+00
-6.564646734317868493e+00
-6.477799828096976853e+00
-6.424247217528495923e+00
-6.416183791096955247e+00
-6.466881948079581832e+00
-6.574634728060594568e+00
-6.774836967161853352e+00
-7.092327398143041250e+00
-7.561039437144195574e+00
-8.249181857571159071e+00
-9.270864925516754340e+00
-1.086946519979050763e+01
-1.373754058189920357e+01
-2.277002227553647451e+00
-2.460412858015079696e+00
-2.651539784713619952e+00
-2.843164318928672607e+00
-3.033243900295674589e+00
-3.221216686726211975e+00
-3.407168995418578650e+00
-3.590713806881048242e+00
-3.819421652040163373e+00
-4.049484702654105206e+00
-4.275227552495200811e+00
-4.492909475371993366e+00
-4.717307715504656329e+00
-4.950029398721621732e+00
-5.193445452359576109e+00
-5.443304875235558171e+00
-5.709943871124742998e+00
-6.003602595312498735e+00
-6.120785216024325237e+00
-6.219987285601405347e+00
-6.332527502809018216e+00
-6.452863247297948135e+00
-6.577295495259868119e+00
-6.702565778654498985e+00
-6.825083690085428145e+00
-6.939286964490676723e+00
-7.044126627960803688e+00
-7.136726825028969046e+00
-7.212448152430937398e+00
-7.195637205366082867e+00
-7.156992199975793056e+00
-7.090926979848305223e+00
-7.002529755881340634e+00
-6.896434398914866648e+00
-6.780057898849808140e+00
-6.662892061846562797e+00
-6.555756546293558529e+00
-6.470155670678948923e+00
-6.417921368615125743e+00
-6.411323708378269259e+00
-6.460607075159593649e+00
-6.569883581895069824e+00
-6.771658077637205508e+00
-7.091335470397716279e+00
-7.562223143447788232e+00
-8.253471838727243437e+00
-9.279522442325266240e+00
-1.088483208203795272e+01
-1.376464171668282077e+01
-2.280687786424412167e+00
-2.465791448264715857e+00
-2.658383360822745622e+00
-2.851465974564875605e+00
-3.043115025518172700e+00
-3.232893961636202462e+00
-3.421106023362098014e+00
-3.607925154238468490e+00
-3.837401695177988792e+00
-4.068149616762495313e+00
-4.290861713509918296e+00
-4.509593274380653050e+00
-4.734857549011326938e+00
-4.968386364497158425e+00
-5.212580009599657060e+00
-5.461891281714553514e+00
-5.729333399799132920e+00
-6.023703227674854332e+00
-6.141452800696015402e+00
-6.241572735928546223e+00
-6.354995616881787157e+00
-6.476201806607434719e+00
-6.601512235838050913e+00
-6.727706709499987170e+00
-6.849367866684680450e+00
-6.964442624289670647e+00
-7.070046129058241036e+00
-7.163327129473366028e+00
-7.239521564382702223e+00
-7.223223061363803765e+00
-7.185775623024774461e+00
-7.120663374377581789e+00
-7.032484221341334774e+00
-6.926580691061602124e+00
-6.810354686119072909e+00
-6.693297312801437471e+00
-6.586231622961186360e+00
-6.500665161801038039e+00
-6.448430314150769505e+00
-6.441793031084472432e+00
-6.490970790508875155e+00
-6.600130862847045421e+00
-6.801700398441823836e+00
-7.120479509420285069e+00
-7.590798434734018940e+00
-8.280783913056446011e+00
-9.304936420675112174e+00
-1.090719718888745149e+01
-1.378173606705751730e+01
