-6.746477306071992919e-01
-7.661138071044955034e-01
-8.535015911907044561e-01
-9.414003758652623732e-01
-1.032176529894204275e+00
-1.134414484674247880e+00
-1.251732210986542970e+00
-1.364886470703583488e+00
-1.476456012840119625e+00
-1.590506408036091113e+00
-1.707890311694999941e+00
-1.832054567350789753e+00
-1.908606267849594307e+00
-1.966907367887746005e+00
-2.028659282185504509e+00
-2.091996913364002175e+00
-2.156072286318827746e+00
-2.220778176264767367e+00
-2.287195757447545219e+00
-2.335019016083194288e+00
-2.374501430572705019e+00
-2.413507719539776275e+00
-2.451188700036978751e+00
-2.487119355708757418e+00
-2.521109805784210067e+00
-2.553186861873214752e+00
-2.582725786904209286e+00
-2.605013365616599685e+00
-2.625469861239019487e+00
-2.643975555266131927e+00
-2.660617647265775432e+00
-2.675612330574463904e+00
-2.689040848295812580e+00
-2.700833195271796328e+00
-2.710731326595125168e+00
-2.715218992751220028e+00
-2.715324697941113641e+00
-2.710820395729022891e+00
-2.701276639418326297e+00
-2.687456755915425433e+00
-2.671866523855889852e+00
-2.659193121319479047e+00
-2.657638033308845849e+00
-2.691671405167891606e+00
-2.879394040514855035e+00
-3.257458030931683624e+00
-3.492119247472432519e+00
-3.943862014923250392e+00
-5.085425497587323207e+00
-6.746477306071985147e-01
-7.661138071044936160e-01
-8.535015911907039010e-01
-9.414003758652615961e-01
-1.032176529894203609e+00
-1.134414484674248769e+00
-1.251732210986542082e+00
-1.364886470703582377e+00
-1.476456012840118515e+00
-1.590506408036091335e+00
-1.707890311695003938e+00
-1.832054567350792418e+00
-1.908606267849593419e+00
-1.966907367887756664e+00
-2.028659282185508950e+00
-2.091996913364007948e+00
-2.156072286318829079e+00
-2.220778176264773141e+00
-2.287195757447552324e+00
-2.335019016083192511e+00
-2.374501430572710348e+00
-2.413507719539767393e+00
-2.451188700036981416e+00
-2.487119355708756530e+00
-2.521109805784207403e+00
-2.553186861873220082e+00
-2.582725786904210175e+00
-2.605013365616613896e+00
-2.625469861239020375e+00
-2.643975555266126598e+00
-2.660617647265786978e+00
-2.675612330574478115e+00
-2.689040848295814357e+00
-2.700833195271796328e+00
-2.710731326595126944e+00
-2.715218992751220028e+00
-2.715324697941097654e+00
-2.710820395729028220e+00
-2.701276639418338732e+00
-2.687456755915434314e+00
-2.671866523855886300e+00
-2.659193121319482600e+00
-2.657638033308851178e+00
-2.691671405167895159e+00
-2.879394040514849706e+00
-3.257458030931687176e+00
-3.492119247472414756e+00
-3.943862014923240622e+00
-5.085425497587317878e+00
-6.746477306071987368e-01
-7.661138071044941711e-01
-8.535015911907034569e-01
-9.414003758652607079e-01
-1.032176529894201833e+00
-1.134414484674246326e+00
-1.251732210986546523e+00
-1.364886470703581489e+00
-1.476456012840118071e+00
-1.590506408036090669e+00
-1.707890311694999941e+00
-1.832054567350789753e+00
-1.908606267849597415e+00
-1.966907367887750446e+00
-2.028659282185500956e+00
-2.091996913364007504e+00
-2.156072286318834852e+00
-2.220778176264770032e+00
-2.287195757447539890e+00
-2.335019016083184518e+00
-2.374501430572705019e+00
-2.413507719539768281e+00
-2.451188700036973422e+00
-2.487119355708756530e+00
-2.521109805784198521e+00
-2.553186861873223634e+00
-2.582725786904205734e+00
-2.605013365616612120e+00
-2.625469861239015934e+00
-2.643975555266134592e+00
-2.660617647265778984e+00
-2.675612330574474562e+00
-2.689040848295805475e+00
-2.700833195271801657e+00
-2.710731326595132273e+00
-2.715218992751225358e+00
-2.715324697941088772e+00
-2.710820395729037102e+00
-2.701276639418344061e+00
-2.687456755915425433e+00
-2.671866523855891629e+00
-2.659193121319480824e+00
-2.657638033308861836e+00
-2.691671405167895159e+00
-2.879394040514860365e+00
-3.257458030931692505e+00
-3.492119247472409427e+00
-3.943862014923238846e+00
-5.085425497587318766e+00
-3.402865674211308544e+01
-3.658379883747997496e+01
-3.820910556904924249e+01
-3.944798900394457064e+01
-4.045663474107364976e+01
-4.123774453278967655e+01
-4.182492307171686718e+01
-4.222439697342768739e+01
-4.246517302420113538e+01
-4.255780278057919475e+01
-4.251675885653003206e+01
-4.235532168313829970e+01
-4.207589837548997735e+01
-4.170045908693025183e+01
-4.122897489025704232e+01
-4.067567761827062611e+01
-4.005427896700248880e+01
-3.935556602277946325e+01
-3.850392815465580298e+01
-3.074504087366732463e+01
-3.399504482795821758e+01
-3.588501382726249744e+01
-3.709511379280472454e+01
-3.799721348261859077e+01
-3.873741298397681021e+01
-3.928668684255396926e+01
-3.965439855550285131e+01
-3.986393682039073383e+01
-3.991542170448933291e+01
-3.982650454389774097e+01
-3.961034285522472942e+01
-3.927673573924441541e+01
-3.883290398317703307e+01
-3.830160541501378191e+01
-3.768723263257605538e+01
-3.701688769942031598e+01
-3.634026905531816709e+01
-3.578768690229579619e+01
-3.355969506591478080e+01
-3.649047450897150213e+01
-3.831573123423208216e+01
-3.960437516218901521e+01
-4.061076320869608480e+01
-4.140847059649318851e+01
-4.200256299782166280e+01
-4.241270372078660955e+01
-4.265274321134291569e+01
-4.274247341989189408e+01
-4.269596135395833869e+01
-4.252327149171961906e+01
-4.223058572285435019e+01
-4.184201856156160204e+01
-4.135542403993937910e+01
-4.078692983558444496e+01
-4.014173223774324839e+01
-3.938294344422267557e+01
-3.839483138313132571e+01
-3.402865674211297886e+01
-3.658379883747994654e+01
-3.820910556904917144e+01
-3.944798900394448538e+01
-4.045663474107362845e+01
-4.123774453278966234e+01
-4.182492307171678902e+01
-4.222439697342771581e+01
-4.246517302420114959e+01
-4.255780278057920185e+01
-4.251675885653007470e+01
-4.235532168313834944e+01
-4.207589837549001288e+01
-4.170045908693037262e+01
-4.122897489025715601e+01
-4.067567761827064032e+01
-4.005427896700258827e+01
-3.935556602277952720e+01
-3.850392815465584562e+01
-3.074504087366736371e+01
-3.399504482795827442e+01
-3.588501382726265376e+01
-3.709511379280488796e+01
-3.799721348261867604e+01
-3.873741298397692390e+01
-3.928668684255404742e+01
-3.965439855550290105e+01
-3.986393682039085462e+01
-3.991542170448929738e+01
-3.982650454389772676e+01
-3.961034285522473652e+01
-3.927673573924440831e+01
-3.883290398317691938e+01
-3.830160541501367533e+01
-3.768723263257594880e+01
-3.701688769942028756e+01
-3.634026905531815999e+01
-3.578768690229564697e+01
-3.355969506591487317e+01
-3.649047450897138845e+01
-3.831573123423205374e+01
-3.960437516218904364e+01
-4.061076320869608480e+01
-4.140847059649319561e+01
-4.200256299782166280e+01
-4.241270372078658824e+01
-4.265274321134293700e+01
-4.274247341989193671e+01
-4.269596135395840264e+01
-4.252327149171961196e+01
-4.223058572285437151e+01
-4.184201856156162336e+01
-4.135542403993945015e+01
-4.078692983558452312e+01
-4.014173223774334076e+01
-3.938294344422282478e+01
-3.839483138313136124e+01
-3.402865674211302149e+01
-3.658379883748002470e+01
-3.820910556904927802e+01
-3.944798900394453511e+01
-4.045663474107369950e+01
-4.123774453278968366e+01
-4.182492307171686008e+01
-4.222439697342770160e+01
-4.246517302420112827e+01
-4.255780278057917343e+01
-4.251675885653006048e+01
-4.235532168313822865e+01
-4.207589837548997735e+01
-4.170045908693037262e+01
-4.122897489025699258e+01
-4.067567761827057637e+01
-4.005427896700254564e+01
-3.935556602277944194e+01
-3.850392815465578167e+01
-3.074504087366723581e+01
-3.399504482795816074e+01
-3.588501382726250455e+01
-3.709511379280471033e+01
-3.799721348261861209e+01
-3.873741298397682442e+01
-3.928668684255397636e+01
-3.965439855550282289e+01
-3.986393682039079067e+01
-3.991542170448930449e+01
-3.982650454389771255e+01
-3.961034285522479337e+01
-3.927673573924447226e+01
-3.883290398317696202e+01
-3.830160541501378191e+01
-3.768723263257606959e+01
-3.701688769942036572e+01
-3.634026905531832341e+01
-3.578768690229574645e+01
-3.355969506591483764e+01
-3.649047450897148082e+01
-3.831573123423216032e+01
-3.960437516218912890e+01
-4.061076320869615586e+01
-4.140847059649330220e+01
-4.200256299782168412e+01
-4.241270372078667350e+01
-4.265274321134295121e+01
-4.274247341989193671e+01
-4.269596135395841685e+01
-4.252327149171964038e+01
-4.223058572285437151e+01
-4.184201856156160915e+01
-4.135542403993939331e+01
-4.078692983558444496e+01
-4.014173223774326971e+01
-3.938294344422274662e+01
-3.839483138313129729e+01
