-7.486759457940375118e-01
-7.786227635625273535e-01
-8.251783335525307850e-01
-8.791167457236647165e-01
-9.339885894102075703e-01
-9.831116470520071537e-01
-1.043163594618131906e+00
-1.132585601358600425e+00
-1.218136370990853257e+00
-1.301205993820538920e+00
-1.384110338740499824e+00
-1.467048580319202600e+00
-1.552263017439024839e+00
-1.641298341717151388e+00
-1.733437684862583872e+00
-1.804217663280010875e+00
-1.832953452230871250e+00
-1.868257396894979383e+00
-1.906279463429088938e+00
-1.945210319551922140e+00
-1.984127120365305252e+00
-2.022663263091984298e+00
-2.060872663017963902e+00
-2.099223672831343812e+00
-2.138923570281296982e+00
-2.156051336155253573e+00
-2.171988139782934368e+00
-2.187563854920254514e+00
-2.202330559234962237e+00
-2.216169056133882265e+00
-2.229107727306799625e+00
-2.241197960142971013e+00
-2.252398850481350578e+00
-2.262487815992997753e+00
-2.271074772708891132e+00
-2.272699180454424983e+00
-2.269406059685862509e+00
-2.261422374935182944e+00
-2.248388003381833755e+00
-2.231122798986655553e+00
-2.211684265557314788e+00
-2.192578259903090299e+00
-2.177681983358620954e+00
-2.246571156761893562e+00
-2.561797527986213296e+00
-2.778432049668538184e+00
-2.970854976242932821e+00
-3.333347196693244641e+00
-4.331999827845089968e+00
-7.486759457940371787e-01
-7.786227635625254662e-01
-8.251783335525293417e-01
-8.791167457236621630e-01
-9.339885894102083475e-01
-9.831116470520098183e-01
-1.043163594618131018e+00
-1.132585601358604199e+00
-1.218136370990853923e+00
-1.301205993820542028e+00
-1.384110338740499380e+00
-1.467048580319200823e+00
-1.552263017439026616e+00
-1.641298341717146059e+00
-1.733437684862574990e+00
-1.804217663280023753e+00
-1.832953452230863256e+00
-1.868257396894973166e+00
-1.906279463429088494e+00
-1.945210319551922140e+00
-1.984127120365293706e+00
-2.022663263091986074e+00
-2.060872663017968343e+00
-2.099223672831345588e+00
-2.138923570281291653e+00
-2.156051336155256237e+00
-2.171988139782921934e+00
-2.187563854920265172e+00
-2.202330559234955132e+00
-2.216169056133891146e+00
-2.229107727306794295e+00
-2.241197960142971901e+00
-2.252398850481352355e+00
-2.262487815992996865e+00
-2.271074772708895573e+00
-2.272699180454422319e+00
-2.269406059685862509e+00
-2.261422374935190049e+00
-2.248388003381842637e+00
-2.231122798986643119e+00
-2.211684265557314788e+00
-2.192578259903090299e+00
-2.177681983358624507e+00
-2.246571156761884680e+00
-2.561797527986213296e+00
-2.778432049668520420e+00
-2.970854976242923051e+00
-3.333347196693234871e+00
-4.331999827845082862e+00
-7.486759457940366236e-01
-7.786227635625231347e-01
-8.251783335525288976e-01
-8.791167457236650495e-01
-9.339885894102064601e-01
-9.831116470520102624e-01
-1.043163594618132350e+00
-1.132585601358603089e+00
-1.218136370990854367e+00
-1.301205993820549800e+00
-1.384110338740501378e+00
-1.467048580319202600e+00
-1.552263017439025727e+00
-1.641298341717151388e+00
-1.733437684862579875e+00
-1.804217663280020645e+00
-1.832953452230873914e+00
-1.868257396894973610e+00
-1.906279463429102705e+00
-1.945210319551920364e+00
-1.984127120365306141e+00
-2.022663263091978081e+00
-2.060872663017962125e+00
-2.099223672831345588e+00
-2.138923570281287212e+00
-2.156051336155251796e+00
-2.171988139782933480e+00
-2.187563854920257178e+00
-2.202330559234955132e+00
-2.216169056133892923e+00
-2.229107727306788078e+00
-2.241197960142965684e+00
-2.252398850481347026e+00
-2.262487815992999529e+00
-2.271074772708898237e+00
-2.272699180454423207e+00
-2.269406059685865173e+00
-2.261422374935193602e+00
-2.248388003381824873e+00
-2.231122798986644895e+00
-2.211684265557320117e+00
-2.192578259903093851e+00
-2.177681983358629836e+00
-2.246571156761884680e+00
-2.561797527986231060e+00
-2.778432049668541737e+00
-2.970854976242929268e+00
-3.333347196693235759e+00
-4.331999827845091744e+00
-3.123771192946077946e+01
-3.226085263657758873e+01
-3.289957183903971583e+01
-3.340608786017070031e+01
-3.378742221877139684e+01
-3.405581639492741886e+01
-3.426672658269878013e+01
-3.445627388944679126e+01
-3.463486913072741658e+01
-3.480537104905059209e+01
-3.496708937233361070e+01
-3.511944022679514887e+01
-3.526093683065295892e+01
-3.539173997451890585e+01
-3.551179603672713370e+01
-3.562093427214987429e+01
-3.572077344516202402e+01
-3.581094834131405946e+01
-3.589253501216867903e+01
-3.596450675403154662e+01
-3.602664764509670192e+01
-3.607762453184469820e+01
-3.611392981223130505e+01
-3.612001570344173018e+01
-3.606789124334284224e+01
-3.596731135915042898e+01
-3.582938011341632745e+01
-3.568751441086484988e+01
-3.566159387806183645e+01
-2.955501233622205959e+01
-3.099673939166693515e+01
-3.160379863912914900e+01
-3.202012465197385893e+01
-3.237036454264881513e+01
-3.261427898809123604e+01
-3.274282021066117210e+01
-3.280982551824776294e+01
-3.285562528794883974e+01
-3.289099647743331190e+01
-3.291924087417971378e+01
-3.293872772449886099e+01
-3.294827965667996494e+01
-3.294615631481209306e+01
-3.293354680214615371e+01
-3.290968885443793113e+01
-3.287595637257771841e+01
-3.283275321425024629e+01
-3.278081168110698940e+01
-3.272300937729125536e+01
-3.266130075913083886e+01
-3.259846891860153306e+01
-3.253768384544522263e+01
-3.248346976707225764e+01
-3.244440505666134555e+01
-3.242611916083818357e+01
-3.242984133968203508e+01
-3.250991342219002433e+01
-3.291620043522917172e+01
-3.125692633945584475e+01
-3.252893498572197473e+01
-3.321286981249023285e+01
-3.376215455018233769e+01
-3.421359706297937464e+01
-3.456185705358199556e+01
-3.481903733395064648e+01
-3.502023444381573825e+01
-3.519660598023408227e+01
-3.535578894143460360e+01
-3.550117666020121021e+01
-3.563328155921404061e+01
-3.575249465745628186e+01
-3.585896234551159267e+01
-3.595279343861557209e+01
-3.603463714927556083e+01
-3.610503017824972005e+01
-3.616395750107749052e+01
-3.621275272207513751e+01
-3.624941626096559588e+01
-3.627431760435692354e+01
-3.628477540906199295e+01
-3.626946727876028831e+01
-3.621212450430488872e+01
-3.610716202695688537e+01
-3.595406278689299029e+01
-3.576357883488066136e+01
-3.556394676627535034e+01
-3.544791370802425945e+01
-3.123771192946069064e+01
-3.226085263657750346e+01
-3.289957183903967319e+01
-3.340608786017058662e+01
-3.378742221877121210e+01
-3.405581639492734780e+01
-3.426672658269872329e+01
-3.445627388944674863e+01
-3.463486913072739526e+01
-3.480537104905052104e+01
-3.496708937233359649e+01
-3.511944022679509914e+01
-3.526093683065293050e+01
-3.539173997451884901e+01
-3.551179603672714080e+01
-3.562093427214987429e+01
-3.572077344516198139e+01
-3.581094834131409499e+01
-3.589253501216868614e+01
-3.596450675403160346e+01
-3.602664764509670903e+01
-3.607762453184471241e+01
-3.611392981223138321e+01
-3.612001570344181545e+01
-3.606789124334281382e+01
-3.596731135915050004e+01
-3.582938011341650508e+01
-3.568751441086507015e+01
-3.566159387806209224e+01
-2.955501233622213419e+01
-3.099673939166708081e+01
-3.160379863912930176e+01
-3.202012465197399393e+01
-3.237036454264897145e+01
-3.261427898809134263e+01
-3.274282021066125736e+01
-3.280982551824782689e+01
-3.285562528794889658e+01
-3.289099647743336874e+01
-3.291924087417982037e+01
-3.293872772449895336e+01
-3.294827965668008574e+01
-3.294615631481214280e+01
-3.293354680214623897e+01
-3.290968885443800929e+01
-3.287595637257768999e+01
-3.283275321425023208e+01
-3.278081168110698229e+01
-3.272300937729125536e+01
-3.266130075913081043e+01
-3.259846891860148332e+01
-3.253768384544518000e+01
-3.248346976707229317e+01
-3.244440505666124608e+01
-3.242611916083811963e+01
-3.242984133968200666e+01
-3.250991342218988223e+01
-3.291620043522910777e+01
-3.125692633945593712e+01
-3.252893498572193920e+01
-3.321286981249019021e+01
-3.376215455018232348e+01
-3.421359706297929648e+01
-3.456185705358194582e+01
-3.481903733395055411e+01
-3.502023444381569561e+01
-3.519660598023398279e+01
-3.535578894143457518e+01
-3.550117666020116758e+01
-3.563328155921400509e+01
-3.575249465745625344e+01
-3.585896234551159267e+01
-3.595279343861554366e+01
-3.603463714927548267e+01
-3.610503017824972005e+01
-3.616395750107749052e+01
-3.621275272207508067e+01
-3.624941626096562430e+01
-3.627431760435695196e+01
-3.628477540906199295e+01
-3.626946727876034515e+01
-3.621212450430491003e+01
-3.610716202695692800e+01
-3.595406278689305424e+01
-3.576357883488075373e+01
-3.556394676627543561e+01
-3.544791370802433050e+01
-3.123771192946070485e+01
-3.226085263657756030e+01
-3.289957183903973004e+01
-3.340608786017068610e+01
-3.378742221877129026e+01
-3.405581639492738333e+01
-3.426672658269879435e+01
-3.445627388944681257e+01
-3.463486913072743789e+01
-3.480537104905057078e+01
-3.496708937233361780e+01
-3.511944022679509203e+01
-3.526093683065295181e+01
-3.539173997451887033e+01
-3.551179603672717633e+01
-3.562093427214997376e+01
-3.572077344516203823e+01
-3.581094834131408078e+01
-3.589253501216870745e+01
-3.596450675403158215e+01
-3.602664764509668771e+01
-3.607762453184462004e+01
-3.611392981223134768e+01
-3.612001570344176571e+01
-3.606789124334279251e+01
-3.596731135915044320e+01
-3.582938011341644113e+01
-3.568751441086492093e+01
-3.566159387806193592e+01
-2.955501233622203827e+01
-3.099673939166694581e+01
-3.160379863912916321e+01
-3.202012465197384472e+01
-3.237036454264879382e+01
-3.261427898809116499e+01
-3.274282021066110815e+01
-3.280982551824772742e+01
-3.285562528794881842e+01
-3.289099647743331900e+01
-3.291924087417975642e+01
-3.293872772449891073e+01
-3.294827965668002179e+01
-3.294615631481211437e+01
-3.293354680214623897e+01
-3.290968885443795955e+01
-3.287595637257771841e+01
-3.283275321425025339e+01
-3.278081168110692545e+01
-3.272300937729129799e+01
-3.266130075913088859e+01
-3.259846891860155438e+01
-3.253768384544523684e+01
-3.248346976707231448e+01
-3.244440505666138108e+01
-3.242611916083819779e+01
-3.242984133968204219e+01
-3.250991342219001012e+01
-3.291620043522932804e+01
-3.125692633945585186e+01
-3.252893498572193209e+01
-3.321286981249023995e+01
-3.376215455018228795e+01
-3.421359706297933201e+01
-3.456185705358198135e+01
-3.481903733395061806e+01
-3.502023444381573825e+01
-3.519660598023409648e+01
-3.535578894143462492e+01
-3.550117666020120311e+01
-3.563328155921406903e+01
-3.575249465745628186e+01
-3.585896234551164952e+01
-3.595279343861554366e+01
-3.603463714927552530e+01
-3.610503017824971295e+01
-3.616395750107750473e+01
-3.621275272207512330e+01
-3.624941626096563851e+01
-3.627431760435694486e+01
-3.628477540906202137e+01
-3.626946727876032384e+01
-3.621212450430494556e+01
-3.610716202695692800e+01
-3.595406278689304713e+01
-3.576357883488068978e+01
-3.556394676627540008e+01
-3.544791370802428077e+01
