-2.291300592303877615e+00
-2.514043823390805787e+00
-2.742327935962465713e+00
-2.978308341121192804e+00
-3.228125586819146520e+00
-3.470904177519541278e+00
-3.698813714761278959e+00
-3.931999507588542997e+00
-4.172465413336496454e+00
-4.420983379588546924e+00
-4.678941058050588353e+00
-4.940373351430450199e+00
-5.212769705163939449e+00
-5.449274172580848230e+00
-5.577764636040765112e+00
-5.712987333016112501e+00
-5.851975187501917475e+00
-5.993287670327926975e+00
-6.136050665864438258e+00
-6.279698068433567926e+00
-6.423996083363149978e+00
-6.569479455216427510e+00
-6.672512414285790783e+00
-6.741089122539740686e+00
-6.802056110252063803e+00
-6.852459475613926543e+00
-6.890168960281577881e+00
-6.913726957287551045e+00
-6.922458133344786546e+00
-6.916172957632820584e+00
-6.896062045971355303e+00
-6.863479813170840771e+00
-6.810921192904203281e+00
-6.755661210828741048e+00
-6.702705161612371398e+00
-6.658000488524933758e+00
-6.628158564776526873e+00
-6.620343543865942593e+00
-6.642323337156355478e+00
-6.702732307772627962e+00
-6.811631299605785728e+00
-6.980924831058999303e+00
-7.218155446402334974e+00
-7.553378423146554610e+00
-8.020526511182083595e+00
-8.671217065154458226e+00
-9.598410683242249775e+00
-1.099866804299335143e+01
-1.341071026970778490e+01
-2.318639237169554335e+00
-2.535248997120890024e+00
-2.760329991954394657e+00
-2.994657038239662228e+00
-3.244090310157655477e+00
-3.481571490113186229e+00
-3.711897619491344003e+00
-3.945963812262884396e+00
-4.187496451560273059e+00
-4.437270992986753981e+00
-4.696710934121581360e+00
-4.960823273598709449e+00
-5.235460896670010911e+00
-5.453141557600634570e+00
-5.582539837108180691e+00
-5.718337145703841884e+00
-5.857791836465395363e+00
-5.999553479814483836e+00
-6.142803695103751238e+00
-6.287029082487919140e+00
-6.432071004319151797e+00
-6.578626369475180979e+00
-6.673314575392481629e+00
-6.742574666794247662e+00
-6.804023646575103612e+00
-6.854838197325086924e+00
-6.892943721912729416e+00
-6.916916077293759457e+00
-6.926107474617388959e+00
-6.920042317195836290e+00
-6.900619368731717884e+00
-6.866722391742360543e+00
-6.814869494884256085e+00
-6.760284862714087240e+00
-6.708002959289530054e+00
-6.663981488671957720e+00
-6.634837607845803120e+00
-6.627741711515554357e+00
-6.650471550937048448e+00
-6.711678769564763058e+00
-6.821458881466703872e+00
-6.990443292787112739e+00
-7.228733966013102474e+00
-7.565092299114041907e+00
-8.033626100066939557e+00
-8.686020215782640719e+00
-9.615557377210116385e+00
-1.101921203188954479e+01
-1.343712298721656673e+01
-2.306025618690576984e+00
-2.526253586774949600e+00
-2.753405259446917608e+00
-2.989024533557103513e+00
-3.239161871603026377e+00
-3.479607414171668189e+00
-3.708607013463144142e+00
-3.942424011746272328e+00
-4.183601405631748094e+00
-4.432920278043820161e+00
-4.691794098640688304e+00
-4.954299768650308522e+00
-5.227962199097181184e+00
-5.455214294205262604e+00
-5.584380364336546165e+00
-5.720102868256322637e+00
-5.859530563291293959e+00
-6.001269571651217660e+00
-6.144474534744066574e+00
-6.288606177494106220e+00
-6.433468540063927321e+00
-6.579677779205979959e+00
-6.678698068050490377e+00
-6.747774786441890882e+00
-6.809133886932102087e+00
-6.859885186585181316e+00
-6.897924619415192637e+00
-6.921809479859234671e+00
-6.930875528939385077e+00
-6.924917464377315923e+00
-6.905219642785706213e+00
-6.872036378674181378e+00
-6.819871255255407050e+00
-6.764979469763638065e+00
-6.712380955081542311e+00
-6.668028575133682523e+00
-6.638536742870449814e+00
-6.631072449871012964e+00
-6.653407559371480318e+00
-6.714183175417382188e+00
-6.823474404266541171e+00
-6.992543040907342800e+00
-7.230163076209507267e+00
-7.565821878639631848e+00
-8.033417021378575384e+00
-8.684681922455929737e+00
-9.612545917948935426e+00
-1.101382155729495338e+01
-1.342757552466923343e+01
-2.303895813360588019e+00
-2.523075664133807017e+00
-2.749323336556530606e+00
-2.984037405005733223e+00
-3.233173109584349891e+00
-3.472928760018583194e+00
-3.702170633645130771e+00
-3.935611346682979850e+00
-4.176435302876333466e+00
-4.425409550799124681e+00
-4.683932162437763225e+00
-4.946962331063131657e+00
-5.220329010352248389e+00
-5.447321084970191407e+00
-5.576034243179185168e+00
-5.711323219939789197e+00
-5.850329571076791524e+00
-5.991655826439298949e+00
-6.134454624366483699e+00
-6.278185556024443059e+00
-6.422651941995638936e+00
-6.568468897852117294e+00
-6.667172167632458013e+00
-6.735918543025913863e+00
-6.796961343657422105e+00
-6.847413241960921937e+00
-6.885173309731026592e+00
-6.908802425894297272e+00
-6.917641692397275222e+00
-6.911227633758137756e+00
-6.891372180996810926e+00
-6.858057614784570433e+00
-6.805790246881343819e+00
-6.750815789822226520e+00
-6.698154214977066090e+00
-6.653757991688380002e+00
-6.624241454995434708e+00
-6.616772409014977541e+00
-6.639124931924570205e+00
-6.699944241287298041e+00
-6.809311941607347762e+00
-6.978504838533297061e+00
-7.216392055191079180e+00
-7.552301318130972163e+00
-8.020382510423985423e+00
-8.672200305548628307e+00
-9.601080599894231682e+00
-1.100374432292534976e+01
-1.342000887142550347e+01
-2.318639237169553446e+00
-2.535248997120890024e+00
-2.760329991954392881e+00
-2.994657038239663116e+00
-3.244090310157655921e+00
-3.481571490113176459e+00
-3.711897619491347555e+00
-3.945963812262879067e+00
-4.187496451560275723e+00
-4.437270992986746876e+00
-4.696710934121586689e+00
-4.960823273598718330e+00
-5.235460896669989594e+00
-5.453141557600629241e+00
-5.582539837108187797e+00
-5.718337145703820568e+00
-5.857791836465402469e+00
-5.999553479814494494e+00
-6.142803695103744133e+00
-6.287029082487908482e+00
-6.432071004319144691e+00
-6.578626369475177427e+00
-6.673314575392453207e+00
-6.742574666794237004e+00
-6.804023646575117823e+00
-6.854838197325072713e+00
-6.892943721912725863e+00
-6.916916077293784326e+00
-6.926107474617396065e+00
-6.920042317195814974e+00
-6.900619368731710779e+00
-6.866722391742321463e+00
-6.814869494884263190e+00
-6.760284862714129872e+00
-6.708002959289551370e+00
-6.663981488671993247e+00
-6.634837607845796015e+00
-6.627741711515540146e+00
-6.650471550937048448e+00
-6.711678769564770164e+00
-6.821458881466732294e+00
-6.990443292787141161e+00
-7.228733966013116685e+00
-7.565092299113999275e+00
-8.033626100066925346e+00
-8.686020215782711773e+00
-9.615557377210080858e+00
-1.101921203188953768e+01
-1.343712298721657206e+01
-2.291300592303878059e+00
-2.514043823390809784e+00
-2.742327935962464380e+00
-2.978308341121189251e+00
-3.228125586819144743e+00
-3.470904177519545719e+00
-3.698813714761287841e+00
-3.931999507588550991e+00
-4.172465413336505335e+00
-4.420983379588541595e+00
-4.678941058050590129e+00
-4.940373351430462634e+00
-5.212769705163903922e+00
-5.449274172580839348e+00
-5.577764636040765112e+00
-5.712987333016144476e+00
-5.851975187501913922e+00
-5.993287670327930527e+00
-6.136050665864427600e+00
-6.279698068433553715e+00
-6.423996083363118004e+00
-6.569479455216459485e+00
-6.672512414285787230e+00
-6.741089122539747791e+00
-6.802056110252074461e+00
-6.852459475613926543e+00
-6.890168960281542354e+00
-6.913726957287554598e+00
-6.922458133344797204e+00
-6.916172957632880980e+00
-6.896062045971397936e+00
-6.863479813170851429e+00
-6.810921192904210386e+00
-6.755661210828691310e+00
-6.702705161612371398e+00
-6.658000488524947968e+00
-6.628158564776548189e+00
-6.620343543865878644e+00
-6.642323337156398111e+00
-6.702732307772642173e+00
-6.811631299605721779e+00
-6.980924831059013513e+00
-7.218155446402334974e+00
-7.553378423146533294e+00
-8.020526511182076490e+00
-8.671217065154422698e+00
-9.598410683242292407e+00
-1.099866804299330880e+01
-1.341071026970777780e+01
-2.303895813360585798e+00
-2.523075664133807017e+00
-2.749323336556531494e+00
-2.984037405005731003e+00
-3.233173109584346783e+00
-3.472928760018584526e+00
-3.702170633645125442e+00
-3.935611346682986067e+00
-4.176435302876340572e+00
-4.425409550799129121e+00
-4.683932162437724145e+00
-4.946962331063119223e+00
-5.220329010352269705e+00
-5.447321084970186078e+00
-5.576034243179195826e+00
-5.711323219939814066e+00
-5.850329571076812840e+00
-5.991655826439306054e+00
-6.134454624366490805e+00
-6.278185556024439506e+00
-6.422651941995642488e+00
-6.568468897852113741e+00
-6.667172167632486435e+00
-6.735918543025931626e+00
-6.796961343657407895e+00
-6.847413241960929042e+00
-6.885173309731023039e+00
-6.908802425894325694e+00
-6.917641692397282327e+00
-6.911227633758109334e+00
-6.891372180996842900e+00
-6.858057614784591749e+00
-6.805790246881358030e+00
-6.750815789822254942e+00
-6.698154214977066090e+00
-6.653757991688422635e+00
-6.624241454995363654e+00
-6.616772409014970435e+00
-6.639124931924548889e+00
-6.699944241287312252e+00
-6.809311941607411711e+00
-6.978504838533318377e+00
-7.216392055191107602e+00
-7.552301318131000585e+00
-8.020382510423949896e+00
-8.672200305548606991e+00
-9.601080599894245893e+00
-1.100374432292535332e+01
-1.342000887142551591e+01
-2.306025618690579204e+00
-2.526253586774953597e+00
-2.753405259446919828e+00
-2.989024533557099517e+00
-3.239161871603016607e+00
-3.479607414171671298e+00
-3.708607013463137925e+00
-3.942424011746271439e+00
-4.183601405631728554e+00
-4.432920278043823714e+00
-4.691794098640677646e+00
-4.954299768650317404e+00
-5.227962199097177631e+00
-5.455214294205251946e+00
-5.584380364336537284e+00
-5.720102868256294215e+00
-5.859530563291297511e+00
-6.001269571651157264e+00
-6.144474534744055916e+00
-6.288606177494102667e+00
-6.433468540063906005e+00
-6.579677779205972854e+00
-6.678698068050476166e+00
-6.747774786441869566e+00
-6.809133886932116297e+00
-6.859885186585167105e+00
-6.897924619415203296e+00
-6.921809479859234671e+00
-6.930875528939388630e+00
-6.924917464377308818e+00
-6.905219642785709766e+00
-6.872036378674195589e+00
-6.819871255255399944e+00
-6.764979469763673592e+00
-6.712380955081499678e+00
-6.668028575133696734e+00
-6.638536742870485341e+00
-6.631072449871055596e+00
-6.653407559371451896e+00
-6.714183175417360872e+00
-6.823474404266548277e+00
-6.992543040907385432e+00
-7.230163076209464634e+00
-7.565821878639553688e+00
-8.033417021378603806e+00
-8.684681922455908420e+00
-9.612545917948956742e+00
-1.101382155729494983e+01
-1.342757552466924054e+01
