-9.751069959275704413e-01
-1.545511997668949533e+00
-1.893768316491973858e+00
-2.138750456353087248e+00
-2.341666687069664299e+00
-2.506239224632580420e+00
-2.633378630453816260e+00
-2.723953969849703949e+00
-2.776351833247901801e+00
-2.787990731648698262e+00
-2.743633217622435172e+00
-2.587035356785021278e+00
-2.341785461575016658e+00
-2.834521901509421404e+00
-9.751069959275697752e-01
-1.545511997668952198e+00
-1.893768316491970971e+00
-2.138750456353087248e+00
-2.341666687069666963e+00
-2.506239224632583529e+00
-2.633378630453814040e+00
-2.723953969849707057e+00
-2.776351833247903578e+00
-2.787990731648699594e+00
-2.743633217622440945e+00
-2.587035356785024387e+00
-2.341785461575025096e+00
-2.834521901509435615e+00
-9.751069959275694421e-01
-1.545511997668949533e+00
-1.893768316491970749e+00
-2.138750456353083251e+00
-2.341666687069659858e+00
-2.506239224632579088e+00
-2.633378630453808711e+00
-2.723953969849701728e+00
-2.776351833247904466e+00
-2.787990731648702702e+00
-2.743633217622436060e+00
-2.587035356785027052e+00
-2.341785461575027316e+00
-2.834521901509405417e+00
-3.754168784474475018e+01
-2.562711074532769473e+01
-3.978377993165274518e+01
-2.798107561526397546e+01
-3.960702055494599705e+01
-3.018956290437344236e+01
-3.939925099669947883e+01
-3.229086444450201299e+01
-4.084048823032870246e+01
-3.710663976949710730e+01
-2.482978332110401709e+01
-3.801977261922425555e+01
-2.623535920486576245e+01
-3.679367811974877611e+01
-2.733880509027506633e+01
-3.552094298564362163e+01
-2.824669114668850156e+01
-3.570306616832958468e+01
-3.852372696290591136e+01
-2.649280739947354135e+01
-4.083788882027454292e+01
-2.888389527806487322e+01
-4.048503052866367113e+01
-3.095090536889088284e+01
-3.991715602506337746e+01
-3.278254938193072121e+01
-4.078744525260002973e+01
-3.754168784474465781e+01
-2.562711074532763433e+01
-3.978377993165268833e+01
-2.798107561526386533e+01
-3.960702055494616758e+01
-3.018956290437313683e+01
-3.939925099669965647e+01
-3.229086444450202720e+01
-4.084048823032860298e+01
-3.710663976949707887e+01
-2.482978332110400999e+01
-3.801977261922419871e+01
-2.623535920486577666e+01
-3.679367811974891822e+01
-2.733880509027502725e+01
-3.552094298564368557e+01
-2.824669114668848735e+01
-3.570306616832957758e+01
-3.852372696290587584e+01
-2.649280739947387175e+01
-4.083788882027452871e+01
-2.888389527806499046e+01
-4.048503052866385588e+01
-3.095090536889106758e+01
-3.991715602506301508e+01
-3.278254938193057910e+01
-4.078744525260010789e+01
-3.754168784474549625e+01
-2.562711074532712274e+01
-3.978377993165300808e+01
-2.798107561526384757e+01
-3.960702055494602547e+01
-3.018956290437325762e+01
-3.939925099669959963e+01
-3.229086444450202009e+01
-4.084048823032860298e+01
-3.710663976949805942e+01
-2.482978332110366182e+01
-3.801977261922461082e+01
-2.623535920486564166e+01
-3.679367811974906743e+01
-2.733880509027507344e+01
-3.552094298564373531e+01
-2.824669114668851222e+01
-3.570306616832981206e+01
-3.852372696290686349e+01
-2.649280739947336372e+01
-4.083788882027507583e+01
-2.888389527806470625e+01
-4.048503052866402641e+01
-3.095090536889092192e+01
-3.991715602506330640e+01
-3.278254938193055779e+01
-4.078744525260019316e+01
