-7.189162607127749238e-01
-8.135891246912422270e-01
-9.068375734713228775e-01
-1.002978119155599313e+00
-1.105124561489365886e+00
-1.234025583398054904e+00
-1.358898577352230408e+00
-1.481635345267202641e+00
-1.607323086388785960e+00
-1.736261618666701700e+00
-1.873896910740366906e+00
-1.948341970193885331e+00
-2.015227400508605271e+00
-2.085430790690048664e+00
-2.157376520816864929e+00
-2.230516389753693929e+00
-2.305241008251087464e+00
-2.371402192665315489e+00
-2.418140181624556462e+00
-2.464962094421807137e+00
-2.510741935916000145e+00
-2.554925181182643001e+00
-2.597238929710217192e+00
-2.637667673705671234e+00
-2.673422006439677645e+00
-2.703035433328761172e+00
-2.730277848384192296e+00
-2.755026379514824875e+00
-2.777234893433893959e+00
-2.797132789508824047e+00
-2.815054452136246610e+00
-2.831354225837685590e+00
-2.842704469787326715e+00
-2.851670150948994120e+00
-2.858225489090807869e+00
-2.861539889732233277e+00
-2.860660891564641872e+00
-2.854817901896527843e+00
-2.843971954276650393e+00
-2.829553844750904545e+00
-2.814786031574112002e+00
-2.805922423503705687e+00
-2.814752590346373040e+00
-2.863865873221694613e+00
-3.010087168355898513e+00
-3.291540895430761893e+00
-3.642951623398230865e+00
-4.181081452152255018e+00
-5.344847841024730428e+00
-7.189162607127750348e-01
-8.135891246912418939e-01
-9.068375734713222114e-01
-1.002978119155599313e+00
-1.105124561489364998e+00
-1.234025583398058901e+00
-1.358898577352231740e+00
-1.481635345267197756e+00
-1.607323086388789291e+00
-1.736261618666697482e+00
-1.873896910740370458e+00
-1.948341970193883554e+00
-2.015227400508605271e+00
-2.085430790690049552e+00
-2.157376520816864485e+00
-2.230516389753680606e+00
-2.305241008251081247e+00
-2.371402192665319930e+00
-2.418140181624560903e+00
-2.464962094421810690e+00
-2.510741935916000145e+00
-2.554925181182641225e+00
-2.597238929710212751e+00
-2.637667673705678340e+00
-2.673422006439678533e+00
-2.703035433328770054e+00
-2.730277848384194073e+00
-2.755026379514828427e+00
-2.777234893433907281e+00
-2.797132789508823159e+00
-2.815054452136239505e+00
-2.831354225837676708e+00
-2.842704469787291188e+00
-2.851670150948994120e+00
-2.858225489090816751e+00
-2.861539889732235054e+00
-2.860660891564645425e+00
-2.854817901896526067e+00
-2.843971954276648617e+00
-2.829553844750913427e+00
-2.814786031574119107e+00
-2.805922423503711016e+00
-2.814752590346385475e+00
-2.863865873221708824e+00
-3.010087168355910947e+00
-3.291540895430749458e+00
-3.642951623398241523e+00
-4.181081452152254130e+00
-5.344847841024732205e+00
-7.189162607127758120e-01
-8.135891246912417829e-01
-9.068375734713237657e-01
-1.002978119155597980e+00
-1.105124561489370993e+00
-1.234025583398061121e+00
-1.358898577352233517e+00
-1.481635345267198645e+00
-1.607323086388782185e+00
-1.736261618666701700e+00
-1.873896910740366906e+00
-1.948341970193880446e+00
-2.015227400508607936e+00
-2.085430790690050440e+00
-2.157376520816864485e+00
-2.230516389753681494e+00
-2.305241008251080359e+00
-2.371402192665310160e+00
-2.418140181624549356e+00
-2.464962094421808914e+00
-2.510741935915992151e+00
-2.554925181182646554e+00
-2.597238929710207422e+00
-2.637667673705670346e+00
-2.673422006439678533e+00
-2.703035433328762061e+00
-2.730277848384199402e+00
-2.755026379514820434e+00
-2.777234893433907281e+00
-2.797132789508831152e+00
-2.815054452136239505e+00
-2.831354225837678484e+00
-2.842704469787316057e+00
-2.851670150948974580e+00
-2.858225489090820304e+00
-2.861539889732236830e+00
-2.860660891564634767e+00
-2.854817901896520738e+00
-2.843971954276652170e+00
-2.829553844750911651e+00
-2.814786031574119107e+00
-2.805922423503707464e+00
-2.814752590346369487e+00
-2.863865873221699943e+00
-3.010087168355912723e+00
-3.291540895430751235e+00
-3.642951623398236194e+00
-4.181081452152260347e+00
-5.344847841024726876e+00
-3.303106379682886029e+01
-3.592485221910791893e+01
-3.766486528128636735e+01
-3.886608813120038519e+01
-3.970332192662113613e+01
-4.032600710979325953e+01
-4.084388218144614768e+01
-4.130105639357410041e+01
-4.168126600010971572e+01
-4.198361061621206147e+01
-4.221570411178124260e+01
-4.238027201100302932e+01
-4.249492492055679804e+01
-4.255523601851925974e+01
-4.257574063796214148e+01
-4.255960622452546005e+01
-4.250837323402716095e+01
-4.242375674992320000e+01
-4.230744971499167661e+01
-4.214766186389766744e+01
-4.195581302169961901e+01
-4.172300997169656966e+01
-4.145222442312064004e+01
-4.113896071418991340e+01
-4.078578951566168342e+01
-4.038954482627152487e+01
-3.995062054609866919e+01
-3.946724072342845346e+01
-3.890082175869928705e+01
-3.564912965437886783e+01
-3.809986074478548090e+01
-3.961580833827388659e+01
-4.066672998138263040e+01
-4.145842161727659203e+01
-4.211021648651526306e+01
-4.267331306067445240e+01
-4.315576456729550614e+01
-4.355825848057438776e+01
-4.389069612237920381e+01
-4.415766769139379733e+01
-4.437160085376120833e+01
-4.453722131238474446e+01
-4.465629413068013776e+01
-4.473597007269447801e+01
-4.477605003386412363e+01
-4.477715611803546381e+01
-4.474155162536796126e+01
-4.466909807110704378e+01
-4.455611787929515089e+01
-4.440533626224800656e+01
-4.421436143813563291e+01
-4.398794544688453101e+01
-4.372306314644399805e+01
-4.341820369411509262e+01
-4.305932606755444425e+01
-4.260077311122238086e+01
-4.196349956259360425e+01
-4.094797927399204696e+01
-3.421439174312236986e+01
-3.664498236370349105e+01
-3.807890519600910295e+01
-3.901420217204552188e+01
-3.971764835545045713e+01
-4.031008166809756688e+01
-4.080491094296652221e+01
-4.119797259898642494e+01
-4.149905084550641732e+01
-4.171972578927044140e+01
-4.187817294916539623e+01
-4.197623283699298469e+01
-4.204277774423341896e+01
-4.206799025689011273e+01
-4.206848136078741618e+01
-4.204633014390549306e+01
-4.200341988975606000e+01
-4.192634157261520045e+01
-4.182547693605394556e+01
-4.169531766435336095e+01
-4.152774834164772244e+01
-4.132223048668958398e+01
-4.107942287280587124e+01
-4.079331738183917366e+01
-4.046702024693847477e+01
-4.010059802745254842e+01
-3.969527313167796478e+01
-3.925066781417162076e+01
-3.875140949413935942e+01
-3.303106379682881766e+01
-3.592485221910795445e+01
-3.766486528128640288e+01
-3.886608813120051309e+01
-3.970332192662121429e+01
-4.032600710979330216e+01
-4.084388218144621874e+01
-4.130105639357415725e+01
-4.168126600010976546e+01
-4.198361061621211832e+01
-4.221570411178123550e+01
-4.238027201100303643e+01
-4.249492492055680515e+01
-4.255523601851923843e+01
-4.257574063796212016e+01
-4.255960622452538189e+01
-4.250837323402711831e+01
-4.242375674992310053e+01
-4.230744971499155582e+01
-4.214766186389758928e+01
-4.195581302169951243e+01
-4.172300997169642045e+01
-4.145222442312050504e+01
-4.113896071418973577e+01
-4.078578951566154842e+01
-4.038954482627139697e+01
-3.995062054609863367e+01
-3.946724072342841794e+01
-3.890082175869926573e+01
-3.564912965437904546e+01
-3.809986074478556617e+01
-3.961580833827379422e+01
-4.066672998138260198e+01
-4.145842161727663466e+01
-4.211021648651507832e+01
-4.267331306067440977e+01
-4.315576456729550614e+01
-4.355825848057442329e+01
-4.389069612237911855e+01
-4.415766769139374048e+01
-4.437160085376116569e+01
-4.453722131238477999e+01
-4.465629413068009512e+01
-4.473597007269448511e+01
-4.477605003386418758e+01
-4.477715611803560591e+01
-4.474155162536794705e+01
-4.466909807110707931e+01
-4.455611787929526457e+01
-4.440533626224797814e+01
-4.421436143813567554e+01
-4.398794544688469443e+01
-4.372306314644416858e+01
-4.341820369411513525e+01
-4.305932606755450820e+01
-4.260077311122262955e+01
-4.196349956259375347e+01
-4.094797927399208248e+01
-3.421439174312219222e+01
-3.664498236370336315e+01
-3.807890519600904611e+01
-3.901420217204550056e+01
-3.971764835545039318e+01
-4.031008166809759530e+01
-4.080491094296648669e+01
-4.119797259898645336e+01
-4.149905084550636758e+01
-4.171972578927046271e+01
-4.187817294916537492e+01
-4.197623283699299179e+01
-4.204277774423341896e+01
-4.206799025689014115e+01
-4.206848136078740197e+01
-4.204633014390552859e+01
-4.200341988975607421e+01
-4.192634157261520045e+01
-4.182547693605398109e+01
-4.169531766435336806e+01
-4.152774834164777928e+01
-4.132223048668964083e+01
-4.107942287280590676e+01
-4.079331738183925893e+01
-4.046702024693851740e+01
-4.010059802745263369e+01
-3.969527313167803584e+01
-3.925066781417170603e+01
-3.875140949413936653e+01
-3.303106379682873239e+01
-3.592485221910786919e+01
-3.766486528128632472e+01
-3.886608813120035677e+01
-3.970332192662110060e+01
-4.032600710979319558e+01
-4.084388218144610505e+01
-4.130105639357407199e+01
-4.168126600010966598e+01
-4.198361061621201173e+01
-4.221570411178119286e+01
-4.238027201100300800e+01
-4.249492492055676252e+01
-4.255523601851920290e+01
-4.257574063796214148e+01
-4.255960622452539610e+01
-4.250837323402711831e+01
-4.242375674992314316e+01
-4.230744971499157714e+01
-4.214766186389759639e+01
-4.195581302169955507e+01
-4.172300997169649150e+01
-4.145222442312055477e+01
-4.113896071418982814e+01
-4.078578951566160526e+01
-4.038954482627145381e+01
-3.995062054609860525e+01
-3.946724072342838951e+01
-3.890082175869923020e+01
-3.564912965437893178e+01
-3.809986074478565143e+01
-3.961580833827390791e+01
-4.066672998138275119e+01
-4.145842161727671993e+01
-4.211021648651528437e+01
-4.267331306067458740e+01
-4.315576456729565535e+01
-4.355825848057453697e+01
-4.389069612237921092e+01
-4.415766769139383996e+01
-4.437160085376124385e+01
-4.453722131238484394e+01
-4.465629413068010223e+01
-4.473597007269447801e+01
-4.477605003386418048e+01
-4.477715611803554907e+01
-4.474155162536788310e+01
-4.466909807110700115e+01
-4.455611787929518641e+01
-4.440533626224786445e+01
-4.421436143813554764e+01
-4.398794544688455943e+01
-4.372306314644405489e+01
-4.341820369411497182e+01
-4.305932606755435188e+01
-4.260077311122241639e+01
-4.196349956259368952e+01
-4.094797927399201143e+01
-3.421439174312223486e+01
-3.664498236370341999e+01
-3.807890519600902479e+01
-3.901420217204547924e+01
-3.971764835545047134e+01
-4.031008166809758819e+01
-4.080491094296650800e+01
-4.119797259898644626e+01
-4.149905084550638179e+01
-4.171972578927038455e+01
-4.187817294916540334e+01
-4.197623283699299179e+01
-4.204277774423341896e+01
-4.206799025689011273e+01
-4.206848136078740197e+01
-4.204633014390547885e+01
-4.200341988975601026e+01
-4.192634157261524308e+01
-4.182547693605392425e+01
-4.169531766435334674e+01
-4.152774834164772955e+01
-4.132223048668963372e+01
-4.107942287280587834e+01
-4.079331738183917366e+01
-4.046702024693851030e+01
-4.010059802745258395e+01
-3.969527313167798610e+01
-3.925066781417164208e+01
-3.875140949413933811e+01
