-1.002258595190591350e+00
-1.539943572691995666e+00
-1.862933528176016651e+00
-2.099383438253990430e+00
-2.295849576693876237e+00
-2.456524846994866618e+00
-2.583703270750744796e+00
-2.679990319660252140e+00
-2.745522889122944399e+00
-2.778906241604355287e+00
-2.768712648993342906e+00
-2.672534314626927365e+00
-2.693224395526453208e+00
-2.953909456795781097e+00
-1.002258595190590906e+00
-1.539943572691994778e+00
-1.862933528176012210e+00
-2.099383438253985545e+00
-2.295849576693874461e+00
-2.456524846994869282e+00
-2.583703270750744352e+00
-2.679990319660256137e+00
-2.745522889122945731e+00
-2.778906241604356175e+00
-2.768712648993341574e+00
-2.672534314626926033e+00
-2.693224395526453652e+00
-2.953909456795782873e+00
-1.002258595190591350e+00
-1.539943572691993445e+00
-1.862933528176015763e+00
-2.099383438253985545e+00
-2.295849576693877125e+00
-2.456524846994867062e+00
-2.583703270750742576e+00
-2.679990319660249032e+00
-2.745522889122940846e+00
-2.778906241604350846e+00
-2.768712648993334025e+00
-2.672534314626914043e+00
-2.693224395526436776e+00
-2.953909456795746458e+00
-3.612098935222948626e+01
-2.172866573283266334e+01
-4.230330636958734658e+01
-2.185775588404178293e+01
-4.285441142685840532e+01
-2.438912788292393685e+01
-4.182000569466152484e+01
-2.823657491525110785e+01
-4.317548460456860226e+01
-3.582021742954925969e+01
-2.106191870221925200e+01
-4.043073034647551367e+01
-2.053671960241311822e+01
-3.991537994811875478e+01
-2.204023155657200661e+01
-3.789883851132385928e+01
-2.461926129233441429e+01
-3.793837622271998100e+01
-3.724966233871106880e+01
-2.249660572358205712e+01
-4.356925678222155796e+01
-2.272104391915364019e+01
-4.402027933380823299e+01
-2.523080116394920225e+01
-4.260693518203875385e+01
-2.893783329869609489e+01
-4.321673001613788045e+01
-3.612098935222964968e+01
-2.172866573283268110e+01
-4.230330636958740342e+01
-2.185775588404185044e+01
-4.285441142685883165e+01
-2.438912788292395817e+01
-4.182000569466155326e+01
-2.823657491525129259e+01
-4.317548460456829673e+01
-3.582021742954948706e+01
-2.106191870221924489e+01
-4.043073034647563446e+01
-2.053671960241284822e+01
-3.991537994811862688e+01
-2.204023155657197819e+01
-3.789883851132378112e+01
-2.461926129233445693e+01
-3.793837622271997390e+01
-3.724966233871133170e+01
-2.249660572358185462e+01
-4.356925678222166454e+01
-2.272104391915345900e+01
-4.402027933380844615e+01
-2.523080116394920225e+01
-4.260693518203898833e+01
-2.893783329869601317e+01
-4.321673001613755360e+01
-3.612098935223055207e+01
-2.172866573283207003e+01
-4.230330636958797896e+01
-2.185775588404135306e+01
-4.285441142685873217e+01
-2.438912788292397238e+01
-4.182000569466165985e+01
-2.823657491525134944e+01
-4.317548460456816883e+01
-3.582021742955042498e+01
-2.106191870221813645e+01
-4.043073034647596842e+01
-2.053671960241243255e+01
-3.991537994811905321e+01
-2.204023155657182542e+01
-3.789883851132377401e+01
-2.461926129233428640e+01
-3.793837622272016574e+01
-3.724966233871234778e+01
-2.249660572358109789e+01
-4.356925678222244613e+01
-2.272104391915278399e+01
-4.402027933380875879e+01
-2.523080116394894645e+01
-4.260693518203905938e+01
-2.893783329869594212e+01
-4.321673001613790177e+01
