-7.942053810826428251e-01
-1.041075903283681381e+00
-1.352412175964295304e+00
-1.676395656499027442e+00
-1.955801444598975092e+00
-2.135393605867048183e+00
-2.326510264958303598e+00
-2.464311921432742913e+00
-2.586794014659081320e+00
-2.696583757607388332e+00
-2.778823830549779661e+00
-2.841923012783050151e+00
-2.885652311815328552e+00
-2.912949933461316920e+00
-2.928655181530899654e+00
-2.882676402491989087e+00
-2.629511040683725209e+00
-2.324613016573096047e+00
-3.816213113835742909e+00
-7.942053810826454896e-01
-1.041075903283683379e+00
-1.352412175964299301e+00
-1.676395656499031217e+00
-1.955801444598975980e+00
-2.135393605867048183e+00
-2.326510264958306706e+00
-2.464311921432742913e+00
-2.586794014659086205e+00
-2.696583757607394993e+00
-2.778823830549782770e+00
-2.841923012783054592e+00
-2.885652311815332549e+00
-2.912949933461318697e+00
-2.928655181530900986e+00
-2.882676402491982870e+00
-2.629511040683739864e+00
-2.324613016573153779e+00
-3.816213113835753123e+00
-7.942053810826446014e-01
-1.041075903283683823e+00
-1.352412175964298413e+00
-1.676395656499027442e+00
-1.955801444598976868e+00
-2.135393605867048628e+00
-2.326510264958309371e+00
-2.464311921432742025e+00
-2.586794014659085761e+00
-2.696583757607394993e+00
-2.778823830549783658e+00
-2.841923012783054592e+00
-2.885652311815340543e+00
-2.912949933461332463e+00
-2.928655181530914753e+00
-2.882676402492018397e+00
-2.629511040683793155e+00
-2.324613016573367830e+00
-3.816213113835800641e+00
-4.251941521917225231e+01
-4.393396664999892209e+01
-4.065036226215858761e+01
-4.093035586778024282e+01
-4.233898271169685046e+01
-4.325649033750036665e+01
-4.364023767775449869e+01
-4.359315577732229485e+01
-4.318381704152768918e+01
-4.247616159605835406e+01
-4.158140374618497503e+01
-4.352012675526939489e+01
-4.451148942759768090e+01
-4.104435122322728802e+01
-4.133884317752360005e+01
-4.284771349588199740e+01
-4.388570309529026758e+01
-4.440876600492371296e+01
-4.451300100803719317e+01
-4.425769891155285762e+01
-4.370686600462747862e+01
-4.290869730312921604e+01
-3.991666947674768551e+01
-4.129492543001998683e+01
-3.810961317832345685e+01
-3.821122389413888243e+01
-3.939059129711623086e+01
-4.009627438990465009e+01
-4.029835013462010807e+01
-4.012632581715360658e+01
-3.964880346914809905e+01
-3.894309484975678259e+01
-3.826334186830897011e+01
-4.251941521917218125e+01
-4.393396664999882972e+01
-4.065036226215858051e+01
-4.093035586778024992e+01
-4.233898271169682914e+01
-4.325649033750032402e+01
-4.364023767775445606e+01
-4.359315577732227354e+01
-4.318381704152768208e+01
-4.247616159605836117e+01
-4.158140374618496082e+01
-4.352012675526935226e+01
-4.451148942759777327e+01
-4.104435122322723117e+01
-4.133884317752357163e+01
-4.284771349588200451e+01
-4.388570309529019653e+01
-4.440876600492374848e+01
-4.451300100803727133e+01
-4.425769891155280789e+01
-4.370686600462752125e+01
-4.290869730312927999e+01
-3.991666947674769972e+01
-4.129492543002004368e+01
-3.810961317832354922e+01
-3.821122389413889664e+01
-3.939059129711623086e+01
-4.009627438990469273e+01
-4.029835013462014359e+01
-4.012632581715360658e+01
-3.964880346914812037e+01
-3.894309484975672575e+01
-3.826334186830889195e+01
-4.251941521917220257e+01
-4.393396664999890788e+01
-4.065036226215855208e+01
-4.093035586778022861e+01
-4.233898271169681493e+01
-4.325649033750034533e+01
-4.364023767775446316e+01
-4.359315577732227354e+01
-4.318381704152768918e+01
-4.247616159605834696e+01
-4.158140374618496793e+01
-4.352012675526938779e+01
-4.451148942759780169e+01
-4.104435122322720986e+01
-4.133884317752358584e+01
-4.284771349588204714e+01
-4.388570309529020363e+01
-4.440876600492369164e+01
-4.451300100803727844e+01
-4.425769891155282920e+01
-4.370686600462748572e+01
-4.290869730312925867e+01
-3.991666947674772814e+01
-4.129492543001997262e+01
-3.810961317832357054e+01
-3.821122389413891085e+01
-3.939059129711623086e+01
-4.009627438990472825e+01
-4.029835013462015780e+01
-4.012632581715363500e+01
-3.964880346914818432e+01
-3.894309484975686075e+01
-3.826334186830899853e+01
