-9.831681367956134343e-01
-1.012988655886591705e+00
-1.068783116561355939e+00
-1.129475682834249817e+00
-1.240425897364359820e+00
-1.361956544258608792e+00
-1.478440455144950594e+00
-1.592252564741537313e+00
-1.703778164398812134e+00
-1.818037914360042695e+00
-1.940242066365644114e+00
-2.046918998438224335e+00
-2.093694765805490743e+00
-2.147099674878418352e+00
-2.204070655728391337e+00
-2.263008255105831701e+00
-2.322923411545340322e+00
-2.383667044322240969e+00
-2.445999895252855438e+00
-2.496181250288712405e+00
-2.530603711788565136e+00
-2.565175883461944473e+00
-2.598763241796326895e+00
-2.630819403894241404e+00
-2.661088551917741185e+00
-2.689539769514825984e+00
-2.716390330674906650e+00
-2.740000867162334153e+00
-2.756985020500200889e+00
-2.772749628074205219e+00
-2.787232710847652228e+00
-2.800436372086142711e+00
-2.812229190833249959e+00
-2.822213305535276717e+00
-2.829655732354881437e+00
-2.833560009315528205e+00
-2.830670575097522956e+00
-2.820031597047163885e+00
-2.803253304291517978e+00
-2.781340922596736931e+00
-2.756707001267860946e+00
-2.731948594040424894e+00
-2.708990209709860153e+00
-2.786923550528397797e+00
-3.213020663204295246e+00
-3.486146261597770746e+00
-3.706142399533781884e+00
-4.149035853377442962e+00
-5.395461578352190202e+00
-9.831681367956128792e-01
-1.012988655886591260e+00
-1.068783116561356827e+00
-1.129475682834252925e+00
-1.240425897364356933e+00
-1.361956544258604795e+00
-1.478440455144947041e+00
-1.592252564741538645e+00
-1.703778164398812578e+00
-1.818037914360042251e+00
-1.940242066365645002e+00
-2.046918998438219894e+00
-2.093694765805488522e+00
-2.147099674878419240e+00
-2.204070655728390449e+00
-2.263008255105825484e+00
-2.322923411545351868e+00
-2.383667044322226758e+00
-2.445999895252841227e+00
-2.496181250288710629e+00
-2.530603711788561583e+00
-2.565175883461932926e+00
-2.598763241796318901e+00
-2.630819403894234298e+00
-2.661088551917739409e+00
-2.689539769514825096e+00
-2.716390330674913756e+00
-2.740000867162321718e+00
-2.756985020500198225e+00
-2.772749628074189232e+00
-2.787232710847650452e+00
-2.800436372086130277e+00
-2.812229190833260617e+00
-2.822213305535274941e+00
-2.829655732354870779e+00
-2.833560009315540640e+00
-2.830670575097524733e+00
-2.820031597047163885e+00
-2.803253304291519754e+00
-2.781340922596729826e+00
-2.756707001267857393e+00
-2.731948594040433775e+00
-2.708990209709854824e+00
-2.786923550528392468e+00
-3.213020663204284588e+00
-3.486146261597763640e+00
-3.706142399533790766e+00
-4.149035853377441185e+00
-5.395461578352170662e+00
-9.831681367956138784e-01
-1.012988655886592371e+00
-1.068783116561356605e+00
-1.129475682834254924e+00
-1.240425897364361818e+00
-1.361956544258611901e+00
-1.478440455144954147e+00
-1.592252564741534204e+00
-1.703778164398814354e+00
-1.818037914360040475e+00
-1.940242066365646778e+00
-2.046918998438217230e+00
-2.093694765805493407e+00
-2.147099674878422793e+00
-2.204070655728394001e+00
-2.263008255105837918e+00
-2.322923411545343875e+00
-2.383667044322232975e+00
-2.445999895252851886e+00
-2.496181250288715070e+00
-2.530603711788558918e+00
-2.565175883461933815e+00
-2.598763241796332224e+00
-2.630819403894241404e+00
-2.661088551917744738e+00
-2.689539769514830425e+00
-2.716390330674911979e+00
-2.740000867162335041e+00
-2.756985020500207995e+00
-2.772749628074198114e+00
-2.787232710847652228e+00
-2.800436372086130277e+00
-2.812229190833267722e+00
-2.822213305535292704e+00
-2.829655732354872555e+00
-2.833560009315531758e+00
-2.830670575097517627e+00
-2.820031597047174543e+00
-2.803253304291532189e+00
-2.781340922596733378e+00
-2.756707001267860946e+00
-2.731948594040439104e+00
-2.708990209709831731e+00
-2.786923550528396021e+00
-3.213020663204289917e+00
-3.486146261597745877e+00
-3.706142399533787213e+00
-4.149035853377450955e+00
-5.395461578352179544e+00
-3.836855276127015912e+01
-3.973966568238496677e+01
-4.057834923975536867e+01
-4.125077405116267215e+01
-4.177594895300979516e+01
-4.215663788529698053e+01
-4.244041925604719268e+01
-4.268778239407946984e+01
-4.291833473079599770e+01
-4.313664699374636768e+01
-4.334389367377919200e+01
-4.353944794072209135e+01
-4.372233364973308767e+01
-4.389235476725763618e+01
-4.404939316713507935e+01
-4.419347097717658102e+01
-4.432519330902335497e+01
-4.444510097543599869e+01
-4.455184185716142053e+01
-4.464550784200980615e+01
-4.472495313796439120e+01
-4.478605552840809167e+01
-4.481079472196702795e+01
-4.477313870752215053e+01
-4.466600243158279682e+01
-4.448626312842392849e+01
-4.425499595155222465e+01
-4.400326958237795338e+01
-4.384469998982283556e+01
-3.626939701030758556e+01
-3.814176850017517495e+01
-3.896369959823326212e+01
-3.951099220488390529e+01
-3.998216565749934404e+01
-4.033064543878634822e+01
-4.053256298427326954e+01
-4.063352986194705352e+01
-4.070308139693231197e+01
-4.075703620444704711e+01
-4.080022024742870457e+01
-4.083296976021765801e+01
-4.085364861270551984e+01
-4.086119515542384306e+01
-4.085561036216576980e+01
-4.083649879995146392e+01
-4.080490312955313215e+01
-4.076213750018705895e+01
-4.070844906309304889e+01
-4.064808678838642919e+01
-4.058176018730172530e+01
-4.051255865516420585e+01
-4.044366259755808102e+01
-4.038035260617686362e+01
-4.032910828009152482e+01
-4.028174716385971266e+01
-4.022265601177456773e+01
-4.024634443699612518e+01
-4.061192152528472121e+01
-3.823198299437599701e+01
-3.996861304766019884e+01
-4.087774184434346125e+01
-4.158752873582334075e+01
-4.218887516838263707e+01
-4.267075270873867510e+01
-4.303999633876807707e+01
-4.331669593149760544e+01
-4.354940728122102200e+01
-4.375739588811396175e+01
-4.394715910130322811e+01
-4.411960472487736951e+01
-4.427637114693861520e+01
-4.441710568708096218e+01
-4.454197329190398591e+01
-4.465151732972232423e+01
-4.474675116541321529e+01
-4.482627049078522674e+01
-4.489274375493199187e+01
-4.494185840945265653e+01
-4.497249253053955442e+01
-4.497157496621417749e+01
-4.492030613974543485e+01
-4.480848256931123785e+01
-4.463303600726074194e+01
-4.439591666183410723e+01
-4.410633048501619413e+01
-4.378479085495139600e+01
-4.352975739950502998e+01
-3.836855276127016623e+01
-3.973966568238507335e+01
-4.057834923975536867e+01
-4.125077405116267926e+01
-4.177594895300990174e+01
-4.215663788529708711e+01
-4.244041925604716425e+01
-4.268778239407949116e+01
-4.291833473079600481e+01
-4.313664699374633926e+01
-4.334389367377917779e+01
-4.353944794072209135e+01
-4.372233364973303793e+01
-4.389235476725755802e+01
-4.404939316713502961e+01
-4.419347097717658102e+01
-4.432519330902334787e+01
-4.444510097543597027e+01
-4.455184185716142053e+01
-4.464550784200977773e+01
-4.472495313796429173e+01
-4.478605552840805615e+01
-4.481079472196704216e+01
-4.477313870752207947e+01
-4.466600243158265471e+01
-4.448626312842387875e+01
-4.425499595155216070e+01
-4.400326958237779706e+01
-4.384469998982276451e+01
-3.626939701030756424e+01
-3.814176850017504705e+01
-3.896369959823308449e+01
-3.951099220488372765e+01
-3.998216565749925877e+01
-4.033064543878627006e+01
-4.053256298427328375e+01
-4.063352986194703931e+01
-4.070308139693229066e+01
-4.075703620444703290e+01
-4.080022024742863351e+01
-4.083296976021764380e+01
-4.085364861270547721e+01
-4.086119515542385017e+01
-4.085561036216578401e+01
-4.083649879995144261e+01
-4.080490312955313925e+01
-4.076213750018705895e+01
-4.070844906309307021e+01
-4.064808678838637235e+01
-4.058176018730171819e+01
-4.051255865516417742e+01
-4.044366259755817339e+01
-4.038035260617692046e+01
-4.032910828009157456e+01
-4.028174716385978371e+01
-4.022265601177463168e+01
-4.024634443699626019e+01
-4.061192152528483490e+01
-3.823198299437604675e+01
-3.996861304766021306e+01
-4.087774184434348257e+01
-4.158752873582335496e+01
-4.218887516838262286e+01
-4.267075270873867510e+01
-4.303999633876814812e+01
-4.331669593149763386e+01
-4.354940728122100779e+01
-4.375739588811398306e+01
-4.394715910130318548e+01
-4.411960472487737661e+01
-4.427637114693864362e+01
-4.441710568708099061e+01
-4.454197329190404986e+01
-4.465151732972235976e+01
-4.474675116541324371e+01
-4.482627049078521253e+01
-4.489274375493191371e+01
-4.494185840945264943e+01
-4.497249253053957574e+01
-4.497157496621422013e+01
-4.492030613974546327e+01
-4.480848256931113838e+01
-4.463303600726064246e+01
-4.439591666183402907e+01
-4.410633048501613729e+01
-4.378479085495138889e+01
-4.352975739950493050e+01
-3.836855276127017333e+01
-3.973966568238512309e+01
-4.057834923975540420e+01
-4.125077405116277873e+01
-4.177594895300990885e+01
-4.215663788529712264e+01
-4.244041925604723531e+01
-4.268778239407953379e+01
-4.291833473079605454e+01
-4.313664699374633926e+01
-4.334389367377921332e+01
-4.353944794072215529e+01
-4.372233364973308056e+01
-4.389235476725761487e+01
-4.404939316713502251e+01
-4.419347097717660944e+01
-4.432519330902342602e+01
-4.444510097543603422e+01
-4.455184185716145606e+01
-4.464550784200980615e+01
-4.472495313796432015e+01
-4.478605552840798509e+01
-4.481079472196698532e+01
-4.477313870752202263e+01
-4.466600243158260497e+01
-4.448626312842381481e+01
-4.425499595155216070e+01
-4.400326958237782549e+01
-4.384469998982275030e+01
-3.626939701030755714e+01
-3.814176850017497600e+01
-3.896369959823307738e+01
-3.951099220488368502e+01
-3.998216565749923745e+01
-4.033064543878624875e+01
-4.053256298427322690e+01
-4.063352986194691141e+01
-4.070308139693220539e+01
-4.075703620444694053e+01
-4.080022024742852693e+01
-4.083296976021764380e+01
-4.085364861270544168e+01
-4.086119515542384306e+01
-4.085561036216579112e+01
-4.083649879995147103e+01
-4.080490312955318899e+01
-4.076213750018708026e+01
-4.070844906309310574e+01
-4.064808678838636524e+01
-4.058176018730181767e+01
-4.051255865516419163e+01
-4.044366259755825155e+01
-4.038035260617703415e+01
-4.032910828009167403e+01
-4.028174716385986187e+01
-4.022265601177473116e+01
-4.024634443699628861e+01
-4.061192152528469990e+01
-3.823198299437589753e+01
-3.996861304766021306e+01
-4.087774184434348967e+01
-4.158752873582338339e+01
-4.218887516838265128e+01
-4.267075270873871773e+01
-4.303999633876817654e+01
-4.331669593149770492e+01
-4.354940728122112859e+01
-4.375739588811401859e+01
-4.394715910130329917e+01
-4.411960472487746898e+01
-4.427637114693862230e+01
-4.441710568708103324e+01
-4.454197329190405696e+01
-4.465151732972238108e+01
-4.474675116541328634e+01
-4.482627049078517700e+01
-4.489274375493192792e+01
-4.494185840945269206e+01
-4.497249253053953311e+01
-4.497157496621413486e+01
-4.492030613974539222e+01
-4.480848256931113127e+01
-4.463303600726064246e+01
-4.439591666183400775e+01
-4.410633048501611597e+01
-4.378479085495141021e+01
-4.352975739950490919e+01
