-2.083869520115399609e+00
-2.286426138463370172e+00
-2.493968142154797896e+00
-2.708379792205885206e+00
-2.935135103235228637e+00
-3.156830683642820823e+00
-3.364923137671447240e+00
-3.577217001085431392e+00
-3.796148236307464785e+00
-4.022401057631922683e+00
-4.257213288999288636e+00
-4.496039742461627853e+00
-4.743898064109112411e+00
-4.964003527646829284e+00
-5.080767770492711222e+00
-5.203810213995103240e+00
-5.330362754131556358e+00
-5.459085639524932532e+00
-5.589164664777722891e+00
-5.720066214596588594e+00
-5.851551439253945830e+00
-5.984054651636945721e+00
-6.080602143945579741e+00
-6.143144578052300631e+00
-6.198803622902239852e+00
-6.244830879029159121e+00
-6.279248603617830327e+00
-6.300698593315669171e+00
-6.308540406999345151e+00
-6.302496384511449889e+00
-6.283784967852465542e+00
-6.254292308179024928e+00
-6.205794221603177618e+00
-6.154764859944108935e+00
-6.105782921335041635e+00
-6.064296682348178535e+00
-6.036363015772565177e+00
-6.028542207151957655e+00
-6.047941902589229812e+00
-6.102454753695965906e+00
-6.201265707076203171e+00
-6.355778179331409206e+00
-6.571932106609921220e+00
-6.877529824836599914e+00
-7.303706822785343888e+00
-7.897382670508982017e+00
-8.743641034910353937e+00
-1.002164140630760869e+01
-1.222321203159573955e+01
-2.113907019736871451e+00
-2.309701267135223279e+00
-2.513707474525983088e+00
-2.726288483189305722e+00
-2.952607649947238677e+00
-3.168610314157072949e+00
-3.378527619246440850e+00
-3.592613019872154645e+00
-3.812689965298014627e+00
-4.040314809309094812e+00
-4.276755232369829685e+00
-4.518537417399972611e+00
-4.768869002971307225e+00
-4.968213742114755860e+00
-5.085975949278232378e+00
-5.209649783223614605e+00
-5.336715507470909614e+00
-5.465932620652470320e+00
-5.596548330367912882e+00
-5.728087137253272232e+00
-5.860393106292288934e+00
-5.994079455450695093e+00
-6.081422852083139929e+00
-6.144718401599785551e+00
-6.200909031616756550e+00
-6.247390425095595390e+00
-6.282246330803658907e+00
-6.304155575326227279e+00
-6.312508238848984377e+00
-6.306709087406854763e+00
-6.288762496162583204e+00
-6.257820335568123227e+00
-6.210108158813689272e+00
-6.159831992649984045e+00
-6.111602719202018363e+00
-6.070879885822925814e+00
-6.043726701553005398e+00
-6.036710329335285508e+00
-6.056949327348284839e+00
-6.112355568827581465e+00
-6.212152595588165127e+00
-6.366329548749320111e+00
-6.583669105624601059e+00
-6.890537649388164709e+00
-7.318265015924772854e+00
-7.913847276611647885e+00
-8.762708560126220902e+00
-1.004452333123150254e+01
-1.225264924495143859e+01
-2.100197091030662211e+00
-2.300047567439085228e+00
-2.506394498597954712e+00
-2.720457242142853005e+00
-2.947613721556480826e+00
-3.166831840186715930e+00
-3.376109104712073261e+00
-3.589121026584465746e+00
-3.808858353478544068e+00
-4.036016009266216287e+00
-4.271861228843558678e+00
-4.511841311436183943e+00
-4.761116766914062381e+00
-4.971030125125651011e+00
-5.088565711737146557e+00
-5.212184581834605979e+00
-5.339246774219189362e+00
-5.468464195174959741e+00
-5.599054482357608720e+00
-5.730513700575052383e+00
-5.862644807364350896e+00
-5.995972023732498712e+00
-6.088110406472807767e+00
-6.151222961964904812e+00
-6.207332448970273475e+00
-6.253760610684572896e+00
-6.288558449736271427e+00
-6.310384032358054895e+00
-6.318608886871277974e+00
-6.312952922035183434e+00
-6.294707762546156715e+00
-6.264558267518012258e+00
-6.216501990113272313e+00
-6.165885627677987202e+00
-6.117304047207099416e+00
-6.076211528763487024e+00
-6.048668308703611274e+00
-6.041237781087239966e+00
-6.061031879867961436e+00
-6.115950561756903880e+00
-6.215194335694121719e+00
-6.369451373378147707e+00
-6.586024931573064123e+00
-6.892095779859474192e+00
-7.318746222021196957e+00
-7.913034979209626840e+00
-8.759994831715964381e+00
-1.003905709135962354e+01
-1.224241218431524558e+01
-2.097570517041448035e+00
-2.296148448149366139e+00
-2.501397075738673426e+00
-2.714360685221099523e+00
-2.940303814897297308e+00
-3.158689918548411857e+00
-3.367848731578236610e+00
-3.580806768599341439e+00
-3.800095982744598366e+00
-4.026823664576262729e+00
-4.262233466974123530e+00
-4.502849639316041319e+00
-4.751759070412482799e+00
-4.961375823024530618e+00
-5.078355452525267211e+00
-5.201442676330843895e+00
-5.327988405780207160e+00
-5.456700011494847402e+00
-5.586792593564602782e+00
-5.717760760446555679e+00
-5.849406514565409054e+00
-5.982252674673162574e+00
-6.074008995784168974e+00
-6.136716544062277734e+00
-6.192438373524627337e+00
-6.238499641646349403e+00
-6.272955172331702300e+00
-6.294467422752127561e+00
-6.302414477538469839e+00
-6.296199406412597455e+00
-6.277761098931190276e+00
-6.247451477847246082e+00
-6.199269965616974076e+00
-6.148552406449834251e+00
-6.099893684491476620e+00
-6.058747569029137026e+00
-6.031174173259287841e+00
-6.023737858632713937e+00
-6.043553243733200020e+00
-6.098525292179367341e+00
-6.197862426852658757e+00
-6.352272706682235537e+00
-6.569173076197742489e+00
-6.875550037207460718e+00
-7.302795111519806426e+00
-7.897760510284435043e+00
-8.745909270532298052e+00
-1.002671907530339723e+01
-1.223313822364765358e+01
-2.113907019736874560e+00
-2.309701267135225056e+00
-2.513707474525988417e+00
-2.726288483189303946e+00
-2.952607649947238677e+00
-3.168610314157064067e+00
-3.378527619246444402e+00
-3.592613019872148428e+00
-3.812689965298019956e+00
-4.040314809309105470e+00
-4.276755232369820803e+00
-4.518537417399970835e+00
-4.768869002971296567e+00
-4.968213742114770071e+00
-5.085975949278243036e+00
-5.209649783223589736e+00
-5.336715507470895403e+00
-5.465932620652505847e+00
-5.596548330367930646e+00
-5.728087137253275785e+00
-5.860393106292264065e+00
-5.994079455450684435e+00
-6.081422852083157693e+00
-6.144718401599810420e+00
-6.200909031616752998e+00
-6.247390425095588284e+00
-6.282246330803662460e+00
-6.304155575326202410e+00
-6.312508238849005693e+00
-6.306709087406847658e+00
-6.288762496162551230e+00
-6.257820335568116121e+00
-6.210108158813682167e+00
-6.159831992649984045e+00
-6.111602719202011258e+00
-6.070879885822947131e+00
-6.043726701552991187e+00
-6.036710329335335246e+00
-6.056949327348220891e+00
-6.112355568827567254e+00
-6.212152595588150916e+00
-6.366329548749277478e+00
-6.583669105624636586e+00
-6.890537649388136288e+00
-7.318265015924744432e+00
-7.913847276611626569e+00
-8.762708560126252877e+00
-1.004452333123148833e+01
-1.225264924495144925e+01
-2.083869520115397389e+00
-2.286426138463366176e+00
-2.493968142154795231e+00
-2.708379792205884762e+00
-2.935135103235225529e+00
-3.156830683642812829e+00
-3.364923137671444131e+00
-3.577217001085434944e+00
-3.796148236307461232e+00
-4.022401057631923571e+00
-4.257213288999295742e+00
-4.496039742461622524e+00
-4.743898064109135504e+00
-4.964003527646832836e+00
-5.080767770492700564e+00
-5.203810213995078371e+00
-5.330362754131547476e+00
-5.459085639524911215e+00
-5.589164664777722891e+00
-5.720066214596620568e+00
-5.851551439253935172e+00
-5.984054651636967037e+00
-6.080602143945561977e+00
-6.143144578052311289e+00
-6.198803622902222088e+00
-6.244830879029159121e+00
-6.279248603617833879e+00
-6.300698593315654961e+00
-6.308540406999327388e+00
-6.302496384511439231e+00
-6.283784967852486858e+00
-6.254292308179014270e+00
-6.205794221603170513e+00
-6.154764859944119593e+00
-6.105782921335006108e+00
-6.064296682348221168e+00
-6.036363015772572282e+00
-6.028542207151986076e+00
-6.047941902589208496e+00
-6.102454753696022749e+00
-6.201265707076245803e+00
-6.355778179331402100e+00
-6.571932106609921220e+00
-6.877529824836571493e+00
-7.303706822785365205e+00
-7.897382670508967806e+00
-8.743641034910346832e+00
-1.002164140630757316e+01
-1.222321203159572534e+01
-2.097570517041447147e+00
-2.296148448149364363e+00
-2.501397075738674314e+00
-2.714360685221101299e+00
-2.940303814897296419e+00
-3.158689918548408748e+00
-3.367848731578241050e+00
-3.580806768599338774e+00
-3.800095982744601031e+00
-4.026823664576260953e+00
-4.262233466974135965e+00
-4.502849639316057306e+00
-4.751759070412484576e+00
-4.961375823024539500e+00
-5.078355452525267211e+00
-5.201442676330849224e+00
-5.327988405780207160e+00
-5.456700011494856284e+00
-5.586792593564602782e+00
-5.717760760446534363e+00
-5.849406514565416160e+00
-5.982252674673144810e+00
-6.074008995784172527e+00
-6.136716544062284839e+00
-6.192438373524591810e+00
-6.238499641646342297e+00
-6.272955172331723617e+00
-6.294467422752138219e+00
-6.302414477538462734e+00
-6.296199406412618771e+00
-6.277761098931190276e+00
-6.247451477847256740e+00
-6.199269965617020262e+00
-6.148552406449809382e+00
-6.099893684491512147e+00
-6.058747569029165447e+00
-6.031174173259309157e+00
-6.023737858632763675e+00
-6.043553243733200020e+00
-6.098525292179331814e+00
-6.197862426852665862e+00
-6.352272706682235537e+00
-6.569173076197742489e+00
-6.875550037207418086e+00
-7.302795111519834848e+00
-7.897760510284477675e+00
-8.745909270532273183e+00
-1.002671907530337236e+01
-1.223313822364766423e+01
-2.100197091030665320e+00
-2.300047567439088336e+00
-2.506394498597957821e+00
-2.720457242142859666e+00
-2.947613721556484823e+00
-3.166831840186731029e+00
-3.376109104712080367e+00
-3.589121026584467522e+00
-3.808858353478543179e+00
-4.036016009266220728e+00
-4.271861228843546243e+00
-4.511841311436199931e+00
-4.761116766914046394e+00
-4.971030125125663446e+00
-5.088565711737139452e+00
-5.212184581834591768e+00
-5.339246774219182257e+00
-5.468464195174963294e+00
-5.599054482357633589e+00
-5.730513700575063041e+00
-5.862644807364333133e+00
-5.995972023732509371e+00
-6.088110406472804215e+00
-6.151222961964894154e+00
-6.207332448970284133e+00
-6.253760610684583554e+00
-6.288558449736274980e+00
-6.310384032358058448e+00
-6.318608886871285080e+00
-6.312952922035197645e+00
-6.294707762546156715e+00
-6.264558267518005152e+00
-6.216501990113279419e+00
-6.165885627678001413e+00
-6.117304047207099416e+00
-6.076211528763437286e+00
-6.048668308703668117e+00
-6.041237781087232861e+00
-6.061031879867954331e+00
-6.115950561756811510e+00
-6.215194335694157246e+00
-6.369451373378154813e+00
-6.586024931573064123e+00
-6.892095779859452875e+00
-7.318746222021246695e+00
-7.913034979209605524e+00
-8.759994831715985697e+00
-1.003905709135960933e+01
-1.224241218431523137e+01
