-2.107211482373807510e+00
-2.286402116814718166e+00
-2.476251721221388813e+00
-2.671585324907006065e+00
-2.873657174064896846e+00
-3.075845176690872762e+00
-3.262953835468464625e+00
-3.451033365590931545e+00
-3.639905548753769260e+00
-3.829910180212251269e+00
-4.021653743173015272e+00
-4.216043761021104785e+00
-4.414544751159295899e+00
-4.616162857574886758e+00
-4.824867586326694990e+00
-4.968589043452793064e+00
-5.045757156566805790e+00
-5.129553105543054770e+00
-5.217099444284190923e+00
-5.307285518687343995e+00
-5.399591388054997054e+00
-5.493716540909364454e+00
-5.589083007294394889e+00
-5.684810403190304839e+00
-5.779428234484814908e+00
-5.870765898588295784e+00
-5.955919266837199189e+00
-6.031419329973168431e+00
-6.093918263408323099e+00
-6.102911398061117154e+00
-6.083363522761530362e+00
-6.035152164558038379e+00
-5.953702194413978077e+00
-5.842968870563979067e+00
-5.707674240660356446e+00
-5.555960269502339344e+00
-5.397748914315116053e+00
-5.243382925026295993e+00
-5.108401601657757141e+00
-5.005293983686186721e+00
-4.946651118902771316e+00
-4.946072361419854957e+00
-5.020182438759274390e+00
-5.190936754246546769e+00
-5.488786617178107008e+00
-5.973222433228215777e+00
-6.739548476805207855e+00
-8.012682797317472350e+00
-1.038996079082966517e+01
-2.139711840058855952e+00
-2.310334521248748274e+00
-2.495202642246531433e+00
-2.687265488758068699e+00
-2.887237568296039836e+00
-3.084800380737429126e+00
-3.275441062699260719e+00
-3.464063377205807370e+00
-3.653746371085619060e+00
-3.844771769964446584e+00
-4.037744019867789191e+00
-4.233610156845101002e+00
-4.433927800240670791e+00
-4.638749463511745219e+00
-4.850739108222690277e+00
-4.967274431624680631e+00
-5.046594456495283154e+00
-5.131701751524417432e+00
-5.219832203733854925e+00
-5.309684301853025090e+00
-5.402231874970297554e+00
-5.497020629693100346e+00
-5.593496122851661312e+00
-5.690323318013390974e+00
-5.785291076702563373e+00
-5.877097136337475547e+00
-5.962905657254754743e+00
-6.039430453938166465e+00
-6.097872646983741873e+00
-6.101968741839094434e+00
-6.083489604409585638e+00
-6.034966022418512210e+00
-5.954453875213854275e+00
-5.844616868288309064e+00
-5.710236254373516118e+00
-5.559474462790525706e+00
-5.401883314845424167e+00
-5.248545731057294716e+00
-5.114564727304649949e+00
-5.012436477838555504e+00
-4.954763324042168904e+00
-4.955167000971925972e+00
-5.030308562367974190e+00
-5.202303783688339678e+00
-5.501503719092667666e+00
-5.987822289545466248e+00
-6.756926113135751422e+00
-8.034621820433088146e+00
-1.042178838196852375e+01
-2.125089720938473370e+00
-2.300812580123154483e+00
-2.488896370073455433e+00
-2.683347891088763593e+00
-2.885249481943106709e+00
-3.085680992157335822e+00
-3.274177228311465182e+00
-3.462863918971747168e+00
-3.652451089880541346e+00
-3.843264380868700592e+00
-4.035916020637301926e+00
-4.231339758607800761e+00
-4.431059822112604962e+00
-4.633960116195318335e+00
-4.844571468962630689e+00
-4.974904497707623108e+00
-5.053460710971464209e+00
-5.138193347992899618e+00
-5.226476079953995324e+00
-5.317293688403207597e+00
-5.409896421098531860e+00
-5.504705519842325145e+00
-5.600640321690502077e+00
-5.696838381078006108e+00
-5.791935671048882739e+00
-5.883778975696934310e+00
-5.969493353803486002e+00
-6.045664639800030216e+00
-6.109080244061722453e+00
-6.113099022821117501e+00
-6.094364058721637889e+00
-6.046775953831581063e+00
-5.965913956807948892e+00
-5.855725505836748113e+00
-5.720952717781312202e+00
-5.569741854896832933e+00
-5.412150898381508313e+00
-5.258285909140006709e+00
-5.123794856163421230e+00
-5.021165283857268236e+00
-4.962991152120608263e+00
-4.962879430098240618e+00
-5.037470283510170788e+00
-5.208498158107829568e+00
-5.506896180239262861e+00
-5.991628595006197600e+00
-6.758645510631311026e+00
-8.032943694042780081e+00
-1.041280402445958941e+01
-2.121749223624581404e+00
-2.295923736536050086e+00
-2.482609655740169341e+00
-2.675596997003227173e+00
-2.875786240102921720e+00
-3.074903662755749778e+00
-3.264191561038467526e+00
-3.452215623100023834e+00
-3.641186944527376568e+00
-3.831402740073690083e+00
-4.023462259479629211e+00
-4.218286433820647829e+00
-4.417372925266123573e+00
-4.620900917626162396e+00
-4.830964603485966791e+00
-4.960960338548069615e+00
-5.038854001848978470e+00
-5.122977469685597640e+00
-5.210710919338477964e+00
-5.299834927963640752e+00
-5.391722860225780067e+00
-5.485907974445652258e+00
-5.581810228509237248e+00
-5.678005045540960083e+00
-5.772434904014531298e+00
-5.863649836584322372e+00
-5.948764825720243010e+00
-6.024368464481202778e+00
-6.087256964402083526e+00
-6.090909012422773827e+00
-6.071790589540974281e+00
-6.022661954119381988e+00
-5.941576900056940502e+00
-5.831182875647591857e+00
-5.696252295644690378e+00
-5.544949567241108213e+00
-5.386672680703473048e+00
-5.232784181185898831e+00
-5.098259698449599142e+00
-4.995599103061650226e+00
-4.937403480602561956e+00
-4.937288338707215729e+00
-5.011900325931730293e+00
-5.183605635815400348e+00
-5.482224126131097108e+00
-5.968269771842418692e+00
-6.736717513358904341e+00
-8.013334592282856050e+00
-1.039814309679110771e+01
-2.139711840058853731e+00
-2.310334521248748274e+00
-2.495202642246524771e+00
-2.687265488758071363e+00
-2.887237568296034063e+00
-3.084800380737430459e+00
-3.275441062699261607e+00
-3.464063377205802041e+00
-3.653746371085614619e+00
-3.844771769964461683e+00
-4.037744019867794520e+00
-4.233610156845090344e+00
-4.433927800240702766e+00
-4.638749463511764759e+00
-4.850739108222700935e+00
-4.967274431624684183e+00
-5.046594456495277825e+00
-5.131701751524433419e+00
-5.219832203733876241e+00
-5.309684301853026867e+00
-5.402231874970297554e+00
-5.497020629693111005e+00
-5.593496122851654206e+00
-5.690323318013412290e+00
-5.785291076702531399e+00
-5.877097136337471994e+00
-5.962905657254765401e+00
-6.039430453938180676e+00
-6.097872646983731215e+00
-6.101968741839101540e+00
-6.083489604409628271e+00
-6.034966022418519316e+00
-5.954453875213882696e+00
-5.844616868288294853e+00
-5.710236254373533882e+00
-5.559474462790511495e+00
-5.401883314845456141e+00
-5.248545731057255637e+00
-5.114564727304664160e+00
-5.012436477838583926e+00
-4.954763324042183115e+00
-4.955167000971940183e+00
-5.030308562368031033e+00
-5.202303783688339678e+00
-5.501503719092667666e+00
-5.987822289545448484e+00
-6.756926113135769185e+00
-8.034621820433077488e+00
-1.042178838196853619e+01
-2.107211482373809730e+00
-2.286402116814719943e+00
-2.476251721221395918e+00
-2.671585324907010062e+00
-2.873657174064896402e+00
-3.075845176690868765e+00
-3.262953835468458408e+00
-3.451033365590928881e+00
-3.639905548753775477e+00
-3.829910180212261928e+00
-4.021653743172993956e+00
-4.216043761021103009e+00
-4.414544751159294123e+00
-4.616162857574867218e+00
-4.824867586326721636e+00
-4.968589043452766418e+00
-5.045757156566798685e+00
-5.129553105543049440e+00
-5.217099444284198029e+00
-5.307285518687358206e+00
-5.399591388055011265e+00
-5.493716540909378665e+00
-5.589083007294394889e+00
-5.684810403190308392e+00
-5.779428234484814908e+00
-5.870765898588281573e+00
-5.955919266837199189e+00
-6.031419329973164878e+00
-6.093918263408319547e+00
-6.102911398061117154e+00
-6.083363522761523257e+00
-6.035152164558045484e+00
-5.953702194413978077e+00
-5.842968870563996830e+00
-5.707674240660356446e+00
-5.555960269502321580e+00
-5.397748914315094737e+00
-5.243382925026303099e+00
-5.108401601657757141e+00
-5.005293983686126325e+00
-4.946651118902785527e+00
-4.946072361419805219e+00
-5.020182438759267285e+00
-5.190936754246550322e+00
-5.488786617178138982e+00
-5.973222433228180250e+00
-6.739548476805207855e+00
-8.012682797317420835e+00
-1.038996079082965984e+01
-2.121749223624579628e+00
-2.295923736536047421e+00
-2.482609655740164900e+00
-2.675596997003225841e+00
-2.875786240102914171e+00
-3.074903662755735567e+00
-3.264191561038452871e+00
-3.452215623100017616e+00
-3.641186944527367686e+00
-3.831402740073688307e+00
-4.023462259479616776e+00
-4.218286433820647829e+00
-4.417372925266114692e+00
-4.620900917626167725e+00
-4.830964603485959685e+00
-4.960960338548071391e+00
-5.038854001848985575e+00
-5.122977469685601193e+00
-5.210710919338492175e+00
-5.299834927963646081e+00
-5.391722860225780067e+00
-5.485907974445659363e+00
-5.581810228509226590e+00
-5.678005045540970741e+00
-5.772434904014517087e+00
-5.863649836584315267e+00
-5.948764825720228799e+00
-6.024368464481192120e+00
-6.087256964402087078e+00
-6.090909012422788038e+00
-6.071790589540984939e+00
-6.022661954119350014e+00
-5.941576900056919186e+00
-5.831182875647588304e+00
-5.696252295644704589e+00
-5.544949567241118871e+00
-5.386672680703487259e+00
-5.232784181185898831e+00
-5.098259698449592037e+00
-4.995599103061628909e+00
-4.937403480602583272e+00
-4.937288338707190860e+00
-5.011900325931744504e+00
-5.183605635815407453e+00
-5.482224126131129083e+00
-5.968269771842450666e+00
-6.736717513358904341e+00
-8.013334592282870261e+00
-1.039814309679109172e+01
-2.125089720938473370e+00
-2.300812580123157147e+00
-2.488896370073460318e+00
-2.683347891088767145e+00
-2.885249481943112926e+00
-3.085680992157339819e+00
-3.274177228311467402e+00
-3.462863918971750721e+00
-3.652451089880538682e+00
-3.843264380868705032e+00
-4.035916020637310808e+00
-4.231339758607813195e+00
-4.431059822112604962e+00
-4.633960116195327217e+00
-4.844571468962632466e+00
-4.974904497707628437e+00
-5.053460710971442893e+00
-5.138193347992903171e+00
-5.226476079953993548e+00
-5.317293688403221807e+00
-5.409896421098515873e+00
-5.504705519842314487e+00
-5.600640321690502077e+00
-5.696838381078027425e+00
-5.791935671048857870e+00
-5.883778975696934310e+00
-5.969493353803503766e+00
-6.045664639800037321e+00
-6.109080244061718901e+00
-6.113099022821131712e+00
-6.094364058721666311e+00
-6.046775953831577510e+00
-5.965913956807938234e+00
-5.855725505836755218e+00
-5.720952717781315755e+00
-5.569741854896829381e+00
-5.412150898381518971e+00
-5.258285909139996050e+00
-5.123794856163488731e+00
-5.021165283857293105e+00
-4.962991152120594052e+00
-4.962879430098269040e+00
-5.037470283510153024e+00
-5.208498158107818909e+00
-5.506896180239269967e+00
-5.991628595006208258e+00
-6.758645510631307474e+00
-8.032943694042796068e+00
-1.041280402445958941e+01
