-7.188463320636466758e-01
-8.134862953112385053e-01
-9.067055249147013551e-01
-1.002811445270392454e+00
-1.104900989566609759e+00
-1.233801593273535779e+00
-1.358706005314077370e+00
-1.481421873975852233e+00
-1.607088154853216322e+00
-1.736022047599417473e+00
-1.873636702110967001e+00
-1.948064673000641900e+00
-2.014929901641221655e+00
-2.085117389501281782e+00
-2.157052480429585195e+00
-2.230188393157057192e+00
-2.304917612815145844e+00
-2.371097233420272232e+00
-2.417856820946209240e+00
-2.464724810453201798e+00
-2.510568461818723840e+00
-2.554834652949052654e+00
-2.597250291833869795e+00
-2.637797480410381645e+00
-2.673682088831628612e+00
-2.703430211326683263e+00
-2.730800555272548280e+00
-2.755657647517980813e+00
-2.777952676504721552e+00
-2.797893990643171236e+00
-2.815827287362369979e+00
-2.832126830507545989e+00
-2.843503316952816107e+00
-2.852579037160145603e+00
-2.859389761512730388e+00
-2.863149178178876042e+00
-2.862893732666808688e+00
-2.857742873008209727e+00
-2.847412895345708961e+00
-2.832922714250146967e+00
-2.816794986755905228e+00
-2.803471388497101202e+00
-2.797882114759381977e+00
-2.789599403240716313e+00
-2.893952129375440663e+00
-3.529116282841645358e+00
-3.672154574132642679e+00
-4.170515744527791391e+00
-5.357769536865938598e+00
-7.188463320636458986e-01
-8.134862953112380612e-01
-9.067055249147009111e-01
-1.002811445270392232e+00
-1.104900989566610203e+00
-1.233801593273530450e+00
-1.358706005314076926e+00
-1.481421873975850678e+00
-1.607088154853215656e+00
-1.736022047599416140e+00
-1.873636702110959007e+00
-1.948064673000644120e+00
-2.014929901641225207e+00
-2.085117389501275120e+00
-2.157052480429589192e+00
-2.230188393157056304e+00
-2.304917612815141403e+00
-2.371097233420271344e+00
-2.417856820946205687e+00
-2.464724810453204462e+00
-2.510568461818731834e+00
-2.554834652949038443e+00
-2.597250291833863578e+00
-2.637797480410377204e+00
-2.673682088831627723e+00
-2.703430211326674382e+00
-2.730800555272547392e+00
-2.755657647517979036e+00
-2.777952676504724216e+00
-2.797893990643169460e+00
-2.815827287362370868e+00
-2.832126830507526449e+00
-2.843503316952816107e+00
-2.852579037160143827e+00
-2.859389761512739270e+00
-2.863149178178870713e+00
-2.862893732666803359e+00
-2.857742873008215057e+00
-2.847412895345721395e+00
-2.832922714250148744e+00
-2.816794986755915886e+00
-2.803471388497094097e+00
-2.797882114759387306e+00
-2.789599403240693221e+00
-2.893952129375421123e+00
-3.529116282841634700e+00
-3.672154574132642679e+00
-4.170515744527779844e+00
-5.357769536865935045e+00
-7.188463320636480081e-01
-8.134862953112388384e-01
-9.067055249147012441e-01
-1.002811445270395119e+00
-1.104900989566609537e+00
-1.233801593273530672e+00
-1.358706005314077148e+00
-1.481421873975851122e+00
-1.607088154853216544e+00
-1.736022047599413032e+00
-1.873636702110961672e+00
-1.948064673000643232e+00
-2.014929901641229204e+00
-2.085117389501280893e+00
-2.157052480429579422e+00
-2.230188393157062521e+00
-2.304917612815144068e+00
-2.371097233420274897e+00
-2.417856820946203911e+00
-2.464724810453208015e+00
-2.510568461818729169e+00
-2.554834652949050877e+00
-2.597250291833857361e+00
-2.637797480410371875e+00
-2.673682088831628612e+00
-2.703430211326681487e+00
-2.730800555272548280e+00
-2.755657647517979036e+00
-2.777952676504724216e+00
-2.797893990643151696e+00
-2.815827287362369979e+00
-2.832126830507537107e+00
-2.843503316952814330e+00
-2.852579037160129616e+00
-2.859389761512723283e+00
-2.863149178178883147e+00
-2.862893732666803359e+00
-2.857742873008220386e+00
-2.847412895345707184e+00
-2.832922714250152296e+00
-2.816794986755917662e+00
-2.803471388497099426e+00
-2.797882114759362437e+00
-2.789599403240710984e+00
-2.893952129375440663e+00
-3.529116282841629371e+00
-3.672154574132644456e+00
-4.170515744527778068e+00
-5.357769536865928828e+00
-3.307310213479409811e+01
-3.568624137386078132e+01
-3.722379382252109536e+01
-3.820182789436893245e+01
-3.887185159596936757e+01
-3.941671815895087150e+01
-3.988055625778509494e+01
-4.024943345808684114e+01
-4.052318499933609530e+01
-4.070941933711534944e+01
-4.082148584367693900e+01
-4.087562127888612906e+01
-4.087455717257637389e+01
-4.084719669238799611e+01
-4.079090285689900952e+01
-4.071112970176919532e+01
-4.061307440426664073e+01
-4.049604163105539101e+01
-4.035373768562472208e+01
-4.019502384602446199e+01
-4.000602971968316268e+01
-3.979133974637496607e+01
-3.953591139008347000e+01
-3.924930793485187053e+01
-3.892788555567034336e+01
-3.857406151690056362e+01
-3.819838047743547804e+01
-3.782489883360891270e+01
-3.755127346419678247e+01
-3.392683807262826434e+01
-3.672780166236049126e+01
-3.843912903408740789e+01
-3.961279151641347340e+01
-4.044320511070946367e+01
-4.108748588024274540e+01
-4.163758410528635778e+01
-4.210828359714604829e+01
-4.249494899754510158e+01
-4.280081762497854214e+01
-4.303532551921580307e+01
-4.320194287225224627e+01
-4.331578349742979128e+01
-4.338245749754499059e+01
-4.340169500134346237e+01
-4.338410897061459082e+01
-4.333177085207782397e+01
-4.323917118938425830e+01
-4.311081532204747901e+01
-4.294917374047215475e+01
-4.274501726949488045e+01
-4.250449476245393043e+01
-4.222215999851176349e+01
-4.190041832143111833e+01
-4.153429201971973583e+01
-4.113027706364045599e+01
-4.067880875661020923e+01
-4.014985188171070973e+01
-3.946401246368645133e+01
-3.584028581512011158e+01
-3.817773145303506510e+01
-3.961504861839507896e+01
-4.061650522317775369e+01
-4.139274159631070660e+01
-4.204865558594590880e+01
-4.261310093357725037e+01
-4.308971116875727603e+01
-4.348644274659374531e+01
-4.381117957822679188e+01
-4.407631447544680725e+01
-4.428505574874297679e+01
-4.444961878781688824e+01
-4.457280755673424721e+01
-4.465703065350834322e+01
-4.470431440761505826e+01
-4.471646778440535286e+01
-4.469088481367725052e+01
-4.462503819189341669e+01
-4.452289719487394137e+01
-4.437930623890327553e+01
-4.419674359006035047e+01
-4.397197008611677660e+01
-4.371147588005103302e+01
-4.341368210454921694e+01
-4.306109920616592746e+01
-4.261808776267810117e+01
-4.201002154805084388e+01
-4.104226698927060113e+01
-3.307310213479389915e+01
-3.568624137386071027e+01
-3.722379382252117352e+01
-3.820182789436894666e+01
-3.887185159596945283e+01
-3.941671815895097097e+01
-3.988055625778520863e+01
-4.024943345808695483e+01
-4.052318499933618057e+01
-4.070941933711546312e+01
-4.082148584367698163e+01
-4.087562127888624275e+01
-4.087455717257644494e+01
-4.084719669238805295e+01
-4.079090285689909479e+01
-4.071112970176921664e+01
-4.061307440426663362e+01
-4.049604163105540522e+01
-4.035373768562477892e+01
-4.019502384602438383e+01
-4.000602971968314137e+01
-3.979133974637505133e+01
-3.953591139008342736e+01
-3.924930793485189184e+01
-3.892788555567032915e+01
-3.857406151690052809e+01
-3.819838047743535725e+01
-3.782489883360888427e+01
-3.755127346419677536e+01
-3.392683807262834961e+01
-3.672780166236054811e+01
-3.843912903408745052e+01
-3.961279151641351604e+01
-4.044320511070951341e+01
-4.108748588024275961e+01
-4.163758410528635068e+01
-4.210828359714607672e+01
-4.249494899754513710e+01
-4.280081762497857767e+01
-4.303532551921579596e+01
-4.320194287225226049e+01
-4.331578349742974154e+01
-4.338245749754495506e+01
-4.340169500134341263e+01
-4.338410897061453397e+01
-4.333177085207778134e+01
-4.323917118938420856e+01
-4.311081532204743638e+01
-4.294917374047219027e+01
-4.274501726949483071e+01
-4.250449476245390201e+01
-4.222215999851177060e+01
-4.190041832143113965e+01
-4.153429201971974294e+01
-4.113027706364049152e+01
-4.067880875661026607e+01
-4.014985188171072394e+01
-3.946401246368649396e+01
-3.584028581512011868e+01
-3.817773145303505089e+01
-3.961504861839486580e+01
-4.061650522317761158e+01
-4.139274159631065686e+01
-4.204865558594582353e+01
-4.261310093357722906e+01
-4.308971116875706286e+01
-4.348644274659361031e+01
-4.381117957822671372e+01
-4.407631447544677883e+01
-4.428505574874291284e+01
-4.444961878781689535e+01
-4.457280755673411932e+01
-4.465703065350830059e+01
-4.470431440761510800e+01
-4.471646778440546655e+01
-4.469088481367732868e+01
-4.462503819189357301e+01
-4.452289719487397690e+01
-4.437930623890336079e+01
-4.419674359006048547e+01
-4.397197008611687608e+01
-4.371147588005118223e+01
-4.341368210454944432e+01
-4.306109920616597009e+01
-4.261808776267820065e+01
-4.201002154805092914e+01
-4.104226698927062245e+01
-3.307310213479399863e+01
-3.568624137386067474e+01
-3.722379382252113089e+01
-3.820182789436888982e+01
-3.887185159596936046e+01
-3.941671815895085018e+01
-3.988055625778511626e+01
-4.024943345808686246e+01
-4.052318499933610241e+01
-4.070941933711541338e+01
-4.082148584367689637e+01
-4.087562127888621433e+01
-4.087455717257643073e+01
-4.084719669238801032e+01
-4.079090285689906636e+01
-4.071112970176920953e+01
-4.061307440426663362e+01
-4.049604163105535548e+01
-4.035373768562470786e+01
-4.019502384602443357e+01
-4.000602971968313426e+01
-3.979133974637505844e+01
-3.953591139008347000e+01
-3.924930793485189184e+01
-3.892788555567035047e+01
-3.857406151690058493e+01
-3.819838047743544251e+01
-3.782489883360896954e+01
-3.755127346419681800e+01
-3.392683807262812223e+01
-3.672780166236037758e+01
-3.843912903408731552e+01
-3.961279151641348051e+01
-4.044320511070948498e+01
-4.108748588024273829e+01
-4.163758410528633647e+01
-4.210828359714609803e+01
-4.249494899754516553e+01
-4.280081762497859899e+01
-4.303532551921583149e+01
-4.320194287225223206e+01
-4.331578349742983391e+01
-4.338245749754501190e+01
-4.340169500134344105e+01
-4.338410897061460503e+01
-4.333177085207780976e+01
-4.323917118938427251e+01
-4.311081532204746480e+01
-4.294917374047219027e+01
-4.274501726949481650e+01
-4.250449476245393043e+01
-4.222215999851177060e+01
-4.190041832143115386e+01
-4.153429201971972873e+01
-4.113027706364047731e+01
-4.067880875661022344e+01
-4.014985188171070263e+01
-3.946401246368645133e+01
-3.584028581512014000e+01
-3.817773145303513616e+01
-3.961504861839492264e+01
-4.061650522317771106e+01
-4.139274159631071370e+01
-4.204865558594593011e+01
-4.261310093357734985e+01
-4.308971116875717655e+01
-4.348644274659368136e+01
-4.381117957822678477e+01
-4.407631447544673620e+01
-4.428505574874298389e+01
-4.444961878781694509e+01
-4.457280755673414063e+01
-4.465703065350832190e+01
-4.470431440761508668e+01
-4.471646778440536707e+01
-4.469088481367730026e+01
-4.462503819189353749e+01
-4.452289719487390585e+01
-4.437930623890326842e+01
-4.419674359006030073e+01
-4.397197008611680502e+01
-4.371147588005110407e+01
-4.341368210454936616e+01
-4.306109920616591324e+01
-4.261808776267808696e+01
-4.201002154805077282e+01
-4.104226698927058692e+01
