-5.593232234254753577e-01
-5.151828994476899126e-01
-5.312874611278517456e-01
-5.675495541991149029e-01
-6.654925094387302842e-01
-7.753926174677987504e-01
-8.755480451588510959e-01
-9.667733855686275746e-01
-1.057702654642890039e+00
-1.154353257894404017e+00
-1.257064561684156700e+00
-1.336302177181151407e+00
-1.371580820604554773e+00
-1.415407918930448261e+00
-1.463417698422688318e+00
-1.513410854111131520e+00
-1.563989603836153819e+00
-1.614994512765624890e+00
-1.667060335493177448e+00
-1.703260962160678460e+00
-1.732654737530491929e+00
-1.761817086292253975e+00
-1.790177246824400825e+00
-1.817454707999175412e+00
-1.843540301082725819e+00
-1.868480672603658022e+00
-1.892512328701089430e+00
-1.912339933722165597e+00
-1.929340064408780364e+00
-1.945635799284413991e+00
-1.961246666828438734e+00
-1.976206927899914589e+00
-1.990488159721193639e+00
-2.003953198702511429e+00
-2.016343863886302046e+00
-2.027343127412496671e+00
-2.033551141267201601e+00
-2.037462782235719416e+00
-2.039089022874058799e+00
-2.039155256827175577e+00
-2.039297330974219946e+00
-2.042141099251093550e+00
-2.052600710097351566e+00
-2.096860985376469699e+00
-2.342909119131842743e+00
-2.753910592852701456e+00
-2.986180749748836405e+00
-3.215414477998859155e+00
-4.101562566746863148e+00
-5.593232234254790214e-01
-5.151828994476892465e-01
-5.312874611278561865e-01
-5.675495541991164572e-01
-6.654925094387289519e-01
-7.753926174678000827e-01
-8.755480451588484314e-01
-9.667733855686249100e-01
-1.057702654642882933e+00
-1.154353257894394247e+00
-1.257064561684152260e+00
-1.336302177181138973e+00
-1.371580820604556550e+00
-1.415407918930445597e+00
-1.463417698422688318e+00
-1.513410854111145731e+00
-1.563989603836144937e+00
-1.614994512765612455e+00
-1.667060335493186329e+00
-1.703260962160682013e+00
-1.732654737530504363e+00
-1.761817086292250423e+00
-1.790177246824407931e+00
-1.817454707999177188e+00
-1.843540301082693844e+00
-1.868480672603670456e+00
-1.892512328701069890e+00
-1.912339933722151386e+00
-1.929340064408776811e+00
-1.945635799284419321e+00
-1.961246666828449392e+00
-1.976206927899919918e+00
-1.990488159721197192e+00
-2.003953198702504324e+00
-2.016343863886310928e+00
-2.027343127412526869e+00
-2.033551141267214035e+00
-2.037462782235730074e+00
-2.039089022874051693e+00
-2.039155256827186236e+00
-2.039297330974218170e+00
-2.042141099251097103e+00
-2.052600710097351566e+00
-2.096860985376439501e+00
-2.342909119131826756e+00
-2.753910592852719219e+00
-2.986180749748857721e+00
-3.215414477998873366e+00
-4.101562566746876470e+00
-5.593232234254784663e-01
-5.151828994476952417e-01
-5.312874611278544101e-01
-5.675495541991200099e-01
-6.654925094387302842e-01
-7.753926174678054117e-01
-8.755480451588564250e-01
-9.667733855686329036e-01
-1.057702654642894036e+00
-1.154353257894399576e+00
-1.257064561684153148e+00
-1.336302177181148743e+00
-1.371580820604559214e+00
-1.415407918930449149e+00
-1.463417698422684765e+00
-1.513410854111144843e+00
-1.563989603836146713e+00
-1.614994512765633772e+00
-1.667060335493182777e+00
-1.703260962160680236e+00
-1.732654737530488376e+00
-1.761817086292252199e+00
-1.790177246824402602e+00
-1.817454707999184293e+00
-1.843540301082702726e+00
-1.868480672603663351e+00
-1.892512328701061008e+00
-1.912339933722153162e+00
-1.929340064408762601e+00
-1.945635799284421097e+00
-1.961246666828451168e+00
-1.976206927899921695e+00
-1.990488159721188310e+00
-2.003953198702500771e+00
-2.016343863886298493e+00
-2.027343127412486012e+00
-2.033551141267203377e+00
-2.037462782235728298e+00
-2.039089022874037482e+00
-2.039155256827179130e+00
-2.039297330974218170e+00
-2.042141099251075786e+00
-2.052600710097333803e+00
-2.096860985376457265e+00
-2.342909119131805440e+00
-2.753910592852713890e+00
-2.986180749748841734e+00
-3.215414477998846721e+00
-4.101562566746855154e+00
-2.783802924234602472e+01
-2.855000143187464801e+01
-2.900968869895011437e+01
-2.940327680205676231e+01
-2.985764904701678546e+01
-3.036507641186527451e+01
-3.086880034607347767e+01
-3.131322027295173882e+01
-3.171906382905820365e+01
-3.205789280713757705e+01
-3.234079579523739767e+01
-3.257847716373913727e+01
-3.277095535318578357e+01
-3.292364570630165588e+01
-3.304360013605253954e+01
-3.313300840151839566e+01
-3.319386880857232569e+01
-3.322890023662499459e+01
-3.323662038960547704e+01
-3.321362460793264404e+01
-3.315247904262220402e+01
-3.305628184784917778e+01
-3.292157816168872841e+01
-3.277764699642833079e+01
-3.262043095219954836e+01
-3.246751821624486922e+01
-3.233862045747549985e+01
-3.227670563250102020e+01
-3.244501190242419142e+01
-2.352886214225175721e+01
-2.549139037477991820e+01
-2.673012466789924702e+01
-2.758631555246289935e+01
-2.817612447174445123e+01
-2.856095910719697883e+01
-2.882226865860490150e+01
-2.910487768716335566e+01
-2.943569519578365856e+01
-2.976408058410331492e+01
-3.005029954532007608e+01
-3.030395267840796336e+01
-3.050583776988719364e+01
-3.066286992936855427e+01
-3.078301115072688887e+01
-3.086281733642559644e+01
-3.090738122867862714e+01
-3.092255695633629387e+01
-3.090780396379564010e+01
-3.086476992387445151e+01
-3.079650155226875086e+01
-3.070024139390593731e+01
-3.057886680929465228e+01
-3.043114655666861879e+01
-3.028479756730441608e+01
-3.014625720493546979e+01
-3.004361131886324898e+01
-3.002984217375790621e+01
-3.031453021986582286e+01
-2.731605146114771543e+01
-2.850082060818073515e+01
-2.931050146295681458e+01
-2.986405408119754412e+01
-3.027240926589436043e+01
-3.073467314083390534e+01
-3.121027600148138959e+01
-3.164855900143221135e+01
-3.204476108138936752e+01
-3.238639005402665560e+01
-3.268762826157265522e+01
-3.293637931319688050e+01
-3.313854743385376622e+01
-3.329825244085512281e+01
-3.341851912476563768e+01
-3.350160135267971384e+01
-3.355085926846007283e+01
-3.356427015068832986e+01
-3.354037676859834960e+01
-3.348292560444224364e+01
-3.338603623657520814e+01
-3.326788593882479717e+01
-3.311708680874545507e+01
-3.295556252063647662e+01
-3.277451852904849972e+01
-3.258914311567640709e+01
-3.241573938113347708e+01
-3.229869694721710260e+01
-3.235913758540453955e+01
-2.783802924234593945e+01
-2.855000143187444195e+01
-2.900968869894997937e+01
-2.940327680205662375e+01
-2.985764904701663980e+01
-3.036507641186517148e+01
-3.086880034607336398e+01
-3.131322027295173172e+01
-3.171906382905810062e+01
-3.205789280713750600e+01
-3.234079579523745451e+01
-3.257847716373922253e+01
-3.277095535318571962e+01
-3.292364570630171272e+01
-3.304360013605268165e+01
-3.313300840151828197e+01
-3.319386880857222621e+01
-3.322890023662502301e+01
-3.323662038960534915e+01
-3.321362460793261562e+01
-3.315247904262223244e+01
-3.305628184784912094e+01
-3.292157816168885631e+01
-3.277764699642838764e+01
-3.262043095219963362e+01
-3.246751821624496159e+01
-3.233862045747553537e+01
-3.227670563250109836e+01
-3.244501190242436905e+01
-2.352886214225138772e+01
-2.549139037478011005e+01
-2.673012466789948149e+01
-2.758631555246316935e+01
-2.817612447174470347e+01
-2.856095910719733055e+01
-2.882226865860526743e+01
-2.910487768716356882e+01
-2.943569519578383620e+01
-2.976408058410359914e+01
-3.005029954532024306e+01
-3.030395267840811613e+01
-3.050583776988721141e+01
-3.066286992936871769e+01
-3.078301115072699545e+01
-3.086281733642562486e+01
-3.090738122867859872e+01
-3.092255695633635426e+01
-3.090780396379565431e+01
-3.086476992387438756e+01
-3.079650155226859809e+01
-3.070024139390579521e+01
-3.057886680929458834e+01
-3.043114655666845536e+01
-3.028479756730433792e+01
-3.014625720493526373e+01
-3.004361131886299674e+01
-3.002984217375773923e+01
-3.031453021986560614e+01
-2.731605146114759464e+01
-2.850082060818060015e+01
-2.931050146295668668e+01
-2.986405408119751570e+01
-3.027240926589436043e+01
-3.073467314083367796e+01
-3.121027600148115866e+01
-3.164855900143211898e+01
-3.204476108138926094e+01
-3.238639005402656323e+01
-3.268762826157243495e+01
-3.293637931319675971e+01
-3.313854743385353174e+01
-3.329825244085525071e+01
-3.341851912476554531e+01
-3.350160135267955752e+01
-3.355085926845994493e+01
-3.356427015068832986e+01
-3.354037676859828565e+01
-3.348292560444224364e+01
-3.338603623657513708e+01
-3.326788593882483269e+01
-3.311708680874536981e+01
-3.295556252063643399e+01
-3.277451852904857788e+01
-3.258914311567653499e+01
-3.241573938113354103e+01
-3.229869694721721629e+01
-3.235913758540459639e+01
-2.783802924234584353e+01
-2.855000143187437089e+01
-2.900968869894991897e+01
-2.940327680205656691e+01
-2.985764904701672151e+01
-3.036507641186519990e+01
-3.086880034607320411e+01
-3.131322027295162869e+01
-3.171906382905821076e+01
-3.205789280713747047e+01
-3.234079579523747583e+01
-3.257847716373884595e+01
-3.277095535318570541e+01
-3.292364570630163456e+01
-3.304360013605245427e+01
-3.313300840151838855e+01
-3.319386880857223332e+01
-3.322890023662508696e+01
-3.323662038960532783e+01
-3.321362460793277194e+01
-3.315247904262231771e+01
-3.305628184784912804e+01
-3.292157816168880657e+01
-3.277764699642845869e+01
-3.262043095219971889e+01
-3.246751821624511081e+01
-3.233862045747554248e+01
-3.227670563250111968e+01
-3.244501190242445432e+01
-2.352886214225151207e+01
-2.549139037478018821e+01
-2.673012466789951347e+01
-2.758631555246323686e+01
-2.817612447174479939e+01
-2.856095910719743003e+01
-2.882226865860531362e+01
-2.910487768716368251e+01
-2.943569519578392146e+01
-2.976408058410365243e+01
-3.005029954532035674e+01
-3.030395267840821916e+01
-3.050583776988731799e+01
-3.066286992936882783e+01
-3.078301115072702387e+01
-3.086281733642570302e+01
-3.090738122867868398e+01
-3.092255695633643953e+01
-3.090780396379573602e+01
-3.086476992387440177e+01
-3.079650155226867625e+01
-3.070024139390588402e+01
-3.057886680929461320e+01
-3.043114655666845536e+01
-3.028479756730432726e+01
-3.014625720493527083e+01
-3.004361131886303937e+01
-3.002984217375758647e+01
-3.031453021986567009e+01
-2.731605146114769411e+01
-2.850082060818062502e+01
-2.931050146295660497e+01
-2.986405408119733806e+01
-3.027240926589431780e+01
-3.073467314083368507e+01
-3.121027600148108760e+01
-3.164855900143184186e+01
-3.204476108138916857e+01
-3.238639005402644955e+01
-3.268762826157247048e+01
-3.293637931319679524e+01
-3.313854743385365964e+01
-3.329825244085510860e+01
-3.341851912476555242e+01
-3.350160135267962858e+01
-3.355085926846003730e+01
-3.356427015068830144e+01
-3.354037676859827855e+01
-3.348292560444232890e+01
-3.338603623657529340e+01
-3.326788593882481138e+01
-3.311708680874538402e+01
-3.295556252063652636e+01
-3.277451852904857788e+01
-3.258914311567654920e+01
-3.241573938113367603e+01
-3.229869694721728024e+01
-3.235913758540461771e+01
