-7.188875121231150800e-01
-8.135481837703087971e-01
-9.067861609537304357e-01
-1.002914873389411099e+00
-1.105041587819608484e+00
-1.233944306779351852e+00
-1.358829484948335331e+00
-1.481560887401023541e+00
-1.607243476383059644e+00
-1.736182242853111735e+00
-1.873812978399974405e+00
-1.948262714014835417e+00
-2.015146208109859227e+00
-2.085350066451941764e+00
-2.157298818950754260e+00
-2.230444593800366526e+00
-2.305178376433683951e+00
-2.371357728972931511e+00
-2.418113878373182146e+00
-2.464960377523382817e+00
-2.510770643654017142e+00
-2.554990183773844237e+00
-2.597345607266308143e+00
-2.637820189781480806e+00
-2.673624434544385586e+00
-2.703286697700444385e+00
-2.730574437914720320e+00
-2.755361201495322376e+00
-2.777602887763961803e+00
-2.797520390532865164e+00
-2.815455510603437794e+00
-2.831771360908584612e+00
-2.843156149795634136e+00
-2.852192127955618162e+00
-2.858873481503602321e+00
-2.862379445349532148e+00
-2.861745678811109528e+00
-2.856154919025657435e+00
-2.845477403982798137e+00
-2.830999532087162152e+00
-2.815699532073654865e+00
-2.805210105111925145e+00
-2.809099948933658553e+00
-2.842330413607452755e+00
-2.990120065327504406e+00
-3.367749623195109621e+00
-3.598347889427541801e+00
-4.136388234253574048e+00
-5.342777291525663941e+00
-7.188875121231150800e-01
-8.135481837703089081e-01
-9.067861609537304357e-01
-1.002914873389411765e+00
-1.105041587819611815e+00
-1.233944306779354516e+00
-1.358829484948337774e+00
-1.481560887401021098e+00
-1.607243476383062752e+00
-1.736182242853112179e+00
-1.873812978399974405e+00
-1.948262714014836305e+00
-2.015146208109857451e+00
-2.085350066451949758e+00
-2.157298818950748487e+00
-2.230444593800362973e+00
-2.305178376433675069e+00
-2.371357728972942169e+00
-2.418113878373191028e+00
-2.464960377523381041e+00
-2.510770643654016254e+00
-2.554990183773840684e+00
-2.597345607266314360e+00
-2.637820189781474589e+00
-2.673624434544387363e+00
-2.703286697700447938e+00
-2.730574437914710551e+00
-2.755361201495323265e+00
-2.777602887763961803e+00
-2.797520390532861612e+00
-2.815455510603433353e+00
-2.831771360908591717e+00
-2.843156149795630583e+00
-2.852192127955635925e+00
-2.858873481503604097e+00
-2.862379445349553464e+00
-2.861745678811120186e+00
-2.856154919025652106e+00
-2.845477403982785702e+00
-2.830999532087183468e+00
-2.815699532073629996e+00
-2.805210105111934027e+00
-2.809099948933663882e+00
-2.842330413607456308e+00
-2.990120065327493748e+00
-3.367749623195125608e+00
-3.598347889427563118e+00
-4.136388234253571383e+00
-5.342777291525672823e+00
-7.188875121231155241e-01
-8.135481837703091301e-01
-9.067861609537309908e-01
-1.002914873389410211e+00
-1.105041587819611149e+00
-1.233944306779354960e+00
-1.358829484948330224e+00
-1.481560887401022875e+00
-1.607243476383058756e+00
-1.736182242853116175e+00
-1.873812978399977069e+00
-1.948262714014840302e+00
-2.015146208109856119e+00
-2.085350066451941764e+00
-2.157298818950763586e+00
-2.230444593800367414e+00
-2.305178376433676846e+00
-2.371357728972938617e+00
-2.418113878373185699e+00
-2.464960377523384594e+00
-2.510770643654008261e+00
-2.554990183773847789e+00
-2.597345607266305478e+00
-2.637820189781477254e+00
-2.673624434544393580e+00
-2.703286697700447938e+00
-2.730574437914711439e+00
-2.755361201495327705e+00
-2.777602887763960027e+00
-2.797520390532866941e+00
-2.815455510603432465e+00
-2.831771360908588164e+00
-2.843156149795630583e+00
-2.852192127955641254e+00
-2.858873481503595215e+00
-2.862379445349544582e+00
-2.861745678811123739e+00
-2.856154919025641448e+00
-2.845477403982794584e+00
-2.830999532087167481e+00
-2.815699532073629996e+00
-2.805210105111923369e+00
-2.809099948933646118e+00
-2.842330413607449202e+00
-2.990120065327493748e+00
-3.367749623195120279e+00
-3.598347889427538249e+00
-4.136388234253576712e+00
-5.342777291525674599e+00
-3.489681651527687478e+01
-3.753142264285929031e+01
-3.915601579880557637e+01
-4.026688197174109263e+01
-4.107734417083202061e+01
-4.172421142828208218e+01
-4.227514768559839808e+01
-4.274603711893822577e+01
-4.313662233857370865e+01
-4.345239390071398589e+01
-4.369892565265703865e+01
-4.388878030489017590e+01
-4.402459186952327741e+01
-4.411331167295743683e+01
-4.416105995266855189e+01
-4.417017734034226351e+01
-4.414286148611304839e+01
-4.407590922506850717e+01
-4.397112028468788480e+01
-4.383107600528017400e+01
-4.364993176158982635e+01
-4.343117522627662908e+01
-4.317188617313965437e+01
-4.287608512963540619e+01
-4.253959060942512593e+01
-4.215616677950138325e+01
-4.170187671564168141e+01
-4.110989287797881531e+01
-4.022365788361251759e+01
-3.543670939692200506e+01
-3.773999436356958626e+01
-3.912973236951947342e+01
-4.008704157301490767e+01
-4.083359223120672254e+01
-4.146920748370014564e+01
-4.200776478445946083e+01
-4.245034724024328909e+01
-4.281086446290323977e+01
-4.309436591015232665e+01
-4.332096334318694630e+01
-4.349215889651230071e+01
-4.362490844809775581e+01
-4.372115159108624738e+01
-4.378285647866520947e+01
-4.381182773713026535e+01
-4.380979888526038479e+01
-4.377879754097166654e+01
-4.370601291148994960e+01
-4.360012185748202285e+01
-4.345170357377894987e+01
-4.326543855759963719e+01
-4.303624448025231430e+01
-4.276537894663158568e+01
-4.245302998881757617e+01
-4.209615498651248089e+01
-4.168025914826358758e+01
-4.115532389229089461e+01
-4.039089833426839959e+01
-3.249722343436761918e+01
-3.530923680400196929e+01
-3.696065025768871237e+01
-3.806798886551852235e+01
-3.880528107320655096e+01
-3.933079861926984933e+01
-3.977072973623480578e+01
-4.014502982414985865e+01
-4.044044886177302800e+01
-4.065657844722836955e+01
-4.079733557339288552e+01
-4.087262261822948517e+01
-4.089983269988969283e+01
-4.087336458325677313e+01
-4.081715172773176192e+01
-4.073145005311850753e+01
-4.061737689379490490e+01
-4.047636043226970770e+01
-4.031011798198017715e+01
-4.012099401387070685e+01
-3.990167117858540990e+01
-3.965063847603784808e+01
-3.936698171277144098e+01
-3.905196211511724158e+01
-3.869847426912343025e+01
-3.831759688416779142e+01
-3.791405464973581729e+01
-3.750851657292422914e+01
-3.717832354830317598e+01
-3.489681651527664030e+01
-3.753142264285913399e+01
-3.915601579880551242e+01
-4.026688197174100026e+01
-4.107734417083178613e+01
-4.172421142828197560e+01
-4.227514768559824176e+01
-4.274603711893817604e+01
-4.313662233857359496e+01
-4.345239390071390062e+01
-4.369892565265694628e+01
-4.388878030489012616e+01
-4.402459186952328452e+01
-4.411331167295740840e+01
-4.416105995266850925e+01
-4.417017734034219956e+01
-4.414286148611308391e+01
-4.407590922506854980e+01
-4.397112028468792033e+01
-4.383107600528023085e+01
-4.364993176158986188e+01
-4.343117522627677118e+01
-4.317188617313975385e+01
-4.287608512963552698e+01
-4.253959060942524673e+01
-4.215616677950147562e+01
-4.170187671564183063e+01
-4.110989287797895031e+01
-4.022365788361260286e+01
-3.543670939692191268e+01
-3.773999436356950810e+01
-3.912973236951937395e+01
-4.008704157301475846e+01
-4.083359223120663728e+01
-4.146920748370000354e+01
-4.200776478445941819e+01
-4.245034724024323225e+01
-4.281086446290314029e+01
-4.309436591015227691e+01
-4.332096334318683972e+01
-4.349215889651233624e+01
-4.362490844809775581e+01
-4.372115159108614080e+01
-4.378285647866522368e+01
-4.381182773713025114e+01
-4.380979888526047006e+01
-4.377879754097174470e+01
-4.370601291149011303e+01
-4.360012185748214364e+01
-4.345170357377902803e+01
-4.326543855759981483e+01
-4.303624448025237115e+01
-4.276537894663177042e+01
-4.245302998881770407e+01
-4.209615498651253063e+01
-4.168025914826370126e+01
-4.115532389229096566e+01
-4.039089833426843512e+01
-3.249722343436771865e+01
-3.530923680400213982e+01
-3.696065025768877632e+01
-3.806798886551879946e+01
-3.880528107320668596e+01
-3.933079861927002696e+01
-3.977072973623503316e+01
-4.014502982415007182e+01
-4.044044886177320564e+01
-4.065657844722854719e+01
-4.079733557339299210e+01
-4.087262261822960596e+01
-4.089983269988979941e+01
-4.087336458325684418e+01
-4.081715172773182587e+01
-4.073145005311843647e+01
-4.061737689379494753e+01
-4.047636043226975744e+01
-4.031011798198011320e+01
-4.012099401387062159e+01
-3.990167117858534596e+01
-3.965063847603773439e+01
-3.936698171277139835e+01
-3.905196211511702842e+01
-3.869847426912331656e+01
-3.831759688416779142e+01
-3.791405464973569650e+01
-3.750851657292410124e+01
-3.717832354830307651e+01
-3.489681651527639872e+01
-3.753142264285904162e+01
-3.915601579880548400e+01
-4.026688197174101447e+01
-4.107734417083186429e+01
-4.172421142828206087e+01
-4.227514768559832703e+01
-4.274603711893821867e+01
-4.313662233857368022e+01
-4.345239390071397168e+01
-4.369892565265703865e+01
-4.388878030489023274e+01
-4.402459186952333425e+01
-4.411331167295741551e+01
-4.416105995266856610e+01
-4.417017734034222087e+01
-4.414286148611309102e+01
-4.407590922506855691e+01
-4.397112028468792033e+01
-4.383107600528020953e+01
-4.364993176158982635e+01
-4.343117522627670013e+01
-4.317188617313973964e+01
-4.287608512963548435e+01
-4.253959060942514725e+01
-4.215616677950138325e+01
-4.170187671564174536e+01
-4.110989287797883662e+01
-4.022365788361250338e+01
-3.543670939692193400e+01
-3.773999436356959336e+01
-3.912973236951949474e+01
-4.008704157301485793e+01
-4.083359223120682202e+01
-4.146920748370012433e+01
-4.200776478445953899e+01
-4.245034724024333173e+01
-4.281086446290321135e+01
-4.309436591015236928e+01
-4.332096334318691078e+01
-4.349215889651234335e+01
-4.362490844809778423e+01
-4.372115159108620475e+01
-4.378285647866523789e+01
-4.381182773713022982e+01
-4.380979888526044164e+01
-4.377879754097160969e+01
-4.370601291149005618e+01
-4.360012185748206548e+01
-4.345170357377890014e+01
-4.326543855759972246e+01
-4.303624448025223614e+01
-4.276537894663168515e+01
-4.245302998881757617e+01
-4.209615498651243115e+01
-4.168025914826361600e+01
-4.115532389229088750e+01
-4.039089833426837828e+01
-3.249722343436759076e+01
-3.530923680400197640e+01
-3.696065025768862000e+01
-3.806798886551859340e+01
-3.880528107320650832e+01
-3.933079861926983511e+01
-3.977072973623478447e+01
-4.014502982414983734e+01
-4.044044886177307063e+01
-4.065657844722838377e+01
-4.079733557339292105e+01
-4.087262261822949228e+01
-4.089983269988972836e+01
-4.087336458325680155e+01
-4.081715172773174771e+01
-4.073145005311849332e+01
-4.061737689379498306e+01
-4.047636043226968638e+01
-4.031011798198019846e+01
-4.012099401387070685e+01
-3.990167117858545254e+01
-3.965063847603790492e+01
-3.936698171277150493e+01
-3.905196211511720605e+01
-3.869847426912346577e+01
-3.831759688416786247e+01
-3.791405464973590256e+01
-3.750851657292425756e+01
-3.717832354830327546e+01
