-2.433618090771867415e+00
-2.680336540300010562e+00
-2.947534704721463505e+00
-3.178302681596280266e+00
-3.408055740733957339e+00
-3.642129651206205132e+00
-3.880080049935173747e+00
-4.121528994620067721e+00
-4.364469081612972090e+00
-4.613256836446064213e+00
-4.848223772824479028e+00
-4.986403959180119472e+00
-5.125361132490930061e+00
-5.263661397084019811e+00
-5.400855434419449708e+00
-5.536351369082861851e+00
-5.670543678447227620e+00
-5.804326346105128209e+00
-5.938116797279764825e+00
-6.072941805756244094e+00
-6.166604371330258516e+00
-6.246255291284974476e+00
-6.322081470610470433e+00
-6.391927208198914911e+00
-6.453688386342790295e+00
-6.505151427194693525e+00
-6.544010574520900292e+00
-6.567991004335162586e+00
-6.575061538122294991e+00
-6.563725646430455640e+00
-6.532376865612580019e+00
-6.481805352473966053e+00
-6.414475302768856579e+00
-6.333890345125084309e+00
-6.238832424173573088e+00
-6.140346194618146569e+00
-6.046059592023329543e+00
-5.963356318733531225e+00
-5.902029410238043283e+00
-5.871333287899901165e+00
-5.881732268750049286e+00
-5.945818663824404382e+00
-6.077266346028650901e+00
-6.299301063624234587e+00
-6.646676434276869827e+00
-7.170137476399961685e+00
-7.968736435671193163e+00
-9.246081305640654335e+00
-1.158148129297267559e+01
-2.476862767481132988e+00
-2.717380843376010713e+00
-2.980775362484983315e+00
-3.203428245287555765e+00
-3.432771260680594239e+00
-3.666881077233291819e+00
-3.905234873846763044e+00
-4.148059584160928459e+00
-4.392140841242005322e+00
-4.642584125480674118e+00
-4.858811103148497068e+00
-4.997142057738539478e+00
-5.136067494309441983e+00
-5.274320800957104538e+00
-5.411059453495829175e+00
-5.546055377570603184e+00
-5.680521700129492757e+00
-5.814670454937004962e+00
-5.949000252028088909e+00
-6.084708696854093546e+00
-6.168628844195520600e+00
-6.248808399315766593e+00
-6.324923893532968577e+00
-6.394957278716482563e+00
-6.456861237255377972e+00
-6.508454611297196379e+00
-6.547454393280634832e+00
-6.571604190607697404e+00
-6.578889529257946123e+00
-6.567831810949105176e+00
-6.536513176533741643e+00
-6.486430047833803059e+00
-6.419685649648176451e+00
-6.338871758964565117e+00
-6.243255972017209388e+00
-6.145514517527569609e+00
-6.051708530990836721e+00
-5.969754386607093011e+00
-5.909173028532840988e+00
-5.879233912050835897e+00
-5.890417574956309466e+00
-5.955338432219051015e+00
-6.087817406190296765e+00
-6.310913488790816928e+00
-6.659638795973883418e+00
-7.184814710949844141e+00
-7.985888017188862875e+00
-9.267007330358268291e+00
-1.160910984142131852e+01
-2.456533375425091315e+00
-2.700755204979309543e+00
-2.967310995150517439e+00
-3.193559901090226916e+00
-3.423397497222328667e+00
-3.657741280908762604e+00
-3.896126224687087358e+00
-4.138207263411846526e+00
-4.381863827695379854e+00
-4.631654027187117606e+00
-4.857451820978894830e+00
-4.995969302213234542e+00
-5.135163549050890452e+00
-5.273683751480085391e+00
-5.411114107952306185e+00
-5.546633484343406195e+00
-5.681190736654421869e+00
-5.815387457880127897e+00
-5.949680450470019366e+00
-6.085181862350218296e+00
-6.174174916657563017e+00
-6.254302548848752252e+00
-6.330483329750215660e+00
-6.400629029169504491e+00
-6.462662278445467479e+00
-6.514383734971278983e+00
-6.553496696594056203e+00
-6.577732857324917859e+00
-6.585066153581927040e+00
-6.574004343008162721e+00
-6.542938882731085926e+00
-6.492700108877009768e+00
-6.425730781118140555e+00
-6.345554135807212504e+00
-6.249803367554122246e+00
-6.151730923653651928e+00
-6.057878968980311640e+00
-5.975555827553215238e+00
-5.914601252483038252e+00
-5.884274014532508090e+00
-5.895043804513669272e+00
-5.959511269368313435e+00
-6.091251494350657936e+00
-6.313712885620361703e+00
-6.661489998614960939e+00
-7.185527379640475942e+00
-7.984792494873794055e+00
-9.263115842363127683e+00
-1.160028718095779254e+01
-2.453829364268826474e+00
-2.696845176427050017e+00
-2.962465483927595677e+00
-3.188114813114604651e+00
-3.417427149244152140e+00
-3.651294518724006011e+00
-3.889228982833961012e+00
-4.131466902598106117e+00
-4.374798078813091351e+00
-4.624238615405515063e+00
-4.849726353863552220e+00
-4.987710947847196152e+00
-5.126389474004550806e+00
-5.264408964653519263e+00
-5.401205273082826608e+00
-5.535863212737403671e+00
-5.669962982157386477e+00
-5.803690992020655415e+00
-5.937508600523973001e+00
-6.072528327164555151e+00
-6.161125609236982825e+00
-6.240813357585601295e+00
-6.316558363635905948e+00
-6.386274730833754631e+00
-6.447888159557816579e+00
-6.499203037227541557e+00
-6.537927054159546003e+00
-6.561796990573999011e+00
-6.568792837731095346e+00
-6.557431087967330541e+00
-6.525788734354460274e+00
-6.475330131900715713e+00
-6.408164783076074400e+00
-6.327821161786939541e+00
-6.231957483500824679e+00
-6.133800087256787492e+00
-6.039533960030063042e+00
-5.957174808163671287e+00
-5.896193014778219776e+00
-5.865855570212374914e+00
-5.876638848767271384e+00
-5.941149837127987610e+00
-6.073319119908816788e+00
-6.295965846922214837e+00
-6.644279330244966530e+00
-7.168871569403435728e+00
-7.969294468469680481e+00
-9.249479477156427265e+00
-1.158991054222180850e+01
-2.476862767481134764e+00
-2.717380843376015154e+00
-2.980775362484987312e+00
-3.203428245287555765e+00
-3.432771260680590242e+00
-3.666881077233298036e+00
-3.905234873846765709e+00
-4.148059584160931124e+00
-4.392140841242015981e+00
-4.642584125480654578e+00
-4.858811103148520161e+00
-4.997142057738535925e+00
-5.136067494309450865e+00
-5.274320800957111643e+00
-5.411059453495841609e+00
-5.546055377570610290e+00
-5.680521700129524731e+00
-5.814670454937033384e+00
-5.949000252028092461e+00
-6.084708696854104204e+00
-6.168628844195541916e+00
-6.248808399315802120e+00
-6.324923893532986341e+00
-6.394957278716496774e+00
-6.456861237255395736e+00
-6.508454611297160852e+00
-6.547454393280641938e+00
-6.571604190607718721e+00
-6.578889529257910596e+00
-6.567831810949140703e+00
-6.536513176533752301e+00
-6.486430047833795953e+00
-6.419685649648162240e+00
-6.338871758964572223e+00
-6.243255972017195177e+00
-6.145514517527551845e+00
-6.051708530990829615e+00
-5.969754386607085905e+00
-5.909173028532840988e+00
-5.879233912050771949e+00
-5.890417574956281044e+00
-5.955338432219086542e+00
-6.087817406190303871e+00
-6.310913488790824033e+00
-6.659638795973883418e+00
-7.184814710949858352e+00
-7.985888017188869981e+00
-9.267007330358296713e+00
-1.160910984142132563e+01
-2.433618090771867859e+00
-2.680336540300014558e+00
-2.947534704721460841e+00
-3.178302681596282930e+00
-3.408055740733954231e+00
-3.642129651206210461e+00
-3.880080049935177300e+00
-4.121528994620069497e+00
-4.364469081612964985e+00
-4.613256836446048226e+00
-4.848223772824489686e+00
-4.986403959180121248e+00
-5.125361132490922955e+00
-5.263661397084010929e+00
-5.400855434419440826e+00
-5.536351369082840534e+00
-5.670543678447248936e+00
-5.804326346105121104e+00
-5.938116797279743508e+00
-6.072941805756265410e+00
-6.166604371330272727e+00
-6.246255291284967370e+00
-6.322081470610488196e+00
-6.391927208198911359e+00
-6.453688386342790295e+00
-6.505151427194647340e+00
-6.544010574520878976e+00
-6.567991004335151928e+00
-6.575061538122294991e+00
-6.563725646430420113e+00
-6.532376865612512518e+00
-6.481805352473948290e+00
-6.414475302768877896e+00
-6.333890345125084309e+00
-6.238832424173576641e+00
-6.140346194618192754e+00
-6.046059592023311779e+00
-5.963356318733509909e+00
-5.902029410238014862e+00
-5.871333287899894060e+00
-5.881732268750020864e+00
-5.945818663824390171e+00
-6.077266346028643795e+00
-6.299301063624213270e+00
-6.646676434276859169e+00
-7.170137476399954579e+00
-7.968736435671225138e+00
-9.246081305640661441e+00
-1.158148129297266493e+01
-2.453829364268823809e+00
-2.696845176427049573e+00
-2.962465483927592125e+00
-3.188114813114606427e+00
-3.417427149244149920e+00
-3.651294518724002458e+00
-3.889228982833953907e+00
-4.131466902598113222e+00
-4.374798078813109115e+00
-4.624238615405506181e+00
-4.849726353863575312e+00
-4.987710947847189047e+00
-5.126389474004557911e+00
-5.264408964653497947e+00
-5.401205273082835490e+00
-5.535863212737375250e+00
-5.669962982157386477e+00
-5.803690992020637651e+00
-5.937508600523962343e+00
-6.072528327164523176e+00
-6.161125609236982825e+00
-6.240813357585590637e+00
-6.316558363635891737e+00
-6.386274730833772395e+00
-6.447888159557809473e+00
-6.499203037227534452e+00
-6.537927054159549556e+00
-6.561796990573988353e+00
-6.568792837731084688e+00
-6.557431087967323435e+00
-6.525788734354502907e+00
-6.475330131900729924e+00
-6.408164783076099269e+00
-6.327821161786953752e+00
-6.231957483500821127e+00
-6.133800087256801703e+00
-6.039533960030084359e+00
-5.957174808163692603e+00
-5.896193014778233987e+00
-5.865855570212360703e+00
-5.876638848767264278e+00
-5.941149837128008926e+00
-6.073319119908830999e+00
-6.295965846922243259e+00
-6.644279330244977189e+00
-7.168871569403417965e+00
-7.969294468469687587e+00
-9.249479477156430818e+00
-1.158991054222178718e+01
-2.456533375425093091e+00
-2.700755204979306434e+00
-2.967310995150520547e+00
-3.193559901090227804e+00
-3.423397497222330443e+00
-3.657741280908766157e+00
-3.896126224687081141e+00
-4.138207263411846526e+00
-4.381863827695381630e+00
-4.631654027187114053e+00
-4.857451820978887724e+00
-4.995969302213238095e+00
-5.135163549050897558e+00
-5.273683751480085391e+00
-5.411114107952323948e+00
-5.546633484343388432e+00
-5.681190736654400553e+00
-5.815387457880135003e+00
-5.949680450470008708e+00
-6.085181862350200532e+00
-6.174174916657580781e+00
-6.254302548848745147e+00
-6.330483329750229871e+00
-6.400629029169515150e+00
-6.462662278445474584e+00
-6.514383734971314510e+00
-6.553496696594084625e+00
-6.577732857324903648e+00
-6.585066153581919934e+00
-6.574004343008187590e+00
-6.542938882731110795e+00
-6.492700108876977794e+00
-6.425730781118154766e+00
-6.345554135807219609e+00
-6.249803367554136457e+00
-6.151730923653673244e+00
-6.057878968980290324e+00
-5.975555827553193922e+00
-5.914601252483087990e+00
-5.884274014532508090e+00
-5.895043804513676378e+00
-5.959511269368299224e+00
-6.091251494350679252e+00
-6.313712885620375914e+00
-6.661489998614953834e+00
-7.185527379640475942e+00
-7.984792494873794055e+00
-9.263115842363149000e+00
-1.160028718095777123e+01
