-1.070089331990023762e+00
-1.097460978910979712e+00
-1.146910917039348998e+00
-1.269328291422539223e+00
-1.394821616820953736e+00
-1.514294368092252263e+00
-1.632401470083055139e+00
-1.748875703500944123e+00
-1.866811208168193570e+00
-1.993086807529827809e+00
-2.062722487775372038e+00
-2.118530632996443064e+00
-2.178232875879340558e+00
-2.239638944064725301e+00
-2.301673698617212160e+00
-2.363914145390056731e+00
-2.426547885101566493e+00
-2.490662737141566829e+00
-2.533287143599436853e+00
-2.570915941637059277e+00
-2.607947396068928114e+00
-2.643485606766427409e+00
-2.677049067394488446e+00
-2.708333097158494240e+00
-2.737173546053169204e+00
-2.763554163003639985e+00
-2.787684006745855037e+00
-2.805402040853865131e+00
-2.818917598470946473e+00
-2.830185178584590844e+00
-2.839219506908028379e+00
-2.846071379935009915e+00
-2.850663551695864939e+00
-2.852643639573013701e+00
-2.851275749305855811e+00
-2.845442290723370959e+00
-2.833827869024975854e+00
-2.815482335510198553e+00
-2.789238421002998791e+00
-2.756668550399245632e+00
-2.724284165121581225e+00
-2.700365171288527932e+00
-2.697113435223212008e+00
-2.731207083589936246e+00
-2.825767370871929529e+00
-3.016215339447359867e+00
-3.360295242659748993e+00
-3.973080661607650832e+00
-5.211925237354211760e+00
-1.070089331990023984e+00
-1.097460978910979268e+00
-1.146910917039344557e+00
-1.269328291422534338e+00
-1.394821616820951071e+00
-1.514294368092250709e+00
-1.632401470083051809e+00
-1.748875703500942347e+00
-1.866811208168186464e+00
-1.993086807529823368e+00
-2.062722487775368041e+00
-2.118530632996437291e+00
-2.178232875879341002e+00
-2.239638944064718196e+00
-2.301673698617213049e+00
-2.363914145390054955e+00
-2.426547885101562052e+00
-2.490662737141570382e+00
-2.533287143599435964e+00
-2.570915941637066382e+00
-2.607947396068927226e+00
-2.643485606766427409e+00
-2.677049067394489335e+00
-2.708333097158497793e+00
-2.737173546053177198e+00
-2.763554163003638209e+00
-2.787684006745855925e+00
-2.805402040853864243e+00
-2.818917598470941144e+00
-2.830185178584592620e+00
-2.839219506908030155e+00
-2.846071379935018797e+00
-2.850663551695863163e+00
-2.852643639573008372e+00
-2.851275749305855811e+00
-2.845442290723365630e+00
-2.833827869024986512e+00
-2.815482335510203882e+00
-2.789238421002995238e+00
-2.756668550399240303e+00
-2.724284165121583001e+00
-2.700365171288526156e+00
-2.697113435223224442e+00
-2.731207083589929141e+00
-2.825767370871933082e+00
-3.016215339447366972e+00
-3.360295242659741888e+00
-3.973080661607657049e+00
-5.211925237354193996e+00
-1.070089331990023540e+00
-1.097460978910980156e+00
-1.146910917039345224e+00
-1.269328291422537891e+00
-1.394821616820951293e+00
-1.514294368092250487e+00
-1.632401470083051587e+00
-1.748875703500942347e+00
-1.866811208168186464e+00
-1.993086807529822035e+00
-2.062722487775368929e+00
-2.118530632996441732e+00
-2.178232875879341002e+00
-2.239638944064722637e+00
-2.301673698617213937e+00
-2.363914145390057620e+00
-2.426547885101561164e+00
-2.490662737141571270e+00
-2.533287143599439517e+00
-2.570915941637062829e+00
-2.607947396068929891e+00
-2.643485606766425633e+00
-2.677049067394489335e+00
-2.708333097158496017e+00
-2.737173546053174533e+00
-2.763554163003639985e+00
-2.787684006745859477e+00
-2.805402040853869572e+00
-2.818917598470944696e+00
-2.830185178584587291e+00
-2.839219506908024826e+00
-2.846071379935017021e+00
-2.850663551695859610e+00
-2.852643639573006595e+00
-2.851275749305850482e+00
-2.845442290723369183e+00
-2.833827869024995394e+00
-2.815482335510198553e+00
-2.789238421002988133e+00
-2.756668550399242079e+00
-2.724284165121579449e+00
-2.700365171288531485e+00
-2.697113435223226219e+00
-2.731207083589943352e+00
-2.825767370871934858e+00
-3.016215339447366972e+00
-3.360295242659743664e+00
-3.973080661607669484e+00
-5.211925237354202878e+00
