-7.188629099075841689e-01
-8.135121425035580778e-01
-9.067402858001067933e-01
-1.002857466968711364e+00
-1.104965276246363093e+00
-1.233868230653387466e+00
-1.358764285013845718e+00
-1.481488065986875879e+00
-1.607162407532138237e+00
-1.736098527886205556e+00
-1.873720497707632493e+00
-1.948159380531476970e+00
-2.015032250528496771e+00
-2.085225921036776953e+00
-2.157165218094941217e+00
-2.230302730285988133e+00
-2.305030125027090371e+00
-2.371205467457841998e+00
-2.417957153613249588e+00
-2.464808144814583990e+00
-2.510628332521886996e+00
-2.554864168648881773e+00
-2.597242768216132980e+00
-2.637747273419062566e+00
-2.673586660864677000e+00
-2.703288007428508166e+00
-2.730615376528295002e+00
-2.755438160512584389e+00
-2.777709190742592149e+00
-2.797644195188923710e+00
-2.815585361962510191e+00
-2.831900191594039384e+00
-2.843287378146861499e+00
-2.852347806768491978e+00
-2.859098094689892733e+00
-2.862739153330791098e+00
-2.862316419471106599e+00
-2.856996999318285546e+00
-2.846598411202602819e+00
-2.832307342717628629e+00
-2.816918271479270430e+00
-2.805508459091139883e+00
-2.805207935425197974e+00
-2.816580082677534236e+00
-2.932736617019608971e+00
-3.552207923712277449e+00
-3.528372061786164693e+00
-4.117251164458227031e+00
-5.341261597890817114e+00
-7.188629099075836137e-01
-8.135121425035585219e-01
-9.067402858001050170e-01
-1.002857466968709588e+00
-1.104965276246357320e+00
-1.233868230653390352e+00
-1.358764285013846829e+00
-1.481488065986870550e+00
-1.607162407532141790e+00
-1.736098527886207998e+00
-1.873720497707638266e+00
-1.948159380531478746e+00
-2.015032250528499436e+00
-2.085225921036774732e+00
-2.157165218094934112e+00
-2.230302730285989465e+00
-2.305030125027076160e+00
-2.371205467457842886e+00
-2.417957153613246035e+00
-2.464808144814581325e+00
-2.510628332521888773e+00
-2.554864168648887990e+00
-2.597242768216138309e+00
-2.637747273419061678e+00
-2.673586660864679665e+00
-2.703288007428499284e+00
-2.730615376528295002e+00
-2.755438160512579060e+00
-2.777709190742605472e+00
-2.797644195188917493e+00
-2.815585361962513744e+00
-2.831900191594042937e+00
-2.843287378146854394e+00
-2.852347806768516847e+00
-2.859098094689866087e+00
-2.862739153330775110e+00
-2.862316419471119033e+00
-2.856996999318285546e+00
-2.846598411202586831e+00
-2.832307342717651721e+00
-2.816918271479261549e+00
-2.805508459091143436e+00
-2.805207935425199750e+00
-2.816580082677557328e+00
-2.932736617019607195e+00
-3.552207923712277449e+00
-3.528372061786166469e+00
-4.117251164458206603e+00
-5.341261597890817114e+00
-7.188629099075841689e-01
-8.135121425035595211e-01
-9.067402858001056831e-01
-1.002857466968710920e+00
-1.104965276246359984e+00
-1.233868230653389020e+00
-1.358764285013847273e+00
-1.481488065986868996e+00
-1.607162407532137571e+00
-1.736098527886204224e+00
-1.873720497707633381e+00
-1.948159380531479634e+00
-2.015032250528498547e+00
-2.085225921036773400e+00
-2.157165218094934556e+00
-2.230302730285981028e+00
-2.305030125027092147e+00
-2.371205467457839333e+00
-2.417957153613241594e+00
-2.464808144814580437e+00
-2.510628332521882555e+00
-2.554864168648872891e+00
-2.597242768216139197e+00
-2.637747273419060789e+00
-2.673586660864682329e+00
-2.703288007428500173e+00
-2.730615376528295890e+00
-2.755438160512579948e+00
-2.777709190742579715e+00
-2.797644195188929928e+00
-2.815585361962506639e+00
-2.831900191594041161e+00
-2.843287378146865052e+00
-2.852347806768502636e+00
-2.859098094689862535e+00
-2.862739153330792874e+00
-2.862316419471103046e+00
-2.856996999318292652e+00
-2.846598411202601042e+00
-2.832307342717635734e+00
-2.816918271479277536e+00
-2.805508459091146989e+00
-2.805207935425210408e+00
-2.816580082677544894e+00
-2.932736617019601866e+00
-3.552207923712320081e+00
-3.528372061786184233e+00
-4.117251164458218149e+00
-5.341261597890824220e+00
-3.255744615965591038e+01
-3.531204445601194664e+01
-3.692870898442802741e+01
-3.799098577348348726e+01
-3.869027040166410103e+01
-3.920569432241948959e+01
-3.964156788755045824e+01
-4.000821231885481666e+01
-4.028619344934068636e+01
-4.048026202385972994e+01
-4.059766411635656169e+01
-4.065221267471321909e+01
-4.064910235907247227e+01
-4.060722052078005362e+01
-4.052810363258792137e+01
-4.042543146743850002e+01
-4.029925952067456763e+01
-4.015072565717680675e+01
-3.998177509076818126e+01
-3.979461870832399484e+01
-3.957068315975289607e+01
-3.933070966630565124e+01
-3.904902243980734511e+01
-3.874149243827721989e+01
-3.840324726107583331e+01
-3.803510791663588719e+01
-3.765278378578121021e+01
-3.728417368491034978e+01
-3.703812700111511447e+01
-3.461464705810839604e+01
-3.730333985445315648e+01
-3.895602383605961450e+01
-4.008733498718021337e+01
-4.090364849366270761e+01
-4.154980448019235695e+01
-4.209985115797305610e+01
-4.256939960643764920e+01
-4.295693537461851008e+01
-4.326797931592469837e+01
-4.350783971243022563e+01
-4.369024445156227898e+01
-4.381442388150988876e+01
-4.389397363319825729e+01
-4.393166040782325865e+01
-4.392997368559124283e+01
-4.389108739601221743e+01
-4.381701673119776785e+01
-4.370321102557844029e+01
-4.355167371148233713e+01
-4.336328504541894802e+01
-4.313463270071007116e+01
-4.286714012167826837e+01
-4.255797045533553558e+01
-4.221043714621962550e+01
-4.182208059509244436e+01
-4.136756298805625676e+01
-4.079529557614104363e+01
-3.997278401867680486e+01
-3.563844794433976659e+01
-3.793901355518854501e+01
-3.933740447380140637e+01
-4.030744445543914622e+01
-4.106603245496443577e+01
-4.170962926243438318e+01
-4.226026322920864686e+01
-4.271722286185330830e+01
-4.309043001681723695e+01
-4.339193985774691953e+01
-4.363434999937641834e+01
-4.382392067234367516e+01
-4.396782377136142372e+01
-4.407528725129224512e+01
-4.414806899718217892e+01
-4.418804490435967125e+01
-4.419738847833198037e+01
-4.416363109561690692e+01
-4.409817715479159972e+01
-4.399314762849721205e+01
-4.384920812745151864e+01
-4.366356507049486879e+01
-4.343762553574032381e+01
-4.316751835286059702e+01
-4.285882715664851617e+01
-4.250712215349405909e+01
-4.208451108996248990e+01
-4.152979857820986354e+01
-4.069048907862516273e+01
-3.255744615965566169e+01
-3.531204445601199637e+01
-3.692870898442813399e+01
-3.799098577348369332e+01
-3.869027040166422893e+01
-3.920569432241969565e+01
-3.964156788755072114e+01
-4.000821231885502982e+01
-4.028619344934083557e+01
-4.048026202385987915e+01
-4.059766411635669670e+01
-4.065221267471335409e+01
-4.064910235907252201e+01
-4.060722052078008915e+01
-4.052810363258801374e+01
-4.042543146743858529e+01
-4.029925952067452499e+01
-4.015072565717677122e+01
-3.998177509076822389e+01
-3.979461870832396642e+01
-3.957068315975283923e+01
-3.933070966630564413e+01
-3.904902243980725274e+01
-3.874149243827718436e+01
-3.840324726107583331e+01
-3.803510791663571666e+01
-3.765278378578105389e+01
-3.728417368491026451e+01
-3.703812700111501499e+01
-3.461464705810847420e+01
-3.730333985445307832e+01
-3.895602383605962160e+01
-4.008733498718022048e+01
-4.090364849366260813e+01
-4.154980448019227879e+01
-4.209985115797299216e+01
-4.256939960643757104e+01
-4.295693537461843192e+01
-4.326797931592462021e+01
-4.350783971243022563e+01
-4.369024445156227188e+01
-4.381442388150985323e+01
-4.389397363319822887e+01
-4.393166040782325865e+01
-4.392997368559127125e+01
-4.389108739601223164e+01
-4.381701673119778206e+01
-4.370321102557846871e+01
-4.355167371148235134e+01
-4.336328504541897644e+01
-4.313463270071012090e+01
-4.286714012167833232e+01
-4.255797045533554979e+01
-4.221043714621966103e+01
-4.182208059509247278e+01
-4.136756298805640597e+01
-4.079529557614110047e+01
-3.997278401867686171e+01
-3.563844794433970264e+01
-3.793901355518835317e+01
-3.933740447380125715e+01
-4.030744445543888332e+01
-4.106603245496430077e+01
-4.170962926243416291e+01
-4.226026322920850475e+01
-4.271722286185314488e+01
-4.309043001681713037e+01
-4.339193985774677742e+01
-4.363434999937633307e+01
-4.382392067234351885e+01
-4.396782377136142372e+01
-4.407528725129212432e+01
-4.414806899718216471e+01
-4.418804490435964283e+01
-4.419738847833205142e+01
-4.416363109561692113e+01
-4.409817715479167077e+01
-4.399314762849716232e+01
-4.384920812745162522e+01
-4.366356507049486879e+01
-4.343762553574033802e+01
-4.316751835286060412e+01
-4.285882715664858722e+01
-4.250712215349403778e+01
-4.208451108996255385e+01
-4.152979857820979248e+01
-4.069048907862514852e+01
-3.255744615965575406e+01
-3.531204445601181163e+01
-3.692870898442796346e+01
-3.799098577348348016e+01
-3.869027040166401576e+01
-3.920569432241943986e+01
-3.964156788755040139e+01
-4.000821231885480245e+01
-4.028619344934062241e+01
-4.048026202385971573e+01
-4.059766411635654038e+01
-4.065221267471326883e+01
-4.064910235907244385e+01
-4.060722052078003941e+01
-4.052810363258797821e+01
-4.042543146743859239e+01
-4.029925952067450368e+01
-4.015072565717681385e+01
-3.998177509076825942e+01
-3.979461870832405168e+01
-3.957068315975291739e+01
-3.933070966630571519e+01
-3.904902243980732379e+01
-3.874149243827730515e+01
-3.840324726107594699e+01
-3.803510791663585877e+01
-3.765278378578123863e+01
-3.728417368491033557e+01
-3.703812700111514999e+01
-3.461464705810828946e+01
-3.730333985445297174e+01
-3.895602383605958607e+01
-4.008733498718021337e+01
-4.090364849366265076e+01
-4.154980448019231432e+01
-4.209985115797300637e+01
-4.256939960643759946e+01
-4.295693537461851008e+01
-4.326797931592466995e+01
-4.350783971243027537e+01
-4.369024445156227188e+01
-4.381442388150988165e+01
-4.389397363319825729e+01
-4.393166040782326576e+01
-4.392997368559125704e+01
-4.389108739601222453e+01
-4.381701673119777496e+01
-4.370321102557849713e+01
-4.355167371148237265e+01
-4.336328504541897644e+01
-4.313463270071009958e+01
-4.286714012167828969e+01
-4.255797045533552847e+01
-4.221043714621961840e+01
-4.182208059509245146e+01
-4.136756298805636334e+01
-4.079529557614104363e+01
-3.997278401867680486e+01
-3.563844794433974528e+01
-3.793901355518840290e+01
-3.933740447380138505e+01
-4.030744445543895438e+01
-4.106603245496439314e+01
-4.170962926243426949e+01
-4.226026322920860423e+01
-4.271722286185317330e+01
-4.309043001681723695e+01
-4.339193985774675610e+01
-4.363434999937644676e+01
-4.382392067234357569e+01
-4.396782377136147346e+01
-4.407528725129211011e+01
-4.414806899718215050e+01
-4.418804490435959309e+01
-4.419738847833200168e+01
-4.416363109561676481e+01
-4.409817715479161393e+01
-4.399314762849706995e+01
-4.384920812745156127e+01
-4.366356507049475510e+01
-4.343762553574025276e+01
-4.316751835286048333e+01
-4.285882715664847353e+01
-4.250712215349390277e+01
-4.208451108996245438e+01
-4.152979857820971432e+01
-4.069048907862510589e+01
