-9.445631157341735085e-01
-9.713373340512865273e-01
-1.023270996294004309e+00
-1.082071302307585192e+00
-1.166968164223549209e+00
-1.285505822146391974e+00
-1.397787797991430825e+00
-1.507601412062805846e+00
-1.617618469298732542e+00
-1.729202841064963803e+00
-1.843452629197515069e+00
-1.968596451474555753e+00
-2.028140117169486611e+00
-2.075592837228509957e+00
-2.128822828307638027e+00
-2.184730294782300852e+00
-2.241890547844947790e+00
-2.299776128239607864e+00
-2.358579378626319389e+00
-2.419456852437337879e+00
-2.457568588295371725e+00
-2.490519412916428976e+00
-2.523266772866330498e+00
-2.554967502546711344e+00
-2.585215131477259121e+00
-2.613863284796430264e+00
-2.640990134343983442e+00
-2.666938858800830481e+00
-2.689347445968811812e+00
-2.706637535575326936e+00
-2.723372810126527099e+00
-2.739508974779182537e+00
-2.754911937029039137e+00
-2.769102485990096341e+00
-2.781068161803057492e+00
-2.789174667903688842e+00
-2.791271419517160624e+00
-2.783837586178895762e+00
-2.762789766547678383e+00
-2.728015199137407976e+00
-2.673931162755224022e+00
-2.581523706584716749e+00
-2.376973051966443151e+00
-2.701419038627536295e+00
-3.771271397892457244e+00
-3.832033773648859665e+00
-3.912483598914368699e+00
-4.130816520720565599e+00
-5.457953883216351443e+00
-9.445631157341722872e-01
-9.713373340512849730e-01
-1.023270996293998980e+00
-1.082071302307583638e+00
-1.166968164223550763e+00
-1.285505822146401522e+00
-1.397787797991430159e+00
-1.507601412062798518e+00
-1.617618469298714334e+00
-1.729202841064967355e+00
-1.843452629197503079e+00
-1.968596451474558418e+00
-2.028140117169488388e+00
-2.075592837228501075e+00
-2.128822828307630033e+00
-2.184730294782292859e+00
-2.241890547844945125e+00
-2.299776128239618522e+00
-2.358579378626310508e+00
-2.419456852437328997e+00
-2.457568588295373502e+00
-2.490519412916440523e+00
-2.523266772866328722e+00
-2.554967502546709568e+00
-2.585215131477259121e+00
-2.613863284796430264e+00
-2.640990134343977225e+00
-2.666938858800820711e+00
-2.689347445968818917e+00
-2.706637535575334041e+00
-2.723372810126512888e+00
-2.739508974779187866e+00
-2.754911937029030256e+00
-2.769102485990099893e+00
-2.781068161803041505e+00
-2.789174667903685290e+00
-2.791271419517171282e+00
-2.783837586178879775e+00
-2.762789766547680159e+00
-2.728015199137384883e+00
-2.673931162755227575e+00
-2.581523706584725630e+00
-2.376973051966485784e+00
-2.701419038627571823e+00
-3.771271397892478561e+00
-3.832033773648914732e+00
-3.912483598914413108e+00
-4.130816520720607343e+00
-5.457953883216331903e+00
-9.445631157341711770e-01
-9.713373340512835297e-01
-1.023270996293997204e+00
-1.082071302307586524e+00
-1.166968164223543880e+00
-1.285505822146395305e+00
-1.397787797991428160e+00
-1.507601412062796520e+00
-1.617618469298730988e+00
-1.729202841064974905e+00
-1.843452629197506631e+00
-1.968596451474549092e+00
-2.028140117169484835e+00
-2.075592837228503296e+00
-2.128822828307630921e+00
-2.184730294782292859e+00
-2.241890547844940684e+00
-2.299776128239623851e+00
-2.358579378626310508e+00
-2.419456852437338767e+00
-2.457568588295377054e+00
-2.490519412916442299e+00
-2.523266772866328722e+00
-2.554967502546698910e+00
-2.585215131477260897e+00
-2.613863284796432929e+00
-2.640990134343974560e+00
-2.666938858800818934e+00
-2.689347445968813588e+00
-2.706637535575312725e+00
-2.723372810126530652e+00
-2.739508974779170103e+00
-2.754911937029032032e+00
-2.769102485990105222e+00
-2.781068161803045058e+00
-2.789174667903660421e+00
-2.791271419517151742e+00
-2.783837586178883328e+00
-2.762789766547689041e+00
-2.728015199137386659e+00
-2.673931162755208035e+00
-2.581523706584716749e+00
-2.376973051966446704e+00
-2.701419038627543401e+00
-3.771271397892444810e+00
-3.832033773648879205e+00
-3.912483598914409555e+00
-4.130816520720614449e+00
-5.457953883216335456e+00
-4.020388251200021301e+01
-4.061634941208316718e+01
-4.098047248588565594e+01
-4.139205428244635243e+01
-4.185568465223901313e+01
-4.232476315692395019e+01
-4.274145042806081563e+01
-4.309144201886255132e+01
-4.339679983776247241e+01
-4.366821852723538910e+01
-4.393089198548777574e+01
-4.414438627985965269e+01
-4.438579283388489927e+01
-4.472161349812301978e+01
-4.502581156583678990e+01
-4.535144811061232417e+01
-4.566307417179264405e+01
-4.597566906590370195e+01
-4.627133259118357955e+01
-4.653676133319535069e+01
-4.676637092105323745e+01
-4.697393769456908785e+01
-4.719218090234035401e+01
-4.745157573610330104e+01
-4.779265026383952630e+01
-4.826861020227474341e+01
-4.897233186591611087e+01
-5.000950518906336839e+01
-5.160032572663336481e+01
-3.771473320202871804e+01
-3.879147582916542092e+01
-3.942438067146684233e+01
-3.980394263261457866e+01
-4.015969891100638733e+01
-4.053207027902220005e+01
-4.087293183067868085e+01
-4.113894191845555781e+01
-4.134013482211109647e+01
-4.150896910035459086e+01
-4.160670937579993733e+01
-4.150288155815147206e+01
-4.170078774766433582e+01
-4.023836491204052379e+01
-4.261691331283572737e+01
-3.974171433860592373e+01
-4.246799081328535408e+01
-4.229734461688693159e+01
-4.244091837254489263e+01
-4.257555375550446541e+01
-4.273113827762741579e+01
-4.289294945484224542e+01
-4.305194916612921219e+01
-4.321064329151233352e+01
-4.345073236447772302e+01
-4.387223504867582591e+01
-4.463923832998353447e+01
-4.605901669591592906e+01
-4.862381042368595274e+01
-4.026151045688649788e+01
-4.097727705663690756e+01
-4.150024390467903856e+01
-4.196320016431231892e+01
-4.243507406386457603e+01
-4.290987238170578166e+01
-4.335659749102365623e+01
-4.374388433488810080e+01
-4.407100143948833448e+01
-4.435705434069020470e+01
-4.461034019694886865e+01
-4.485638564462851718e+01
-4.509810204972360737e+01
-4.533706534675120281e+01
-4.557919599320007364e+01
-4.583791043311611446e+01
-4.607333137204500417e+01
-4.630795447990245606e+01
-4.652237933139433324e+01
-4.670541188140799704e+01
-4.685828247980379757e+01
-4.700088708092252432e+01
-4.715944125665522790e+01
-4.735721320392575961e+01
-4.763252457915334048e+01
-4.803370463193057560e+01
-4.865183966063073484e+01
-4.957120345218893931e+01
-5.104202736882459845e+01
-4.020388251200024854e+01
-4.061634941208330218e+01
-4.098047248588562752e+01
-4.139205428244640927e+01
-4.185568465223923340e+01
-4.232476315692411362e+01
-4.274145042806078720e+01
-4.309144201886265080e+01
-4.339679983776240135e+01
-4.366821852723531094e+01
-4.393089198548769048e+01
-4.414438627985986585e+01
-4.438579283388478558e+01
-4.472161349812296294e+01
-4.502581156583680411e+01
-4.535144811061238102e+01
-4.566307417179266537e+01
-4.597566906590370905e+01
-4.627133259118363640e+01
-4.653676133319522989e+01
-4.676637092105308113e+01
-4.697393769456903811e+01
-4.719218090234036822e+01
-4.745157573610313051e+01
-4.779265026383928472e+01
-4.826861020227455157e+01
-4.897233186591586929e+01
-5.000950518906287812e+01
-5.160032572663306638e+01
-3.771473320202858304e+01
-3.879147582916518644e+01
-3.942438067146647995e+01
-3.980394263261419496e+01
-4.015969891100627365e+01
-4.053207027902207926e+01
-4.087293183067860269e+01
-4.113894191845545123e+01
-4.134013482211115331e+01
-4.150896910035445586e+01
-4.160670937580001549e+01
-4.150288155815135838e+01
-4.170078774766403029e+01
-4.023836491204046695e+01
-4.261691331283562789e+01
-3.974171433860590952e+01
-4.246799081328524039e+01
-4.229734461688702396e+01
-4.244091837254485711e+01
-4.257555375550440147e+01
-4.273113827762745842e+01
-4.289294945484221699e+01
-4.305194916612925482e+01
-4.321064329151230510e+01
-4.345073236447770881e+01
-4.387223504867597512e+01
-4.463923832998363395e+01
-4.605901669591617775e+01
-4.862381042368614459e+01
-4.026151045688673946e+01
-4.097727705663715625e+01
-4.150024390467917357e+01
-4.196320016431236866e+01
-4.243507406386466130e+01
-4.290987238170570350e+01
-4.335659749102370597e+01
-4.374388433488800842e+01
-4.407100143948822790e+01
-4.435705434069024022e+01
-4.461034019694889707e+01
-4.485638564462878719e+01
-4.509810204972365710e+01
-4.533706534675113176e+01
-4.557919599320014470e+01
-4.583791043311610736e+01
-4.607333137204513918e+01
-4.630795447990250580e+01
-4.652237933139438297e+01
-4.670541188140801125e+01
-4.685828247980397521e+01
-4.700088708092246748e+01
-4.715944125665535580e+01
-4.735721320392572409e+01
-4.763252457915316995e+01
-4.803370463193054007e+01
-4.865183966063072063e+01
-4.957120345218881141e+01
-5.104202736882436398e+01
-4.020388251200029828e+01
-4.061634941208353666e+01
-4.098047248588578384e+01
-4.139205428244651586e+01
-4.185568465223935419e+01
-4.232476315692423441e+01
-4.274145042806087957e+01
-4.309144201886261527e+01
-4.339679983776268557e+01
-4.366821852723537489e+01
-4.393089198548764074e+01
-4.414438627985979480e+01
-4.438579283388497743e+01
-4.472161349812287057e+01
-4.502581156583705990e+01
-4.535144811061255865e+01
-4.566307417179287143e+01
-4.597566906590375169e+01
-4.627133259118364350e+01
-4.653676133319538621e+01
-4.676637092105302429e+01
-4.697393769456903811e+01
-4.719218090234024032e+01
-4.745157573610310209e+01
-4.779265026383918524e+01
-4.826861020227455157e+01
-4.897233186591578402e+01
-5.000950518906293496e+01
-5.160032572663293848e+01
-3.771473320202844093e+01
-3.879147582916501591e+01
-3.942438067146640890e+01
-3.980394263261418786e+01
-4.015969891100625233e+01
-4.053207027902200821e+01
-4.087293183067858138e+01
-4.113894191845538728e+01
-4.134013482211102541e+01
-4.150896910035434217e+01
-4.160670937579980944e+01
-4.150288155815128732e+01
-4.170078774766414398e+01
-4.023836491204029642e+01
-4.261691331283569895e+01
-3.974171433860585978e+01
-4.246799081328528302e+01
-4.229734461688693870e+01
-4.244091837254500632e+01
-4.257555375550445120e+01
-4.273113827762763606e+01
-4.289294945484214594e+01
-4.305194916612930456e+01
-4.321064329151246852e+01
-4.345073236447780118e+01
-4.387223504867605328e+01
-4.463923832998374763e+01
-4.605901669591619196e+01
-4.862381042368586037e+01
-4.026151045688688157e+01
-4.097727705663723441e+01
-4.150024390467926594e+01
-4.196320016431248234e+01
-4.243507406386476788e+01
-4.290987238170583140e+01
-4.335659749102386229e+01
-4.374388433488809369e+01
-4.407100143948845528e+01
-4.435705434069038944e+01
-4.461034019694906760e+01
-4.485638564462868771e+01
-4.509810204972380632e+01
-4.533706534675118149e+01
-4.557919599320017312e+01
-4.583791043311634894e+01
-4.607333137204540208e+01
-4.630795447990256264e+01
-4.652237933139448245e+01
-4.670541188140809652e+01
-4.685828247980380468e+01
-4.700088708092263090e+01
-4.715944125665541975e+01
-4.735721320392566724e+01
-4.763252457915336890e+01
-4.803370463193049034e+01
-4.865183966063061405e+01
-4.957120345218883983e+01
-5.104202736882440661e+01
