-7.452197214498494926e-01
-8.267788096070288750e-01
-9.057725318947517090e-01
-9.856203930728351104e-01
-1.069241178118776059e+00
-1.160950007821914820e+00
-1.256641541102981652e+00
-1.354019793233189439e+00
-1.452866260154444866e+00
-1.552948395366927858e+00
-1.653630141735114911e+00
-1.757756807796124310e+00
-1.867320569987753309e+00
-1.957253803113416346e+00
-2.009442745006938313e+00
-2.064764590009496636e+00
-2.122028542044455790e+00
-2.180483129605500281e+00
-2.239789043829000015e+00
-2.299928465954157453e+00
-2.361319156027675170e+00
-2.417438853962517342e+00
-2.456439123154007476e+00
-2.495843955613224807e+00
-2.534664923358250554e+00
-2.572593301563580681e+00
-2.609592832450206679e+00
-2.645516046860870496e+00
-2.680312747339717916e+00
-2.714067615921281984e+00
-2.743156862562177167e+00
-2.769047167960060563e+00
-2.793465447882526931e+00
-2.816295892453382521e+00
-2.837511344570305738e+00
-2.857141358294050804e+00
-2.875262519741067280e+00
-2.891996637288062999e+00
-2.907449875881285450e+00
-2.920778266330325224e+00
-2.930732499627646703e+00
-2.939560569332618556e+00
-2.947086112582956829e+00
-2.953096145292738228e+00
-2.957303720679458792e+00
-2.959357023702507306e+00
-2.958890426907565541e+00
-2.955624615279116796e+00
-2.949521087056073299e+00
-2.940992889324524739e+00
-2.930128254784960973e+00
-2.919675935166239356e+00
-2.912720054843996209e+00
-2.913517975905987711e+00
-2.927805761023888564e+00
-2.963093963182449997e+00
-3.029277134532680549e+00
-3.139060180272299050e+00
-3.309798844526156358e+00
-3.569914645886804294e+00
-3.968961642814525348e+00
-4.617962022702043257e+00
-5.820447101996750305e+00
-7.452197214498493816e-01
-8.267788096070300963e-01
-9.057725318947510429e-01
-9.856203930728353324e-01
-1.069241178118774949e+00
-1.160950007821913932e+00
-1.256641541102979875e+00
-1.354019793233190994e+00
-1.452866260154437761e+00
-1.552948395366931411e+00
-1.653630141735118464e+00
-1.757756807796122533e+00
-1.867320569987760415e+00
-1.957253803113412793e+00
-2.009442745006937869e+00
-2.064764590009493084e+00
-2.122028542044458455e+00
-2.180483129605494952e+00
-2.239789043828995574e+00
-2.299928465954160117e+00
-2.361319156027668953e+00
-2.417438853962526224e+00
-2.456439123154003923e+00
-2.495843955613217702e+00
-2.534664923358260324e+00
-2.572593301563586010e+00
-2.609592832450196909e+00
-2.645516046860870496e+00
-2.680312747339723245e+00
-2.714067615921276655e+00
-2.743156862562175391e+00
-2.769047167960060563e+00
-2.793465447882528707e+00
-2.816295892453384297e+00
-2.837511344570295080e+00
-2.857141358294061462e+00
-2.875262519741070832e+00
-2.891996637288077210e+00
-2.907449875881285450e+00
-2.920778266330319894e+00
-2.930732499627652032e+00
-2.939560569332604345e+00
-2.947086112582967488e+00
-2.953096145292745334e+00
-2.957303720679480108e+00
-2.959357023702516187e+00
-2.958890426907577975e+00
-2.955624615279131007e+00
-2.949521087056080404e+00
-2.940992889324535398e+00
-2.930128254784953867e+00
-2.919675935166253566e+00
-2.912720054843999762e+00
-2.913517975905989488e+00
-2.927805761023883235e+00
-2.963093963182439339e+00
-3.029277134532694760e+00
-3.139060180272290168e+00
-3.309798844526152806e+00
-3.569914645886807847e+00
-3.968961642814548441e+00
-4.617962022702052138e+00
-5.820447101996736983e+00
-7.452197214498489375e-01
-8.267788096070310955e-01
-9.057725318947510429e-01
-9.856203930728354434e-01
-1.069241178118775171e+00
-1.160950007821908603e+00
-1.256641541102980320e+00
-1.354019793233185442e+00
-1.452866260154438649e+00
-1.552948395366930967e+00
-1.653630141735121128e+00
-1.757756807796126086e+00
-1.867320569987756862e+00
-1.957253803113412349e+00
-2.009442745006936981e+00
-2.064764590009499301e+00
-2.122028542044454902e+00
-2.180483129605495840e+00
-2.239789043829000903e+00
-2.299928465954161005e+00
-2.361319156027665400e+00
-2.417438853962524448e+00
-2.456439123154005699e+00
-2.495843955613221254e+00
-2.534664923358253219e+00
-2.572593301563579793e+00
-2.609592832450208455e+00
-2.645516046860866055e+00
-2.680312747339733015e+00
-2.714067615921274879e+00
-2.743156862562180720e+00
-2.769047167960069444e+00
-2.793465447882525154e+00
-2.816295892453382521e+00
-2.837511344570300409e+00
-2.857141358294075673e+00
-2.875262519741058398e+00
-2.891996637288075434e+00
-2.907449875881294332e+00
-2.920778266330325224e+00
-2.930732499627657361e+00
-2.939560569332611450e+00
-2.947086112582958606e+00
-2.953096145292741781e+00
-2.957303720679469450e+00
-2.959357023702509082e+00
-2.958890426907588633e+00
-2.955624615279118572e+00
-2.949521087056071522e+00
-2.940992889324519410e+00
-2.930128254784959196e+00
-2.919675935166242908e+00
-2.912720054843996209e+00
-2.913517975905991264e+00
-2.927805761023885012e+00
-2.963093963182449997e+00
-3.029277134532701865e+00
-3.139060180272284839e+00
-3.309798844526154582e+00
-3.569914645886811400e+00
-3.968961642814551993e+00
-4.617962022702050362e+00
-5.820447101996744976e+00
