-7.949804155359800895e-01
-1.042819703502797513e+00
-1.354510513727691823e+00
-1.678845268694275417e+00
-1.958385805456836382e+00
-2.137388734719811278e+00
-2.326443986917150042e+00
-2.459870020173451799e+00
-2.575138297646326180e+00
-2.675085524350913069e+00
-2.746687075747091367e+00
-2.801963740512983136e+00
-2.842011673094912538e+00
-2.862431821399567866e+00
-2.859180710847584628e+00
-2.822124072810566986e+00
-2.782191841858269399e+00
-3.167725402447945537e+00
-4.040730165396311691e+00
-7.949804155359804225e-01
-1.042819703502798845e+00
-1.354510513727694487e+00
-1.678845268694274750e+00
-1.958385805456836160e+00
-2.137388734719810834e+00
-2.326443986917150486e+00
-2.459870020173450023e+00
-2.575138297646326180e+00
-2.675085524350917954e+00
-2.746687075747093587e+00
-2.801963740512982692e+00
-2.842011673094911206e+00
-2.862431821399567866e+00
-2.859180710847587292e+00
-2.822124072810566986e+00
-2.782191841858279169e+00
-3.167725402447946426e+00
-4.040730165396313467e+00
-7.949804155359803115e-01
-1.042819703502798845e+00
-1.354510513727694709e+00
-1.678845268694276083e+00
-1.958385805456837936e+00
-2.137388734719813499e+00
-2.326443986917151818e+00
-2.459870020173451799e+00
-2.575138297646328844e+00
-2.675085524350916621e+00
-2.746687075747093587e+00
-2.801963740512982248e+00
-2.842011673094909430e+00
-2.862431821399567422e+00
-2.859180710847585516e+00
-2.822124072810565654e+00
-2.782191841858278725e+00
-3.167725402447935767e+00
-4.040730165396314355e+00
-4.368574436873836930e+01
-4.472095302137559969e+01
-4.126646619331182109e+01
-4.158205476792365829e+01
-4.309348369883009156e+01
-4.413761916061963575e+01
-4.466496533488061260e+01
-4.477234350302532562e+01
-4.452641590141561068e+01
-4.398965589818197941e+01
-4.316210831168250905e+01
-4.079920554415750900e+01
-4.199224065190114885e+01
-3.868542409986169162e+01
-3.881115960401890419e+01
-4.005624052828238035e+01
-4.082852003256437001e+01
-4.110772553943032648e+01
-4.100873139548575352e+01
-4.058694069939085125e+01
-3.991520551008229489e+01
-3.919685460403848509e+01
-4.155056195616761272e+01
-4.317392972622812408e+01
-4.005989857714040880e+01
-4.036608550667447304e+01
-4.176978216626682894e+01
-4.268344887289320155e+01
-4.306045014451301256e+01
-4.300010443209026789e+01
-4.257155756480602804e+01
-4.184543466691746261e+01
-4.095706053526384238e+01
-4.368574436873834088e+01
-4.472095302137556416e+01
-4.126646619331192056e+01
-4.158205476792365829e+01
-4.309348369883009866e+01
-4.413761916061961443e+01
-4.466496533488068366e+01
-4.477234350302535404e+01
-4.452641590141562489e+01
-4.398965589818194388e+01
-4.316210831168254458e+01
-4.079920554415753031e+01
-4.199224065190118438e+01
-3.868542409986173425e+01
-3.881115960401892551e+01
-4.005624052828240167e+01
-4.082852003256438422e+01
-4.110772553943035490e+01
-4.100873139548578195e+01
-4.058694069939085125e+01
-3.991520551008232331e+01
-3.919685460403853483e+01
-4.155056195616762693e+01
-4.317392972622810987e+01
-4.005989857714038749e+01
-4.036608550667450857e+01
-4.176978216626679341e+01
-4.268344887289315182e+01
-4.306045014451299124e+01
-4.300010443209027500e+01
-4.257155756480602804e+01
-4.184543466691744129e+01
-4.095706053526383528e+01
-4.368574436873840483e+01
-4.472095302137556416e+01
-4.126646619331194898e+01
-4.158205476792367961e+01
-4.309348369883002761e+01
-4.413761916061962864e+01
-4.466496533488069787e+01
-4.477234350302537536e+01
-4.452641590141559647e+01
-4.398965589818190125e+01
-4.316210831168251616e+01
-4.079920554415753031e+01
-4.199224065190115596e+01
-3.868542409986173425e+01
-3.881115960401889708e+01
-4.005624052828240167e+01
-4.082852003256439133e+01
-4.110772553943034779e+01
-4.100873139548578905e+01
-4.058694069939086546e+01
-3.991520551008230200e+01
-3.919685460403849220e+01
-4.155056195616762693e+01
-4.317392972622810987e+01
-4.005989857714038749e+01
-4.036608550667448014e+01
-4.176978216626680052e+01
-4.268344887289318024e+01
-4.306045014451299124e+01
-4.300010443209029631e+01
-4.257155756480605646e+01
-4.184543466691746261e+01
-4.095706053526385659e+01
