-7.960651637005415893e-01
-1.042899121795473061e+00
-1.352638415686250095e+00
-1.674628215298908263e+00
-1.951751371393585011e+00
-2.128099077806523187e+00
-2.314744523328941650e+00
-2.447040695374256281e+00
-2.562727884077551366e+00
-2.665260347050840917e+00
-2.740979143035384702e+00
-2.799772808221951959e+00
-2.840474307989535596e+00
-2.860602352841536522e+00
-2.856899923238202632e+00
-2.776439791171410487e+00
-2.452589327417819653e+00
1.782227544324911150e+00
-3.710616671630987629e+00
-7.960651637005419223e-01
-1.042899121795472173e+00
-1.352638415686248319e+00
-1.674628215298904488e+00
-1.951751371393578349e+00
-2.128099077806516970e+00
-2.314744523328938985e+00
-2.447040695374254060e+00
-2.562727884077542484e+00
-2.665260347050835144e+00
-2.740979143035375820e+00
-2.799772808221949294e+00
-2.840474307989537373e+00
-2.860602352841548068e+00
-2.856899923238214178e+00
-2.776439791171430027e+00
-2.452589327417851628e+00
1.782227544325087898e+00
-3.710616671630993402e+00
-7.960651637005418113e-01
-1.042899121795473283e+00
-1.352638415686250539e+00
-1.674628215298907374e+00
-1.951751371393580570e+00
-2.128099077806519634e+00
-2.314744523328939430e+00
-2.447040695374254504e+00
-2.562727884077542040e+00
-2.665260347050834255e+00
-2.740979143035367827e+00
-2.799772808221940412e+00
-2.840474307989524938e+00
-2.860602352841522755e+00
-2.856899923238182204e+00
-2.776439791171371407e+00
-2.452589327417741050e+00
1.782227544327099622e+00
-3.710616671630916130e+00
-3.980378311754456888e+01
-4.122115978039406770e+01
-3.806385628490281192e+01
-3.815870506950987817e+01
-3.931865490709701305e+01
-4.000380788477590244e+01
-4.018416258410825037e+01
-3.998224817409018073e+01
-3.947487607256873332e+01
-3.874182390190167524e+01
-3.804863939304322429e+01
-4.283353910095109285e+01
-4.417607900614830641e+01
-4.084551902690409975e+01
-4.112288328581170305e+01
-4.253848233515829236e+01
-4.346870193967901486e+01
-4.386882563468573437e+01
-4.384188257210863782e+01
-4.345425125534662669e+01
-4.277203141136703834e+01
-4.187902661465125220e+01
-4.330460206958967717e+01
-4.428802806475252396e+01
-4.082908680834960791e+01
-4.110982992705194761e+01
-4.260269730006451283e+01
-4.362844390622377233e+01
-4.414271661895611487e+01
-4.424041440503640388e+01
-4.398104373452122928e+01
-4.342541394483793482e+01
-4.263646029949898519e+01
-3.980378311754458309e+01
-4.122115978039401796e+01
-3.806385628490285455e+01
-3.815870506950990659e+01
-3.931865490709703437e+01
-4.000380788477593796e+01
-4.018416258410828590e+01
-3.998224817409018073e+01
-3.947487607256874753e+01
-3.874182390190156156e+01
-3.804863939304314613e+01
-4.283353910095107153e+01
-4.417607900614833483e+01
-4.084551902690407132e+01
-4.112288328581170305e+01
-4.253848233515829946e+01
-4.346870193967899354e+01
-4.386882563468571306e+01
-4.384188257210863071e+01
-4.345425125534660538e+01
-4.277203141136703124e+01
-4.187902661465123799e+01
-4.330460206958961322e+01
-4.428802806475250975e+01
-4.082908680834962922e+01
-4.110982992705199024e+01
-4.260269730006449151e+01
-4.362844390622376523e+01
-4.414271661895615750e+01
-4.424041440503633993e+01
-4.398104373452118665e+01
-4.342541394483797745e+01
-4.263646029949904204e+01
-3.980378311754456178e+01
-4.122115978039398243e+01
-3.806385628490281903e+01
-3.815870506950983554e+01
-3.931865490709697752e+01
-4.000380788477588112e+01
-4.018416258410825037e+01
-3.998224817409016651e+01
-3.947487607256871200e+01
-3.874182390190157577e+01
-3.804863939304318876e+01
-4.283353910095115680e+01
-4.417607900614835614e+01
-4.084551902690407132e+01
-4.112288328581173857e+01
-4.253848233515832078e+01
-4.346870193967902196e+01
-4.386882563468575569e+01
-4.384188257210865913e+01
-4.345425125534663380e+01
-4.277203141136704545e+01
-4.187902661465124510e+01
-4.330460206958967717e+01
-4.428802806475253817e+01
-4.082908680834966475e+01
-4.110982992705206129e+01
-4.260269730006447020e+01
-4.362844390622377233e+01
-4.414271661895617882e+01
-4.424041440503636125e+01
-4.398104373452117244e+01
-4.342541394483797035e+01
-4.263646029949904204e+01
