(title "Cumulative Force")
(labels "Distance [m]" "Cumulative Force [N]")

((xy/key/label "Cumulative Force [N]")
0	0
0.018	0.0278055
0.036	0.0592832
0.054	0.0948381
0.072	0.131256
0.09	0.174661
0.108	0.22184
0.126	0.281948
0.144	0.347551
0.162	0.426583
0.18	0.51726
0.198	0.617842
0.216	0.741581
0.234	0.870304
0.252	1.02155
0.27	1.18141
0.288	1.36988
0.306	1.56378
0.324	1.77575
0.342	2.02044
0.36	2.26952
0.378	2.55518
0.396	2.84453
0.414	3.17832
0.432	3.51124
0.45	3.88167
0.468	4.26608
0.486	4.67099
0.504	5.12369
0.522	5.57094
0.54	6.06967
0.558	6.57408
0.576	7.12608
0.594	7.68039
0.612	8.26908
0.63	8.92065
0.648	9.57977
0.666	10.3039
0.684	11.0339
0.702	11.8664
0.72	12.6828
0.738	13.5414
0.756	14.4765
0.774	15.4546
0.792	16.4919
0.81	17.5972
0.828	18.8113
0.846	20.1105
0.864	21.4706
0.882	22.7922
0.9	24.0882
)
