-1.816552922744593568e+00
-2.001090336693507332e+00
-2.187230797728219045e+00
-2.377643031802255003e+00
-2.577097452470819672e+00
-2.780021290480799934e+00
-2.963858507235766382e+00
-3.151044220118425443e+00
-3.343968053665534512e+00
-3.543199346834242647e+00
-3.749742991747268661e+00
-3.961471725527534460e+00
-4.178737115491614418e+00
-4.404116706741502796e+00
-4.506131592995290092e+00
-4.614486445815014548e+00
-4.726346984135314955e+00
-4.840374631745785194e+00
-4.955753865239607592e+00
-5.071918524697505148e+00
-5.188518421858123730e+00
-5.305645211378937631e+00
-5.406667931959798779e+00
-5.462342492165205954e+00
-5.512223764902802969e+00
-5.553557534287822506e+00
-5.584389936523134423e+00
-5.603352713789419681e+00
-5.609736974604118132e+00
-5.603236789109413252e+00
-5.584640513999278966e+00
-5.556903598818156098e+00
-5.513189640365155242e+00
-5.464160591402091427e+00
-5.416673242671709687e+00
-5.375677383251357355e+00
-5.346700733688571461e+00
-5.335721951765776794e+00
-5.349193344683722984e+00
-5.394243218823646657e+00
-5.479121407613000372e+00
-5.614016217209481852e+00
-5.807167752610709499e+00
-6.077736830926173894e+00
-6.456794846632693208e+00
-6.985476764866959343e+00
-7.740461515508027190e+00
-8.881334108771842040e+00
-1.084717687491562543e+01
-1.910055273243845830e+00
-2.072309999919983881e+00
-2.247158480893807209e+00
-2.431765112814172625e+00
-2.629339697390162378e+00
-2.815459411820621316e+00
-3.002673421865829084e+00
-3.196833774599410205e+00
-3.394496321712725084e+00
-3.598040628031609067e+00
-3.809780595613567300e+00
-4.031204168764679352e+00
-4.256467324324278323e+00
-4.415260725795015162e+00
-4.520415520305155255e+00
-4.630748421919630431e+00
-4.744218936117757579e+00
-4.859806114857274650e+00
-4.976891922415305203e+00
-5.095098319813867960e+00
-5.214344546021859372e+00
-5.335303446870931054e+00
-5.406532255518360586e+00
-5.464614320097641809e+00
-5.516199132226066837e+00
-5.559000666669277280e+00
-5.591267655300068640e+00
-5.611759278748181146e+00
-5.619165173820903192e+00
-5.614108821858696530e+00
-5.598012266770265200e+00
-5.568162272852369199e+00
-5.524553973605058843e+00
-5.478219045276802035e+00
-5.433402803466606201e+00
-5.395114483709274822e+00
-5.368908134402559540e+00
-5.360786136935296042e+00
-5.377235761695231986e+00
-5.425444285841692249e+00
-5.513770150137176529e+00
-5.650254772733205755e+00
-5.845103350416650301e+00
-6.120310586285391707e+00
-6.504967250361957554e+00
-7.040499760772707560e+00
-7.804804260845692454e+00
-8.959283329513109351e+00
-1.094841905522216940e+01
-1.866224572662730230e+00
-2.041939626600383306e+00
-2.224001946233483018e+00
-2.412968474573002453e+00
-2.613258030047024949e+00
-2.808483315154411297e+00
-2.994894037255684260e+00
-3.185719183322086145e+00
-3.381118573897723856e+00
-3.583176139028640961e+00
-3.792968654062885747e+00
-4.008697664584278897e+00
-4.230476068540456325e+00
-4.423597782719067339e+00
-4.527929532389805445e+00
-4.638002202543091812e+00
-4.751381932298716748e+00
-4.866891519850602421e+00
-4.983815503475955921e+00
-5.101681969079571388e+00
-5.220274542299964793e+00
-5.339973268567504761e+00
-5.426793770110247550e+00
-5.484221789200866226e+00
-5.535481343354827999e+00
-5.578043366266115299e+00
-5.610046610508568676e+00
-5.630175109076112960e+00
-5.637757730043354343e+00
-5.632367507007597141e+00
-5.615223068305862597e+00
-5.587936029083298450e+00
-5.543107949044049576e+00
-5.495556905156337990e+00
-5.449477409815067119e+00
-5.409863130347851268e+00
-5.382259929342627203e+00
-5.372659134015748350e+00
-5.387527229634006432e+00
-5.434012908425238209e+00
-5.520399211122708039e+00
-5.656939552921855352e+00
-5.849349383546361025e+00
-6.121805257233525310e+00
-6.502816957745054083e+00
-7.033960181077233642e+00
-7.791964641956322879e+00
-8.937163178438783717e+00
-1.091038405613920048e+01
-1.858934037557431029e+00
-2.030651924430858291e+00
-2.209833795891738006e+00
-2.395611319801227879e+00
-2.592417384875444153e+00
-2.785141994209064720e+00
-2.970103451877878165e+00
-3.161850478332548064e+00
-3.355951333791658442e+00
-3.556745108344228967e+00
-3.765267039252293557e+00
-3.982853172125157215e+00
-4.203575062294882869e+00
-4.395626447022999983e+00
-4.498335190142380924e+00
-4.606850290483823329e+00
-4.718713441804919029e+00
-4.832734983567817721e+00
-4.948192507165256160e+00
-5.064610359317372357e+00
-5.181770278479472580e+00
-5.300050366548134662e+00
-5.385616629670444411e+00
-5.441838674898175299e+00
-5.491938982943054270e+00
-5.533401271606841476e+00
-5.564378252675737713e+00
-5.583572596934640586e+00
-5.589805017264151132e+00
-5.583239041018998705e+00
-5.565484897578407697e+00
-5.537663098707337639e+00
-5.492437067602811140e+00
-5.444560298516325503e+00
-5.398226867856255495e+00
-5.358428418692014361e+00
-5.330710009448313969e+00
-5.321065528822707336e+00
-5.335969314855013579e+00
-5.382585089784534205e+00
-5.469220061337921379e+00
-5.606162413358944718e+00
-5.799480016976623631e+00
-6.072863061245698191e+00
-6.455615870836254544e+00
-6.988749721606943410e+00
-7.750208770271314052e+00
-8.900679535547098453e+00
-1.088305708729359189e+01
-1.910055273243845608e+00
-2.072309999919986989e+00
-2.247158480893807653e+00
-2.431765112814177510e+00
-2.629339697390169484e+00
-2.815459411820624425e+00
-3.002673421865837078e+00
-3.196833774599414646e+00
-3.394496321712732190e+00
-3.598040628031604626e+00
-3.809780595613586840e+00
-4.031204168764663365e+00
-4.256467324324278323e+00
-4.415260725795025820e+00
-4.520415520305153478e+00
-4.630748421919630431e+00
-4.744218936117745145e+00
-4.859806114857279979e+00
-4.976891922415319414e+00
-5.095098319813907040e+00
-5.214344546021873583e+00
-5.335303446870909738e+00
-5.406532255518371244e+00
-5.464614320097638256e+00
-5.516199132226091706e+00
-5.559000666669287938e+00
-5.591267655300082851e+00
-5.611759278748198909e+00
-5.619165173820881876e+00
-5.614108821858682319e+00
-5.598012266770282963e+00
-5.568162272852369199e+00
-5.524553973605048185e+00
-5.478219045276780719e+00
-5.433402803466620412e+00
-5.395114483709299691e+00
-5.368908134402573751e+00
-5.360786136935232093e+00
-5.377235761695239091e+00
-5.425444285841670933e+00
-5.513770150137219161e+00
-5.650254772733212860e+00
-5.845103350416671617e+00
-6.120310586285381049e+00
-6.504967250361946896e+00
-7.040499760772707560e+00
-7.804804260845735087e+00
-8.959283329513088034e+00
-1.094841905522218894e+01
-1.816552922744589127e+00
-2.001090336693509997e+00
-2.187230797728219045e+00
-2.377643031802256779e+00
-2.577097452470816563e+00
-2.780021290480807483e+00
-2.963858507235770823e+00
-3.151044220118427219e+00
-3.343968053665525630e+00
-3.543199346834240870e+00
-3.749742991747259779e+00
-3.961471725527545118e+00
-4.178737115491626852e+00
-4.404116706741515230e+00
-4.506131592995282986e+00
-4.614486445815019877e+00
-4.726346984135323837e+00
-4.840374631745762102e+00
-4.955753865239579170e+00
-5.071918524697503372e+00
-5.188518421858159257e+00
-5.305645211378955395e+00
-5.406667931959791673e+00
-5.462342492165220165e+00
-5.512223764902824286e+00
-5.553557534287811848e+00
-5.584389936523141529e+00
-5.603352713789437445e+00
-5.609736974604107473e+00
-5.603236789109367066e+00
-5.584640513999286071e+00
-5.556903598818134782e+00
-5.513189640365133926e+00
-5.464160591402077216e+00
-5.416673242671691924e+00
-5.375677383251353803e+00
-5.346700733688543039e+00
-5.335721951765819426e+00
-5.349193344683691009e+00
-5.394243218823618236e+00
-5.479121407613000372e+00
-5.614016217209524484e+00
-5.807167752610709499e+00
-6.077736830926170342e+00
-6.456794846632718077e+00
-6.985476764866934474e+00
-7.740461515508027190e+00
-8.881334108771824276e+00
-1.084717687491561300e+01
-1.858934037557431029e+00
-2.030651924430856958e+00
-2.209833795891744224e+00
-2.395611319801234540e+00
-2.592417384875440600e+00
-2.785141994209054950e+00
-2.970103451877874612e+00
-3.161850478332546288e+00
-3.355951333791648672e+00
-3.556745108344227191e+00
-3.765267039252278458e+00
-3.982853172125151886e+00
-4.203575062294904185e+00
-4.395626447023001759e+00
-4.498335190142391582e+00
-4.606850290483830435e+00
-4.718713441804913700e+00
-4.832734983567826603e+00
-4.948192507165234844e+00
-5.064610359317381238e+00
-5.181770278479469027e+00
-5.300050366548127556e+00
-5.385616629670433753e+00
-5.441838674898193062e+00
-5.491938982943047165e+00
-5.533401271606830818e+00
-5.564378252675741265e+00
-5.583572596934629928e+00
-5.589805017264133369e+00
-5.583239041018963178e+00
-5.565484897578379275e+00
-5.537663098707312770e+00
-5.492437067602821799e+00
-5.444560298516314845e+00
-5.398226867856259048e+00
-5.358428418691978834e+00
-5.330710009448324627e+00
-5.321065528822707336e+00
-5.335969314855006473e+00
-5.382585089784534205e+00
-5.469220061337892957e+00
-5.606162413358951824e+00
-5.799480016976609420e+00
-6.072863061245705296e+00
-6.455615870836240333e+00
-6.988749721606932752e+00
-7.750208770271324710e+00
-8.900679535547077137e+00
-1.088305708729360788e+01
-1.866224572662730008e+00
-2.041939626600381086e+00
-2.224001946233480353e+00
-2.412968474572993571e+00
-2.613258030047021840e+00
-2.808483315154411297e+00
-2.994894037255687813e+00
-3.185719183322087922e+00
-3.381118573897727408e+00
-3.583176139028631191e+00
-3.792968654062889300e+00
-4.008697664584271791e+00
-4.230476068540472312e+00
-4.423597782719076221e+00
-4.527929532389812550e+00
-4.638002202543093588e+00
-4.751381932298714972e+00
-4.866891519850595316e+00
-4.983815503475964803e+00
-5.101681969079567835e+00
-5.220274542299950582e+00
-5.339973268567504761e+00
-5.426793770110229786e+00
-5.484221789200837804e+00
-5.535481343354810235e+00
-5.578043366266108194e+00
-5.610046610508550913e+00
-5.630175109076137829e+00
-5.637757730043315263e+00
-5.632367507007586482e+00
-5.615223068305848386e+00
-5.587936029083280687e+00
-5.543107949044060234e+00
-5.495556905156337990e+00
-5.449477409815067119e+00
-5.409863130347837057e+00
-5.382259929342648519e+00
-5.372659134015751903e+00
-5.387527229633988668e+00
-5.434012908425259525e+00
-5.520399211122708039e+00
-5.656939552921841141e+00
-5.849349383546353920e+00
-6.121805257233518205e+00
-6.502816957745061188e+00
-7.033960181077219431e+00
-7.791964641956301563e+00
-8.937163178438805033e+00
-1.091038405613918982e+01
