-1.101955489111546171e+00
-1.617809229284987271e+00
-1.922407054453816322e+00
-2.154208539309453219e+00
-2.349304840436929886e+00
-2.508973139188753088e+00
-2.637238192535292125e+00
-2.735863580865434130e+00
-2.805324327042093113e+00
-2.844435507165107957e+00
-2.848575459977167323e+00
-2.814086392175298101e+00
-2.570803913703626264e+00
-4.674691895055655522e+00
-1.101955489111548614e+00
-1.617809229284987715e+00
-1.922407054453818542e+00
-2.154208539309456327e+00
-2.349304840436934327e+00
-2.508973139188757528e+00
-2.637238192535293013e+00
-2.735863580865438127e+00
-2.805324327042091781e+00
-2.844435507165111510e+00
-2.848575459977177537e+00
-2.814086392175313645e+00
-2.570803913703660015e+00
-4.674691895055792301e+00
-1.101955489111547948e+00
-1.617809229284989048e+00
-1.922407054453816322e+00
-2.154208539309456327e+00
-2.349304840436931219e+00
-2.508973139188756640e+00
-2.637238192535295234e+00
-2.735863580865433686e+00
-2.805324327042096222e+00
-2.844435507165116839e+00
-2.848575459977179758e+00
-2.814086392175319418e+00
-2.570803913703662680e+00
-4.674691895055838486e+00
-3.774450843638661723e+01
-2.286685982985232712e+01
-4.307447954713720861e+01
-2.317811021990231879e+01
-4.397955820455266007e+01
-2.557510676635940428e+01
-4.346265660404947084e+01
-2.948340735365108856e+01
-4.579899230873602534e+01
-3.750881156741215250e+01
-2.219735485847160561e+01
-4.173229276029172752e+01
-2.190485496515219310e+01
-4.189176573039946305e+01
-2.342320309179172355e+01
-4.057854513361229465e+01
-2.627765419701970728e+01
-4.157042629133211875e+01
-3.858072137067518526e+01
-2.348730158331569484e+01
-4.386908479849225273e+01
-2.394429180177243666e+01
-4.474417810993180211e+01
-2.636303050471753906e+01
-4.398823939845834730e+01
-3.021183966258735865e+01
-4.558420581572309516e+01
-3.774450843638638275e+01
-2.286685982985249410e+01
-4.307447954713703098e+01
-2.317811021990190312e+01
-4.397955820455302955e+01
-2.557510676635901348e+01
-4.346265660404964137e+01
-2.948340735365079013e+01
-4.579899230873589744e+01
-3.750881156741207434e+01
-2.219735485847150613e+01
-4.173229276029172752e+01
-2.190485496515229968e+01
-4.189176573039954121e+01
-2.342320309179176618e+01
-4.057854513361242255e+01
-2.627765419701971794e+01
-4.157042629133196954e+01
-3.858072137067507157e+01
-2.348730158331578721e+01
-4.386908479849207509e+01
-2.394429180177264271e+01
-4.474417810993113420e+01
-2.636303050471748577e+01
-4.398823939845838993e+01
-3.021183966258714193e+01
-4.558420581572239882e+01
-3.774450843638767594e+01
-2.286685982985189369e+01
-4.307447954713715887e+01
-2.317811021990197773e+01
-4.397955820455322140e+01
-2.557510676635903124e+01
-4.346265660404942111e+01
-2.948340735365150067e+01
-4.579899230873572691e+01
-3.750881156741351674e+01
-2.219735485847079204e+01
-4.173229276029208279e+01
-2.190485496515200481e+01
-4.189176573039966911e+01
-2.342320309179169158e+01
-4.057854513361223070e+01
-2.627765419701988847e+01
-4.157042629133206191e+01
-3.858072137067661345e+01
-2.348730158331501272e+01
-4.386908479849252274e+01
-2.394429180177218441e+01
-4.474417810993125499e+01
-2.636303050471767406e+01
-4.398823939845819808e+01
-3.021183966258741904e+01
-4.558420581572239172e+01
