-2.673743952301931071e+00
-2.944581828845739491e+00
-3.237899120955673116e+00
-3.490064043740883637e+00
-3.742055006426321828e+00
-3.998765734108319592e+00
-4.259731737390071160e+00
-4.524052627265447768e+00
-4.790513193956467575e+00
-5.063417591667933593e+00
-5.318630952551368196e+00
-5.470300888940375472e+00
-5.622771023050837869e+00
-5.774491662607282194e+00
-5.924974387225107719e+00
-6.073828032623520556e+00
-6.220971131202645665e+00
-6.367653288869615125e+00
-6.514333623165956766e+00
-6.662154683679801792e+00
-6.763376121670773955e+00
-6.850588123384358852e+00
-6.933534077171948695e+00
-7.009875553214072852e+00
-7.077324707083910482e+00
-7.133476183356474820e+00
-7.175828329322332166e+00
-7.201918251169097118e+00
-7.209553380064527062e+00
-7.197126939595399620e+00
-7.162983094774968862e+00
-7.107872719650565330e+00
-7.034578331604478763e+00
-6.946936374768533540e+00
-6.843230133408916060e+00
-6.736204320361416364e+00
-6.633982895184388440e+00
-6.544324332049825443e+00
-6.478057834667872328e+00
-6.445284445911390492e+00
-6.457440325545306337e+00
-6.528303216437564060e+00
-6.672599492894903506e+00
-6.916214914040359929e+00
-7.296815218776934842e+00
-7.870270485785617609e+00
-8.744695169905263299e+00
-1.014314924552922648e+01
-1.269995790454229478e+01
-2.713078324937134855e+00
-2.978273419493571605e+00
-3.268431033953489440e+00
-3.512894713503685651e+00
-3.764519777925860566e+00
-4.021263758728087723e+00
-4.282592975035164784e+00
-4.548255362428001547e+00
-4.815656955412588758e+00
-5.090061167116838092e+00
-5.328271099192782856e+00
-5.480074015090291795e+00
-5.632509324891717739e+00
-5.784176294499484783e+00
-5.934635489604893621e+00
-6.082637923518035450e+00
-6.230038242210088839e+00
-6.377055848467769295e+00
-6.524226522366173953e+00
-6.672848696711085381e+00
-6.765233990749432991e+00
-6.852926275612759355e+00
-6.936135096041283532e+00
-7.012646965307801850e+00
-7.080225579967049043e+00
-7.136494967684676283e+00
-7.178974053721731252e+00
-7.205216584609999586e+00
-7.213045059427336980e+00
-7.200868900117569638e+00
-7.166750203938356378e+00
-7.112079696119710803e+00
-7.039313831551964995e+00
-6.951370525748416185e+00
-6.847245497874411058e+00
-6.740884292382759213e+00
-6.639089820580579726e+00
-6.550100857543270649e+00
-6.484500674131702169e+00
-6.452403787620674791e+00
-6.465260904908902262e+00
-6.536869576252449576e+00
-6.682089416170413188e+00
-6.926654008778335481e+00
-7.308463655802384551e+00
-7.883454434034533165e+00
-8.760097623114187826e+00
-1.016193613332718115e+01
-1.272475746725306323e+01
-2.694495878982385850e+00
-2.963009023760497129e+00
-3.255700837700064909e+00
-3.503712249107146182e+00
-3.755756034392738751e+00
-4.012689787290257826e+00
-4.274029296706427061e+00
-4.538933085987450156e+00
-4.806025649854554160e+00
-5.079823303654414701e+00
-5.326691736563118340e+00
-5.478644625266104740e+00
-5.631307306276220004e+00
-5.783205470212941179e+00
-5.933881296730280752e+00
-6.082711317169227527e+00
-6.230165696492409921e+00
-6.377203100265056435e+00
-6.524318642057306050e+00
-6.672732401415352399e+00
-6.769697096357830901e+00
-6.857323413113643795e+00
-6.940572990611357795e+00
-7.017168775925568980e+00
-7.084847342084472643e+00
-7.141216407034882252e+00
-7.183782707253811850e+00
-7.210089458085892744e+00
-7.217948961285319598e+00
-7.205758667371835458e+00
-7.171847772648057173e+00
-7.117029812513820275e+00
-7.044054021029552359e+00
-6.956774772591451494e+00
-6.852437594506533003e+00
-6.745782744252885266e+00
-6.643937877609403131e+00
-6.554621521292105513e+00
-6.488690344043575919e+00
-6.456249598187476124e+00
-6.468740491675696092e+00
-6.539948445195356896e+00
-6.684524523004611751e+00
-6.928530463634224645e+00
-7.309511816123020367e+00
-7.883504586138641912e+00
-8.758569261048666732e+00
-1.015796784603586644e+01
-1.271648205185270086e+01
-2.692257405351235811e+00
-2.959786617126703767e+00
-3.251713567788631742e+00
-3.499240009516593197e+00
-3.750853552573008010e+00
-4.007396549306191602e+00
-4.268365661364144970e+00
-4.533449334022556343e+00
-4.800222715255632266e+00
-5.073734235729013164e+00
-5.320358819159061170e+00
-5.471874991278065536e+00
-5.624114385086453893e+00
-5.775599993229995732e+00
-5.925876489116440382e+00
-6.073882314495143930e+00
-6.220965414677028349e+00
-6.367620753814719592e+00
-6.514348051899631287e+00
-6.662367895251495753e+00
-6.759015171608609762e+00
-6.846281719741558192e+00
-6.929174979676997026e+00
-7.005419752479912887e+00
-7.072755102339943534e+00
-7.128791782912944797e+00
-7.171040104347312649e+00
-7.197047417050924878e+00
-7.204630944221424471e+00
-7.192195244484622663e+00
-7.157812573987754945e+00
-7.102814419489220654e+00
-7.029677735792390081e+00
-6.942261154938343282e+00
-6.837832180019660200e+00
-6.731106865100791481e+00
-6.628922295625010008e+00
-6.539575460642168991e+00
-6.473621020528845804e+00
-6.441170968660578922e+00
-6.453671990464897590e+00
-6.524914693607776428e+00
-6.669840972904651721e+00
-6.913997752423213683e+00
-7.295417087747438245e+00
-7.869862927954677900e+00
-8.745873743228401054e+00
-1.014679408931116456e+01
-1.270797298976989076e+01
-2.713078324937137076e+00
-2.978273419493570273e+00
-3.268431033953487663e+00
-3.512894713503683874e+00
-3.764519777925858346e+00
-4.021263758728088611e+00
-4.282592975035168337e+00
-4.548255362428001547e+00
-4.815656955412578100e+00
-5.090061167116855856e+00
-5.328271099192777527e+00
-5.480074015090265149e+00
-5.632509324891740832e+00
-5.784176294499509652e+00
-5.934635489604900727e+00
-6.082637923518024792e+00
-6.230038242210067523e+00
-6.377055848467772847e+00
-6.524226522366181058e+00
-6.672848696711106697e+00
-6.765233990749429438e+00
-6.852926275612752249e+00
-6.936135096041297743e+00
-7.012646965307837377e+00
-7.080225579967066807e+00
-7.136494967684686941e+00
-7.178974053721756121e+00
-7.205216584610010244e+00
-7.213045059427329875e+00
-7.200868900117551874e+00
-7.166750203938406116e+00
-7.112079696119675276e+00
-7.039313831551993417e+00
-6.951370525748437501e+00
-6.847245497874340003e+00
-6.740884292382766318e+00
-6.639089820580544199e+00
-6.550100857543228017e+00
-6.484500674131737696e+00
-6.452403787620653475e+00
-6.465260904908916473e+00
-6.536869576252456682e+00
-6.682089416170406082e+00
-6.926654008778349692e+00
-7.308463655802412973e+00
-7.883454434034504743e+00
-8.760097623114155851e+00
-1.016193613332719892e+01
-1.272475746725307388e+01
-2.673743952301926186e+00
-2.944581828845738602e+00
-3.237899120955670895e+00
-3.490064043740887190e+00
-3.742055006426328490e+00
-3.998765734108321368e+00
-4.259731737390061390e+00
-4.524052627265456650e+00
-4.790513193956456917e+00
-5.063417591667921158e+00
-5.318630952551382407e+00
-5.470300888940370143e+00
-5.622771023050853856e+00
-5.774491662607303510e+00
-5.924974387225056205e+00
-6.073828032623531215e+00
-6.220971131202638560e+00
-6.367653288869643546e+00
-6.514333623165967424e+00
-6.662154683679784029e+00
-6.763376121670773955e+00
-6.850588123384302008e+00
-6.933534077171970011e+00
-7.009875553214076405e+00
-7.077324707083917588e+00
-7.133476183356449951e+00
-7.175828329322325061e+00
-7.201918251169086460e+00
-7.209553380064566142e+00
-7.197126939595367645e+00
-7.162983094774983073e+00
-7.107872719650607962e+00
-7.034578331604485868e+00
-6.946936374768505118e+00
-6.843230133408852112e+00
-6.736204320361416364e+00
-6.633982895184388440e+00
-6.544324332049832549e+00
-6.478057834667893644e+00
-6.445284445911426019e+00
-6.457440325545320547e+00
-6.528303216437606693e+00
-6.672599492894889295e+00
-6.916214914040324402e+00
-7.296815218776885104e+00
-7.870270485785574976e+00
-8.744695169905281062e+00
-1.014314924552920161e+01
-1.269995790454230367e+01
-2.692257405351231370e+00
-2.959786617126700214e+00
-3.251713567788631742e+00
-3.499240009516591421e+00
-3.750853552573009786e+00
-4.007396549306196931e+00
-4.268365661364142305e+00
-4.533449334022552790e+00
-4.800222715255644701e+00
-5.073734235728998954e+00
-5.320358819159061170e+00
-5.471874991278067313e+00
-5.624114385086460999e+00
-5.775599993229985074e+00
-5.925876489116447488e+00
-6.073882314495140378e+00
-6.220965414677017691e+00
-6.367620753814733803e+00
-6.514348051899634839e+00
-6.662367895251481542e+00
-6.759015171608595551e+00
-6.846281719741565297e+00
-6.929174979677018342e+00
-7.005419752479944862e+00
-7.072755102339957745e+00
-7.128791782912955455e+00
-7.171040104347312649e+00
-7.197047417050992379e+00
-7.204630944221435129e+00
-7.192195244484675953e+00
-7.157812573987747840e+00
-7.102814419489256181e+00
-7.029677735792432713e+00
-6.942261154938343282e+00
-6.837832180019653094e+00
-6.731106865100798586e+00
-6.628922295624988692e+00
-6.539575460642161886e+00
-6.473621020528796066e+00
-6.441170968660564711e+00
-6.453671990464883379e+00
-6.524914693607776428e+00
-6.669840972904708565e+00
-6.913997752423199472e+00
-7.295417087747438245e+00
-7.869862927954642373e+00
-8.745873743228372632e+00
-1.014679408931117166e+01
-1.270797298976988188e+01
-2.694495878982390291e+00
-2.963009023760502902e+00
-3.255700837700063577e+00
-3.503712249107141741e+00
-3.755756034392742748e+00
-4.012689787290255161e+00
-4.274029296706431502e+00
-4.538933085987433280e+00
-4.806025649854564818e+00
-5.079823303654420030e+00
-5.326691736563137880e+00
-5.478644625266102963e+00
-5.631307306276221780e+00
-5.783205470212964272e+00
-5.933881296730252330e+00
-6.082711317169227527e+00
-6.230165696492402816e+00
-6.377203100265042224e+00
-6.524318642057302498e+00
-6.672732401415345294e+00
-6.769697096357830901e+00
-6.857323413113650901e+00
-6.940572990611350690e+00
-7.017168775925561874e+00
-7.084847342084458433e+00
-7.141216407034882252e+00
-7.183782707253829614e+00
-7.210089458085867875e+00
-7.217948961285316045e+00
-7.205758667371842563e+00
-7.171847772648099806e+00
-7.117029812513763432e+00
-7.044054021029559465e+00
-6.956774772591444389e+00
-6.852437594506511687e+00
-6.745782744252913687e+00
-6.643937877609396025e+00
-6.554621521292112618e+00
-6.488690344043511971e+00
-6.456249598187490335e+00
-6.468740491675710302e+00
-6.539948445195435056e+00
-6.684524523004547802e+00
-6.928530463634238856e+00
-7.309511816123048789e+00
-7.883504586138656123e+00
-8.758569261048641863e+00
-1.015796784603586644e+01
-1.271648205185271330e+01
