-7.949913002464547018e-01
-1.042822982061572423e+00
-1.354494592268494113e+00
-1.678810858536941897e+00
-1.958336284222220280e+00
-2.137326415935393964e+00
-2.326386502699195002e+00
-2.459853934587891366e+00
-2.575213194209160950e+00
-2.675311435033854934e+00
-2.747087902263913861e+00
-2.802458827692126064e+00
-2.842418705313252580e+00
-2.862816644491302576e+00
-2.860494020281048488e+00
-2.826626120006074494e+00
-2.803700074371439310e+00
-3.118341883042802909e+00
-4.042508151102488512e+00
-7.949913002464548129e-01
-1.042822982061573978e+00
-1.354494592268491671e+00
-1.678810858536943895e+00
-1.958336284222218726e+00
-2.137326415935391744e+00
-2.326386502699190117e+00
-2.459853934587888702e+00
-2.575213194209159173e+00
-2.675311435033854046e+00
-2.747087902263915193e+00
-2.802458827692128729e+00
-2.842418705313253469e+00
-2.862816644491305684e+00
-2.860494020281055150e+00
-2.826626120006082932e+00
-2.803700074371443307e+00
-3.118341883042810014e+00
-4.042508151102492064e+00
-7.949913002464550349e-01
-1.042822982061575754e+00
-1.354494592268495001e+00
-1.678810858536942785e+00
-1.958336284222217394e+00
-2.137326415935394408e+00
-2.326386502699194114e+00
-2.459853934587891366e+00
-2.575213194209161394e+00
-2.675311435033853158e+00
-2.747087902263911197e+00
-2.802458827692126064e+00
-2.842418705313253913e+00
-2.862816644491299911e+00
-2.860494020281047600e+00
-2.826626120006084264e+00
-2.803700074371438422e+00
-3.118341883042806906e+00
-4.042508151102492064e+00
-4.098446550004214117e+01
-4.264003181845149726e+01
-3.959639881877379253e+01
-3.990150871872948102e+01
-4.129438980966641282e+01
-4.221139709945730090e+01
-4.259989727200929366e+01
-4.255566916179928683e+01
-4.214442753992656066e+01
-4.143557213090011970e+01
-4.057910626044554192e+01
-4.362350497220341339e+01
-4.471789462129529369e+01
-4.128727940492503734e+01
-4.160289201957925798e+01
-4.310000864856015568e+01
-4.412961582624754442e+01
-4.464353663884111256e+01
-4.473754581986110423e+01
-4.448126144878745691e+01
-4.393439276868455323e+01
-4.308964050150322578e+01
-4.149920137255304553e+01
-4.259861746971617436e+01
-3.922977276200632701e+01
-3.938437350103643553e+01
-4.068593897684409910e+01
-4.152025653768858149e+01
-4.185896208281872788e+01
-4.180675238550412587e+01
-4.142140379719055687e+01
-4.076556031458280671e+01
-4.000018697430042636e+01
-4.098446550004215538e+01
-4.264003181845159673e+01
-3.959639881877375700e+01
-3.990150871872948812e+01
-4.129438980966640571e+01
-4.221139709945732221e+01
-4.259989727200925103e+01
-4.255566916179927262e+01
-4.214442753992651092e+01
-4.143557213090006996e+01
-4.057910626044547087e+01
-4.362350497220323575e+01
-4.471789462129527237e+01
-4.128727940492495918e+01
-4.160289201957927219e+01
-4.310000864856008462e+01
-4.412961582624751600e+01
-4.464353663884116230e+01
-4.473754581986111134e+01
-4.448126144878749244e+01
-4.393439276868453192e+01
-4.308964050150322578e+01
-4.149920137255303842e+01
-4.259861746971618857e+01
-3.922977276200633412e+01
-3.938437350103641421e+01
-4.068593897684411331e+01
-4.152025653768859570e+01
-4.185896208281874209e+01
-4.180675238550416140e+01
-4.142140379719056398e+01
-4.076556031458283513e+01
-4.000018697430046899e+01
-4.098446550004214117e+01
-4.264003181845147594e+01
-3.959639881877377832e+01
-3.990150871872947391e+01
-4.129438980966639150e+01
-4.221139709945731511e+01
-4.259989727200925813e+01
-4.255566916179932946e+01
-4.214442753992653934e+01
-4.143557213090010549e+01
-4.057910626044552771e+01
-4.362350497220333523e+01
-4.471789462129531501e+01
-4.128727940492493786e+01
-4.160289201957926508e+01
-4.310000864856010594e+01
-4.412961582624750889e+01
-4.464353663884118362e+01
-4.473754581986110423e+01
-4.448126144878747823e+01
-4.393439276868452481e+01
-4.308964050150320446e+01
-4.149920137255305974e+01
-4.259861746971617436e+01
-3.922977276200635544e+01
-3.938437350103642132e+01
-4.068593897684412752e+01
-4.152025653768859570e+01
-4.185896208281874209e+01
-4.180675238550414008e+01
-4.142140379719055687e+01
-4.076556031458284224e+01
-4.000018697430047609e+01
