1.903698536897734161e+00
-5.945008189366609130e+00
-8.778381460454628638e+00
-5.243802540719109118e-01
1.036248947838182310e+01
9.159364475347025802e+00
3.736650259410645436e-01
-6.542286900393717630e+00
-9.809785586238737309e+00
-5.592787003295917714e+00
-1.673431734746988031e+00
4.399395208896182297e+00
1.055573643993438004e+01
9.277551435991636453e+00
4.933852081093089481e+00
8.593062547255923000e-01
-3.654909917840209133e+00
-1.189884569362757638e+01
-1.750193118730165764e+01
-1.658515653028543468e+01
-6.037175460462228749e+00
7.743663633381761002e-01
3.064193823221005086e+00
1.133519191695729234e+01
8.709533557090530564e+00
6.131193463538463284e+00
6.230242610731590247e+00
1.135416154875044548e+01
1.535220279179698011e+01
-2.777271054051475829e+01
-1.870557910089893383e+01
-6.662700272111541722e+01
1.370347648793514139e+01
5.094300149760384144e+00
3.567188027838776421e+00
2.436959661230622132e+00
4.271044394594812665e+00
4.230753247097231551e+00
3.562473911162705065e+00
3.486338647941856550e+00
3.131275913298023905e+00
2.657832258446184426e+00
2.223680072829756327e+00
1.865147927014601414e+00
1.569338601559794766e+00
1.307569249835207836e+00
1.070383851715630996e+00
7.872742063134043899e-01
2.938159624234149003e-01
1.903130397650047101e+00
-5.944640632841792005e+00
-8.778037793677896161e+00
-5.242768260265417979e-01
1.036221776480765655e+01
9.159372115848643858e+00
3.730193019422363143e-01
-6.542179671829161158e+00
-9.809705850864915533e+00
-5.591862292720653826e+00
-1.673515507446575068e+00
4.399242333676316896e+00
1.055583808622038688e+01
9.277348947309693727e+00
4.933567362453686655e+00
8.592709925783268421e-01
-3.655007752915998331e+00
-1.189861829188245856e+01
-1.750177393041849427e+01
-1.658490996420552932e+01
-6.037148858255903860e+00
7.745172272110403267e-01
3.064445306765862131e+00
1.133489549021950182e+01
8.709286958602106665e+00
6.131296187969381251e+00
6.230378469895939020e+00
1.135409193316253784e+01
1.535200972956252308e+01
-2.777235864740619320e+01
-1.870542445076734950e+01
-6.662674832825098292e+01
1.370425944964802767e+01
5.094401513903999756e+00
3.567260157062793979e+00
2.437090472666431751e+00
4.271125285907602986e+00
4.230823083545999452e+00
3.562541278656331301e+00
3.486375040163678385e+00
3.131299311636071447e+00
2.657856725341040338e+00
2.223708115305948585e+00
1.865177946819035926e+00
1.569370555683571977e+00
1.307600889807917666e+00
1.070413081516866427e+00
7.872953592126781253e-01
2.938123102452327995e-01
1.902994351420880470e+00
-5.946038843983785682e+00
-8.779559940650312200e+00
-5.253022087617749136e-01
1.036112724584558897e+01
9.157722589564183835e+00
3.737101743447706070e-01
-6.544206237001461091e+00
-9.810893055442790001e+00
-5.595321572252884401e+00
-1.673811651551955215e+00
4.397010441732954078e+00
1.055217519713687579e+01
9.275748816523602613e+00
4.931519131430797565e+00
8.574390926215778030e-01
-3.656534982116418142e+00
-1.190293278910484531e+01
-1.750456603495870667e+01
-1.658804719584155762e+01
-6.040802865939757460e+00
7.725096569310458960e-01
3.062470432873541704e+00
1.133218040441101948e+01
8.706360281615706853e+00
6.128964688721960208e+00
6.227817192337442798e+00
1.135079035638168143e+01
1.534970541041791670e+01
-2.778057497438511092e+01
-1.871060761175306197e+01
-6.663723137053820267e+01
1.368140316713806470e+01
5.090142994264960308e+00
3.563079884148381282e+00
2.431659036385822592e+00
4.266808479576766899e+00
4.226168663726427965e+00
3.557326542116954649e+00
3.482004959136765443e+00
3.127216562476692552e+00
2.653666685862711372e+00
2.219289699728353327e+00
1.860478998120098426e+00
1.564559788968877818e+00
1.302627008215442306e+00
1.065582170430699582e+00
7.827583874086025961e-01
2.900423336284942977e-01
1.904550747349077700e+00
-5.942897563944568695e+00
-8.777067343507974684e+00
-5.236657211654600630e-01
1.036392487203820068e+01
9.161989261826612108e+00
3.734056321658347777e-01
-6.540012385952486795e+00
-9.808274333938401313e+00
-5.588554921038507928e+00
-1.672968153778599643e+00
4.402074498593444574e+00
1.055994566538892165e+01
9.279644477898525423e+00
4.936318989588972528e+00
8.612667256387547265e-01
-3.653395848509810140e+00
-1.189499328480796159e+01
-1.750000574800527886e+01
-1.658225690601511104e+01
-6.033345810657632313e+00
7.771742882490597637e-01
3.067055782489521931e+00
1.133960134477313630e+01
8.714203906282758538e+00
6.134776416394327470e+00
6.234138051988688645e+00
1.136025489127873911e+01
1.535819286695551256e+01
-2.776961208366858003e+01
-1.870381330239233719e+01
-6.662751710679809491e+01
1.372998656083218805e+01
5.099537571752016163e+00
3.572129581025622613e+00
2.443124854218150510e+00
4.276442797234010662e+00
4.236511039319437621e+00
3.568726103802007277e+00
3.491811146802662691e+00
3.136478161998477177e+00
2.663097387064243371e+00
2.229130091016905624e+00
1.870865213910959390e+00
1.575135650448737490e+00
1.313522115141573243e+00
1.076137661153855341e+00
7.926600773078915640e-01
2.982827520362407725e-01
1.903130397650058647e+00
-5.944640632841773353e+00
-8.778037793677901490e+00
-5.242768260265453506e-01
1.036221776480767076e+01
9.159372115848634976e+00
3.730193019422485268e-01
-6.542179671829182475e+00
-9.809705850864908427e+00
-5.591862292720686689e+00
-1.673515507446583062e+00
4.399242333676323113e+00
1.055583808622041531e+01
9.277348947309697280e+00
4.933567362453676886e+00
8.592709925783372782e-01
-3.655007752915993890e+00
-1.189861829188244968e+01
-1.750177393041849072e+01
-1.658490996420554353e+01
-6.037148858255904749e+00
7.745172272110414369e-01
3.064445306765859911e+00
1.133489549021949827e+01
8.709286958602092454e+00
6.131296187969387468e+00
6.230378469895946125e+00
1.135409193316253251e+01
1.535200972956251775e+01
-2.777235864740644544e+01
-1.870542445076734595e+01
-6.662674832825096871e+01
1.370425944964838649e+01
5.094401513904002421e+00
3.567260157062801085e+00
2.437090472666400665e+00
4.271125285907495517e+00
4.230823083545988794e+00
3.562541278656325527e+00
3.486375040163677053e+00
3.131299311636071003e+00
2.657856725341032789e+00
2.223708115305944588e+00
1.865177946819028820e+00
1.569370555683568869e+00
1.307600889807916555e+00
1.070413081516866649e+00
7.872953592126767930e-01
2.938123102452352420e-01
1.903698536897753701e+00
-5.945008189366630447e+00
-8.778381460454639296e+00
-5.243802540719224581e-01
1.036248947838182133e+01
9.159364475347038237e+00
3.736650259410609909e-01
-6.542286900393712301e+00
-9.809785586238749744e+00
-5.592787003295873305e+00
-1.673431734746981370e+00
4.399395208896173415e+00
1.055573643993438004e+01
9.277551435991632900e+00
4.933852081093089481e+00
8.593062547255805317e-01
-3.654909917840220679e+00
-1.189884569362758882e+01
-1.750193118730166120e+01
-1.658515653028542403e+01
-6.037175460462224308e+00
7.743663633381681066e-01
3.064193823221003310e+00
1.133519191695729589e+01
8.709533557090528788e+00
6.131193463538458843e+00
6.230242610731583142e+00
1.135416154875043659e+01
1.535220279179695879e+01
-2.777271054051452737e+01
-1.870557910089892317e+01
-6.662700272111536037e+01
1.370347648793477191e+01
5.094300149760375263e+00
3.567188027838769315e+00
2.436959661230633678e+00
4.271044394594921023e+00
4.230753247097235104e+00
3.562473911162709950e+00
3.486338647941857438e+00
3.131275913298025237e+00
2.657832258446184426e+00
2.223680072829756327e+00
1.865147927014606521e+00
1.569338601559793656e+00
1.307569249835206948e+00
1.070383851715630774e+00
7.872742063134035018e-01
2.938159624234073508e-01
1.904550747349072815e+00
-5.942897563944573136e+00
-8.777067343507987118e+00
-5.236657211654565103e-01
1.036392487203819357e+01
9.161989261826603226e+00
3.734056321658381083e-01
-6.540012385952476137e+00
-9.808274333938392431e+00
-5.588554921038541679e+00
-1.672968153778591649e+00
4.402074498593435692e+00
1.055994566538889146e+01
9.279644477898523647e+00
4.936318989588984962e+00
8.612667256387651626e-01
-3.653395848509807031e+00
-1.189499328480794915e+01
-1.750000574800528597e+01
-1.658225690601510394e+01
-6.033345810657635866e+00
7.771742882490579873e-01
3.067055782489532145e+00
1.133960134477313986e+01
8.714203906282760315e+00
6.134776416394334575e+00
6.234138051988686868e+00
1.136025489127872135e+01
1.535819286695553743e+01
-2.776961208366864042e+01
-1.870381330239232298e+01
-6.662751710679805228e+01
1.372998656083213120e+01
5.099537571752028597e+00
3.572129581025627942e+00
2.443124854218174047e+00
4.276442797233984905e+00
4.236511039319426963e+00
3.568726103802003280e+00
3.491811146802664911e+00
3.136478161998480729e+00
2.663097387064244259e+00
2.229130091016906512e+00
1.870865213910962277e+00
1.575135650448740376e+00
1.313522115141569024e+00
1.076137661153850900e+00
7.926600773078991136e-01
2.982827520362423268e-01
1.902994351420870922e+00
-5.946038843983797229e+00
-8.779559940650283778e+00
-5.253022087617691405e-01
1.036112724584557654e+01
9.157722589564167848e+00
3.737101743447508451e-01
-6.544206237001469972e+00
-9.810893055442779342e+00
-5.595321572252886178e+00
-1.673811651551956992e+00
4.397010441732955854e+00
1.055217519713689711e+01
9.275748816523611495e+00
4.931519131430796676e+00
8.574390926215785802e-01
-3.656534982116420363e+00
-1.190293278910484176e+01
-1.750456603495869956e+01
-1.658804719584155762e+01
-6.040802865939756572e+00
7.725096569310532235e-01
3.062470432873545256e+00
1.133218040441102481e+01
8.706360281615715735e+00
6.128964688721960208e+00
6.227817192337446350e+00
1.135079035638169387e+01
1.534970541041791137e+01
-2.778057497438501855e+01
-1.871060761175307263e+01
-6.663723137053824530e+01
1.368140316713810734e+01
5.090142994264958531e+00
3.563079884148368848e+00
2.431659036385796391e+00
4.266808479576798874e+00
4.226168663726443953e+00
3.557326542116959978e+00
3.482004959136765887e+00
3.127216562476693884e+00
2.653666685862716257e+00
2.219289699728351550e+00
1.860478998120095984e+00
1.564559788968874265e+00
1.302627008215440307e+00
1.065582170430704245e+00
7.827583874086030402e-01
2.900423336284934095e-01
