-6.400877812632376207e-01
-5.856362571577542475e-01
-6.050004514242810494e-01
-6.998222144788308619e-01
-8.148132343480076756e-01
-9.326656379072351122e-01
-1.044030710856357125e+00
-1.146566007209817606e+00
-1.246858120182300134e+00
-1.336987739794488483e+00
-1.374998703527284150e+00
-1.420294050027361976e+00
-1.469756411644754124e+00
-1.521562836457187373e+00
-1.574501903901515121e+00
-1.627940921422228904e+00
-1.681958335112497593e+00
-1.726312098218865998e+00
-1.759246614885929816e+00
-1.791793628139840777e+00
-1.823318445418104616e+00
-1.853466268904618630e+00
-1.882010175869448076e+00
-1.908829650555601276e+00
-1.933922231787601476e+00
-1.957450416578893737e+00
-1.976095887050616895e+00
-1.991870772113440324e+00
-2.006199542681656567e+00
-2.019160309055997971e+00
-2.030882865091932388e+00
-2.041474192394320042e+00
-2.050948538068750437e+00
-2.059157939011761584e+00
-2.065741963081697108e+00
-2.070133832932146589e+00
-2.071615318105921588e+00
-2.067377098403420987e+00
-2.059378388573202656e+00
-2.048179793574227858e+00
-2.035640315495331976e+00
-2.025128719580207459e+00
-2.022695200892332679e+00
-2.051461000774914112e+00
-2.248650641131940020e+00
-2.640011230485040272e+00
-2.883850765982334252e+00
-3.144445858032273833e+00
-4.074857632476172498e+00
-6.400877812632331798e-01
-5.856362571577551357e-01
-6.050004514242806053e-01
-6.998222144788281973e-01
-8.148132343480067874e-01
-9.326656379072297831e-01
-1.044030710856350908e+00
-1.146566007209814941e+00
-1.246858120182298357e+00
-1.336987739794490260e+00
-1.374998703527279709e+00
-1.420294050027360200e+00
-1.469756411644758565e+00
-1.521562836457189150e+00
-1.574501903901506239e+00
-1.627940921422213805e+00
-1.681958335112501146e+00
-1.726312098218861557e+00
-1.759246614885931592e+00
-1.791793628139853212e+00
-1.823318445418106393e+00
-1.853466268904607972e+00
-1.882010175869444524e+00
-1.908829650555599500e+00
-1.933922231787594370e+00
-1.957450416578897290e+00
-1.976095887050629329e+00
-1.991870772113438548e+00
-2.006199542681653014e+00
-2.019160309056008629e+00
-2.030882865091919953e+00
-2.041474192394348464e+00
-2.050948538068750437e+00
-2.059157939011775795e+00
-2.065741963081711319e+00
-2.070133832932148366e+00
-2.071615318105925141e+00
-2.067377098403420987e+00
-2.059378388573215091e+00
-2.048179793574240293e+00
-2.035640315495363950e+00
-2.025128719580184367e+00
-2.022695200892314915e+00
-2.051461000774946086e+00
-2.248650641131959560e+00
-2.640011230485033167e+00
-2.883850765982346687e+00
-3.144445858032272056e+00
-4.074857632476192038e+00
-6.400877812632382868e-01
-5.856362571577506948e-01
-6.050004514242797171e-01
-6.998222144788273091e-01
-8.148132343480041229e-01
-9.326656379072399972e-01
-1.044030710856356681e+00
-1.146566007209822935e+00
-1.246858120182294805e+00
-1.336987739794492036e+00
-1.374998703527278821e+00
-1.420294050027370858e+00
-1.469756411644761229e+00
-1.521562836457198031e+00
-1.574501903901511568e+00
-1.627940921422222686e+00
-1.681958335112498482e+00
-1.726312098218852675e+00
-1.759246614885928039e+00
-1.791793628139844330e+00
-1.823318445418088629e+00
-1.853466268904618630e+00
-1.882010175869444524e+00
-1.908829650555601276e+00
-1.933922231787581936e+00
-1.957450416578893737e+00
-1.976095887050625777e+00
-1.991870772113424337e+00
-2.006199542681658343e+00
-2.019160309056012181e+00
-2.030882865091932388e+00
-2.041474192394314713e+00
-2.050948538068789517e+00
-2.059157939011758032e+00
-2.065741963081704213e+00
-2.070133832932151918e+00
-2.071615318105925141e+00
-2.067377098403415658e+00
-2.059378388573202656e+00
-2.048179793574227858e+00
-2.035640315495353292e+00
-2.025128719580170156e+00
-2.022695200892297152e+00
-2.051461000774910559e+00
-2.248650641131943573e+00
-2.640011230485036720e+00
-2.883850765982334252e+00
-3.144445858032259622e+00
-4.074857632476170721e+00
-2.871613524184829558e+01
-2.953096837050897605e+01
-3.008480979618175866e+01
-3.053257635161395456e+01
-3.102614621480799073e+01
-3.153279186371486986e+01
-3.200516228750882419e+01
-3.242320717003284614e+01
-3.279927633296738065e+01
-3.311293029228978213e+01
-3.337847364665152128e+01
-3.359654249378570512e+01
-3.376810012451647935e+01
-3.389826060305823319e+01
-3.399092308913846949e+01
-3.404914984794829991e+01
-3.407701871026949902e+01
-3.407317553863845916e+01
-3.403816738285150478e+01
-3.397027115821259713e+01
-3.386859146241755525e+01
-3.373784825120052489e+01
-3.357823713035233482e+01
-3.340901457203393932e+01
-3.323950047700252242e+01
-3.307436847064415986e+01
-3.293126430200807420e+01
-3.285384724985257066e+01
-3.301513023702214866e+01
-2.419850836941795080e+01
-2.628255110279704709e+01
-2.760135790214843965e+01
-2.851505471322850482e+01
-2.915627721210574919e+01
-2.957858812148084837e+01
-2.988098625883823445e+01
-3.017811427901503407e+01
-3.049429548504754450e+01
-3.079895091720067413e+01
-3.106110728586629222e+01
-3.128006052700358453e+01
-3.145350175984795627e+01
-3.158877582732825218e+01
-3.167894730536092140e+01
-3.172850309847297723e+01
-3.174079476025012880e+01
-3.171846129543880366e+01
-3.166364320912804331e+01
-3.158047374658373485e+01
-3.147013357156509983e+01
-3.133118770966847322e+01
-3.117237859922832399e+01
-3.098964307825437103e+01
-3.081526853035938629e+01
-3.065445096615103182e+01
-3.054105563767124565e+01
-3.053017211882807302e+01
-3.080537058375983150e+01
-2.811321717107043128e+01
-2.938906427758431050e+01
-3.024489055290547768e+01
-3.087134106960331792e+01
-3.136627812736048782e+01
-3.182727809623955295e+01
-3.228573805389258666e+01
-3.270864119122758495e+01
-3.308606358572767192e+01
-3.341136338393482674e+01
-3.368665876699167683e+01
-3.391003077121850140e+01
-3.408611204775385772e+01
-3.421823431496753898e+01
-3.430887667592129731e+01
-3.435989073912006830e+01
-3.437261624414899330e+01
-3.434791335671359747e+01
-3.429058201015975271e+01
-3.419716732203175980e+01
-3.407243620564852904e+01
-3.392820753219461949e+01
-3.376046413696117554e+01
-3.357790014611394724e+01
-3.338945780504958805e+01
-3.319248410434788354e+01
-3.300401099519052650e+01
-3.286964525031960704e+01
-3.290968752748177195e+01
-2.871613524184815702e+01
-2.953096837050878065e+01
-3.008480979618158813e+01
-3.053257635161382666e+01
-3.102614621480777402e+01
-3.153279186371486631e+01
-3.200516228750877445e+01
-3.242320717003288166e+01
-3.279927633296723855e+01
-3.311293029228964713e+01
-3.337847364665161365e+01
-3.359654249378566249e+01
-3.376810012451631593e+01
-3.389826060305837530e+01
-3.399092308913851213e+01
-3.404914984794843491e+01
-3.407701871026958429e+01
-3.407317553863843074e+01
-3.403816738285155452e+01
-3.397027115821274634e+01
-3.386859146241756946e+01
-3.373784825120048225e+01
-3.357823713035248403e+01
-3.340901457203404590e+01
-3.323950047700264321e+01
-3.307436847064424512e+01
-3.293126430200813815e+01
-3.285384724985267724e+01
-3.301513023702235472e+01
-2.419850836941761685e+01
-2.628255110279728513e+01
-2.760135790214865636e+01
-2.851505471322879259e+01
-2.915627721210595524e+01
-2.957858812148118233e+01
-2.988098625883864301e+01
-3.017811427901536092e+01
-3.049429548504783938e+01
-3.079895091720100453e+01
-3.106110728586650893e+01
-3.128006052700381900e+01
-3.145350175984798824e+01
-3.158877582732838007e+01
-3.167894730536103154e+01
-3.172850309847304828e+01
-3.174079476025007907e+01
-3.171846129543885695e+01
-3.166364320912806107e+01
-3.158047374658363893e+01
-3.147013357156487956e+01
-3.133118770966842703e+01
-3.117237859922824228e+01
-3.098964307825420761e+01
-3.081526853035927260e+01
-3.065445096615080089e+01
-3.054105563767098985e+01
-3.053017211882785986e+01
-3.080537058375959347e+01
-2.811321717107037443e+01
-2.938906427758422879e+01
-3.024489055290541373e+01
-3.087134106960325397e+01
-3.136627812736051979e+01
-3.182727809623951387e+01
-3.228573805389249429e+01
-3.270864119122740021e+01
-3.308606358572745165e+01
-3.341136338393451410e+01
-3.368665876699158446e+01
-3.391003077121837350e+01
-3.408611204775358772e+01
-3.421823431496753898e+01
-3.430887667592146073e+01
-3.435989073911994751e+01
-3.437261624414891514e+01
-3.434791335671367563e+01
-3.429058201015959639e+01
-3.419716732203181664e+01
-3.407243620564855746e+01
-3.392820753219454843e+01
-3.376046413696110449e+01
-3.357790014611389040e+01
-3.338945780504960936e+01
-3.319248410434794749e+01
-3.300401099519071835e+01
-3.286964525031973494e+01
-3.290968752748182169e+01
-2.871613524184816768e+01
-2.953096837050857815e+01
-3.008480979618149576e+01
-3.053257635161364192e+01
-3.102614621480783796e+01
-3.153279186371481302e+01
-3.200516228750852576e+01
-3.242320717003282482e+01
-3.279927633296718170e+01
-3.311293029228952634e+01
-3.337847364665161365e+01
-3.359654249378564828e+01
-3.376810012451648646e+01
-3.389826060305806976e+01
-3.399092308913860450e+01
-3.404914984794830701e+01
-3.407701871026963403e+01
-3.407317553863841653e+01
-3.403816738285151189e+01
-3.397027115821269661e+01
-3.386859146241767604e+01
-3.373784825120066699e+01
-3.357823713035250535e+01
-3.340901457203402458e+01
-3.323950047700262900e+01
-3.307436847064429486e+01
-3.293126430200810262e+01
-3.285384724985267724e+01
-3.301513023702240446e+01
-2.419850836941767369e+01
-2.628255110279735973e+01
-2.760135790214869544e+01
-2.851505471322875351e+01
-2.915627721210607248e+01
-2.957858812148131378e+01
-2.988098625883870696e+01
-3.017811427901545329e+01
-3.049429548504787846e+01
-3.079895091720104716e+01
-3.106110728586654801e+01
-3.128006052700384032e+01
-3.145350175984804508e+01
-3.158877582732840850e+01
-3.167894730536099601e+01
-3.172850309847304828e+01
-3.174079476025008972e+01
-3.171846129543887471e+01
-3.166364320912806463e+01
-3.158047374658362116e+01
-3.147013357156490443e+01
-3.133118770966842348e+01
-3.117237859922824228e+01
-3.098964307825418629e+01
-3.081526853035920155e+01
-3.065445096615082576e+01
-3.054105563767098985e+01
-3.053017211882771065e+01
-3.080537058375969650e+01
-2.811321717107040996e+01
-2.938906427758424655e+01
-3.024489055290534623e+01
-3.087134106960326108e+01
-3.136627812736053045e+01
-3.182727809623941795e+01
-3.228573805389249429e+01
-3.270864119122741442e+01
-3.308606358572746586e+01
-3.341136338393460647e+01
-3.368665876699140682e+01
-3.391003077121829534e+01
-3.408611204775377246e+01
-3.421823431496745371e+01
-3.430887667592125467e+01
-3.435989073912001146e+01
-3.437261624414885830e+01
-3.434791335671360457e+01
-3.429058201015983087e+01
-3.419716732203171006e+01
-3.407243620564851483e+01
-3.392820753219454843e+01
-3.376046413696123949e+01
-3.357790014611398277e+01
-3.338945780504957384e+01
-3.319248410434800434e+01
-3.300401099519068993e+01
-3.286964525031974915e+01
-3.290968752748182169e+01
