-1.082228478883167089e+00
-1.723735523625663291e+00
-2.070699557282619896e+00
-2.327591797967648812e+00
-2.545270915069923312e+00
-2.721146529202445485e+00
-2.859278209437386309e+00
-2.961682915774639824e+00
-3.028234893562965713e+00
-3.055938002332051706e+00
-3.038089824092596203e+00
-2.992161550595991315e+00
-3.128436951898637020e+00
-5.114446362301205085e+00
-1.082228478883131562e+00
-1.723735523625643751e+00
-2.070699557282593695e+00
-2.327591797967624832e+00
-2.545270915069905104e+00
-2.721146529202438380e+00
-2.859278209437400076e+00
-2.961682915774675351e+00
-3.028234893563049646e+00
-3.055938002332192927e+00
-3.038089824092808922e+00
-2.992161550596303510e+00
-3.128436951899199681e+00
-5.114446362304738258e+00
-1.082228478883102252e+00
-1.723735523625605781e+00
-2.070699557282546177e+00
-2.327591797967563103e+00
-2.545270915069832718e+00
-2.721146529202345121e+00
-2.859278209437279727e+00
-2.961682915774523028e+00
-3.028234893562847585e+00
-3.055938002331915815e+00
-3.038089824092400804e+00
-2.992161550595614283e+00
-3.128436951897645368e+00
-5.114446362295004711e+00
-3.768073766951285108e+01
-1.481404037090593562e+01
-2.726837518417473305e+01
-2.764847773319551294e+01
-3.583289981974985494e+01
-2.663065180074521621e+01
-3.643345431125397482e+01
-4.317694655688833194e+01
-4.308536111380418276e+01
-3.259030320405280889e+01
-3.164841847968601130e+01
-3.095335278287911152e+01
8.117319640083573518e+01
-8.177658600410907752e+00
-3.594626007846004967e+01
-3.621030245258079816e+01
-3.568770410735189813e+01
-3.621100509452638505e+01
-3.352489977374627728e+01
-3.382462298204144702e+01
-3.585737840952219813e+01
-2.972305858776722687e+01
-3.466473365316585387e+01
-3.501285109656688377e+01
-3.717532343614163892e+01
-3.878859666252490257e+01
-4.074729118290818519e+01
-3.768073766953845904e+01
-1.481404037087008696e+01
-2.726837518416976280e+01
-2.764847773319359447e+01
-3.583289981975265448e+01
-2.663065180074715599e+01
-3.643345431125517564e+01
-4.317694655688924854e+01
-4.308536111380498568e+01
-3.259030320405291548e+01
-3.164841847968636301e+01
-3.095335278288046510e+01
8.117319640088373944e+01
-8.177658600066965988e+00
-3.594626007845549509e+01
-3.621030245258004499e+01
-3.568770410735179155e+01
-3.621100509452650584e+01
-3.352489977374770547e+01
-3.382462298204082174e+01
-3.585737840952114652e+01
-2.972305858776634224e+01
-3.466473365316541333e+01
-3.501285109656637218e+01
-3.717532343614126944e+01
-3.878859666252461835e+01
-4.074729118290804308e+01
-3.768073766955863135e+01
-1.481404037084667813e+01
-2.726837518416954254e+01
-2.764847773319531399e+01
-3.583289981974930072e+01
-2.663065180074071137e+01
-3.643345431125442246e+01
-4.317694655688752903e+01
-4.308536111380399802e+01
-3.259030320405382497e+01
-3.164841847968683197e+01
-3.095335278288096958e+01
8.117319640094898148e+01
-8.177658599960668795e+00
-3.594626007845040760e+01
-3.621030245257788494e+01
-3.568770410735044862e+01
-3.621100509452561766e+01
-3.352489977374692387e+01
-3.382462298204045936e+01
-3.585737840952228339e+01
-2.972305858776750398e+01
-3.466473365316609545e+01
-3.501285109656713246e+01
-3.717532343614190182e+01
-3.878859666252515126e+01
-4.074729118290850494e+01
