-7.892874812318608768e-01
-1.030553215325120453e+00
-1.339685839617335450e+00
-1.662418908020725450e+00
-1.940837407779653079e+00
-2.121108331121961399e+00
-2.318914734868550820e+00
-2.473401330553186117e+00
-2.626864964800671665e+00
-2.784722626777219823e+00
-2.926595003366120107e+00
-3.038426935780738969e+00
-3.096254158626172259e+00
-3.121708677597729853e+00
-3.179593589582869306e+00
-3.109706485913185325e+00
-2.083045774479182821e+00
-3.877475685756692769e-01
-2.942895470764972821e+00
-7.892874812318618760e-01
-1.030553215325123118e+00
-1.339685839617340557e+00
-1.662418908020725228e+00
-1.940837407779658186e+00
-2.121108331121963619e+00
-2.318914734868557481e+00
-2.473401330553188782e+00
-2.626864964800670332e+00
-2.784722626777223820e+00
-2.926595003366125436e+00
-3.038426935780740301e+00
-3.096254158626170927e+00
-3.121708677597711201e+00
-3.179593589582816904e+00
-3.109706485913086738e+00
-2.083045774479017176e+00
-3.877475685753744017e-01
-2.942895470764854693e+00
-7.892874812318628752e-01
-1.030553215325120897e+00
-1.339685839617340113e+00
-1.662418908020727226e+00
-1.940837407779660850e+00
-2.121108331121969837e+00
-2.318914734868561922e+00
-2.473401330553197663e+00
-2.626864964800679658e+00
-2.784722626777236698e+00
-2.926595003366144532e+00
-3.038426935780758065e+00
-3.096254158626196684e+00
-3.121708677597744952e+00
-3.179593589582863533e+00
-3.109706485913165785e+00
-2.083045774479200141e+00
-3.877475685756728296e-01
-2.942895470765006571e+00
-3.878690751450544383e+01
-4.052189551306434367e+01
-3.759312119078218473e+01
-3.773187956466384207e+01
-3.888526048056533568e+01
-3.955694645394604692e+01
-3.973041659256697500e+01
-3.954159416750823652e+01
-3.904604625114065186e+01
-3.833465742135323495e+01
-3.767672714883772755e+01
-4.369589083710733490e+01
-4.470865179817464252e+01
-4.118383601865270549e+01
-4.140667153222975827e+01
-4.281513558927517238e+01
-4.371913316505960267e+01
-4.408383492873727505e+01
-4.401471736221555631e+01
-4.358276772789132281e+01
-4.285213619568875743e+01
-4.193639376177584666e+01
-4.340843951958726166e+01
-4.448968820368615695e+01
-4.108348960532608629e+01
-4.141428528316950519e+01
-4.294588559397453764e+01
-4.398070586174391394e+01
-4.448265413072994789e+01
-4.455743592388085972e+01
-4.427234012001643748e+01
-4.369260448060133939e+01
-4.288162593354966390e+01
-3.878690751450536567e+01
-4.052189551306440762e+01
-3.759312119078213499e+01
-3.773187956466378523e+01
-3.888526048056535700e+01
-3.955694645394602560e+01
-3.973041659256696079e+01
-3.954159416750816547e+01
-3.904604625114056660e+01
-3.833465742135319232e+01
-3.767672714883762097e+01
-4.369589083710724253e+01
-4.470865179817466384e+01
-4.118383601865274102e+01
-4.140667153222977248e+01
-4.281513558927518659e+01
-4.371913316505960267e+01
-4.408383492873728215e+01
-4.401471736221557762e+01
-4.358276772789135833e+01
-4.285213619568875743e+01
-4.193639376177590350e+01
-4.340843951958731139e+01
-4.448968820368618537e+01
-4.108348960532612892e+01
-4.141428528316948388e+01
-4.294588559397452343e+01
-4.398070586174391394e+01
-4.448265413072995500e+01
-4.455743592388085972e+01
-4.427234012001644459e+01
-4.369260448060130386e+01
-4.288162593354960705e+01
-3.878690751450547225e+01
-4.052189551306444315e+01
-3.759312119078218473e+01
-3.773187956466384207e+01
-3.888526048056537832e+01
-3.955694645394608244e+01
-3.973041659256700342e+01
-3.954159416750827205e+01
-3.904604625114070160e+01
-3.833465742135335574e+01
-3.767672714883774177e+01
-4.369589083710732069e+01
-4.470865179817467094e+01
-4.118383601865269839e+01
-4.140667153222972985e+01
-4.281513558927514396e+01
-4.371913316505958136e+01
-4.408383492873726084e+01
-4.401471736221555631e+01
-4.358276772789132991e+01
-4.285213619568874321e+01
-4.193639376177586087e+01
-4.340843951958729008e+01
-4.448968820368618537e+01
-4.108348960532612182e+01
-4.141428528316949098e+01
-4.294588559397453764e+01
-4.398070586174391394e+01
-4.448265413072996211e+01
-4.455743592388079577e+01
-4.427234012001635932e+01
-4.369260448060131097e+01
-4.288162593354962837e+01
