-7.794581465842941315e-01
-7.316098649150069022e-01
-8.040014684843770354e-01
-9.154893080980461839e-01
-1.046560497597438300e+00
-1.177070631518724042e+00
-1.298456507375392199e+00
-1.409606942213756930e+00
-1.460393726749031451e+00
-1.515517588099319468e+00
-1.573654224243576927e+00
-1.634112994435564126e+00
-1.696339684415695714e+00
-1.760195519860938695e+00
-1.818052576849389368e+00
-1.860042808802791825e+00
-1.901963802209971632e+00
-1.943049176167743752e+00
-1.982887535093286857e+00
-2.021249154800614178e+00
-2.058022743783329389e+00
-2.093262961031092217e+00
-2.122400090521537663e+00
-2.148762159908363500e+00
-2.173086849910390583e+00
-2.195304653352131652e+00
-2.215449251220409366e+00
-2.233637817929826852e+00
-2.250062537377086613e+00
-2.264984414018927694e+00
-2.278205051360885136e+00
-2.288020551117577739e+00
-2.296724441519089055e+00
-2.304076661863973641e+00
-2.309666873972638257e+00
-2.312883265887370143e+00
-2.312990178370185390e+00
-2.309336916633439429e+00
-2.301703493022941416e+00
-2.290717831806610150e+00
-2.278150154739339683e+00
-2.266561566499618152e+00
-2.257309483464986499e+00
-2.248168371730077553e+00
-2.380310174176514693e+00
-3.067156278617495957e+00
-3.368923095323268058e+00
-3.480851541840213059e+00
-4.514476693613554303e+00
-7.794581465842914669e-01
-7.316098649150095667e-01
-8.040014684843725945e-01
-9.154893080980563980e-01
-1.046560497597435635e+00
-1.177070631518722266e+00
-1.298456507375384206e+00
-1.409606942213761371e+00
-1.460393726749038557e+00
-1.515517588099322133e+00
-1.573654224243576039e+00
-1.634112994435547250e+00
-1.696339684415711702e+00
-1.760195519860937807e+00
-1.818052576849406243e+00
-1.860042808802777614e+00
-1.901963802209980514e+00
-1.943049176167752634e+00
-1.982887535093293963e+00
-2.021249154800614178e+00
-2.058022743783341824e+00
-2.093262961031095770e+00
-2.122400090521537663e+00
-2.148762159908358171e+00
-2.173086849910401241e+00
-2.195304653352136981e+00
-2.215449251220418247e+00
-2.233637817929812641e+00
-2.250062537377088390e+00
-2.264984414018933023e+00
-2.278205051360870925e+00
-2.288020551117554646e+00
-2.296724441519119253e+00
-2.304076661863991404e+00
-2.309666873972640033e+00
-2.312883265887375472e+00
-2.312990178370164074e+00
-2.309336916633458969e+00
-2.301703493022944969e+00
-2.290717831806610150e+00
-2.278150154739378763e+00
-2.266561566499618152e+00
-2.257309483464990052e+00
-2.248168371730095316e+00
-2.380310174176496929e+00
-3.067156278617481746e+00
-3.368923095323271610e+00
-3.480851541840216612e+00
-4.514476693613552527e+00
-7.794581465843003487e-01
-7.316098649150102329e-01
-8.040014684843748149e-01
-9.154893080980475162e-01
-1.046560497597438300e+00
-1.177070631518720045e+00
-1.298456507375385982e+00
-1.409606942213759595e+00
-1.460393726749030563e+00
-1.515517588099317692e+00
-1.573654224243593802e+00
-1.634112994435555244e+00
-1.696339684415712590e+00
-1.760195519860931590e+00
-1.818052576849389368e+00
-1.860042808802783831e+00
-1.901963802209966303e+00
-1.943049176167743752e+00
-1.982887535093295739e+00
-2.021249154800617731e+00
-2.058022743783338271e+00
-2.093262961031092217e+00
-2.122400090521535887e+00
-2.148762159908365277e+00
-2.173086849910385254e+00
-2.195304653352126323e+00
-2.215449251220418247e+00
-2.233637817929821523e+00
-2.250062537377099048e+00
-2.264984414018933023e+00
-2.278205051360869149e+00
-2.288020551117558199e+00
-2.296724441519092608e+00
-2.304076661863998510e+00
-2.309666873972645362e+00
-2.312883265887371920e+00
-2.312990178370164074e+00
-2.309336916633434100e+00
-2.301703493022923652e+00
-2.290717831806610150e+00
-2.278150154739332578e+00
-2.266561566499632363e+00
-2.257309483465007816e+00
-2.248168371730081105e+00
-2.380310174176502258e+00
-3.067156278617460430e+00
-3.368923095323264505e+00
-3.480851541840200625e+00
-4.514476693613537428e+00
-3.035140962652633689e+01
-3.182484570952345848e+01
-3.277818161203979486e+01
-3.336148143691770684e+01
-3.387851275904782256e+01
-3.446969481241600164e+01
-3.504124430208057106e+01
-3.556509927114770164e+01
-3.602531209031418769e+01
-3.642531157655430718e+01
-3.675747352307961080e+01
-3.702343617576931933e+01
-3.723169057711128005e+01
-3.738855751495612623e+01
-3.749887422353100419e+01
-3.756645089023260198e+01
-3.759430150264826409e+01
-3.758716727587976436e+01
-3.754208969174868571e+01
-3.745688908876170586e+01
-3.732728476171009646e+01
-3.715731005816634536e+01
-3.694950528327307637e+01
-3.672080765048195872e+01
-3.649100231656551330e+01
-3.625559219941467859e+01
-3.602882306359259701e+01
-3.585610848530915717e+01
-3.593306694542380342e+01
-2.643125949757717308e+01
-2.885992635919583904e+01
-3.040105022777876798e+01
-3.148733808681366853e+01
-3.224665722603367612e+01
-3.273282647483078023e+01
-3.303302930447483732e+01
-3.338618125240758872e+01
-3.377357343891752350e+01
-3.413595458321006504e+01
-3.445004615728382191e+01
-3.471243788023354426e+01
-3.491005156155203082e+01
-3.506147251167150358e+01
-3.515424162151049359e+01
-3.519510469621754822e+01
-3.518913991469288760e+01
-3.514033030513871125e+01
-3.505772710420206550e+01
-3.493952005441875031e+01
-3.478539343322065491e+01
-3.460082850938526633e+01
-3.438124470040135350e+01
-3.413417823327061740e+01
-3.388045908803420758e+01
-3.363881718672030985e+01
-3.344535109218729474e+01
-3.335661624724539109e+01
-3.358826168455053107e+01
-3.000962235326416305e+01
-3.183182284567016751e+01
-3.305717816469872616e+01
-3.390604150791477878e+01
-3.448343645400426283e+01
-3.498449856580014483e+01
-3.550926138234439122e+01
-3.601513693704215058e+01
-3.646601390000372334e+01
-3.685976566283097355e+01
-3.718617108669987203e+01
-3.746113418242863702e+01
-3.767466700008493063e+01
-3.783281815574373752e+01
-3.793983968547077978e+01
-3.799883081723704237e+01
-3.801458335090927676e+01
-3.798547315246458567e+01
-3.791036693962639958e+01
-3.779512845636604368e+01
-3.763266451229193876e+01
-3.744657757295316003e+01
-3.722553474010744878e+01
-3.698812202673455829e+01
-3.673550541038089534e+01
-3.646554333915928225e+01
-3.619456538934135637e+01
-3.597360868933046874e+01
-3.591447283051961392e+01
-3.035140962652620189e+01
-3.182484570952315295e+01
-3.277818161203970249e+01
-3.336148143691755763e+01
-3.387851275904756676e+01
-3.446969481241578137e+01
-3.504124430208046448e+01
-3.556509927114753111e+01
-3.602531209031411663e+01
-3.642531157655414376e+01
-3.675747352307957527e+01
-3.702343617576928381e+01
-3.723169057711132268e+01
-3.738855751495597701e+01
-3.749887422353093314e+01
-3.756645089023256645e+01
-3.759430150264807935e+01
-3.758716727587974304e+01
-3.754208969174866439e+01
-3.745688908876184087e+01
-3.732728476171014620e+01
-3.715731005816633115e+01
-3.694950528327316164e+01
-3.672080765048200135e+01
-3.649100231656556304e+01
-3.625559219941480649e+01
-3.602882306359265385e+01
-3.585610848530924244e+01
-3.593306694542395263e+01
-2.643125949757677517e+01
-2.885992635919602733e+01
-3.040105022777904509e+01
-3.148733808681402735e+01
-3.224665722603396034e+01
-3.273282647483119945e+01
-3.303302930447520680e+01
-3.338618125240792267e+01
-3.377357343891769403e+01
-3.413595458321034926e+01
-3.445004615728403508e+01
-3.471243788023377164e+01
-3.491005156155215872e+01
-3.506147251167175938e+01
-3.515424162151062148e+01
-3.519510469621768323e+01
-3.518913991469287339e+01
-3.514033030513876810e+01
-3.505772710420211524e+01
-3.493952005441864372e+01
-3.478539343322040622e+01
-3.460082850938512422e+01
-3.438124470040115455e+01
-3.413417823327036871e+01
-3.388045908803402284e+01
-3.363881718672001853e+01
-3.344535109218701763e+01
-3.335661624724517083e+01
-3.358826168455022554e+01
-3.000962235326416305e+01
-3.183182284567015330e+01
-3.305717816469869064e+01
-3.390604150791478588e+01
-3.448343645400434809e+01
-3.498449856580010220e+01
-3.550926138234435570e+01
-3.601513693704190899e+01
-3.646601390000367360e+01
-3.685976566283089539e+01
-3.718617108669980098e+01
-3.746113418242861570e+01
-3.767466700008493774e+01
-3.783281815574375173e+01
-3.793983968547075136e+01
-3.799883081723697842e+01
-3.801458335090933360e+01
-3.798547315246464251e+01
-3.791036693962658433e+01
-3.779512845636617868e+01
-3.763266451229208087e+01
-3.744657757295324529e+01
-3.722553474010757668e+01
-3.698812202673467198e+01
-3.673550541038094508e+01
-3.646554333915946700e+01
-3.619456538934151979e+01
-3.597360868933066058e+01
-3.591447283051967077e+01
-3.035140962652614505e+01
-3.182484570952310321e+01
-3.277818161203959590e+01
-3.336148143691751500e+01
-3.387851275904753123e+01
-3.446969481241573874e+01
-3.504124430208027974e+01
-3.556509927114768743e+01
-3.602531209031409531e+01
-3.642531157655427876e+01
-3.675747352307941185e+01
-3.702343617576943302e+01
-3.723169057711150032e+01
-3.738855751495590596e+01
-3.749887422353087629e+01
-3.756645089023245987e+01
-3.759430150264806514e+01
-3.758716727587982120e+01
-3.754208969174856492e+01
-3.745688908876191192e+01
-3.732728476171013909e+01
-3.715731005816630983e+01
-3.694950528327326822e+01
-3.672080765048205819e+01
-3.649100231656562698e+01
-3.625559219941472122e+01
-3.602882306359260411e+01
-3.585610848530922823e+01
-3.593306694542403079e+01
-2.643125949757685333e+01
-2.885992635919609839e+01
-3.040105022777908061e+01
-3.148733808681407709e+01
-3.224665722603401719e+01
-3.273282647483128471e+01
-3.303302930447528496e+01
-3.338618125240799372e+01
-3.377357343891782904e+01
-3.413595458321041320e+01
-3.445004615728407060e+01
-3.471243788023377164e+01
-3.491005156155223688e+01
-3.506147251167178069e+01
-3.515424162151060727e+01
-3.519510469621774718e+01
-3.518913991469296576e+01
-3.514033030513886047e+01
-3.505772710420217919e+01
-3.493952005441872188e+01
-3.478539343322047728e+01
-3.460082850938522370e+01
-3.438124470040123981e+01
-3.413417823327043266e+01
-3.388045908803400863e+01
-3.363881718672008958e+01
-3.344535109218706737e+01
-3.335661624724497898e+01
-3.358826168455033923e+01
-3.000962235326420213e+01
-3.183182284567013198e+01
-3.305717816469864090e+01
-3.390604150791469351e+01
-3.448343645400419888e+01
-3.498449856580009509e+01
-3.550926138234419227e+01
-3.601513693704200136e+01
-3.646601390000367360e+01
-3.685976566283073907e+01
-3.718617108669978677e+01
-3.746113418242858728e+01
-3.767466700008494485e+01
-3.783281815574361673e+01
-3.793983968547065899e+01
-3.799883081723697842e+01
-3.801458335090925544e+01
-3.798547315246452172e+01
-3.791036693962641380e+01
-3.779512845636607921e+01
-3.763266451229215193e+01
-3.744657757295320977e+01
-3.722553474010756958e+01
-3.698812202673463645e+01
-3.673550541038098771e+01
-3.646554333915948121e+01
-3.619456538934158374e+01
-3.597360868933068190e+01
-3.591447283051970629e+01
