-7.942418959399837330e-01
-1.041142397774111661e+00
-1.352483643123159940e+00
-1.676478650253633740e+00
-1.955882143877795798e+00
-2.135466651508769242e+00
-2.326546571852653678e+00
-2.464260884174479305e+00
-2.586593246859418826e+00
-2.696159498221860851e+00
-2.778115844008886448e+00
-2.840912521892946074e+00
-2.884318099158975635e+00
-2.911217305947932932e+00
-2.926393614271928900e+00
-2.880441919986594268e+00
-2.631533584756253319e+00
-1.969361989282768732e+00
-3.840888888896295761e+00
-7.942418959399829559e-01
-1.041142397774107220e+00
-1.352483643123156387e+00
-1.676478650253628411e+00
-1.955882143877790025e+00
-2.135466651508767466e+00
-2.326546571852647460e+00
-2.464260884174471755e+00
-2.586593246859414386e+00
-2.696159498221854633e+00
-2.778115844008882007e+00
-2.840912521892939857e+00
-2.884318099158974302e+00
-2.911217305947936040e+00
-2.926393614271938226e+00
-2.880441919986612476e+00
-2.631533584756271082e+00
-1.969361989282765180e+00
-3.840888888896299314e+00
-7.942418959399824008e-01
-1.041142397774110107e+00
-1.352483643123158830e+00
-1.676478650253630853e+00
-1.955882143877792911e+00
-2.135466651508765690e+00
-2.326546571852651013e+00
-2.464260884174471311e+00
-2.586593246859414386e+00
-2.696159498221855522e+00
-2.778115844008874014e+00
-2.840912521892930531e+00
-2.884318099158959647e+00
-2.911217305947912948e+00
-2.926393614271904031e+00
-2.880441919986552080e+00
-2.631533584756175159e+00
-1.969361989282369940e+00
-3.840888888896221154e+00
-4.336348352599837597e+01
-4.436315833033361855e+01
-4.090725540909483726e+01
-4.119638698615916184e+01
-4.269786538509077189e+01
-4.373016891347949553e+01
-4.424899189999998583e+01
-4.434957407199671309e+01
-4.409129923429676268e+01
-4.353628253641168300e+01
-4.274305207267130413e+01
-3.984869261257792772e+01
-4.125692407030432207e+01
-3.809217874337739573e+01
-3.819138118407934002e+01
-3.936017485449175268e+01
-4.005440769548766156e+01
-4.024405237188180706e+01
-4.005315169607226977e+01
-3.955635807835871276e+01
-3.883197063221244605e+01
-3.814196257585710015e+01
-4.274503444544051689e+01
-4.409698336783854700e+01
-4.077423050449232278e+01
-4.104903928021401782e+01
-4.246050951189184985e+01
-4.338524232874735276e+01
-4.377948564669166842e+01
-4.374608430889205124e+01
-4.335201546630199232e+01
-4.266242463746559821e+01
-4.177047577703523018e+01
-4.336348352599831912e+01
-4.436315833033368961e+01
-4.090725540909480173e+01
-4.119638698615919736e+01
-4.269786538509072216e+01
-4.373016891347951685e+01
-4.424899189999995031e+01
-4.434957407199677704e+01
-4.409129923429676268e+01
-4.353628253641173984e+01
-4.274305207267131124e+01
-3.984869261257800588e+01
-4.125692407030435760e+01
-3.809217874337741705e+01
-3.819138118407937554e+01
-3.936017485449181663e+01
-4.005440769548771129e+01
-4.024405237188184969e+01
-4.005315169607227688e+01
-3.955635807835870565e+01
-3.883197063221238921e+01
-3.814196257585706462e+01
-4.274503444544048847e+01
-4.409698336783852568e+01
-4.077423050449235120e+01
-4.104903928021403203e+01
-4.246050951189183564e+01
-4.338524232874733855e+01
-4.377948564669166842e+01
-4.374608430889202992e+01
-4.335201546630199942e+01
-4.266242463746560531e+01
-4.177047577703525860e+01
-4.336348352599839018e+01
-4.436315833033376066e+01
-4.090725540909480884e+01
-4.119638698615923289e+01
-4.269786538509074347e+01
-4.373016891347955948e+01
-4.424899189999995741e+01
-4.434957407199676993e+01
-4.409129923429674136e+01
-4.353628253641174695e+01
-4.274305207267128992e+01
-3.984869261257794193e+01
-4.125692407030431497e+01
-3.809217874337737442e+01
-3.819138118407932581e+01
-3.936017485449175979e+01
-4.005440769548766156e+01
-4.024405237188179996e+01
-4.005315169607225556e+01
-3.955635807835866302e+01
-3.883197063221237499e+01
-3.814196257585705041e+01
-4.274503444544057373e+01
-4.409698336783858963e+01
-4.077423050449232989e+01
-4.104903928021404624e+01
-4.246050951189187828e+01
-4.338524232874738118e+01
-4.377948564669168974e+01
-4.374608430889206545e+01
-4.335201546630201364e+01
-4.266242463746561242e+01
-4.177047577703525150e+01
