-7.188973845830177734e-01
-8.135616985156608472e-01
-9.068030759718703759e-01
-1.002935699201956465e+00
-1.105069491266567061e+00
-1.233972231477824089e+00
-1.358854181549331130e+00
-1.481587265653708796e+00
-1.607271211591897897e+00
-1.736209696625278909e+00
-1.873841311224428985e+00
-1.948281643616830205e+00
-2.015162766479682954e+00
-2.085362313179165206e+00
-2.157304765637125143e+00
-2.230442103093305484e+00
-2.305165222903616140e+00
-2.371325867685880162e+00
-2.418063186987815527e+00
-2.464888653906270655e+00
-2.510674276908663849e+00
-2.554865733839457143e+00
-2.597190058904082832e+00
-2.637631350961960663e+00
-2.673399064443904294e+00
-2.703026130130329108e+00
-2.730280888807958384e+00
-2.755039167309611514e+00
-2.777254358701068071e+00
-2.797156272750880746e+00
-2.815082276650747062e+00
-2.831392382141086017e+00
-2.842767057612160642e+00
-2.851781781501568247e+00
-2.858418774019762409e+00
-2.861848761867031854e+00
-2.861106787719567279e+00
-2.855389652630185182e+00
-2.844601328823415543e+00
-2.830081118980642074e+00
-2.814878654852288165e+00
-2.804740688587942898e+00
-2.809863122841480987e+00
-2.849956495810085144e+00
-3.003396733330047752e+00
-3.323871373444923449e+00
-3.658701856818199261e+00
-4.184932786577109987e+00
-5.349237316523858254e+00
-7.188973845830165521e-01
-8.135616985156595149e-01
-9.068030759718681555e-01
-1.002935699201954467e+00
-1.105069491266565507e+00
-1.233972231477824311e+00
-1.358854181549331575e+00
-1.481587265653709462e+00
-1.607271211591899451e+00
-1.736209696625275578e+00
-1.873841311224433426e+00
-1.948281643616826209e+00
-2.015162766479675849e+00
-2.085362313179176752e+00
-2.157304765637117594e+00
-2.230442103093308148e+00
-2.305165222903618805e+00
-2.371325867685880162e+00
-2.418063186987820856e+00
-2.464888653906276872e+00
-2.510674276908662961e+00
-2.554865733839445596e+00
-2.597190058904081944e+00
-2.637631350961953558e+00
-2.673399064443902517e+00
-2.703026130130334437e+00
-2.730280888807955719e+00
-2.755039167309606185e+00
-2.777254358701071624e+00
-2.797156272750892292e+00
-2.815082276650748838e+00
-2.831392382141098452e+00
-2.842767057612160642e+00
-2.851781781501573576e+00
-2.858418774019762409e+00
-2.861848761867022972e+00
-2.861106787719576161e+00
-2.855389652630174524e+00
-2.844601328823420872e+00
-2.830081118980629640e+00
-2.814878654852268625e+00
-2.804740688587969544e+00
-2.809863122841480987e+00
-2.849956495810065604e+00
-3.003396733330051305e+00
-3.323871373444923449e+00
-3.658701856818183273e+00
-4.184932786577098440e+00
-5.349237316523863583e+00
-7.188973845830179954e-01
-8.135616985156617353e-01
-9.068030759718698208e-01
-1.002935699201956243e+00
-1.105069491266567727e+00
-1.233972231477824533e+00
-1.358854181549328910e+00
-1.481587265653705687e+00
-1.607271211591899229e+00
-1.736209696625277132e+00
-1.873841311224434758e+00
-1.948281643616826653e+00
-2.015162766479674961e+00
-2.085362313179172311e+00
-2.157304765637116706e+00
-2.230442103093311701e+00
-2.305165222903627686e+00
-2.371325867685873945e+00
-2.418063186987821744e+00
-2.464888653906271543e+00
-2.510674276908672731e+00
-2.554865733839452702e+00
-2.597190058904083720e+00
-2.637631350961953558e+00
-2.673399064443909623e+00
-2.703026130130341542e+00
-2.730280888807953055e+00
-2.755039167309614179e+00
-2.777254358701084058e+00
-2.797156272750878969e+00
-2.815082276650757720e+00
-2.831392382141093123e+00
-2.842767057612158865e+00
-2.851781781501566471e+00
-2.858418774019760633e+00
-2.861848761867033630e+00
-2.861106787719576161e+00
-2.855389652630167419e+00
-2.844601328823403108e+00
-2.830081118980640298e+00
-2.814878654852275730e+00
-2.804740688587950004e+00
-2.809863122841488092e+00
-2.849956495810088697e+00
-3.003396733330044199e+00
-3.323871373444923449e+00
-3.658701856818186826e+00
-4.184932786577107322e+00
-5.349237316523876906e+00
-3.382515388432427272e+01
-3.631267509724187903e+01
-3.777400814390552597e+01
-3.871618364080637775e+01
-3.940735034328753983e+01
-3.998502296682078594e+01
-4.047141939708335201e+01
-4.085493992928059015e+01
-4.114468796221580504e+01
-4.135077592113361789e+01
-4.148981457944037032e+01
-4.157390254863844348e+01
-4.161433196320083994e+01
-4.162125868254411643e+01
-4.160427059799732774e+01
-4.156369602848560874e+01
-4.150083087123201153e+01
-4.141793974455800509e+01
-4.130694587394314965e+01
-4.116552450635041538e+01
-4.099448052107014462e+01
-4.078819573569175105e+01
-4.053937156384806428e+01
-4.025407861650244712e+01
-3.992965237497010378e+01
-3.956707322216009715e+01
-3.916832937016069138e+01
-3.874678006145566656e+01
-3.833009453269287548e+01
-3.330038364328413536e+01
-3.617562388545949403e+01
-3.791690681820323761e+01
-3.911485761227604740e+01
-3.995615007636164506e+01
-4.059039059308130248e+01
-4.112594725219204861e+01
-4.159281651592055340e+01
-4.197942081288812943e+01
-4.228611348836972894e+01
-4.252186970782043574e+01
-4.268800438368417360e+01
-4.280370993460424245e+01
-4.286429547890171676e+01
-4.288385079674297629e+01
-4.286578048275999464e+01
-4.281182521367843208e+01
-4.272396238539907642e+01
-4.260057695768391994e+01
-4.243608854398848251e+01
-4.223915788987224573e+01
-4.199808076275935065e+01
-4.172021136374470984e+01
-4.139964391517940356e+01
-4.103856537233072288e+01
-4.063532872813803465e+01
-4.018763447105528286e+01
-3.968865883301867115e+01
-3.909546085186802600e+01
-3.575998299561956628e+01
-3.816787403586894101e+01
-3.965903402812345035e+01
-4.069214334884703987e+01
-4.147904682404340804e+01
-4.213119484507380008e+01
-4.269759968335134914e+01
-4.318229704760692300e+01
-4.358517106178618405e+01
-4.391735225155684219e+01
-4.418665401005782201e+01
-4.440361645360900411e+01
-4.456962595960776952e+01
-4.469240669792230847e+01
-4.477604593072169337e+01
-4.482275627912112981e+01
-4.482789790054513901e+01
-4.479646619266357277e+01
-4.472909030518306395e+01
-4.462034534970987920e+01
-4.447381557402811580e+01
-4.428711640377198222e+01
-4.406419073011871035e+01
-4.380254606467844525e+01
-4.350154439221186919e+01
-4.314632958799030149e+01
-4.269093460480589641e+01
-4.205590570855659394e+01
-4.104042317552635666e+01
-3.382515388432410930e+01
-3.631267509724188614e+01
-3.777400814390550465e+01
-3.871618364080642039e+01
-3.940735034328760378e+01
-3.998502296682084989e+01
-4.047141939708335201e+01
-4.085493992928061857e+01
-4.114468796221588320e+01
-4.135077592113366762e+01
-4.148981457944042006e+01
-4.157390254863850032e+01
-4.161433196320085415e+01
-4.162125868254413064e+01
-4.160427059799736327e+01
-4.156369602848565137e+01
-4.150083087123205416e+01
-4.141793974455799798e+01
-4.130694587394319228e+01
-4.116552450635047222e+01
-4.099448052107022278e+01
-4.078819573569177237e+01
-4.053937156384809271e+01
-4.025407861650241159e+01
-3.992965237497008957e+01
-3.956707322216009004e+01
-3.916832937016067007e+01
-3.874678006145565945e+01
-3.833009453269283995e+01
-3.330038364328425615e+01
-3.617562388545952956e+01
-3.791690681820332998e+01
-3.911485761227611846e+01
-3.995615007636180849e+01
-4.059039059308142328e+01
-4.112594725219210545e+01
-4.159281651592067419e+01
-4.197942081288817207e+01
-4.228611348836972894e+01
-4.252186970782049258e+01
-4.268800438368415939e+01
-4.280370993460426376e+01
-4.286429547890170966e+01
-4.288385079674291234e+01
-4.286578048275996622e+01
-4.281182521367848182e+01
-4.272396238539899116e+01
-4.260057695768389863e+01
-4.243608854398848962e+01
-4.223915788987217468e+01
-4.199808076275934354e+01
-4.172021136374470274e+01
-4.139964391517940356e+01
-4.103856537233068735e+01
-4.063532872813799202e+01
-4.018763447105530418e+01
-3.968865883301860009e+01
-3.909546085186793363e+01
-3.575998299561955207e+01
-3.816787403586885574e+01
-3.965903402812333667e+01
-4.069214334884694040e+01
-4.147904682404329435e+01
-4.213119484507365797e+01
-4.269759968335126388e+01
-4.318229704760678089e+01
-4.358517106178606326e+01
-4.391735225155683509e+01
-4.418665401005777227e+01
-4.440361645360890464e+01
-4.456962595960783347e+01
-4.469240669792228005e+01
-4.477604593072162231e+01
-4.482275627912125060e+01
-4.482789790054517454e+01
-4.479646619266360119e+01
-4.472909030518319184e+01
-4.462034534971002842e+01
-4.447381557402814423e+01
-4.428711640377220959e+01
-4.406419073011883825e+01
-4.380254606467846656e+01
-4.350154439221209657e+01
-4.314632958799042939e+01
-4.269093460480598168e+01
-4.205590570855671473e+01
-4.104042317552639219e+01
-3.382515388432415904e+01
-3.631267509724184350e+01
-3.777400814390550465e+01
-3.871618364080641328e+01
-3.940735034328759667e+01
-3.998502296682082147e+01
-4.047141939708335201e+01
-4.085493992928057594e+01
-4.114468796221579083e+01
-4.135077592113358236e+01
-4.148981457944040585e+01
-4.157390254863843637e+01
-4.161433196320085415e+01
-4.162125868254410932e+01
-4.160427059799731353e+01
-4.156369602848560163e+01
-4.150083087123203285e+01
-4.141793974455804772e+01
-4.130694587394314254e+01
-4.116552450635040117e+01
-4.099448052107021567e+01
-4.078819573569177948e+01
-4.053937156384807849e+01
-4.025407861650245422e+01
-3.992965237497013220e+01
-3.956707322216010425e+01
-3.916832937016069138e+01
-3.874678006145567366e+01
-3.833009453269287548e+01
-3.330038364328406431e+01
-3.617562388545940877e+01
-3.791690681820320208e+01
-3.911485761227602609e+01
-3.995615007636167348e+01
-4.059039059308129538e+01
-4.112594725219202019e+01
-4.159281651592058893e+01
-4.197942081288810101e+01
-4.228611348836971473e+01
-4.252186970782048547e+01
-4.268800438368418781e+01
-4.280370993460422824e+01
-4.286429547890169545e+01
-4.288385079674296207e+01
-4.286578048275995911e+01
-4.281182521367848182e+01
-4.272396238539906221e+01
-4.260057695768396968e+01
-4.243608854398852515e+01
-4.223915788987223152e+01
-4.199808076275939328e+01
-4.172021136374470984e+01
-4.139964391517947462e+01
-4.103856537233072288e+01
-4.063532872813802754e+01
-4.018763447105536102e+01
-3.968865883301867115e+01
-3.909546085186797626e+01
-3.575998299561948102e+01
-3.816787403586889127e+01
-3.965903402812350720e+01
-4.069214334884708251e+01
-4.147904682404352172e+01
-4.213119484507378587e+01
-4.269759968335146283e+01
-4.318229704760693721e+01
-4.358517106178616274e+01
-4.391735225155690614e+01
-4.418665401005783622e+01
-4.440361645360895437e+01
-4.456962595960783347e+01
-4.469240669792230847e+01
-4.477604593072162231e+01
-4.482275627912125060e+01
-4.482789790054512480e+01
-4.479646619266357277e+01
-4.472909030518315632e+01
-4.462034534970992894e+01
-4.447381557402803054e+01
-4.428711640377201064e+01
-4.406419073011874588e+01
-4.380254606467831735e+01
-4.350154439221198999e+01
-4.314632958799030860e+01
-4.269093460480584667e+01
-4.205590570855663657e+01
-4.104042317552634955e+01
