5.245517028021814632e+00
1.235452672379300942e+01
1.385278238404698570e+01
1.563897528658558045e+01
1.731193586281873564e+01
1.332137682914746790e+01
-3.176371263645478393e+00
-2.862874606962735413e+01
-1.958928653808137028e+02
1.572575292785895442e+02
5.121573438366952757e+01
4.869805938352806862e+01
4.180528336641441456e+01
3.848736167565181887e+01
3.053125627622276284e+01
-4.621956892781730630e+01
-4.743171651318667159e+01
-2.136294263639692304e+01
-1.986769415887208368e+01
-6.961942089042427284e+00
-2.540237779326866416e+02
1.985804957316685915e+01
2.103467600539985227e+01
1.592168858854925872e+01
1.589307956399026978e+01
1.495106140005505502e+01
1.270646013690556053e+01
9.322174749621961354e+00
7.093203628756953982e+00
4.751384356999001746e+00
2.233691701134955743e+00
-1.099220311161452912e-02
-5.321907969651324066e+00
-1.014158113533443952e+02
-5.602443593702066238e+00
2.014617475473053698e+00
-1.787217165305733602e+01
5.440781194585191827e+00
4.600858962768133331e+00
4.617655418698672243e+00
4.131055448633464522e+00
3.593390195813273458e+00
3.085823086747113919e+00
2.657526452661480132e+00
2.286856423028746477e+00
1.951353185157967740e+00
1.615786058256858615e+00
1.200746131550661122e+00
4.315244024600444206e-01
5.245489666668579076e+00
1.235453774768822299e+01
1.385278010608519317e+01
1.563896846236079696e+01
1.731193673546277978e+01
1.332140657293304287e+01
-3.176322481511077989e+00
-2.862876795262005203e+01
-1.958928273684296641e+02
1.572584195492203207e+02
5.121575293686147035e+01
4.869808343399638062e+01
4.180531397689802020e+01
3.848739655262741621e+01
3.053129893234384795e+01
-4.621969110028763339e+01
-4.743171168270606586e+01
-2.136308747002204456e+01
-1.986781121262558969e+01
-6.962069785277158473e+00
-2.540237005952486697e+02
1.985793216549564733e+01
2.103465707463863055e+01
1.592163196453295981e+01
1.589303304892056445e+01
1.495102869486520802e+01
1.270644121249807768e+01
9.322170906058744322e+00
7.093171449504371395e+00
4.751355549347632490e+00
2.233666903078896926e+00
-1.101746672273296035e-02
-5.321914069610771847e+00
-1.014160104767701114e+02
-5.602370240029276971e+00
2.014677243850998778e+00
-1.787279564064200699e+01
5.440791230825027469e+00
4.600826991518833786e+00
4.617623442867063055e+00
4.131021222881372523e+00
3.593353069819486656e+00
3.085782922284041607e+00
2.657483767516835904e+00
2.286812268406520854e+00
1.951308159101471595e+00
1.615742501317456226e+00
1.200704813580708352e+00
4.314979914968783969e-01
5.244709324881906554e+00
1.235374082580825572e+01
1.385189192565652050e+01
1.563799620241435839e+01
1.731087560968041927e+01
1.332010242927585963e+01
-3.176807894159477286e+00
-2.863006999247156870e+01
-1.958942113462758243e+02
1.572591532791199143e+02
5.121443609046563950e+01
4.869654795191820540e+01
4.180368902760640282e+01
3.848575015450527559e+01
3.052929350022952093e+01
-4.622187740820339741e+01
-4.743352535146078708e+01
-2.136527528140213406e+01
-1.987013733524609549e+01
-6.964286920418151894e+00
-2.540224710989249672e+02
1.985555490261057798e+01
2.103097378683231256e+01
1.591758852703532590e+01
1.588957266469622276e+01
1.494791106078095311e+01
1.270353922895984056e+01
9.319097556380434355e+00
7.090920823949096174e+00
4.748971402322357704e+00
2.231130317189546464e+00
-1.395054357096858766e-02
-5.324281454569574024e+00
-1.014261915047462992e+02
-5.602242221092133434e+00
2.014363676117514323e+00
-1.789510664246008176e+01
5.438801284363087518e+00
4.597523231297047985e+00
4.614417776397695903e+00
4.127732395708340718e+00
3.589931498289727685e+00
3.082196735323842862e+00
2.653718574208271175e+00
2.282960123603413827e+00
1.947363355740044488e+00
1.611890176263086616e+00
1.196817340064110891e+00
4.284178091939270239e-01
5.246296929232816098e+00
1.235532916126793523e+01
1.385368125999158551e+01
1.563996400305595458e+01
1.731301916152434828e+01
1.332270552362085425e+01
-3.175882280872356134e+00
-2.862744612324967264e+01
-1.958915749155179356e+02
1.572569388377055475e+02
5.121712302610526280e+01
4.869965568940637013e+01
4.180695727100911796e+01
3.848905430125901006e+01
3.053328250950685074e+01
-4.621741762798099273e+01
-4.742978696006994710e+01
-2.136051886479038586e+01
-1.986490954499893746e+01
-6.959148350412519335e+00
-2.540284487776446554e+02
1.986076565633947055e+01
2.103855323234702013e+01
1.592595143042065864e+01
1.589683830814499998e+01
1.495451858664133127e+01
1.270969653555849810e+01
9.325566014857688657e+00
7.095645620885974836e+00
4.753919520462901005e+00
2.236322982025650496e+00
-8.005899784769843208e-03
-5.319671466664917858e+00
-1.014105046049365058e+02
-5.602752711446482792e+00
2.015161690499734704e+00
-1.785088347258151131e+01
5.443188210730832921e+00
4.604532663902583423e+00
4.621246790124363457e+00
4.134732905372145773e+00
3.597194770330459868e+00
3.089786037820724474e+00
2.661669793712738485e+00
2.291084644390818159e+00
1.955676856594939839e+00
1.620005425762568674e+00
1.205003085416730180e+00
4.348975403630952474e-01
5.245489666668594175e+00
1.235453774768824431e+01
1.385278010608520560e+01
1.563896846236081117e+01
1.731193673546274425e+01
1.332140657293305708e+01
-3.176322481511055784e+00
-2.862876795262008045e+01
-1.958928273684296073e+02
1.572584195492202639e+02
5.121575293686150587e+01
4.869808343399641615e+01
4.180531397689802020e+01
3.848739655262743753e+01
3.053129893234386572e+01
-4.621969110028757655e+01
-4.743171168270610849e+01
-2.136308747002202324e+01
-1.986781121262560390e+01
-6.962069785277115841e+00
-2.540237005952487834e+02
1.985793216549583562e+01
2.103465707463865186e+01
1.592163196453299356e+01
1.589303304892059288e+01
1.495102869486522223e+01
1.270644121249802438e+01
9.322170906058742545e+00
7.093171449504370507e+00
4.751355549347651142e+00
2.233666903078906252e+00
-1.101746672273584693e-02
-5.321914069610780729e+00
-1.014160104767700261e+02
-5.602370240029289405e+00
2.014677243850980126e+00
-1.787279564064195014e+01
5.440791230825186453e+00
4.600826991518850662e+00
4.617623442867067496e+00
4.131021222881371635e+00
3.593353069819487988e+00
3.085782922284047380e+00
2.657483767516832796e+00
2.286812268406523074e+00
1.951308159101469819e+00
1.615742501317456004e+00
1.200704813580707686e+00
4.314979914968763985e-01
5.245517028021783545e+00
1.235452672379298455e+01
1.385278238404697859e+01
1.563897528658558045e+01
1.731193586281875696e+01
1.332137682914743948e+01
-3.176371263645470400e+00
-2.862874606962733992e+01
-1.958928653808137028e+02
1.572575292785896579e+02
5.121573438366952757e+01
4.869805938352806152e+01
4.180528336641443587e+01
3.848736167565179755e+01
3.053125627622273797e+01
-4.621956892781734894e+01
-4.743171651318662896e+01
-2.136294263639692659e+01
-1.986769415887204815e+01
-6.961942089042445048e+00
-2.540237779326868122e+02
1.985804957316672059e+01
2.103467600539983806e+01
1.592168858854921609e+01
1.589307956399024313e+01
1.495106140005505679e+01
1.270646013690559073e+01
9.322174749621964907e+00
7.093203628756968193e+00
4.751384356999000858e+00
2.233691701134940200e+00
-1.099220311161319685e-02
-5.321907969651301862e+00
-1.014158113533444237e+02
-5.602443593702064462e+00
2.014617475473044372e+00
-1.787217165305737510e+01
5.440781194585031066e+00
4.600858962768102245e+00
4.617655418698661585e+00
4.131055448633452976e+00
3.593390195813273902e+00
3.085823086747116584e+00
2.657526452661481020e+00
2.286856423028723828e+00
1.951353185157961967e+00
1.615786058256850399e+00
1.200746131550657569e+00
4.315244024600441985e-01
5.246296929232834749e+00
1.235532916126789971e+01
1.385368125999160149e+01
1.563996400305595103e+01
1.731301916152434828e+01
1.332270552362087201e+01
-3.175882280872357910e+00
-2.862744612324967974e+01
-1.958915749155178219e+02
1.572569388377083897e+02
5.121712302610537648e+01
4.869965568940639145e+01
4.180695727100913928e+01
3.848905430125898874e+01
3.053328250950682587e+01
-4.621741762798092168e+01
-4.742978696006993999e+01
-2.136051886479035389e+01
-1.986490954499894457e+01
-6.959148350412528217e+00
-2.540284487776448259e+02
1.986076565633940305e+01
2.103855323234703434e+01
1.592595143042066752e+01
1.589683830814499466e+01
1.495451858664136147e+01
1.270969653555852652e+01
9.325566014857685104e+00
7.095645620885975724e+00
4.753919520462897452e+00
2.236322982025642947e+00
-8.005899784775838413e-03
-5.319671466664915194e+00
-1.014105046049365768e+02
-5.602752711446469469e+00
2.015161690499754688e+00
-1.785088347258174224e+01
5.443188210730890653e+00
4.604532663902610068e+00
4.621246790124367010e+00
4.134732905372143108e+00
3.597194770330464308e+00
3.089786037820731579e+00
2.661669793712745147e+00
2.291084644390824376e+00
1.955676856594940949e+00
1.620005425762567786e+00
1.205003085416727293e+00
4.348975403630968017e-01
5.244709324881919876e+00
1.235374082580830901e+01
1.385189192565652050e+01
1.563799620241436017e+01
1.731087560968042638e+01
1.332010242927584720e+01
-3.176807894159489720e+00
-2.863006999247166462e+01
-1.958942113462759380e+02
1.572591532791173563e+02
5.121443609046551160e+01
4.869654795191826224e+01
4.180368902760640282e+01
3.848575015450525427e+01
3.052929350022953159e+01
-4.622187740820340451e+01
-4.743352535146078708e+01
-2.136527528140216248e+01
-1.987013733524607062e+01
-6.964286920418153670e+00
-2.540224710989248820e+02
1.985555490261059219e+01
2.103097378683234808e+01
1.591758852703533300e+01
1.588957266469625296e+01
1.494791106078094423e+01
1.270353922895983345e+01
9.319097556380437908e+00
7.090920823949109497e+00
4.748971402322379909e+00
2.231130317189561563e+00
-1.395054357095903974e-02
-5.324281454569591787e+00
-1.014261915047464129e+02
-5.602242221092119223e+00
2.014363676117541857e+00
-1.789510664245984373e+01
5.438801284363039557e+00
4.597523231297018675e+00
4.614417776397704785e+00
4.127732395708346935e+00
3.589931498289734346e+00
3.082196735323838865e+00
2.653718574208274283e+00
2.282960123603444025e+00
1.947363355740051816e+00
1.611890176263091279e+00
1.196817340064111335e+00
4.284178091939294664e-01
