-6.555895325114536876e-01
-6.833830248180547962e-01
-7.224862620318233120e-01
-7.666871474839495049e-01
-8.109021037656416464e-01
-8.512045066343545408e-01
-8.849009801234186678e-01
-9.083492532072798831e-01
-9.402496401710043195e-01
-9.961510692841015757e-01
-1.044650741509096648e+00
-1.089872321726551130e+00
-1.134691451180288357e+00
-1.181432722910180644e+00
-1.231992818027807690e+00
-1.288200245811969236e+00
-1.352649283918845757e+00
-1.424843761575847800e+00
-1.508016390085614500e+00
-1.516491034291085782e+00
-1.538992558941783884e+00
-1.568345530216682882e+00
-1.601703077182180301e+00
-1.637543371345405951e+00
-1.674860054958029920e+00
-1.712650999590771050e+00
-1.750085990320076945e+00
-1.787127766252854855e+00
-1.823348720528632505e+00
-1.855674116506818905e+00
-1.864462050202820187e+00
-1.869822928417439911e+00
-1.869356215418102707e+00
-1.861108194212342859e+00
-1.842946462943675812e+00
-1.812009595198476042e+00
-1.763972134261584834e+00
-1.691974119619816364e+00
-1.584992333137696718e+00
-1.425480756346621192e+00
-1.184275490934174613e+00
-8.079742748800260443e-01
-1.154046026396038371e-01
2.851850815059062683e-01
-1.155857831379008616e+01
6.594532216516617495e+01
-3.466083979421050287e+00
6.409586682422781223e+01
-4.097929216260329781e+02
-6.555895325114519112e-01
-6.833830248180537970e-01
-7.224862620318182049e-01
-7.666871474839438427e-01
-8.109021037656372055e-01
-8.512045066343465471e-01
-8.849009801234097861e-01
-9.083492532072673376e-01
-9.402496401710020990e-01
-9.961510692841073489e-01
-1.044650741509095093e+00
-1.089872321726553350e+00
-1.134691451180281696e+00
-1.181432722910179756e+00
-1.231992818027816128e+00
-1.288200245811965683e+00
-1.352649283918856860e+00
-1.424843761575870893e+00
-1.508016390085629155e+00
-1.516491034291083562e+00
-1.538992558941778555e+00
-1.568345530216686434e+00
-1.601703077182176749e+00
-1.637543371345415721e+00
-1.674860054958053901e+00
-1.712650999590787038e+00
-1.750085990320107143e+00
-1.787127766252883276e+00
-1.823348720528669809e+00
-1.855674116506855320e+00
-1.864462050202860155e+00
-1.869822928417512742e+00
-1.869356215418164879e+00
-1.861108194212417466e+00
-1.842946462943773511e+00
-1.812009595198576406e+00
-1.763972134261740266e+00
-1.691974119619993999e+00
-1.584992333137918763e+00
-1.425480756346907185e+00
-1.184275490934490804e+00
-8.079742748804275010e-01
-1.154046026401438496e-01
2.851850815053005306e-01
-1.155857831379143263e+01
6.594532216515662526e+01
-3.466083979441776819e+00
6.409586682422269632e+01
-4.097929216257797407e+02
-6.555895325114509120e-01
-6.833830248180475797e-01
-7.224862620318144302e-01
-7.666871474839358491e-01
-8.109021037656245490e-01
-8.512045066343271182e-01
-8.849009801233949091e-01
-9.083492532072576786e-01
-9.402496401709813378e-01
-9.961510692840778169e-01
-1.044650741509064895e+00
-1.089872321726534921e+00
-1.134691451180257493e+00
-1.181432722910159328e+00
-1.231992818027777936e+00
-1.288200245811935041e+00
-1.352649283918804013e+00
-1.424843761575825152e+00
-1.508016390085582081e+00
-1.516491034291040485e+00
-1.538992558941728817e+00
-1.568345530216634032e+00
-1.601703077182126123e+00
-1.637543371345363319e+00
-1.674860054957975741e+00
-1.712650999590728418e+00
-1.750085990320030760e+00
-1.787127766252800676e+00
-1.823348720528589872e+00
-1.855674116506776272e+00
-1.864462050202797094e+00
-1.869822928417427477e+00
-1.869356215418099154e+00
-1.861108194212342859e+00
-1.842946462943690911e+00
-1.812009595198519563e+00
-1.763972134261658553e+00
-1.691974119619921169e+00
-1.584992333137835274e+00
-1.425480756346805933e+00
-1.184275490934371788e+00
-8.079742748802587471e-01
-1.154046026398845015e-01
2.851850815056700128e-01
-1.155857831379110223e+01
6.594532216515986534e+01
-3.466083979438238316e+00
6.409586682422582271e+01
-4.097929216256260361e+02
-7.589419323998144229e+00
-5.018603711930718703e+01
1.021405620629575495e+01
-7.526478423278830654e+00
-3.056450458075980947e+01
-1.743323911593707365e+01
-1.801325431642571928e+01
-1.563751198553899613e+01
-4.774247367628080552e-01
-9.095641297654934476e+01
-8.854007610570482356e+00
-4.338986573484601905e+01
-1.875656584253868786e+01
-2.055241957761004556e+01
-1.813895244956038155e+01
-4.131454359072623106e+01
8.094169123677006894e+01
1.392808159666817325e+01
-7.644915481522752998e+01
5.057390353937360139e+00
-4.435479195624395032e+01
-3.648375857342084316e+01
-3.350222361006699856e+01
-3.644338228632063448e+01
-3.810400276285792387e+01
-3.919577961418546153e+01
-4.015937262993416113e+01
-4.148683672077305573e+01
-4.374530040748299342e+01
-2.401363729749196096e+01
-2.398524397150382015e+01
-1.426428272114085161e+01
-1.184271640319690455e+01
-1.040822551413391572e+01
-1.050586697612926734e+01
-1.186340345758349279e+01
-1.399764617256491306e+01
-1.694438789741445106e+01
-1.950732663398374100e+01
-2.042708151777692294e+01
-2.013442384379095884e+01
-1.926255970663147821e+01
3.139393551305590790e+01
3.277104329610991584e+01
-1.001671199863426409e+01
-2.324096024430643581e+01
-2.732305181841468666e+01
-2.942820369539439795e+01
-2.975662210092756510e+01
-3.391399395579966125e+01
-3.389643133285034082e+01
-3.410125044021625484e+01
-3.435255177839447782e+01
-3.463492338040436636e+01
-3.503337821954240638e+01
-3.578355191402338420e+01
-3.728828459536611462e+01
-4.031904215477618436e+01
-3.090751335111918507e+01
-2.360298662063211239e+01
-1.729685161312269770e+01
-1.292949920107344219e+01
-2.502782141814074279e+01
8.591662629632280002e+00
-3.755956983224359647e+01
-2.774805227280955933e+02
1.590501189590255990e+03
-2.164367742315762086e+02
2.465966107304770105e+01
-3.595374346777980463e+02
7.182407953410692869e+01
3.644509021004861893e+01
-1.087861133415229453e+01
-2.089317118466749790e+01
-2.683298010635856201e+01
-2.785829664560013796e+01
-2.902357792247921964e+01
-3.028213698887543970e+01
-3.084070996534705955e+01
-3.512128474742419115e+01
-3.505160304619401757e+01
-3.549305071178417847e+01
-3.608715346613216468e+01
-3.692709104803053322e+01
-3.814703975108988487e+01
-3.992752233100392800e+01
-4.246753672901535737e+01
-7.589419323993587874e+00
-5.018603711929013400e+01
1.021405620628375743e+01
-7.526478423282480179e+00
-3.056450458075804733e+01
-1.743323911594028530e+01
-1.801325431643128283e+01
-1.563751198554868438e+01
-4.774247367673075670e-01
-9.095641297653536128e+01
-8.854007610589745170e+00
-4.338986573482387143e+01
-1.875656584256239157e+01
-2.055241957761066374e+01
-1.813895244955259756e+01
-4.131454359071469895e+01
8.094169123671711930e+01
1.392808159662121348e+01
-7.644915481522961898e+01
5.057390353937470273e+00
-4.435479195625598692e+01
-3.648375857342387008e+01
-3.350222361006551353e+01
-3.644338228631946919e+01
-3.810400276285709964e+01
-3.919577961418524836e+01
-4.015937262993448087e+01
-4.148683672077373075e+01
-4.374530040748383186e+01
-2.401363729748948117e+01
-2.398524397149459730e+01
-1.426428272115791529e+01
-1.184271640319818530e+01
-1.040822551413806529e+01
-1.050586697613235110e+01
-1.186340345758550363e+01
-1.399764617256676580e+01
-1.694438789741628071e+01
-1.950732663398586553e+01
-2.042708151777918957e+01
-2.013442384379158412e+01
-1.926255970662361960e+01
3.139393551307507835e+01
3.277104329621827361e+01
-1.001671199860480144e+01
-2.324096024430373930e+01
-2.732305181841364217e+01
-2.942820369539348135e+01
-2.975662210092766813e+01
-3.391399395579980336e+01
-3.389643133285063925e+01
-3.410125044021667406e+01
-3.435255177839462704e+01
-3.463492338040446583e+01
-3.503337821954242770e+01
-3.578355191402356894e+01
-3.728828459536594409e+01
-4.031904215477620568e+01
-3.090751335111793097e+01
-2.360298662063028274e+01
-1.729685161311991948e+01
-1.292949920107088069e+01
-2.502782141812292593e+01
8.591662629637863091e+00
-3.755956983212306000e+01
-2.774805227284555826e+02
1.590501189584308122e+03
-2.164367742316420049e+02
2.465966107312857503e+01
-3.595374346776266066e+02
7.182407953408856827e+01
3.644509021004658678e+01
-1.087861133415295889e+01
-2.089317118466670564e+01
-2.683298010635711250e+01
-2.785829664559992835e+01
-2.902357792247918056e+01
-3.028213698887473626e+01
-3.084070996534669007e+01
-3.512128474742362272e+01
-3.505160304619383282e+01
-3.549305071178406479e+01
-3.608715346613193731e+01
-3.692709104803036979e+01
-3.814703975108992040e+01
-3.992752233100397063e+01
-4.246753672901540000e+01
-7.589419324024545332e+00
-5.018603711928663813e+01
1.021405620628756772e+01
-7.526478423289947983e+00
-3.056450458076017895e+01
-1.743323911593885001e+01
-1.801325431642787578e+01
-1.563751198554243516e+01
-4.774247367617457938e-01
-9.095641297649666512e+01
-8.854007610602087297e+00
-4.338986573478621267e+01
-1.875656584256757142e+01
-2.055241957761120020e+01
-1.813895244954395380e+01
-4.131454359071108939e+01
8.094169123663343157e+01
1.392808159654497935e+01
-7.644915481521005063e+01
5.057390353945161898e+00
-4.435479195624932203e+01
-3.648375857341970629e+01
-3.350222361006409244e+01
-3.644338228631851706e+01
-3.810400276285601961e+01
-3.919577961418432466e+01
-4.015937262993374901e+01
-4.148683672077289231e+01
-4.374530040748305026e+01
-2.401363729749073528e+01
-2.398524397149476073e+01
-1.426428272116032403e+01
-1.184271640319769503e+01
-1.040822551413720198e+01
-1.050586697613137410e+01
-1.186340345758473269e+01
-1.399764617256586874e+01
-1.694438789741531437e+01
-1.950732663398612488e+01
-2.042708151778012038e+01
-2.013442384379393957e+01
-1.926255970662964501e+01
3.139393551305483854e+01
3.277104329607680455e+01
-1.001671199862708406e+01
-2.324096024430588514e+01
-2.732305181841422126e+01
-2.942820369539440151e+01
-2.975662210092740878e+01
-3.391399395579981046e+01
-3.389643133285058951e+01
-3.410125044021672380e+01
-3.435255177839471941e+01
-3.463492338040464347e+01
-3.503337821954255560e+01
-3.578355191402362578e+01
-3.728828459536634909e+01
-4.031904215477675990e+01
-3.090751335111997022e+01
-2.360298662062876929e+01
-1.729685161311862629e+01
-1.292949920106222272e+01
-2.502782141812111050e+01
8.591662629655079542e+00
-3.755956983211869726e+01
-2.774805227282924989e+02
1.590501189578865251e+03
-2.164367742317168393e+02
2.465966107317123601e+01
-3.595374346777064716e+02
7.182407953411738788e+01
3.644509021004601834e+01
-1.087861133414869208e+01
-2.089317118466539824e+01
-2.683298010635508746e+01
-2.785829664559770436e+01
-2.902357792247781276e+01
-3.028213698887432770e+01
-3.084070996534632414e+01
-3.512128474742382167e+01
-3.505160304619360545e+01
-3.549305071178384452e+01
-3.608715346613187336e+01
-3.692709104803039111e+01
-3.814703975108977829e+01
-3.992752233100375747e+01
-4.246753672901506604e+01
