-7.189058601431277395e-01
-8.135743726449785607e-01
-9.068194342291011623e-01
-1.002956291543216416e+00
-1.105096822607374296e+00
-1.233999314743076114e+00
-1.358877285174932004e+00
-1.481612911058103998e+00
-1.607299563676046095e+00
-1.736238743124383088e+00
-1.873873020581010351e+00
-1.948315973487419583e+00
-2.015199896226030241e+00
-2.085401859708534644e+00
-2.157346273713844020e+00
-2.230485003514985465e+00
-2.305208786530872800e+00
-2.371369066902848211e+00
-2.418106198656449379e+00
-2.464928959385933815e+00
-2.510710478508443089e+00
-2.554896337484339419e+00
-2.597213627062366470e+00
-2.637646691233337393e+00
-2.673405539799683872e+00
-2.703023619413924550e+00
-2.730270111302257163e+00
-2.755021645718109369e+00
-2.777231843959145685e+00
-2.797130722825878379e+00
-2.815054096127223460e+00
-2.831359103976014424e+00
-2.842721925744182698e+00
-2.851712476659548301e+00
-2.858308413311572593e+00
-2.861679241318585198e+00
-2.860865885605669234e+00
-2.855081564714105014e+00
-2.844259503045011073e+00
-2.829785577707935929e+00
-2.814795427086448143e+00
-2.805285853434529741e+00
-2.812278643743567841e+00
-2.857293160977722124e+00
-3.007519297998429764e+00
-3.307197470509168014e+00
-3.651808844980049429e+00
-4.184068876677949689e+00
-5.347297405291328687e+00
-7.189058601431287387e-01
-8.135743726449772284e-01
-9.068194342290991639e-01
-1.002956291543214418e+00
-1.105096822607372298e+00
-1.233999314743074782e+00
-1.358877285174933114e+00
-1.481612911058104221e+00
-1.607299563676045651e+00
-1.736238743124383088e+00
-1.873873020581013016e+00
-1.948315973487418251e+00
-2.015199896226037346e+00
-2.085401859708535532e+00
-2.157346273713841356e+00
-2.230485003514985465e+00
-2.305208786530876353e+00
-2.371369066902836664e+00
-2.418106198656452932e+00
-2.464928959385938256e+00
-2.510710478508441312e+00
-2.554896337484345636e+00
-2.597213627062364694e+00
-2.637646691233331175e+00
-2.673405539799683872e+00
-2.703023619413920109e+00
-2.730270111302246505e+00
-2.755021645718110257e+00
-2.777231843959150126e+00
-2.797130722825878379e+00
-2.815054096127255434e+00
-2.831359103976032188e+00
-2.842721925744195133e+00
-2.851712476659532314e+00
-2.858308413311567264e+00
-2.861679241318581646e+00
-2.860865885605655023e+00
-2.855081564714113895e+00
-2.844259503044996862e+00
-2.829785577707939481e+00
-2.814795427086451696e+00
-2.805285853434536847e+00
-2.812278643743574946e+00
-2.857293160977725677e+00
-3.007519297998412000e+00
-3.307197470509168014e+00
-3.651808844980049429e+00
-4.184068876677933702e+00
-5.347297405291334904e+00
-7.189058601431279616e-01
-8.135743726449765623e-01
-9.068194342291007182e-01
-1.002956291543216860e+00
-1.105096822607376073e+00
-1.233999314743075448e+00
-1.358877285174932448e+00
-1.481612911058105997e+00
-1.607299563676042986e+00
-1.736238743124384865e+00
-1.873873020581012128e+00
-1.948315973487416031e+00
-2.015199896226030685e+00
-2.085401859708527539e+00
-2.157346273713844020e+00
-2.230485003514986353e+00
-2.305208786530877241e+00
-2.371369066902844658e+00
-2.418106198656454708e+00
-2.464928959385931151e+00
-2.510710478508433319e+00
-2.554896337484347413e+00
-2.597213627062370023e+00
-2.637646691233329399e+00
-2.673405539799676767e+00
-2.703023619413915668e+00
-2.730270111302250058e+00
-2.755021645718107592e+00
-2.777231843959151902e+00
-2.797130722825881044e+00
-2.815054096127230565e+00
-2.831359103975996661e+00
-2.842721925744196909e+00
-2.851712476659541196e+00
-2.858308413311551277e+00
-2.861679241318590527e+00
-2.860865885605640813e+00
-2.855081564714113895e+00
-2.844259503044995085e+00
-2.829785577707937705e+00
-2.814795427086455248e+00
-2.805285853434535071e+00
-2.812278643743566064e+00
-2.857293160977716795e+00
-3.007519297998419106e+00
-3.307197470509173343e+00
-3.651808844980052982e+00
-4.184068876677955018e+00
-5.347297405291339345e+00
-3.571701624051200952e+01
-3.814295836196090761e+01
-3.964473143829249580e+01
-4.068565712337386486e+01
-4.147478116082911015e+01
-4.212691228752730410e+01
-4.269198301628948400e+01
-4.317584399493519953e+01
-4.357877949511476601e+01
-4.391137702379311492e+01
-4.417991041748490488e+01
-4.439579504742591354e+01
-4.456221678027798561e+01
-4.468354159153856386e+01
-4.476575822378542568e+01
-4.480966951858611225e+01
-4.481331249161747365e+01
-4.478034698944880887e+01
-4.471090794201315077e+01
-4.460056257927442402e+01
-4.445239912826841078e+01
-4.426400218075780657e+01
-4.403989549443645757e+01
-4.377728917785222507e+01
-4.347476190741095081e+01
-4.311796293903101684e+01
-4.266099396773292085e+01
-4.202414427478450420e+01
-4.100682245841473161e+01
-3.399444494876752998e+01
-3.645618395859906258e+01
-3.790647398931059797e+01
-3.884365244415093343e+01
-3.954027348374916073e+01
-4.012461589297156195e+01
-4.061455145642942455e+01
-4.100204803775739038e+01
-4.129647366092208216e+01
-4.150858361571897603e+01
-4.165568256500152700e+01
-4.174580071013389215e+01
-4.179793411277629644e+01
-4.181203340879274322e+01
-4.180259007239847335e+01
-4.176984982868766849e+01
-4.171524055041702894e+01
-4.164045307361544701e+01
-4.152806941307147071e+01
-4.139559739128883820e+01
-4.122227895834021183e+01
-4.101890542063443945e+01
-4.077188113260937996e+01
-4.048504826741459794e+01
-4.016002237113794138e+01
-3.979594454702981210e+01
-3.939430942826391657e+01
-3.896252337886555495e+01
-3.851066497843692815e+01
-3.317870778794115694e+01
-3.606417794907207508e+01
-3.780630523431265289e+01
-3.900677366941430080e+01
-3.984747275082474260e+01
-4.047731563319783277e+01
-4.100603349233113448e+01
-4.146956845414560888e+01
-4.185424115800311995e+01
-4.215982651214483923e+01
-4.239472217484457417e+01
-4.256077185954836750e+01
-4.267658713229379686e+01
-4.273738699752338732e+01
-4.275770285776781066e+01
-4.274070789469250542e+01
-4.268805447408767151e+01
-4.260160007227545265e+01
-4.248141306938640582e+01
-4.231877071615248553e+01
-4.212376216086792624e+01
-4.188609646003586562e+01
-4.161110613140721171e+01
-4.129315526333979847e+01
-4.093509747488229777e+01
-4.053438563847441145e+01
-4.008948013296060964e+01
-3.959786984128866294e+01
-3.901708390069824617e+01
-3.571701624051232216e+01
-3.814295836196089340e+01
-3.964473143829229684e+01
-4.068565712337362328e+01
-4.147478116082886856e+01
-4.212691228752711936e+01
-4.269198301628945558e+01
-4.317584399493517111e+01
-4.357877949511473048e+01
-4.391137702379304386e+01
-4.417991041748488357e+01
-4.439579504742589222e+01
-4.456221678027799982e+01
-4.468354159153847860e+01
-4.476575822378539726e+01
-4.480966951858604830e+01
-4.481331249161741681e+01
-4.478034698944874492e+01
-4.471090794201311525e+01
-4.460056257927440271e+01
-4.445239912826842499e+01
-4.426400218075777815e+01
-4.403989549443647178e+01
-4.377728917785248797e+01
-4.347476190741112134e+01
-4.311796293903126553e+01
-4.266099396773285690e+01
-4.202414427478458236e+01
-4.100682245841476004e+01
-3.399444494876740919e+01
-3.645618395859897021e+01
-3.790647398931059797e+01
-3.884365244415094764e+01
-3.954027348374917494e+01
-4.012461589297159037e+01
-4.061455145642941034e+01
-4.100204803775741880e+01
-4.129647366092212479e+01
-4.150858361571901156e+01
-4.165568256500148436e+01
-4.174580071013396321e+01
-4.179793411277638882e+01
-4.181203340879280006e+01
-4.180259007239848756e+01
-4.176984982868771112e+01
-4.171524055041703605e+01
-4.164045307361548964e+01
-4.152806941307151334e+01
-4.139559739128884530e+01
-4.122227895834026157e+01
-4.101890542063446077e+01
-4.077188113260939417e+01
-4.048504826741458373e+01
-4.016002237113799112e+01
-3.979594454702984763e+01
-3.939430942826390947e+01
-3.896252337886556916e+01
-3.851066497843692105e+01
-3.317870778794125641e+01
-3.606417794907219587e+01
-3.780630523431280210e+01
-3.900677366941449264e+01
-3.984747275082487050e+01
-4.047731563319797488e+01
-4.100603349233126949e+01
-4.146956845414570836e+01
-4.185424115800318390e+01
-4.215982651214492449e+01
-4.239472217484463812e+01
-4.256077185954842435e+01
-4.267658713229381107e+01
-4.273738699752340864e+01
-4.275770285776781066e+01
-4.274070789469250542e+01
-4.268805447408762177e+01
-4.260160007227550949e+01
-4.248141306938636319e+01
-4.231877071615248553e+01
-4.212376216086789782e+01
-4.188609646003575904e+01
-4.161110613140708381e+01
-4.129315526333977004e+01
-4.093509747488224093e+01
-4.053438563847429066e+01
-4.008948013296053858e+01
-3.959786984128856346e+01
-3.901708390069823196e+01
-3.571701624051217294e+01
-3.814295836196092182e+01
-3.964473143829237500e+01
-4.068565712337372986e+01
-4.147478116082906752e+01
-4.212691228752731831e+01
-4.269198301628962611e+01
-4.317584399493534875e+01
-4.357877949511488680e+01
-4.391137702379320018e+01
-4.417991041748501146e+01
-4.439579504742600591e+01
-4.456221678027802824e+01
-4.468354159153855676e+01
-4.476575822378540437e+01
-4.480966951858605540e+01
-4.481331249161743813e+01
-4.478034698944875203e+01
-4.471090794201312235e+01
-4.460056257927437429e+01
-4.445239912826837525e+01
-4.426400218075773552e+01
-4.403989549443632256e+01
-4.377728917785228901e+01
-4.347476190741102897e+01
-4.311796293903109500e+01
-4.266099396773277164e+01
-4.202414427478450420e+01
-4.100682245841469609e+01
-3.399444494876749445e+01
-3.645618395859897731e+01
-3.790647398931059087e+01
-3.884365244415089791e+01
-3.954027348374912521e+01
-4.012461589297157616e+01
-4.061455145642940323e+01
-4.100204803775744011e+01
-4.129647366092206084e+01
-4.150858361571893340e+01
-4.165568256500158384e+01
-4.174580071013392768e+01
-4.179793411277635329e+01
-4.181203340879277164e+01
-4.180259007239852309e+01
-4.176984982868773955e+01
-4.171524055041703605e+01
-4.164045307361541859e+01
-4.152806941307151334e+01
-4.139559739128885951e+01
-4.122227895834021894e+01
-4.101890542063446077e+01
-4.077188113260940838e+01
-4.048504826741461216e+01
-4.016002237113799822e+01
-3.979594454702986184e+01
-3.939430942826391657e+01
-3.896252337886558337e+01
-3.851066497843694947e+01
-3.317870778794108588e+01
-3.606417794907206087e+01
-3.780630523431266710e+01
-3.900677366941435054e+01
-3.984747275082479945e+01
-4.047731563319786119e+01
-4.100603349233119843e+01
-4.146956845414563730e+01
-4.185424115800313416e+01
-4.215982651214486054e+01
-4.239472217484460259e+01
-4.256077185954838171e+01
-4.267658713229374712e+01
-4.273738699752342285e+01
-4.275770285776779644e+01
-4.274070789469253384e+01
-4.268805447408759335e+01
-4.260160007227557344e+01
-4.248141306938639872e+01
-4.231877071615254238e+01
-4.212376216086796887e+01
-4.188609646003583720e+01
-4.161110613140721171e+01
-4.129315526333979847e+01
-4.093509747488231199e+01
-4.053438563847438303e+01
-4.008948013296060253e+01
-3.959786984128864162e+01
-3.901708390069826038e+01
