-7.191210283100575307e-01
-8.138758146573543684e-01
-9.071861003554310132e-01
-1.003389591107598289e+00
-1.105636798187757952e+00
-1.234501476229395545e+00
-1.359283367111292051e+00
-1.482037404486391097e+00
-1.607743748511530679e+00
-1.736674362582338649e+00
-1.874331886129168900e+00
-1.948782537825318073e+00
-2.015697049031367705e+00
-2.085929990996028494e+00
-2.157907401177236117e+00
-2.231082091856917415e+00
-2.305845237072698062e+00
-2.372036165882856373e+00
-2.418834612385359684e+00
-2.465701584863051465e+00
-2.511528039217071573e+00
-2.555757723469033849e+00
-2.598115795060700783e+00
-2.638584374994032089e+00
-2.674367496444417291e+00
-2.704004889535925216e+00
-2.731255596687374165e+00
-2.755991876178665478e+00
-2.778172692419054179e+00
-2.798002122076562515e+00
-2.815819319274799781e+00
-2.831975082342562899e+00
-2.843133619760125796e+00
-2.851879928027249989e+00
-2.858196193567545507e+00
-2.861278219768669473e+00
-2.860212153738181939e+00
-2.854277343759019203e+00
-2.843493273254583897e+00
-2.829351105356726848e+00
-2.815090402691179605e+00
-2.806837518626537076e+00
-2.815428895073608828e+00
-2.861012496396023508e+00
-3.005112507851105619e+00
-3.260724904426396620e+00
-3.588636514732508331e+00
-4.170757841994230830e+00
-5.354453990668126551e+00
-7.191210283100574197e-01
-8.138758146573550345e-01
-9.071861003554317904e-01
-1.003389591107596734e+00
-1.105636798187756842e+00
-1.234501476229398875e+00
-1.359283367111293384e+00
-1.482037404486392429e+00
-1.607743748511529347e+00
-1.736674362582342201e+00
-1.874331886129170677e+00
-1.948782537825320738e+00
-2.015697049031365928e+00
-2.085929990996028494e+00
-2.157907401177235229e+00
-2.231082091856901428e+00
-2.305845237072698950e+00
-2.372036165882862591e+00
-2.418834612385359684e+00
-2.465701584863060347e+00
-2.511528039217071573e+00
-2.555757723469026743e+00
-2.598115795060709665e+00
-2.638584374994020543e+00
-2.674367496444416403e+00
-2.704004889535927880e+00
-2.731255596687383047e+00
-2.755991876178669031e+00
-2.778172692419059508e+00
-2.798002122076554521e+00
-2.815819319274803334e+00
-2.831975082342562899e+00
-2.843133619760131126e+00
-2.851879928027244659e+00
-2.858196193567566823e+00
-2.861278219768667697e+00
-2.860212153738176610e+00
-2.854277343759015650e+00
-2.843493273254591003e+00
-2.829351105356719742e+00
-2.815090402691167171e+00
-2.806837518626553063e+00
-2.815428895073614157e+00
-2.861012496396027061e+00
-3.005112507851100290e+00
-3.260724904426384185e+00
-3.588636514732511884e+00
-4.170757841994225501e+00
-5.354453990668133656e+00
-7.191210283100577527e-01
-8.138758146573543684e-01
-9.071861003554335667e-01
-1.003389591107596956e+00
-1.105636798187754177e+00
-1.234501476229396655e+00
-1.359283367111291607e+00
-1.482037404486388876e+00
-1.607743748511526016e+00
-1.736674362582342646e+00
-1.874331886129169789e+00
-1.948782537825319405e+00
-2.015697049031368593e+00
-2.085929990996032490e+00
-2.157907401177234341e+00
-2.231082091856912086e+00
-2.305845237072698062e+00
-2.372036165882860814e+00
-2.418834612385359684e+00
-2.465701584863050577e+00
-2.511528039217074237e+00
-2.555757723469027631e+00
-2.598115795060699007e+00
-2.638584374994028536e+00
-2.674367496444409298e+00
-2.704004889535933209e+00
-2.731255596687365284e+00
-2.755991876178661926e+00
-2.778172692419069278e+00
-2.798002122076552745e+00
-2.815819319274794452e+00
-2.831975082342548689e+00
-2.843133619760118691e+00
-2.851879928027264199e+00
-2.858196193567566823e+00
-2.861278219768683684e+00
-2.860212153738180163e+00
-2.854277343759015650e+00
-2.843493273254592779e+00
-2.829351105356714413e+00
-2.815090402691170723e+00
-2.806837518626545958e+00
-2.815428895073605275e+00
-2.861012496396030613e+00
-3.005112507851118053e+00
-3.260724904426401949e+00
-3.588636514732515437e+00
-4.170757841994232606e+00
-5.354453990668126551e+00
-3.824763805762243152e+01
-4.369175957407869504e+01
-4.518407011531816408e+01
-4.350689035859849696e+01
-4.110497160885862655e+01
-3.942000005630065118e+01
-3.870125353198302065e+01
-3.872844079567972386e+01
-3.917113914644883010e+01
-3.975602560059601842e+01
-4.032354694684615026e+01
-4.081944616970183404e+01
-4.122346219857495697e+01
-4.155446599844214006e+01
-4.180632138282461341e+01
-4.198883267902070315e+01
-4.210919828876956927e+01
-4.216841687400773253e+01
-4.217039267864372931e+01
-4.211841213839000631e+01
-4.201545243243928951e+01
-4.186434997811939951e+01
-4.166784850895014358e+01
-4.143320250921063064e+01
-4.116145321873761276e+01
-4.085506613421107858e+01
-4.053111344737839516e+01
-4.019022855152594076e+01
-3.986860072251451470e+01
-4.133938602264528583e+01
-4.655709780485975813e+01
-4.768671510021410143e+01
-4.560492757648640350e+01
-4.286082537796746550e+01
-4.095965226798578840e+01
-4.017336900584248127e+01
-4.020816139259037669e+01
-4.069244361654790509e+01
-4.133046352516412014e+01
-4.195362145276585863e+01
-4.249538816244294992e+01
-4.294923931307219789e+01
-4.332045923863838510e+01
-4.361623268236884599e+01
-4.384499134181010049e+01
-4.401294185757819122e+01
-4.412472388390260392e+01
-4.418395336205142598e+01
-4.419354818012219965e+01
-4.415586178847146215e+01
-4.407259050432588765e+01
-4.395066620207253294e+01
-4.378861464302448070e+01
-4.358187445221701495e+01
-4.332888607113619628e+01
-4.300933857687319062e+01
-4.257554165493470322e+01
-4.188510039544173935e+01
-3.907777332503972190e+01
-4.419016039038940846e+01
-4.535481124897457050e+01
-4.342218359906139824e+01
-4.080844507959980660e+01
-3.892909721617926522e+01
-3.808530634391819802e+01
-3.803440095903923179e+01
-3.842997693124726055e+01
-3.898260543844527604e+01
-3.952667275707063510e+01
-3.999950667510005786e+01
-4.038221490137070191e+01
-4.068120048825149837e+01
-4.090603683019956804e+01
-4.106454288096557548e+01
-4.116198012249939353e+01
-4.120311933147340966e+01
-4.119266729432465013e+01
-4.113384237988726255e+01
-4.102783868388683430e+01
-4.087869449488530904e+01
-4.068984460957847205e+01
-4.046511618124011278e+01
-4.020898799318271699e+01
-3.992784187963254539e+01
-3.963863525289295353e+01
-3.936111356959759178e+01
-3.918914534277000428e+01
-3.824763805762260915e+01
-4.369175957407868083e+01
-4.518407011531808593e+01
-4.350689035859839748e+01
-4.110497160885854839e+01
-3.942000005630058723e+01
-3.870125353198304197e+01
-3.872844079567973807e+01
-3.917113914644883721e+01
-3.975602560059599710e+01
-4.032354694684613605e+01
-4.081944616970180562e+01
-4.122346219857493566e+01
-4.155446599844209743e+01
-4.180632138282458499e+01
-4.198883267902066763e+01
-4.210919828876956927e+01
-4.216841687400771832e+01
-4.217039267864369378e+01
-4.211841213838997078e+01
-4.201545243243927530e+01
-4.186434997811937819e+01
-4.166784850895010806e+01
-4.143320250921067327e+01
-4.116145321873764829e+01
-4.085506613421110700e+01
-4.053111344737843069e+01
-4.019022855152597629e+01
-3.986860072251450759e+01
-4.133938602264488082e+01
-4.655709780485922522e+01
-4.768671510021409432e+01
-4.560492757648620454e+01
-4.286082537796730918e+01
-4.095965226798577419e+01
-4.017336900584267312e+01
-4.020816139259031274e+01
-4.069244361654782693e+01
-4.133046352516413435e+01
-4.195362145276588706e+01
-4.249538816244285044e+01
-4.294923931307212683e+01
-4.332045923863839221e+01
-4.361623268236887441e+01
-4.384499134181002233e+01
-4.401294185757820543e+01
-4.412472388390263234e+01
-4.418395336205147572e+01
-4.419354818012210018e+01
-4.415586178847147636e+01
-4.407259050432593028e+01
-4.395066620207260399e+01
-4.378861464302438122e+01
-4.358187445221703626e+01
-4.332888607113624602e+01
-4.300933857687327588e+01
-4.257554165493470322e+01
-4.188510039544173935e+01
-3.907777332503954426e+01
-4.419016039038946531e+01
-4.535481124897464156e+01
-4.342218359906138403e+01
-4.080844507959977818e+01
-3.892909721617915153e+01
-3.808530634391817671e+01
-3.803440095903916074e+01
-3.842997693124725345e+01
-3.898260543844526183e+01
-3.952667275707063510e+01
-3.999950667510002233e+01
-4.038221490137070191e+01
-4.068120048825148416e+01
-4.090603683019959647e+01
-4.106454288096556127e+01
-4.116198012249937932e+01
-4.120311933147343098e+01
-4.119266729432469987e+01
-4.113384237988725545e+01
-4.102783868388689825e+01
-4.087869449488537299e+01
-4.068984460957852178e+01
-4.046511618124015541e+01
-4.020898799318279515e+01
-3.992784187963261644e+01
-3.963863525289302459e+01
-3.936111356959763441e+01
-3.918914534277011086e+01
-3.824763805762226809e+01
-4.369175957407870214e+01
-4.518407011531824935e+01
-4.350689035859858222e+01
-4.110497160885865497e+01
-3.942000005630066539e+01
-3.870125353198305618e+01
-3.872844079567971676e+01
-3.917113914644879458e+01
-3.975602560059597579e+01
-4.032354694684610763e+01
-4.081944616970179140e+01
-4.122346219857490723e+01
-4.155446599844209743e+01
-4.180632138282458499e+01
-4.198883267902067473e+01
-4.210919828876957638e+01
-4.216841687400771121e+01
-4.217039267864372931e+01
-4.211841213838999920e+01
-4.201545243243929662e+01
-4.186434997811939240e+01
-4.166784850895012937e+01
-4.143320250921071590e+01
-4.116145321873769092e+01
-4.085506613421115674e+01
-4.053111344737847332e+01
-4.019022855152601181e+01
-3.986860072251459286e+01
-4.133938602264520767e+01
-4.655709780485950944e+01
-4.768671510021423643e+01
-4.560492757648605533e+01
-4.286082537796717418e+01
-4.095965226798556813e+01
-4.017336900584258785e+01
-4.020816139259021327e+01
-4.069244361654783404e+01
-4.133046352516407040e+01
-4.195362145276595811e+01
-4.249538816244288597e+01
-4.294923931307216947e+01
-4.332045923863841352e+01
-4.361623268236890993e+01
-4.384499134181004365e+01
-4.401294185757814148e+01
-4.412472388390263234e+01
-4.418395336205147572e+01
-4.419354818012212149e+01
-4.415586178847137688e+01
-4.407259050432590897e+01
-4.395066620207258978e+01
-4.378861464302438833e+01
-4.358187445221697942e+01
-4.332888607113620338e+01
-4.300933857687323325e+01
-4.257554165493461795e+01
-4.188510039544171804e+01
-3.907777332503950873e+01
-4.419016039038951504e+01
-4.535481124897457050e+01
-4.342218359906139113e+01
-4.080844507959981371e+01
-3.892909721617914443e+01
-3.808530634391821224e+01
-3.803440095903919627e+01
-3.842997693124726055e+01
-3.898260543844526893e+01
-3.952667275707062799e+01
-3.999950667510002233e+01
-4.038221490137073033e+01
-4.068120048825146284e+01
-4.090603683019958936e+01
-4.106454288096553285e+01
-4.116198012249939353e+01
-4.120311933147345229e+01
-4.119266729432468566e+01
-4.113384237988729808e+01
-4.102783868388688404e+01
-4.087869449488535167e+01
-4.068984460957853599e+01
-4.046511618124014831e+01
-4.020898799318274541e+01
-3.992784187963256670e+01
-3.963863525289301037e+01
-3.936111356959760599e+01
-3.918914534277005401e+01
