-2.383669293118058974e+00
-2.633493322411627258e+00
-2.900389087464566806e+00
-3.139458937988435228e+00
-3.368028779849960852e+00
-3.600579427818765055e+00
-3.836677661172005038e+00
-4.076566362581126590e+00
-4.317092281448123181e+00
-4.562860535980506782e+00
-4.816569167397872775e+00
-4.955300059838588567e+00
-5.093147487835851805e+00
-5.230467227962407151e+00
-5.366730869480075938e+00
-5.501472355537327275e+00
-5.634655403079730007e+00
-5.767400184018708131e+00
-5.900039969692091546e+00
-6.033390413667301999e+00
-6.139690777727167870e+00
-6.218830246686987806e+00
-6.294606062512364986e+00
-6.364678181916072930e+00
-6.426850577071842707e+00
-6.478835201283697387e+00
-6.518248734712493331e+00
-6.542728940464222376e+00
-6.550147252304000745e+00
-6.538904166340113733e+00
-6.507428919250514809e+00
-6.456103947547212840e+00
-6.387518749308707555e+00
-6.305112396387780649e+00
-6.211182279630374836e+00
-6.110182196020311096e+00
-6.013166346605579804e+00
-5.927678981985984308e+00
-5.863569084631265582e+00
-5.830157961872863837e+00
-5.837953361798746243e+00
-5.899559049508781072e+00
-6.029040355205928847e+00
-6.248817583306973233e+00
-6.594086382549733116e+00
-7.115269614418192390e+00
-7.911347905543447467e+00
-9.185285237993593199e+00
-1.151479250920899489e+01
-2.504087057110994774e+00
-2.736549008655138504e+00
-2.989449480821682936e+00
-3.209270296104825171e+00
-3.436600707908571195e+00
-3.669234203011634499e+00
-3.906497750675999470e+00
-4.148538426492867082e+00
-4.394045922531319093e+00
-4.644440506131696011e+00
-4.847387355745537363e+00
-4.984623879993858253e+00
-5.122448095340297769e+00
-5.258778821209133980e+00
-5.393620960158326483e+00
-5.527990856264732855e+00
-5.661948095506524226e+00
-5.795766193092433127e+00
-5.930028319626224231e+00
-6.062437787546109291e+00
-6.144629937235119854e+00
-6.225149241186944238e+00
-6.301679220679893945e+00
-6.372240108762074584e+00
-6.434787862629239186e+00
-6.487123252396106210e+00
-6.526926973193152293e+00
-6.551890384640095988e+00
-6.559936632102470355e+00
-6.549149388747359524e+00
-6.518104402277675291e+00
-6.468195180338984329e+00
-6.401308331231458482e+00
-6.319176430007534151e+00
-6.222810301680411271e+00
-6.124058359632329029e+00
-6.028497585729212460e+00
-5.945269056107193251e+00
-5.883411213610166612e+00
-5.852290441741715199e+00
-5.862463059153505185e+00
-5.926599218968078731e+00
-6.059209405900332968e+00
-6.282208719239704919e+00
-6.631419342892016289e+00
-7.157930079560031800e+00
-7.961466555874292084e+00
-9.246775409784095956e+00
-1.159643456170493891e+01
-2.445830993845183876e+00
-2.688186578363986001e+00
-2.952898186156591276e+00
-3.179272861897560531e+00
-3.407888666655243259e+00
-3.641030653430027186e+00
-3.878197836204344995e+00
-4.119610488112618540e+00
-4.362414555695712792e+00
-4.610841533777270129e+00
-4.840847887733660926e+00
-4.978383210253241486e+00
-5.116727686768573591e+00
-5.254489065566293249e+00
-5.391087113015966992e+00
-5.525619070622148854e+00
-5.659663243386059861e+00
-5.793403861821879275e+00
-5.927287210097961889e+00
-6.062369720433764542e+00
-6.155387153581013848e+00
-6.235699276354974785e+00
-6.312307680957598421e+00
-6.383063041951555050e+00
-6.445846078798787460e+00
-6.498410724442653219e+00
-6.538401465871103824e+00
-6.563477137545653761e+00
-6.571526806109559971e+00
-6.560967560278456290e+00
-6.530074814980082465e+00
-6.479645514499821957e+00
-6.412050926176632970e+00
-6.330789134063287804e+00
-6.234860535501713485e+00
-6.135061320294973086e+00
-6.039161449387371761e+00
-5.954807481962099303e+00
-5.891815436608482059e+00
-5.859522875701593136e+00
-5.868456305290955299e+00
-5.931246957053289748e+00
-6.061830943469509236e+00
-6.282996987847219827e+00
-6.629872044000961750e+00
-7.152949112365003970e+00
-7.951596924227644081e+00
-9.229366986986239141e+00
-1.156572278260523134e+01
-2.440430367255524757e+00
-2.680298406658064625e+00
-2.943090600198031481e+00
-3.168199093194490779e+00
-3.395743874057776779e+00
-3.627921506740387159e+00
-3.864192842737498523e+00
-4.104745439545959940e+00
-4.348058790988028832e+00
-4.595741306514330660e+00
-4.825057663402340324e+00
-4.961491389147465014e+00
-5.098775373554342849e+00
-5.235518521908860023e+00
-5.369965547060843392e+00
-5.503549675731395752e+00
-5.636621551677841069e+00
-5.769377291612080683e+00
-5.902266303470067754e+00
-6.036344256995938906e+00
-6.128493129648095561e+00
-6.207885692487401741e+00
-6.283581709278259098e+00
-6.353437059913279228e+00
-6.415339004549753810e+00
-6.467049430021056367e+00
-6.506222304429236658e+00
-6.530527730240986983e+00
-6.537869184652922883e+00
-6.526516789402339924e+00
-6.494566865699809455e+00
-6.443664038440978459e+00
-6.375648561288755900e+00
-6.294028184059101250e+00
-6.197841789864678930e+00
-6.097856014869591945e+00
-6.001083129123536253e+00
-5.916644013083278253e+00
-5.853584886878635984e+00
-5.821260516399192397e+00
-5.830211645772457985e+00
-5.893083465349533867e+00
-6.024556078111586999e+00
-6.246109884745017382e+00
-6.593678514691912795e+00
-7.118314354390491872e+00
-7.919355157725942007e+00
-9.200999602435395275e+00
-1.154413367772244037e+01
-2.504087057110991665e+00
-2.736549008655137172e+00
-2.989449480821678495e+00
-3.209270296104828724e+00
-3.436600707908572527e+00
-3.669234203011622952e+00
-3.906497750676002134e+00
-4.148538426492853759e+00
-4.394045922531308435e+00
-4.644440506131720880e+00
-4.847387355745548021e+00
-4.984623879993883122e+00
-5.122448095340310203e+00
-5.258778821209137533e+00
-5.393620960158299837e+00
-5.527990856264700881e+00
-5.661948095506531331e+00
-5.795766193092443785e+00
-5.930028319626213573e+00
-6.062437787546105739e+00
-6.144629937235144723e+00
-6.225149241186912263e+00
-6.301679220679861970e+00
-6.372240108762078137e+00
-6.434787862629217869e+00
-6.487123252396091999e+00
-6.526926973193155845e+00
-6.551890384640064013e+00
-6.559936632102449039e+00
-6.549149388747370182e+00
-6.518104402277703713e+00
-6.468195180338998540e+00
-6.401308331231426507e+00
-6.319176430007512835e+00
-6.222810301680429035e+00
-6.124058359632336135e+00
-6.028497585729205355e+00
-5.945269056107200356e+00
-5.883411213610187929e+00
-5.852290441741658356e+00
-5.862463059153554923e+00
-5.926599218968142679e+00
-6.059209405900325862e+00
-6.282208719239697814e+00
-6.631419342891994972e+00
-7.157930079560038905e+00
-7.961466555874277873e+00
-9.246775409784071087e+00
-1.159643456170491760e+01
-2.383669293118058974e+00
-2.633493322411627258e+00
-2.900389087464569027e+00
-3.139458937988442777e+00
-3.368028779849957743e+00
-3.600579427818765943e+00
-3.836677661171989939e+00
-4.076566362581136360e+00
-4.317092281448104529e+00
-4.562860535980505006e+00
-4.816569167397878104e+00
-4.955300059838604554e+00
-5.093147487835846476e+00
-5.230467227962412480e+00
-5.366730869480068833e+00
-5.501472355537286418e+00
-5.634655403079719349e+00
-5.767400184018718790e+00
-5.900039969692109310e+00
-6.033390413667291341e+00
-6.139690777727160764e+00
-6.218830246686998464e+00
-6.294606062512343669e+00
-6.364678181916058719e+00
-6.426850577071874682e+00
-6.478835201283676071e+00
-6.518248734712475567e+00
-6.542728940464208165e+00
-6.550147252304022061e+00
-6.538904166340156365e+00
-6.507428919250607180e+00
-6.456103947547234156e+00
-6.387518749308753740e+00
-6.305112396387755780e+00
-6.211182279630413916e+00
-6.110182196020360834e+00
-6.013166346605594015e+00
-5.927678981985970097e+00
-5.863569084631272688e+00
-5.830157961872885153e+00
-5.837953361798781771e+00
-5.899559049508766861e+00
-6.029040355205879109e+00
-6.248817583306980339e+00
-6.594086382549726011e+00
-7.115269614418181732e+00
-7.911347905543443915e+00
-9.185285237993593199e+00
-1.151479250920899133e+01
-2.440430367255522981e+00
-2.680298406658066401e+00
-2.943090600198037698e+00
-3.168199093194494331e+00
-3.395743874057776779e+00
-3.627921506740395152e+00
-3.864192842737497635e+00
-4.104745439545958163e+00
-4.348058790988021727e+00
-4.595741306514330660e+00
-4.825057663402338548e+00
-4.961491389147457909e+00
-5.098775373554333967e+00
-5.235518521908877787e+00
-5.369965547060859379e+00
-5.503549675731377988e+00
-5.636621551677833963e+00
-5.769377291612077130e+00
-5.902266303470085518e+00
-6.036344256995953117e+00
-6.128493129648081350e+00
-6.207885692487419504e+00
-6.283581709278276861e+00
-6.353437059913307650e+00
-6.415339004549732493e+00
-6.467049430021074130e+00
-6.506222304429215342e+00
-6.530527730240979878e+00
-6.537869184652915777e+00
-6.526516789402357688e+00
-6.494566865699859193e+00
-6.443664038441003328e+00
-6.375648561288745242e+00
-6.294028184059101250e+00
-6.197841789864686035e+00
-6.097856014869606156e+00
-6.001083129123543358e+00
-5.916644013083256937e+00
-5.853584886878643090e+00
-5.821260516399163976e+00
-5.830211645772472195e+00
-5.893083465349505445e+00
-6.024556078111572788e+00
-6.246109884745038698e+00
-6.593678514691887926e+00
-7.118314354390506082e+00
-7.919355157725910033e+00
-9.200999602435381064e+00
-1.154413367772245635e+01
-2.445830993845183876e+00
-2.688186578363984225e+00
-2.952898186156590388e+00
-3.179272861897556979e+00
-3.407888666655249921e+00
-3.641030653430023634e+00
-3.878197836204343218e+00
-4.119610488112616764e+00
-4.362414555695700358e+00
-4.610841533777271906e+00
-4.840847887733655597e+00
-4.978383210253230828e+00
-5.116727686768580696e+00
-5.254489065566289696e+00
-5.391087113015958110e+00
-5.525619070622150630e+00
-5.659663243386070519e+00
-5.793403861821875722e+00
-5.927287210097951231e+00
-6.062369720433778753e+00
-6.155387153581003190e+00
-6.235699276354949916e+00
-6.312307680957598421e+00
-6.383063041951537286e+00
-6.445846078798769696e+00
-6.498410724442607034e+00
-6.538401465871061191e+00
-6.563477137545628892e+00
-6.571526806109531549e+00
-6.560967560278420763e+00
-6.530074814980117992e+00
-6.479645514499800640e+00
-6.412050926176664944e+00
-6.330789134063294910e+00
-6.234860535501717038e+00
-6.135061320294969534e+00
-6.039161449387385971e+00
-5.954807481962077986e+00
-5.891815436608467849e+00
-5.859522875701543398e+00
-5.868456305290962405e+00
-5.931246957053282642e+00
-6.061830943469509236e+00
-6.282996987847226933e+00
-6.629872044000940434e+00
-7.152949112365021733e+00
-7.951596924227654739e+00
-9.229366986986224930e+00
-1.156572278260523312e+01
