-7.949860443460279313e-01
-1.042831872847093777e+00
-1.354526333691797646e+00
-1.678866382770035415e+00
-1.958413217176697696e+00
-2.137423182069932981e+00
-2.326482037314216544e+00
-2.459903709267403649e+00
-2.575153785116256699e+00
-2.675065121434744952e+00
-2.746621440955023807e+00
-2.801870637731524560e+00
-2.841930759411165575e+00
-2.862322065124486059e+00
-2.858743522368173196e+00
-2.820751615817556512e+00
-2.777053779523370736e+00
-3.181990504285313826e+00
-4.038096764531962535e+00
-7.949860443460289305e-01
-1.042831872847091557e+00
-1.354526333691798756e+00
-1.678866382770035193e+00
-1.958413217176700138e+00
-2.137423182069931649e+00
-2.326482037314218321e+00
-2.459903709267400984e+00
-2.575153785116260252e+00
-2.675065121434745841e+00
-2.746621440955022031e+00
-2.801870637731523228e+00
-2.841930759411160246e+00
-2.862322065124489612e+00
-2.858743522368175860e+00
-2.820751615817565838e+00
-2.777053779523376065e+00
-3.181990504285320043e+00
-4.038096764531970528e+00
-7.949860443460290416e-01
-1.042831872847092223e+00
-1.354526333691798534e+00
-1.678866382770033860e+00
-1.958413217176699694e+00
-2.137423182069930760e+00
-2.326482037314220097e+00
-2.459903709267400984e+00
-2.575153785116259364e+00
-2.675065121434745841e+00
-2.746621440955022919e+00
-2.801870637731524560e+00
-2.841930759411162022e+00
-2.862322065124489612e+00
-2.858743522368174972e+00
-2.820751615817555624e+00
-2.777053779523374732e+00
-3.181990504285309385e+00
-4.038096764531961647e+00
-4.368077815599720282e+01
-4.470870473763442021e+01
-4.125200320012460509e+01
-4.156590645305719534e+01
-4.307854186693369769e+01
-4.412325995446354199e+01
-4.465132704691941967e+01
-4.475945497726474542e+01
-4.451354624248786962e+01
-4.397676575061215232e+01
-4.315222656727780759e+01
-4.070483645890907098e+01
-4.191157367037916970e+01
-3.861399873875465971e+01
-3.873563487234967084e+01
-3.997276358634879045e+01
-4.073667044154015571e+01
-4.100569184224544017e+01
-4.089840948776716090e+01
-4.047262386221724739e+01
-3.979763905712910343e+01
-3.908498789303261134e+01
-4.163736483499105390e+01
-4.324989904995322121e+01
-4.012265954308590921e+01
-4.042704376099650432e+01
-4.183081040546168339e+01
-4.274392023789273765e+01
-4.312026344308290504e+01
-4.305981638611130791e+01
-4.263191767070914295e+01
-4.190640378191023530e+01
-4.101528863442472783e+01
-4.368077815599703229e+01
-4.470870473763450548e+01
-4.125200320012454824e+01
-4.156590645305725218e+01
-4.307854186693367637e+01
-4.412325995446347804e+01
-4.465132704691944099e+01
-4.475945497726478806e+01
-4.451354624248799041e+01
-4.397676575061222337e+01
-4.315222656727780048e+01
-4.070483645890911362e+01
-4.191157367037922654e+01
-3.861399873875461708e+01
-3.873563487234967084e+01
-3.997276358634879756e+01
-4.073667044154014150e+01
-4.100569184224546149e+01
-4.089840948776713958e+01
-4.047262386221727581e+01
-3.979763905712911054e+01
-3.908498789303261134e+01
-4.163736483499111785e+01
-4.324989904995324252e+01
-4.012265954308590921e+01
-4.042704376099650432e+01
-4.183081040546169760e+01
-4.274392023789278028e+01
-4.312026344308289083e+01
-4.305981638611127948e+01
-4.263191767070910743e+01
-4.190640378191024240e+01
-4.101528863442477757e+01
-4.368077815599709623e+01
-4.470870473763450548e+01
-4.125200320012454114e+01
-4.156590645305726639e+01
-4.307854186693367637e+01
-4.412325995446349225e+01
-4.465132704691946941e+01
-4.475945497726470990e+01
-4.451354624248791225e+01
-4.397676575061220205e+01
-4.315222656727778627e+01
-4.070483645890912072e+01
-4.191157367037922654e+01
-3.861399873875465261e+01
-3.873563487234966374e+01
-3.997276358634878335e+01
-4.073667044154014860e+01
-4.100569184224545438e+01
-4.089840948776713958e+01
-4.047262386221730424e+01
-3.979763905712913186e+01
-3.908498789303263266e+01
-4.163736483499106100e+01
-4.324989904995327095e+01
-4.012265954308590210e+01
-4.042704376099646879e+01
-4.183081040546168339e+01
-4.274392023789277317e+01
-4.312026344308291215e+01
-4.305981638611130080e+01
-4.263191767070912164e+01
-4.190640378191027082e+01
-4.101528863442476336e+01
