-1.063781994392100527e+00
-1.539039521929227661e+00
-1.829674324410248021e+00
-2.049718103641500200e+00
-2.234779192675095949e+00
-2.385607586711307349e+00
-2.504552948909538834e+00
-2.593636307838069310e+00
-2.653164924829342297e+00
-2.681807407888404438e+00
-2.669311610088923814e+00
-2.579319631397199775e+00
-2.087633425411748789e+00
-3.059715270311628377e+00
-1.063781994392101193e+00
-1.539039521929227439e+00
-1.829674324410248021e+00
-2.049718103641501088e+00
-2.234779192675095949e+00
-2.385607586711304684e+00
-2.504552948909536170e+00
-2.593636307838064425e+00
-2.653164924829339189e+00
-2.681807407888407102e+00
-2.669311610088928699e+00
-2.579319631397211321e+00
-2.087633425411766552e+00
-3.059715270311631929e+00
-1.063781994392099861e+00
-1.539039521929225218e+00
-1.829674324410246022e+00
-2.049718103641499756e+00
-2.234779192675093729e+00
-2.385607586711308237e+00
-2.504552948909535282e+00
-2.593636307838064869e+00
-2.653164924829334748e+00
-2.681807407888397776e+00
-2.669311610088913600e+00
-2.579319631397188672e+00
-2.087633425411693722e+00
-3.059715270311428537e+00
-3.696109615568229145e+01
-2.207860825041516861e+01
-3.821737176144009851e+01
-2.546986572157691953e+01
-3.768699266863439590e+01
-2.816510288405651963e+01
-3.754902000783847882e+01
-3.072403879509305469e+01
-4.088230676043190215e+01
-3.662027308878502652e+01
-2.158034827577846926e+01
-3.706785658366554514e+01
-2.418556391304608866e+01
-3.587621717902430163e+01
-2.602813425870829533e+01
-3.495090156305993645e+01
-2.766989025652648593e+01
-3.708749152539162708e+01
-3.798672905324143301e+01
-2.297931776109000168e+01
-3.936888124732902838e+01
-2.657815932216376709e+01
-3.876171610891277908e+01
-2.927142365950840741e+01
-3.837481841293836737e+01
-3.168864679181244171e+01
-4.120189932918306397e+01
-3.696109615568236961e+01
-2.207860825041538888e+01
-3.821737176144006298e+01
-2.546986572157619122e+01
-3.768699266863474406e+01
-2.816510288405629936e+01
-3.754902000783874172e+01
-3.072403879509287350e+01
-4.088230676043185952e+01
-3.662027308878523257e+01
-2.158034827577861137e+01
-3.706785658366580094e+01
-2.418556391304600695e+01
-3.587621717902442242e+01
-2.602813425870828468e+01
-3.495090156306003593e+01
-2.766989025652643974e+01
-3.708749152539146365e+01
-3.798672905324134774e+01
-2.297931776109018642e+01
-3.936888124732887917e+01
-2.657815932216413657e+01
-3.876171610891208275e+01
-2.927142365950864189e+01
-3.837481841293783447e+01
-3.168864679181249855e+01
-4.120189932918276554e+01
-3.696109615568332174e+01
-2.207860825041496966e+01
-3.821737176143999903e+01
-2.546986572157642925e+01
-3.768699266863458774e+01
-2.816510288405642726e+01
-3.754902000783864224e+01
-3.072403879509314706e+01
-4.088230676043166056e+01
-3.662027308878630549e+01
-2.158034827577810688e+01
-3.706785658366601410e+01
-2.418556391304577957e+01
-3.587621717902437268e+01
-2.602813425870816033e+01
-3.495090156305993645e+01
-2.766989025652648593e+01
-3.708749152539142813e+01
-3.798672905324276883e+01
-2.297931776108951851e+01
-3.936888124732969629e+01
-2.657815932216349708e+01
-3.876171610891260855e+01
-2.927142365950842162e+01
-3.837481841293804052e+01
-3.168864679181243105e+01
-4.120189932918289344e+01
