-7.565911119191499612e-01
-8.605401679879530752e-01
-9.625244312718876927e-01
-1.069258357531940540e+00
-1.188337142001570257e+00
-1.312440603677714313e+00
-1.439122860996272735e+00
-1.567794032432894724e+00
-1.698468778105254762e+00
-1.836042757582593943e+00
-1.957982839438177081e+00
-2.025923084276731068e+00
-2.098341839628493855e+00
-2.173156578690186524e+00
-2.249419369560309523e+00
-2.327064529781796232e+00
-2.407227186494243831e+00
-2.457745216883651551e+00
-2.508615693118671608e+00
-2.558235212653780621e+00
-2.606370593696351712e+00
-2.652762831367210694e+00
-2.697316199486586186e+00
-2.738134148195962680e+00
-2.771917221368607187e+00
-2.803268931764465677e+00
-2.831973134313214402e+00
-2.858019470737739987e+00
-2.881532654676133731e+00
-2.902756186754116285e+00
-2.921926673359291904e+00
-2.935105971058272090e+00
-2.946361557399486131e+00
-2.955327399701092261e+00
-2.961487121134611655e+00
-2.964124045239495686e+00
-2.962453489960727993e+00
-2.955967775982337287e+00
-2.945026129535236237e+00
-2.930294803823986882e+00
-2.917173808611090990e+00
-2.913094833277684259e+00
-2.929187297025439563e+00
-2.981299131616029996e+00
-3.092170482807587106e+00
-3.292348964508526876e+00
-3.638001973947906365e+00
-4.246261389973479794e+00
-5.460469363803321485e+00
-7.565911119191471856e-01
-8.605401679879520760e-01
-9.625244312718836959e-01
-1.069258357531940984e+00
-1.188337142001567592e+00
-1.312440603677712980e+00
-1.439122860996273845e+00
-1.567794032432896278e+00
-1.698468778105255206e+00
-1.836042757582595719e+00
-1.957982839438183298e+00
-2.025923084276730624e+00
-2.098341839628497851e+00
-2.173156578690185192e+00
-2.249419369560309967e+00
-2.327064529781790903e+00
-2.407227186494242055e+00
-2.457745216883654216e+00
-2.508615693118677825e+00
-2.558235212653784174e+00
-2.606370593696356153e+00
-2.652762831367216023e+00
-2.697316199486582633e+00
-2.738134148195968010e+00
-2.771917221368606299e+00
-2.803268931764471006e+00
-2.831973134313208185e+00
-2.858019470737743539e+00
-2.881532654676131067e+00
-2.902756186754108292e+00
-2.921926673359285687e+00
-2.935105971058280971e+00
-2.946361557399477249e+00
-2.955327399701094038e+00
-2.961487121134615208e+00
-2.964124045239483252e+00
-2.962453489960720887e+00
-2.955967775982342616e+00
-2.945026129535218473e+00
-2.930294803823993988e+00
-2.917173808611101649e+00
-2.913094833277687812e+00
-2.929187297025446668e+00
-2.981299131616024667e+00
-3.092170482807588883e+00
-3.292348964508528653e+00
-3.638001973947904588e+00
-4.246261389973486899e+00
-5.460469363803326814e+00
-7.565911119191484069e-01
-8.605401679879522980e-01
-9.625244312718862494e-01
-1.069258357531938319e+00
-1.188337142001571811e+00
-1.312440603677713424e+00
-1.439122860996273401e+00
-1.567794032432890283e+00
-1.698468778105253651e+00
-1.836042757582594831e+00
-1.957982839438181522e+00
-2.025923084276728847e+00
-2.098341839628498740e+00
-2.173156578690191409e+00
-2.249419369560310855e+00
-2.327064529781791791e+00
-2.407227186494247384e+00
-2.457745216883664874e+00
-2.508615693118675161e+00
-2.558235212653778845e+00
-2.606370593696355265e+00
-2.652762831367207141e+00
-2.697316199486588850e+00
-2.738134148195971562e+00
-2.771917221368601858e+00
-2.803268931764470118e+00
-2.831973134313211737e+00
-2.858019470737736434e+00
-2.881532654676131955e+00
-2.902756186754107404e+00
-2.921926673359283910e+00
-2.935105971058272090e+00
-2.946361557399484354e+00
-2.955327399701078050e+00
-2.961487121134613432e+00
-2.964124045239488581e+00
-2.962453489960717334e+00
-2.955967775982337287e+00
-2.945026129535222026e+00
-2.930294803823997540e+00
-2.917173808611105201e+00
-2.913094833277684259e+00
-2.929187297025443115e+00
-2.981299131616024667e+00
-3.092170482807592435e+00
-3.292348964508530429e+00
-3.638001973947897483e+00
-4.246261389973490452e+00
-5.460469363803326814e+00
