Polar data for 2 at Re = 31428.571428571428
Alpha (deg) Cl Cd
-180.0 -1.1513505323898356 1.1341642934818692
-179.49930458970792 -1.1677785800638385 1.132895497777254
-178.99860917941587 -1.1841824655417112 1.131609182904905
-178.49791376912378 -1.200561435999695 1.1303054092284568
-177.9972183588317 -1.216914738614029 1.1289842371115477
-177.49652294853965 -1.2332416205609635 1.1276457269178128
-176.99582753824757 -1.249541329016734 1.126289939010888
-176.4951321279555 -1.2658131111575819 1.12491693375441
-175.99443671766343 -1.2820562141597498 1.1235267715120152
-175.49374130737135 -1.2982698851994807 1.1221195126473393
-174.99304589707927 -1.3144533714530122 1.1206952175240192
-174.49235048678722 -1.3306059200965925 1.1192539465056908
-173.99165507649514 -1.3467267783064574 1.1177957599559902
-173.49095966620305 -1.3628151932588515 1.1163207182385535
-172.990264255911 -1.378870412130016 1.1148288817170169
-172.48956884561892 -1.39489168209619 1.1133203107550171
-171.98887343532684 -1.4108782503336186 1.1117950657161906
-171.48817802503476 -1.426829364018546 1.1102532069641722
-170.9874826147427 -1.4427442703272049 1.1086947948626
-170.48678720445062 -1.4586222164358449 1.1071198897751087
-169.98609179415854 -1.4744624495207037 1.1055285520653348
-169.4853963838665 -1.4902642167580278 1.1039208420969149
-168.9847009735744 -1.5060267653240529 1.102296820233486
-168.48400556328232 -1.5217493423950184 1.100656546838683
-167.98331015299027 -1.5374311951471724 1.099000082276143
-167.4826147426982 -1.5530715707567597 1.097327486909501
-166.9819193324061 -1.5686697164000125 1.095638821102395
-166.48122392211405 -1.584224879253179 1.0939341452184603
-165.98052851182197 -1.599736306492495 1.0922135196213332
-165.4798331015299 -1.6152032452942104 1.0904770046746495
-164.97913769123784 -1.6306249428345612 1.0887246607420455
-164.47844228094576 -1.6460006462897883 1.0869565481871581
-163.97774687065368 -1.6613296028361364 1.0851727273736231
-163.47705146036162 -1.6766110596498467 1.0833732586650768
-162.97635605006954 -1.6918442639071567 1.0815582024251555
-162.47566063977746 -1.7070284627843129 1.0797276190174956
-161.9749652294854 -1.7221629034575563 1.0778815688057328
-161.47426981919332 -1.7372468331031317 1.0760201121535027
-160.97357440890124 -1.7522794988972747 1.0741433094244441
-160.4728789986092 -1.7672601480162249 1.0722512209821904
-159.9721835883171 -1.7821880276362303 1.0703439071903795
-159.47148817802503 -1.7970623849335303 1.0684214284126474
-158.97079276773297 -1.811882467084366 1.06648384501263
-158.4700973574409 -1.8266475212649804 1.0645312173539634
-157.9694019471488 -1.8413567946516127 1.0625636058002836
-157.46870653685676 -1.8560095344205094 1.060581070715228
-156.96801112656468 -1.870604987747908 1.058583672462432
-156.4673157162726 -1.8851424018100515 1.0565714714055305
-155.96662030598054 -1.8996210237831774 1.0545445279081629
-155.46592489568846 -1.914040100843534 1.0525029023339636
-154.96522948539638 -1.9283988801673622 1.0504466550465676
-154.46453407510432 -1.942696608930898 1.0483758464096131
-153.96383866481224 -1.9569325343103858 1.046290536786736
-153.46314325452016 -1.9711059034820688 1.0441907865415718
-152.9624478442281 -1.9852159636221862 1.0420766560377572
-152.46175243393603 -1.999261961906988 1.0399482056389284
-151.96105702364395 -2.0132431455127064 1.0378054957087217
-151.4603616133519 -2.0271587616155844 1.035648586610773
-150.9596662030598 -2.041008057391863 1.0334775387087194
-150.45897079276773 -2.054790280017787 1.0312924123661955
-149.95827538247568 -2.0685046766695954 1.0290932679468394
-149.4575799721836 -2.0821504945235385 1.0268801658142852
-148.9568845618915 -2.0957269807558485 1.0246531663321714
-148.45618915159943 -2.109233382542763 1.022412329864133
-147.95549374130738 -2.1226689470605336 1.0201577167738063
-147.4547983310153 -2.1360329214853997 1.017889387424828
-146.95410292072324 -2.1493245529936007 1.0156074021808332
-146.45340751043116 -2.1625430887613777 1.0133118214054595
-145.95271210013908 -2.1756877759649753 1.0110027054623414
-145.452016689847 -2.188757861780633 1.0086801147151174
-144.95132127955495 -2.2017525933845934 1.0063441095274226
-144.45062586926286 -2.2146712179531014 1.0039947502628932
-143.94993045897078 -2.2275129826623945 1.0016320972851642
-143.44923504867873 -2.240277134688712 0.9992562109578746
-142.94853963838665 -2.2529629212082933 0.996867151644659
-142.44784422809457 -2.26556958939739 0.9944649797091536
-141.9471488178025 -2.2780963864322437 0.9920497555149943
-141.44645340751043 -2.2905425594890914 0.9896215394258174
-140.94575799721835 -2.3029073557441673 0.9871803918052606
-140.44506258692627 -2.315190022373725 0.984726373016958
-139.94436717663422 -2.327389806554 0.982259543424548
-139.44367176634213 -2.339505955461234 0.9797799633916653
-138.94297635605005 -2.3515377162716713 0.9772876932819465
-138.442280945758 -2.3634843361615547 0.9747827934590272
-137.94158553546592 -2.375345062307122 0.9722653242865453
-137.44089012517384 -2.3871191418846176 0.9697353461281355
-136.94019471488178 -2.3988058220702793 0.9671929193474349
-136.4394993045897 -2.4104043500403534 0.9646381043080798
-135.93880389429762 -2.4219139729710792 0.9620709613737048
-135.43810848400557 -2.4333339380387 0.959491550907948
-134.9374130737135 -2.4446634924194526 0.9568999332744448
-134.4367176634214 -2.4559018832895894 0.9542961688368314
-133.93602225312935 -2.467048357825337 0.9516803179587447
-133.43532684283727 -2.4781021632029474 0.9490524410038201
-132.9346314325452 -2.4890625465986598 0.9464125983356952
-132.43393602225314 -2.499928755188719 0.943760850318005
-131.93324061196105 -2.510700036149362 0.9410972573143845
-131.43254520166897 -2.5213756366568307 0.9384218796884718
-130.93184979137692 -2.531954803887366 0.935734777803904
-130.43115438108484 -2.5424367850172156 0.9330360120243149
-129.93045897079276 -2.5528208272226123 0.9303256427133424
-129.4297635605007 -2.563106177679804 0.9276037302346234
-128.92906815020862 -2.5732920835650357 0.9248703349517906
-128.42837273991654 -2.5833777920545393 0.9221255172284835
-127.92767732962449 -2.5933625503245614 0.9193693374283378
-127.4269819193324 -2.603245605551345 0.9166018559149891
-126.92628650904032 -2.6130262049111344 0.9138231330520727
-126.42559109874827 -2.6227035955801568 0.9110332292032273
-125.92489568845619 -2.632277024734671 0.9082322047320877
-125.42420027816411 -2.6417457395509145 0.9054201200022898
-124.92350486787205 -2.651108987205125 0.9025970353774713
-124.42280945757997 -2.6603660148735435 0.8997630112212653
-123.92211404728789 -2.6695160697324094 0.8969181078973127
-123.42141863699584 -2.678558398957976 0.8940623857692445
-122.92072322670376 -2.6874922497264726 0.8911959052007021
-122.42002781641168 -2.6963168692141504 0.8883187265553172
-121.91933240611961 -2.7050315045972435 0.8854309101967304
-121.41863699582754 -2.713635403051995 0.882532516488574
-120.91794158553546 -2.722127811754653 0.8796236057944848
-120.41724617524339 -2.730507977881453 0.876704238478101
-119.91655076495132 -2.738775148608633 0.8737744749030583
-119.41585535465924 -2.7469285711124445 0.8708343754329921
-118.91515994436718 -2.754967492569118 0.8678840004315389
-118.41446453407511 -2.7628911601549073 0.8649234102623349
-117.91376912378303 -2.7706988210460444 0.8619526652890168
-117.41307371349096 -2.7783897224187757 0.8589718258752219
-116.91237830319889 -2.7859631114493424 0.8559809523845829
-116.41168289290681 -2.7934182353139856 0.8529801051807393
-115.91098748261474 -2.800754341188948 0.8499693446273255
-115.41029207232268 -2.807970676250466 0.8469487310879793
-114.9095966620306 -2.815066487674787 0.8439183249263356
-114.40890125173853 -2.8220410226381527 0.8408781865060306
-113.90820584144646 -2.8288935283168004 0.8378283761907017
-113.40751043115438 -2.83562325188698 0.8347689543439842
-112.90681502086231 -2.8422294405249207 0.8316999813295145
-112.40611961057024 -2.8487113414068737 0.8286215175109288
-111.90542420027816 -2.8550682017090785 0.8255336232518635
-111.4047287899861 -2.861299268607771 0.8224363589159549
-110.90403337969401 -2.8674037892792046 0.8193297848668397
-110.40333796940195 -2.8733810108996134 0.816213961468153
-109.90264255910988 -2.8792301806452403 0.8130889490835309
-109.4019471488178 -2.884950545692323 0.8099548080766108
-108.90125173852573 -2.890541353217109 0.8068115988110294
-108.40055632823366 -2.896001850395837 0.8036593816504207
-107.89986091794158 -2.9013312844047525 0.8004982169584212
-107.39916550764951 -2.90652890242009 0.7973281650986701
-106.89847009735745 -2.9115939516180975 0.7941492864348008
-106.39777468706536 -2.9165256791750145 0.7909616413304494
-105.8970792767733 -2.9213233322670784 0.7877652901492547
-105.39638386648123 -2.925986158070543 0.784560293254851
-104.89568845618915 -2.9305134037616365 0.7813467110108743
-104.39499304589708 -2.9349043165166075 0.7781246037809617
-103.89429763560501 -2.939158143511692 0.7748940319287487
-103.39360222531293 -2.9432741319231375 0.7716550558178725
-102.89290681502086 -2.9472515289271874 0.7684077358119681
-102.3922114047288 -2.9510895817000757 0.7651521322746735
-101.89151599443672 -2.9547875374180577 0.761888305569622
-101.39082058414465 -2.958344643257344 0.7586163160604547
-100.89012517385257 -2.9617601463942154 0.7553362241108021
-100.3894297635605 -2.9650332940049 0.7520480900843034
-99.88873435326843 -2.9681633332656214 0.7487519743445952
-99.38803894297635 -2.9711495113526385 0.7454479372553133
-98.88734353268428 -2.973991075442194 0.7421360391800924
-98.38664812239222 -2.9766872727105294 0.7388163404825718
-97.88595271210013 -2.9792373503338694 0.7354889015263844
-97.38525730180807 -2.9816405554884766 0.7321537826751707
-96.884561891516 -2.9838961353505815 0.7288110442925615
-96.38386648122392 -2.986003337096436 0.7254607467421965
-95.88317107093185 -2.987961407902261 0.7221029503877108
-95.38247566063978 -2.9897695949443164 0.7187377155927419
-94.8817802503477 -2.9914271453988444 0.715365102720924
-94.38108484005564 -2.9929333064420827 0.7119851721358947
-93.88038942976357 -2.994287325250267 0.7085979842012917
-93.37969401947149 -2.9954884489996494 0.7052035992807464
-92.87899860917942 -2.9965359248664583 0.7018020777379008
-92.37830319888734 -2.997429000026942 0.6983934799363865
-91.87760778859527 -2.998166921657345 0.6949778662398436
-91.3769123783032 -2.9987489369339033 0.6915552970119054
-90.87621696801112 -2.9991742930328686 0.6881258326162096
-90.37552155771905 -2.9994422371304768 0.684689533416392
-89.87482614742699 -2.999552016402965 0.6812464597760894
-89.3741307371349 -2.9995028780265804 0.677796672058935
-88.87343532684284 -2.9992940691775583 0.67434023062857
-88.37273991655077 -2.9989248370321504 0.6708771958486275
-87.87204450625869 -2.998394428766589 0.6674076280827443
-87.37134909596662 -2.997702091557128 0.6639315876945546
-86.87065368567455 -2.9968470725799867 0.6604491350476995
-86.36995827538247 -2.995828619011433 0.6569603305058114
-85.8692628650904 -2.9946459780276906 0.6534652344325278
-85.36856745479834 -2.9932983968050055 0.6499639071914864
-84.86787204450626 -2.9917851225196226 0.6464564091463187
-84.36717663421419 -2.990105402347783 0.642942800660665
-83.86648122392211 -2.9882584834657187 0.6394231420981611
-83.36578581363004 -2.986243613049685 0.635897493822442
-82.86509040333797 -2.9840600382759184 0.6323659161971444
-82.36439499304589 -2.981707006320659 0.6288284695859061
-81.86369958275382 -2.9791837643601506 0.6252852143523602
-81.36300417246176 -2.97648955957063 0.6217362108601461
-80.86230876216968 -2.9736236391283586 0.6181815194728961
-80.36161335187761 -2.970585250209552 0.6146212005542515
-79.86091794158554 -2.9673736399904587 0.6110553144678446
-79.36022253129346 -2.963988055647327 0.6074839215773129
-78.85952712100139 -2.9604277443563958 0.6039070822462942
-78.35883171070932 -2.956691953293903 0.6003248568384207
-77.85813630041724 -2.9527799296360953 0.5967373057173329
-77.35744089012518 -2.94869092055921 0.5931444892466655
-76.85674547983311 -2.944424173239495 0.5895464677900528
-76.35605006954103 -2.9399789348531864 0.5859433017111333
-75.85535465924896 -2.9353544525765325 0.5823350513735437
-75.35465924895689 -2.9305499735857654 0.5787217771409181
-74.85396383866481 -2.9255647450571334 0.5751035393768951
-74.35326842837274 -2.920398014166865 0.5714803984451096
-73.85257301808066 -2.91504902809123 0.5678524147091966
-73.3518776077886 -2.9095170340064427 0.5642196485327946
-72.85118219749653 -2.903801279088762 0.5605821602795378
-72.35048678720445 -2.8979010105144147 0.5569400103130637
-71.84979137691238 -2.891815475459665 0.5532932589970083
-71.34909596662031 -2.885543921100726 0.5496419666950083
-70.84840055632823 -2.8790855946138545 0.5459861937706996
-70.34770514603616 -2.8724397431752915 0.5423260005877188
-69.8470097357441 -2.8656056139612835 0.5386614475096994
-69.34631432545201 -2.85858245414807 0.5349925949002814
-68.84561891515995 -2.851369510911874 0.5313195031231
-68.34492350486788 -2.8439660314289603 0.52764223254179
-67.8442280945758 -2.8363712628755713 0.5239608435199883
-67.34353268428373 -2.828584452427927 0.5202753964213325
-66.84283727399166 -2.8206048472622913 0.5165859516094566
-66.34214186369958 -2.8124316945548915 0.5128925694479984
-65.84144645340751 -2.804064241481981 0.5091953103005928
-65.34075104311543 -2.79550173521979 0.5054942345308784
-64.84005563282336 -2.7867434229445673 0.5017894025024883
-64.3393602225313 -2.777788551832552 0.49808087457906197
-63.838664812239216 -2.7686363690599847 0.4943687111242326
-63.33796940194715 -2.7592861218031053 0.4906529725016387
-62.83727399165508 -2.7497370572381654 0.4869337190749153
-62.336578581363 -2.7399884225413973 0.4832110112076982
-61.83588317107093 -2.730039464889051 0.47948490926362425
-61.335187760778865 -2.719889431457346 0.4757554736063328
-60.834492350486784 -2.7095375694225576 0.4720227645994535
-60.333796940194716 -2.6989831259609036 0.4682868426066276
-59.83310152990265 -2.6882253482486287 0.46454776799149095
-59.33240611961057 -2.677263483461983 0.4608056011176776
-58.8317107093185 -2.6660967787772036 0.45706040234882434
-58.33101529902643 -2.6547244813705304 0.4533122320485679
-57.83031988873435 -2.643145838418208 0.44956115058054597
-57.329624478442284 -2.6313600970964663 0.4458072183083917
-56.82892906815022 -2.61936650458157 0.44205049559574544
-56.328233657858135 -2.6071643080497426 0.4382910428062386
-55.82753824756607 -2.5947527546772267 0.4345289203035115
-55.326842837273986 -2.5821310916402704 0.4307641884511982
-54.82614742698192 -2.5692985661151133 0.4269969076129346
-54.32545201668985 -2.5562544252780035 0.4232271381523565
-53.82475660639777 -2.5429979163051732 0.41945494043310433
-53.3240611961057 -2.529528286372867 0.4156803748188103
-52.823365785813635 -2.5158447826573265 0.41190350167311124
-52.322670375521554 -2.5019466523347833 0.40812438135964474
-51.82197496522949 -2.4878331425815037 0.404343074242044
-51.321279554937405 -2.473503500573709 0.4005596406839494
-50.82058414464535 -2.4589569734876444 0.39677414104899406
-50.31988873435327 -2.444192808499563 0.39298663570081654
-49.81919332406119 -2.4292102527856794 0.38919718500305095
-49.318497913769136 -2.414008553522263 0.385405849319334
-48.817802503477054 -2.3985869578855534 0.3816126890133034
-48.31710709318497 -2.3829447130517756 0.37781776444859233
-47.81641168289292 -2.3670810661971813 0.3740211359888402
-47.31571627260084 -2.35099526449801 0.37022286399768195
-46.81502086230876 -2.334686555130506 0.3664230088387544
-46.3143254520167 -2.3181541852709127 0.3626216308756916
-45.81363004172462 -2.301397402095453 0.3588187904721339
-45.31293463143254 -2.2844154527803897 0.35501454799171356
-44.81223922114049 -2.2672075845019726 0.35120896379806826
-44.311543810848406 -2.2497730444364143 0.34740209825483476
-43.810848400556324 -2.2321110797599757 0.343594011725648
-43.31015299026427 -2.214220937648894 0.3397847645741457
-42.80945757997219 -2.1961018652794233 0.33597441716396276
-42.30876216968011 -2.1777531098277705 0.33216302985873686
-41.808066759388026 -2.159173918470214 0.3283506630221021
-41.30737134909597 -2.1403635383829847 0.32453737701769697
-40.80667593880389 -2.1213212167423126 0.3207232322091574
-40.30598052851181 -2.1020462007244443 0.3169082889601174
-39.80528511821976 -2.082537737505626 0.3130926076342165
-39.304589707927676 -2.062795074262096 0.3092762485950887
-38.803894297635594 -2.042817458170107 0.305459272206369
-38.30319888734354 -2.0226041364058935 0.3016417388316986
-37.80250347705146 -2.0021543561456894 0.29782370883470716
-37.30180806675938 -1.9814673645657357 0.29400524257903676
-36.801112656467325 -1.960542408842286 0.2901864004283197
-36.30041724617524 -1.9393787361515709 0.2863672427461946
-35.79972183588316 -1.9179755936698508 0.2825478298962945
-35.29902642559111 -1.896332228573344 0.2787282222422616
-34.79833101529903 -1.874447888038309 0.2749084801477247
-34.297635605006946 -1.8523218192409732 0.27108866397632664
-33.79694019471489 -1.8299532693575933 0.2672688340916998
-33.29624478442281 -1.8073414855643946 0.2634490508574801
-32.79554937413073 -1.7844857150376305 0.2596293746373069
-32.294853963838676 -1.7613852049535477 0.25580986579481163
-31.794158553546595 -1.7380392024883693 0.2519905846936346
-31.293463143254513 -1.714446954818349 0.2481715916974126
-30.79276773296246 -1.6906077091197402 0.2443529471697779
-30.29207232267038 -1.666520712568754 0.24053471147436994
-29.791376912378297 -1.6421852123416616 0.2367169449748237
-29.290681502086244 -1.6176004556146828 0.23289970803477594
-28.789986091794162 -1.5927656895640765 0.22908306101786252
-28.28929068150208 -1.5676801613660678 0.2252670642877193
-27.788595271210028 -1.5423431181969103 0.22145177820798484
-27.287899860917946 -1.5167538072328486 0.21763726314229143
-26.787204450625865 -1.490911475650115 0.2138235794542785
-26.28650904033381 -1.4648153706249505 0.210010787507581
-25.78581363004173 -1.4384647393335963 0.20619894766583485
-25.28511821974965 -1.4118588289523077 0.20238812029267678
-24.784422809457595 -1.384996886657317 0.19857836575174265
-24.283727399165514 -1.3578781596248688 0.19476974440666833
-23.783031988873432 -1.3305018950311882 0.19096231662109414
-23.28233657858135 -1.3028673400525395 0.18715614275864884
-22.781641168289298 -1.2749737418651566 0.1833512831829736
-22.280945757997216 -1.2468203476452753 0.17954779825770523
-21.780250347705135 -1.218406404569158 0.17574574834647777
-21.27955493741308 -1.189731159813014 0.1719451938129289
-20.778859527121 -1.160793860553102 0.16814619502069267
-20.27816411682892 -1.1315937539656633 0.16434881233340765
-19.777468706536865 -1.1021300872269566 0.1605531061147088
-19.276773296244784 -1.0724021075131769 0.15675913672823288
-18.776077885952702 -1.042409062000615 0.15296696453761577
-18.27538247566065 -1.0121501978654837 0.1491766499064951
-17.774687065368568 -0.9816247622840347 0.14538825319850407
-17.273991655076486 -0.9508320024325055 0.1416018347772821
-16.773296244784433 -0.9197711654871551 0.1378174550064642
-16.27260083449235 -0.8884414986241996 0.1340351742496853
-15.77190542420027 -0.8568422490198874 0.13025505287058398
-15.271210013908217 -0.8249726638504701 0.1264771512327943
-14.770514603616135 -0.7928319902921924 0.12270152969995389
-14.269819193324054 -0.7604194755212671 0.11892824863569955
-13.769123783032 -0.7277343667139707 0.11515736840366535
-13.268428372739919 -0.6947759110465267 0.11138894936748626
-12.767732962447838 -0.6615433556951725 0.10762305189080527
-12.267037552155784 -0.6280359478361742 0.10385973633725203
-11.766342141863703 -0.594252934645748 0.10009906307046594
-11.265646731571621 -0.5601935633001492 0.096341092454082
-10.764951321279568 -0.5258570809756083 0.09258588485173784
-10.264255910987487 -0.49124273484837 0.08883350062706578
-9.763560500695405 -0.4563497720946824 0.08508400014370703
-9.262865090403352 -0.42117743989079737 0.08133744376529477
-8.76216968011127 -0.385724985412924 0.07759389185546665
-8.261474269819189 -0.34999165583732117 0.07385340477785766
-7.760778859527136 -0.3139766983402549 0.07011604289610456
-7.260083449235054 -0.2776793600979236 0.06638186657384497
-6.759388038942973 -0.24109888828660397 0.06265093617471211
-6.25869262865092 -0.20423453008251224 0.0589233120623454
-5.757997218358838 -0.1670855326619073 0.055199054600378925
-5.257301808066757 -0.1296511432010231 0.05147822415245122
-4.756606397774675 -0.09193060887609728 0.04776088108219638
-4.255910987482622 -0.05392317686338155 0.04404708575325027
-3.7552155771905404 -0.01562809433910639 0.040336898529251417
-3.254520166898459 0.022955391520469326 0.036630379773834806
-2.753824756606406 0.06182803353911159 0.032927589850631864
-2.2531293463143243 0.10099058454059351 0.02922858912329089
-1.7524339360222427 0.14040820584144725 0.02553296244784415
-1.2517385257301896 0.189098331015298 0.024176453407510415
-0.7510431154381081 0.2413036161335188 0.025277538247566067
-0.25034770514602656 0.2861698191933249 0.026574019471488203
0.25034770514602656 0.3284785813630034 0.02811616133518773
0.7510431154381081 0.36858136300417244 0.029929068150208623
1.2517385257301896 0.40662865090403405 0.03202778859527125
1.7524339360222427 0.44267037552155697 0.034422364394992994
2.2531293463143243 0.4769090403337969 0.03711777468706536
2.753824756606406 0.5094417246175249 0.04011401947148823
3.254520166898459 0.5402203059805278 0.043426369958275306
3.7552155771905404 0.5846070931849788 0.04736058414464533
4.255910987482622 0.6912040333796963 0.05131696801112662
4.756606397774675 0.8316478442280915 0.05309618915159944
5.257301808066757 0.9964517385257291 0.04518937413073722
5.757997218358838 1.1087926286509044 0.03749908205841446
6.258692628650891 1.1393767732962439 0.04130386648122372
6.759388038942973 1.1772411682892903 0.049450347705145975
7.260083449235054 1.2118561891515998 0.058069847009735845
7.760778859527107 1.2262991655076494 0.06718479833101504
8.261474269819189 1.2164198887343534 0.07727848400556318
8.76216968011127 1.1871529902642557 0.08804481223922124
9.262865090403324 1.1288570236439521 0.1006065090403334
9.763560500695405 1.080183171070932 0.11512410292072307
10.264255910987487 1.039910570236439 0.13580560500695432
10.76495132127954 0.9823305980528529 0.16164148817802426
11.265646731571621 0.9602410292072322 0.17863133518776067
11.766342141863703 0.9648663421418637 0.18642506258692634
12.267037552155784 0.976689429763561 0.19476063977746896
12.767732962447838 0.9873890125173852 0.20196842837273984
13.268428372739919 0.9997108484005565 0.2095065646731572
13.769123783032 1.0157130737134912 0.2178823226703757
14.269819193324054 1.0259344923504865 0.22431609179415848
14.770514603616135 1.0394351877607788 0.2312200278164117
15.271210013908217 1.056125473915039 0.23902538064127526
15.77190542420027 1.0726151014364973 0.24679723111399754
16.27260083449235 1.0888812121375886 0.25453170278266635
16.773296244784433 1.10492455884207 0.2622288560109174
17.273991655076486 1.1207458943736994 0.26988875116238664
17.774687065368568 1.1363459715562367 0.2775114486007111
18.27538247566065 1.151725543213439 0.2850970086895266
18.776077885952702 1.1668853621690647 0.2926454917924689
19.276773296244784 1.1818261812468729 0.300156958273175
19.777468706536865 1.1965487532706216 0.30763146849528095
20.27816411682892 1.2110538310640684 0.31506908282242235
20.778859527121 1.225342167450973 0.3224698616182363
21.27955493741308 1.2394145152550928 0.3298338652463587
21.780250347705135 1.2532716273001863 0.3371611540704253
22.280945757997216 1.2669142564100122 0.34445178845407315
22.781641168289298 1.2803431554083287 0.3517058287609381
23.28233657858135 1.2935590771188936 0.3589233353546559
23.783031988873432 1.3065627743654664 0.3661043685988637
24.283727399165514 1.3193549999718046 0.3732489888571973
24.784422809457567 1.3319365067616662 0.3803572564932924
25.28511821974965 1.344308047558811 0.3874292318707862
25.78581363004173 1.356470375186996 0.39446497535331443
26.286509040333783 1.3684242424699793 0.401464547304513
26.787204450625865 1.380170402231521 0.4084280080880188
27.287899860917946 1.391709607295378 0.41535541806746784
27.78859527121 1.4030426104853086 0.4222468376064958
28.28929068150208 1.4141701646250726 0.4291023270687398
28.789986091794162 1.4250930225384268 0.43592194681783547
29.290681502086215 1.4358119370491296 0.44270575721741906
29.791376912378297 1.4463276609809408 0.4494538186311272
30.29207232267038 1.4566409471576174 0.4561661914225959
30.79276773296246 1.4667525484029182 0.46284293595546133
31.293463143254513 1.4766632175406014 0.4694841125933593
31.794158553546595 1.4863737073944256 0.47608978169992694
32.294853963838676 1.495884770788149 0.4826600036388001
32.79554937413073 1.5051971605455297 0.4891948387736143
33.29624478442281 1.5143116294903267 0.49569434746800695
33.79694019471489 1.5232289304462978 0.5021585900856137
34.297635605006946 1.531949816237201 0.5085876269900704
34.79833101529903 1.5404750396867959 0.5149815185450142
35.29902642559111 1.5488053536188402 0.5213403251140807
35.79972183588316 1.556941510857091 0.5276641070609059
36.30041724617524 1.564884264225309 0.5339529247491268
36.801112656467325 1.572634366547251 0.5402068385423792
37.30180806675938 1.5801925706466755 0.5464259088042989
37.80250347705146 1.587559629347342 0.552610195898523
38.30319888734354 1.594736295473007 0.5587597601886872
38.803894297635594 1.6017233218474303 0.5648746620384275
39.304589707927676 1.6085214612943695 0.5709549618113808
39.80528511821976 1.6151314666375831 0.5770007198711831
40.30598052851181 1.6215540907008297 0.58301199658147
40.80667593880389 1.6277900863078676 0.5889888523058786
41.30737134909597 1.6338402062824549 0.5949313474080449
41.808066759388026 1.63970520344835 0.6008395422516046
42.30876216968011 1.6453858306293117 0.6067134972001945
42.80945757997219 1.6508828406490976 0.6125532726174509
43.31015299026424 1.6561969863314667 0.6183589288670095
43.810848400556324 1.661329020500177 0.624130526312507
44.311543810848406 1.6662796959789872 0.6298681253175794
44.81223922114046 1.6710497655916545 0.6355717862458627
45.31293463143254 1.6756399821619388 0.6412415694609938
45.81363004172462 1.6800510985135984 0.6468775353266085
46.314325452016675 1.68428386747039 0.6524797442063427
46.81502086230876 1.6883390418560733 0.6580482564638332
47.31571627260084 1.692217374494407 0.6635831324627164
47.81641168289289 1.6959196182091483 0.6690844325666274
48.31710709318497 1.6994465258240559 0.6745522171392038
48.817802503477054 1.702798850162889 0.6799865465440811
49.318497913769136 1.7059773440494048 0.6853874811448957
49.81919332406119 1.7089827603073622 0.6907550813052835
50.31988873435327 1.711815851760519 0.6960894073888813
50.82058414464535 1.7144773712326349 0.7013905197593248
51.321279554937405 1.7169680715474667 0.7066584787802503
51.82197496522949 1.7192887055287738 0.7118933448152946
52.32267037552157 1.7214400260003142 0.7170951782280934
52.82336578581362 1.723422785785846 0.7222640393822828
53.3240611961057 1.725237737709128 0.7273999886414995
53.824756606397784 1.726885634593918 0.7325030863693796
54.32545201668984 1.7283672292639753 0.7375733929295589
54.82614742698192 1.7296832745430573 0.7426109686856742
55.326842837274 1.7308345232549223 0.7476158740013615
55.82753824756605 1.7318217282233297 0.7525881692402568
56.328233657858135 1.7326456422720367 0.757527914765997
56.82892906815022 1.7333070182248025 0.7624351709422177
57.32962447844227 1.7338066089053847 0.767309998132555
57.83031988873435 1.7341451671375427 0.7721524567006457
58.33101529902643 1.7343234457450336 0.7769626070101259
58.831710709318486 1.7343421975516167 0.7817405094246314
59.33240611961057 1.7342021753810495 0.786486224307799
59.83310152990265 1.7339041320570914 0.7911998120232646
60.3337969401947 1.7334488204035 0.7958813329346643
60.834492350486784 1.732836993244034 0.8005308474056348
61.335187760778865 1.7320694034024515 0.805148415799812
61.83588317107092 1.731146803702511 0.8097340984808318
62.336578581363 1.730069946967971 0.8142879558123313
62.83727399165508 1.7288395860225894 0.818810048157946
63.337969401947134 1.7274564736901246 0.8233004358813123
63.838664812239216 1.725921362794335 0.8277591793460667
64.3393602225313 1.7242350061589802 0.8321863389158453
64.84005563282335 1.722398156607817 0.8365819749542838
65.34075104311543 1.7204115669646036 0.8409461478250191
65.84144645340751 1.7182759900530997 0.8452789178916873
66.34214186369957 1.7159921786970629 0.8495803455179245
66.84283727399165 1.7135608857202511 0.8538504910673671
67.34353268428373 1.7109828639464233 0.8580894149036511
67.84422809457581 1.7082588661993379 0.8622971773904129
68.34492350486786 1.7053896453027533 0.8664738388912886
68.84561891515995 1.7023759540804266 0.8706194597699146
69.34631432545203 1.6992185453561182 0.8747341003899269
69.84700973574408 1.695918171953585 0.8788178211149615
70.34770514603616 1.692475586696586 0.8828706823086555
70.84840055632824 1.6888915424088782 0.8868927443346445
71.3490959666203 1.6851667919142224 0.8908840675565647
71.84979137691238 1.6813020880363743 0.8948447123380525
72.35048678720446 1.677298183599095 0.8987747390427443
72.85118219749651 1.6731558314261408 0.9026742080342757
73.3518776077886 1.6688757843412705 0.9065431796762837
73.85257301808068 1.6644587951682421 0.9103817143324041
74.35326842837273 1.659905616730815 0.9141898723662731
74.85396383866481 1.6552170018527468 0.9179677141415272
75.35465924895689 1.6503937033577971 0.9217153000218026
75.85535465924895 1.6454364740697218 0.9254326903707352
76.35605006954103 1.6403460668122816 0.9291199455519616
76.85674547983308 1.635123234409234 0.9327771259291173
77.35744089012519 1.6297687296843364 0.9364042918658401
77.85813630041724 1.6242833054613484 0.9400015037257643
78.3588317107093 1.6186677145640282 0.9435688218725273
78.8595271210014 1.6129227098161332 0.9471063066697655
79.36022253129346 1.6070490440414233 0.9506140184811143
79.86091794158551 1.6010474700636563 0.9540920176702103
80.36161335187762 1.5949187407065892 0.9575403646006901
80.86230876216968 1.5886636087939823 0.9609591196361891
81.36300417246173 1.5822828271495926 0.9643483431403443
81.86369958275384 1.575777148597179 0.9677080954767918
82.36439499304589 1.5691473259604996 0.9710384370091676
82.86509040333794 1.562394112063314 0.974339428101108
83.36578581363005 1.5555182597293782 0.9776111291162494
83.86648122392211 1.5485205217824527 0.9808536004182276
84.36717663421416 1.5414016510462951 0.984066902370679
84.86787204450627 1.5341624003446617 0.9872510953372404
85.36856745479832 1.5268035225013152 0.9904062396815472
85.86926286509038 1.5193257703400107 0.993532395767236
86.36995827538249 1.5117298966845074 0.9966296239579431
86.87065368567454 1.504016654358563 0.9996979846173046
87.3713490959666 1.4961867961859374 1.0027375381089567
87.8720445062587 1.4882410749903876 1.0057483447965363
88.37273991655076 1.4801802435956732 1.0087304650436786
88.87343532684281 1.4720050548255506 1.0116839592140199
89.37413073713492 1.4637162615037798 1.0146088876711974
89.87482614742697 1.4553146164541189 1.0175053107788463
90.37552155771903 1.4468008725003263 1.0203732889006034
90.87621696801114 1.4381757824661583 1.023212882400105
91.37691237830319 1.4294400991753773 1.026024151640987
91.87760778859524 1.4205945754517377 1.0288071569868853
92.37830319888735 1.4116399641190003 1.0315619588014373
92.8789986091794 1.4025770180009225 1.034288617448278
93.37969401947146 1.3934064899212624 1.0369871932910442
93.88038942976357 1.3841291327037788 1.0396577466933725
94.38108484005562 1.3747456991722324 1.0423003380188982
94.88178025034773 1.3652569421503755 1.0449150276312582
95.38247566063978 1.3556636144619731 1.0475018758940886
95.88317107093184 1.3459664689307789 1.0500609431710255
96.38386648122395 1.3361662583805525 1.0525922898257054
96.884561891516 1.3262637356350542 1.0550959762217642
97.38525730180805 1.3162596535180402 1.057572062722838
97.88595271210016 1.3061547648532694 1.0600206096925637
98.38664812239222 1.2959498224645003 1.0624416774945766
98.88734353268427 1.2856455791754917 1.064835326492514
99.38803894297638 1.2752427878100003 1.0672016170500114
99.88873435326843 1.2647422011917868 1.0695406095307054
100.38942976356049 1.2541445721446074 1.0718523642982314
100.8901251738526 1.2434506534922218 1.0741369417162272
101.39082058414465 1.2326611980583881 1.0763944021483274
101.8915159944367 1.2217769586668648 1.0786248059581691
102.39221140472881 1.210798688141408 1.0808282135093887
102.89290681502086 1.19972713930578 1.0830046851656217
103.39360222531292 1.1885630649837373 1.0851542812905048
103.89429763560503 1.177307217999037 1.0872770622476744
104.39499304589708 1.1659603511754395 1.0893730884007664
104.89568845618913 1.1545232173367013 1.0914424201134167
105.39638386648124 1.142996569306582 1.0934851177492624
105.8970792767733 1.1313811599088406 1.095501241671939
106.39777468706535 1.1196777419672324 1.097490852245083
106.89847009735746 1.1078870683055189 1.099454009832331
107.39916550764951 1.096009891747458 1.1013907747973186
107.89986091794157 1.084046965116808 1.1033012075036819
108.40055632823368 1.0719990412373241 1.1051853683150583
108.90125173852573 1.0598668729327696 1.1070433175950827
109.40194714881778 1.0476512130268998 1.108875115707392
109.90264255910989 1.0353528143434736 1.1106808230156227
110.40333796940195 1.02297242970625 1.1124604998834102
110.904033379694 1.0105108119389858 1.114214206674391
111.40472878998611 0.9979687138654402 1.115942003752202
111.90542420027816 0.9853468883093738 1.1176439514804783
112.40611961057022 0.9726460880945401 1.1193201102228572
112.90681502086233 0.9598670660447007 1.1209705403429744
113.40751043115438 0.9470105749836154 1.1225953022044661
113.90820584144643 0.9340773677350404 1.124194456170969
114.40890125173854 0.9210681971227309 1.1257680626061186
114.9095966620306 0.9079838159704531 1.1273161818735515
115.41029207232265 0.8948249771019604 1.1288388743369042
115.91098748261476 0.8815924333410091 1.1303362003598125
116.41168289290681 0.8682869375113599 1.1318082203059128
116.91237830319886 0.8549092424367751 1.1332549945388415
117.41307371349097 0.8414601009410049 1.1346765834222345
117.91376912378303 0.8279402658478142 1.1360730473197282
118.41446453407508 0.8143504899809603 1.1374444465949582
118.91515994436719 0.8006915261641993 1.138790841611562
119.41585535465924 0.7869641272212918 1.140112292733175
119.9165507649513 0.7731690459759925 1.1414088603234336
120.4172461752434 0.7593070352520636 1.142680604745974
120.91794158553546 0.7453788478732631 1.1439275863644327
121.41863699582751 0.7313852366633483 1.1451498655424455
121.91933240611962 0.7173269544460744 1.1463475026436487
122.42002781641168 0.7032047540452065 1.147520558031679
122.92072322670373 0.6890193882845 1.1486690920701719
123.42141863699584 0.6747716099877102 1.1497931651227642
123.92211404728789 0.6604621719785996 1.1508928375530918
124.42280945757994 0.6460918270809252 1.151968169724791
124.92350486787205 0.6316613281184432 1.1530192220014983
125.42420027816411 0.6171714279149162 1.1540460547468498
125.92489568845616 0.6026228792940985 1.1550487283244808
126.42559109874827 0.58801643507975 1.1560273030980297
126.92628650904032 0.5733528480956304 1.1569818394311304
127.42698191933238 0.5586328711654968 1.1579123976874204
127.92767732962449 0.5438572571131063 1.158819038230536
128.42837273991654 0.5290267587622214 1.1597018214241128
128.9290681502086 0.5141421289365938 1.1605608076317873
129.4297635605007 0.4992041204599852 1.1613960572171957
129.93045897079276 0.4842134861561588 1.1622076305439746
130.4311543810848 0.4691709788488655 1.1629955879757596
130.93184979137692 0.4540773513618678 1.1637599898761877
131.43254520166897 0.4389333565189245 1.1645008966088943
131.93324061196108 0.42373974714378837 1.165218368537516
132.43393602225314 0.40849727606022357 1.1659124660256892
132.9346314325452 0.393206696091989 1.1665832494370498
133.4353268428373 0.3778687600628373 1.1672307791352343
133.93602225312935 0.36248422079653186 1.1678551154838785
134.4367176634214 0.34705383111682886 1.1684563188466188
134.93741307371351 0.3315783438474872 1.1690344495870926
135.43810848400557 0.31605851181226574 1.1695895680689339
135.93880389429762 0.3004950878349225 1.1701217346557806
136.43949930458973 0.2848888247392155 1.1706310097112689
136.94019471488178 0.26924047534890183 1.171117453599034
137.44089012517384 0.25355079248774304 1.1715811266827132
137.94158553546595 0.23782052897949535 1.172022089325942
138.442280945758 0.22205043764791677 1.172440401892357
138.94297635605005 0.20624127131676795 1.1728361247455943
139.44367176634216 0.19039378280980068 1.17320931824929
139.94436717663422 0.1745087249507845 1.173560042767081
140.44506258692627 0.15858685056346855 1.1738883586626023
140.94575799721838 0.14262891247161524 1.1741943262994912
141.44645340751043 0.1266356634989808 1.1744780060413835
141.94714881780249 0.11060785646932503 1.174739458251915
142.4478442280946 0.09454624420640323 1.1749787432947234
142.94853963838665 0.07845157953398141 1.1751959215334429
143.4492350486787 0.06232461527581046 1.1753910533317116
143.9499304589708 0.046166104255649265 1.1755641990531642
144.45062586926286 0.02997679929726116 1.1757154190614383
144.95132127955492 0.013757453224400584 1.1758447737201694
145.45201668984703 -0.0024911811391771232 1.1759523233929932
145.95271210013908 -0.018768350969705083 1.1760381284435473
146.45340751043113 -0.03507330344342974 1.176102249235467
146.95410292072324 -0.05140528573659486 1.1761447461323882
147.4547983310153 -0.06776354502544157 1.1761656794979478
147.95549374130735 -0.08414732848620476 1.176165109695782
148.45618915159946 -0.10055588329513354 1.176143097089527
148.9568845618915 -0.11698845662846724 1.1760997020428188
149.45757997218357 -0.13344429566244698 1.1760349849192933
149.95827538247568 -0.14992264757331653 1.1759490060825877
150.45897079276773 -0.16642275953731434 1.1758418258963372
150.95966620305978 -0.18294387873068152 1.1757135047241787
151.4603616133519 -0.19948525232966807 1.1755641029297483
151.96105702364395 -0.21604612751050445 1.1753936808766823
152.461752433936 -0.2326257514494362 1.175202298928617
152.9624478442281 -0.24922337132270977 1.174990017449188
153.46314325452016 -0.26583823430656184 1.1747568968020323
153.96383866481222 -0.28246958757723084 1.174502997350786
154.46453407510432 -0.29911667831096855 1.1742283794590846
154.96522948539638 -0.31577875368400987 1.173933103490565
155.46592489568843 -0.3324550608725968 1.1736172298088632
155.96662030598054 -0.34914484705297044 1.1732808187776156
156.4673157162726 -0.3658473594013737 1.1729239307604586
156.96801112656465 -0.38256184509404945 1.1725466261210276
157.46870653685676 -0.3992875513072379 1.1721489652229602
157.9694019471488 -0.41602372521717934 1.171731008429891
158.47009735744086 -0.4327696140001175 1.1712928161054577
158.97079276773297 -0.449524464832297 1.1708344486132953
159.47148817802503 -0.4662875248899502 1.1703559663170413
159.97218358831708 -0.48305804134932695 1.1698574295803308
160.4728789986092 -0.49983526138666756 1.1693388987668007
160.97357440890124 -0.5166184321782122 1.1688004342400866
161.4742698191933 -0.533406800900203 1.1682420963638258
161.9749652294854 -0.5501996147288809 1.167663945501653
162.47566063977746 -0.5669961208404871 1.1670660420172063
162.9763560500695 -0.5837955664112663 1.1664484462741207
163.47705146036162 -0.6005971986174586 1.165811218636032
163.97774687065368 -0.6174002646353026 1.1651544194665777
164.47844228094573 -0.634204011641042 1.1644781091293932
164.97913769123784 -0.6510076868109232 1.163782347988115
165.4798331015299 -0.6678105373211803 1.1630671964063788
165.98052851182194 -0.684611810348058 1.162332714747822
166.48122392211405 -0.7014107530678017 1.1615789633760796
166.9819193324061 -0.7182066126566463 1.1608060026547886
167.48261474269816 -0.7349986362908375 1.1600138929475854
167.98331015299027 -0.7517860711466163 1.159202694618105
168.48400556328232 -0.7685681644002266 1.158372468029985
168.98470097357443 -0.7853441632279058 1.1575232735468608
169.4853963838665 -0.8021133148058933 1.1566551715323694
169.98609179415854 -0.8188748663104392 1.155768222350146
170.48678720445065 -0.8356280649177826 1.1548624863638275
170.9874826147427 -0.8523721578041595 1.1539380239370503
171.48817802503476 -0.8691063921458163 1.1529948954334504
171.98887343532687 -0.8858300151189958 1.1520331612166634
172.48956884561892 -0.9025422738999339 1.1510528816503265
172.99026425591097 -0.9192424156648787 1.1500541170980751
173.49095966620308 -0.9359296875900697 1.1490369279235462
173.99165507649514 -0.952603336851746 1.1480013744903752
174.4923504867872 -0.9692626106261525 1.1469475171621997
174.9930458970793 -0.9859067560895302 1.1458754163026539
175.49374130737135 -1.0025350204181183 1.144785132275376
175.9944367176634 -1.01914665078816 1.1436767254440015
176.49513212795551 -1.0357408943759014 1.1425502561721659
176.99582753824757 -1.0523169983575715 1.1414057848235069
177.49652294853962 -1.0688742099094255 1.1402433717616591
177.99721835883173 -1.085411776207701 1.1390630773502597
178.49791376912378 -1.101928944428637 1.1378649619529448
178.99860917941584 -1.118424961748477 1.1366490859333505
179.49930458970795 -1.1348990753434633 1.1354155096551133
180.0 -1.1513505323898356 1.1341642934818692
