Polar data for 1 at Re = 100000.0
Alpha (deg) Cl Cd
-180.0 -7.7804644708786626 0.42576397500129354
-179.49930458970792 -7.79391816130782 0.42477757318307
-178.99860917941587 -7.80723508620167 0.42378544657493905
-178.49791376912378 -7.820414691773674 0.4227876362056728
-177.9972183588317 -7.833456424237287 0.42178418310404536
-177.49652294853965 -7.846359729805972 0.42077512829883007
-176.99582753824757 -7.859124054693186 0.4197605128188004
-176.4951321279555 -7.871748845112393 0.41874037769273026
-175.99443671766343 -7.884233547277045 0.4177147639493925
-175.49374130737135 -7.896577607400605 0.41668371261756126
-174.99304589707927 -7.908780471696534 0.41564726472601005
-174.49235048678722 -7.920841586378291 0.4146054613035119
-173.99165507649514 -7.932760397659333 0.4135583433788405
-173.49095966620305 -7.944536351753122 0.4125059519807696
-172.990264255911 -7.956168894873116 0.41144832813807225
-172.48956884561892 -7.9676574732327765 0.4103855128795226
-171.98887343532684 -7.979001533045558 0.4093175472338943
-171.48817802503476 -7.990200520524926 0.4082444722299596
-170.9874826147427 -8.001253881884335 0.4071663288964937
-170.48678720445062 -8.012161063337247 0.4060831582622683
-169.98609179415854 -8.02292151109712 0.40499500135605854
-169.4853963838665 -8.033534671377417 0.40390189920663694
-168.9847009735744 -8.043999990391594 0.40280389284277723
-168.48400556328232 -8.054316914353109 0.4017010232932538
-167.98331015299027 -8.064484889475427 0.400593331586839
-167.4826147426982 -8.074503361972003 0.3994808587523066
-166.9819193324061 -8.084371778056298 0.3983636458184305
-166.48122392211405 -8.094089583941766 0.39724173381398414
-165.98052851182197 -8.103656225841876 0.39611516376774064
-165.4798331015299 -8.113071149970082 0.3949839767084741
-164.97913769123784 -8.122333802539844 0.3938482136649572
-164.47844228094576 -8.13144362976462 0.3927079156659647
-163.97774687065368 -8.140400077857873 0.39156312374026875
-163.47705146036162 -8.14920259303306 0.39041387891664375
-162.97635605006954 -8.157850621503641 0.389260222223863
-162.47566063977746 -8.166343609483075 0.38810219469070034
-161.9749652294854 -8.17468100318482 0.3869398373459287
-161.47426981919332 -8.182862248822339 0.3857731912183215
-160.97357440890124 -8.190886792609088 0.3846022973366527
-160.4728789986092 -8.19875408075853 0.3834271967296962
-159.9721835883171 -8.20646355948412 0.3822479304262247
-159.47148817802503 -8.214014674999325 0.381064539455012
-158.97079276773297 -8.221406873517594 0.37987706484483236
-158.4700973574409 -8.228639601252393 0.37868554762445833
-157.9694019471488 -8.23571230441718 0.3774900288226632
-157.46870653685676 -8.242624429225414 0.3762905494682213
-156.96801112656468 -8.249375421890555 0.375087150589906
-156.4673157162726 -8.255964728626065 0.37387987321649024
-155.96662030598054 -8.262391795645396 0.3726687583767487
-155.46592489568846 -8.268656069162017 0.37145384709945367
-154.96522948539638 -8.27475699538938 0.3702351804133794
-154.46453407510432 -8.280694020540945 0.3690127993472991
-153.96383866481224 -8.286466590830177 0.36778674492998625
-153.46314325452016 -8.292074152470528 0.36655705819021484
-152.9624478442281 -8.297516151675463 0.36532378015675765
-152.46175243393603 -8.302792034658442 0.36408695185838863
-151.96105702364395 -8.30790124763292 0.36284661432388127
-151.4603616133519 -8.312843236812359 0.36160280858200927
-150.9596662030598 -8.317617448410218 0.3603555756615459
-150.45897079276773 -8.322223328639957 0.3591049565912649
-149.95827538247568 -8.326660323715032 0.3578509923999395
-149.4575799721836 -8.33092787984891 0.356593724116343
-148.9568845618915 -8.335025443255041 0.3553331927692495
-148.45618915159943 -8.338952460146892 0.35406943938743235
-147.95549374130738 -8.342708376737917 0.3528025049996652
-147.4547983310153 -8.346292639241579 0.35153243063472067
-146.95410292072324 -8.349704693871338 0.3502592573213736
-146.45340751043116 -8.35294398684065 0.34898302608839676
-145.95271210013908 -8.356009964362977 0.34770377796456325
-145.452016689847 -8.358902072651777 0.3464215539786479
-144.95132127955495 -8.36161975792051 0.345136395159423
-144.45062586926286 -8.364162466382634 0.3438483425356626
-143.94993045897078 -8.366529644251614 0.3425574371361401
-143.44923504867873 -8.368720737740901 0.34126371998962907
-142.94853963838665 -8.370735193063961 0.33996723212490315
-142.44784422809457 -8.37257245643425 0.33866801457073586
-141.9471488178025 -8.374231974065228 0.33736610835590003
-141.44645340751043 -8.375713192170359 0.33606155450917
-140.94575799721835 -8.377015556963094 0.3347543940593191
-140.44506258692627 -8.378138514656897 0.3334446680351208
-139.94436717663422 -8.37908151146523 0.33213241746534855
-139.44367176634213 -8.379843993601547 0.3308176833787759
-138.94297635605005 -8.38042540727931 0.3295005068041767
-138.442280945758 -8.380825198711982 0.3281809287703236
-137.94158553546592 -8.381042814113016 0.326858990305991
-137.44089012517384 -8.381077699695872 0.32553473243995196
-136.94019471488178 -8.380929301674014 0.3242081962009799
-136.4394993045897 -8.3805970662609 0.3228794226178488
-135.93880389429762 -8.380080439669989 0.32154845271933213
-135.43810848400557 -8.379378868114738 0.3202153275342025
-134.9374130737135 -8.37849179780861 0.31888008809123475
-134.4367176634214 -8.377418674965062 0.3175427754192017
-133.93602225312935 -8.376158945797556 0.316203430546877
-133.43532684283727 -8.37471205651955 0.314862094503034
-132.9346314325452 -8.3730774533445 0.31351880831644613
-132.43393602225314 -8.371254582485872 0.3121736130158878
-131.93324061196105 -8.369242890157118 0.3108265496301314
-131.43254520166897 -8.367041822571704 0.3094776591879504
-130.93184979137692 -8.364650825943084 0.30812698271811984
-130.43115438108484 -8.362069346484725 0.3067745612494112
-129.93045897079276 -8.359296830410079 0.3054204358106
-129.4297635605007 -8.35633272393261 0.3040646474304584
-128.92906815020862 -8.353176473265773 0.30270723713775965
-128.42837273991654 -8.349827524623029 0.30134824596127857
-127.92767732962449 -8.34628532421784 0.2999877149297882
-127.4269819193324 -8.342549318263664 0.2986256850720614
-126.92628650904032 -8.33861895297396 0.29726219741687226
-126.42559109874827 -8.334493674562186 0.2958972929929948
-125.92489568845619 -8.330172929241806 0.29453101282920086
-125.42420027816411 -8.325656163226274 0.29316339795426555
-124.92350486787205 -8.320942822729055 0.2917944893969619
-124.42280945757997 -8.316032353963601 0.2904243281860634
-123.92211404728789 -8.310924203143376 0.28905295535034375
-123.42141863699584 -8.305617816481842 0.2876804119185758
-122.92072322670376 -8.300112640192456 0.28630673891953456
-122.42002781641168 -8.294408120488676 0.2849319773819918
-121.91933240611961 -8.28850370358396 0.2835561683347218
-121.41863699582754 -8.282398835691772 0.28217935280649814
-120.91794158553546 -8.276092963025569 0.28080157182609383
-120.41724617524339 -8.26958553179881 0.27942286642228326
-119.91655076495132 -8.262875988224955 0.2780432776238397
-119.41585535465924 -8.255963778517465 0.27666284645953615
-118.91515994436718 -8.248848348889796 0.2752816139581468
-118.41446453407511 -8.241529145555411 0.27389962114844474
-117.91376912378303 -8.234005614727767 0.27251690905920317
-117.41307371349096 -8.226277202620324 0.2711335187191965
-116.91237830319889 -8.218343355446542 0.2697494911571971
-116.41168289290681 -8.210203519419881 0.2683648674019798
-115.91098748261474 -8.201857140753798 0.2669796884823174
-115.41029207232268 -8.193303665661753 0.2655939954269834
-114.9095966620306 -8.184542540357207 0.26420782926475156
-114.40890125173853 -8.17557321105362 0.2628212310243951
-113.90820584144646 -8.166395123964449 0.2614342417346877
-113.40751043115438 -8.157007725303156 0.26004690242440226
-112.90681502086231 -8.147410461283197 0.25865925412231333
-112.40611961057024 -8.137602778118035 0.2572713378571944
-111.90542420027816 -8.127584122021126 0.2558831946578181
-111.4047287899861 -8.117353939205932 0.2544948655529588
-110.90403337969401 -8.106911675885913 0.25310639157138953
-110.40333796940195 -8.096256778274526 0.25171781374188423
-109.90264255910988 -8.08538869258523 0.25032917309321506
-109.4019471488178 -8.074306865031488 0.2489405106541575
-108.90125173852573 -8.063010741826758 0.24755186745348395
-108.40055632823366 -8.051499769184499 0.2461632845199681
-107.89986091794158 -8.039773393318168 0.24477480288238346
-107.39916550764951 -8.027831060441226 0.24338646356950394
-106.89847009735745 -8.015672216767136 0.24199830761010238
-106.39777468706536 -8.003296308509352 0.24061037603295227
-105.8970792767733 -7.990702781881337 0.23922270986682842
-105.39638386648123 -7.9778910830965515 0.237835350140503
-104.89568845618915 -7.964860658368448 0.2364483378827495
-104.39499304589708 -7.951610953910494 0.23506171412234228
-103.89429763560501 -7.938141415936146 0.23367551988805485
-103.39360222531293 -7.924451490658857 0.23228979620866003
-102.89290681502086 -7.9105406242921 0.2309045841129313
-102.3922114047288 -7.896408263049322 0.22951992462964282
-101.89151599443672 -7.882053853143992 0.22813585878756765
-101.39082058414465 -7.867476840789557 0.22675242761547992
-100.89012517385257 -7.852676672199491 0.22536967214215248
-100.3894297635605 -7.837652793587248 0.22398763339635902
-99.88873435326843 -7.822404651166281 0.22260635240687304
-99.38803894297635 -7.806931691150053 0.22122587020246826
-98.88734353268428 -7.791233359752027 0.21984622781191815
-98.38664812239222 -7.775309103185661 0.2184674662639962
-97.88595271210013 -7.759158367664412 0.2170896265874755
-97.38525730180807 -7.742780599401742 0.21571274981113014
-96.884561891516 -7.72617524461111 0.21433687696373388
-96.38386648122392 -7.709341749505974 0.2129620490740593
-95.88317107093185 -7.692279560299799 0.21158830717088078
-95.38247566063978 -7.674988123206033 0.21021569228297138
-94.8817802503477 -7.657466884438145 0.20884424543910413
-94.38108484005564 -7.63971529020959 0.2074740076680534
-93.88038942976357 -7.621732786733832 0.20610501999859293
-93.37969401947149 -7.603518820224325 0.20473732345949508
-92.87899860917942 -7.585072836894531 0.20337095907953423
-92.37830319888734 -7.566394282957914 0.20200596788748387
-91.87760778859527 -7.54748260462792 0.2006423909121175
-91.3769123783032 -7.528337248118021 0.1992802691822088
-90.87621696801112 -7.508957659641675 0.19791964372653043
-90.37552155771905 -7.489343285412335 0.1965605555738565
-89.87482614742699 -7.469493571643467 0.19520304575296094
-89.3741307371349 -7.449407964548529 0.19384715529261615
-88.87343532684284 -7.429085910340975 0.19249292522159628
-88.37273991655077 -7.408526855234271 0.19114039656867549
-87.87204450625869 -7.387730245441878 0.1897896103626266
-87.37134909596662 -7.366695527177249 0.18844060763222242
-86.87065368567455 -7.345422146653842 0.18709342940623824
-86.36995827538247 -7.323909550085125 0.1857481167134462
-85.8692628650904 -7.302157183684548 0.18440471058262004
-85.36856745479834 -7.280164493665577 0.1830632520425341
-84.86787204450626 -7.25793092624167 0.18172378212196078
-84.36717663421419 -7.235455927626287 0.18038634184967423
-83.86648122392211 -7.2127389440328855 0.17905097225444816
-83.36578581363004 -7.189779421674928 0.17771771436505562
-82.86509040333797 -7.1665768067658675 0.17638660921026944
-82.36439499304589 -7.143130545519169 0.17505769781886488
-81.86369958275382 -7.119440084148293 0.17373102121961476
-81.36300417246176 -7.095504868866692 0.17240662044129168
-80.86230876216968 -7.071324345887836 0.17108453651266892
-80.36161335187761 -7.046897961425177 0.16976481046252306
-79.86091794158554 -7.022225161692171 0.16844748331962428
-79.36022253129346 -6.997305392902289 0.16713259611274717
-78.85952712100139 -6.972138101268978 0.16582018987066544
-78.35883171070932 -6.946722733005705 0.16451030562215324
-77.85813630041724 -6.921058734325928 0.16320298439598296
-77.35744089012518 -6.8951455514431075 0.16189826722092876
-76.85674547983311 -6.868982630570699 0.16059619512576345
-76.35605006954103 -6.842569417922162 0.1592968091392612
-75.85535465924896 -6.815905359710964 0.15800015029019526
-75.35465924895689 -6.788989902150554 0.1567062596073398
-74.85396383866481 -6.761822491454399 0.15541517811946765
-74.35326842837274 -6.734402573835952 0.15412694685535294
-73.85257301808066 -6.70672959550868 0.15284160684376763
-73.3518776077886 -6.678803002686033 0.1515591991134872
-72.85118219749653 -6.650622241581482 0.15027976469328358
-72.35048678720445 -6.622186758408473 0.14900334461193182
-71.84979137691238 -6.593495999380476 0.1477299798982043
-71.34909596662031 -6.564549410710953 0.14645971158087473
-70.84840055632823 -6.535346438613347 0.14519258068871727
-70.34770514603616 -6.505886529301133 0.14392862825050518
-69.8470097357441 -6.476169128987767 0.1426678952950104
-69.34631432545201 -6.446193683886701 0.1414104228510084
-68.84561891515995 -6.415959640211405 0.14015625194727294
-68.34492350486788 -6.38546644417533 0.1389054236125759
-67.8442280945758 -6.354713541991941 0.13765797887569148
-67.34353268428373 -6.323700379874694 0.13641395876539425
-66.84283727399166 -6.292426404037055 0.1351734043104557
-66.34214186369958 -6.260891060692469 0.1339363565396509
-65.84144645340751 -6.229093796054412 0.13270285648175312
-65.34075104311543 -6.197034056336335 0.1314729451655347
-64.84005563282336 -6.164711287751697 0.13024666361977072
-64.3393602225313 -6.132124936513959 0.12902405287323487
-63.838664812239216 -6.09927444883658 0.12780515395469866
-63.33796940194715 -6.066159270933017 0.12659000789293756
-62.83727399165508 -6.03277884901674 0.12537865571672396
-62.336578581363 -5.999132629301197 0.124171138454832
-61.83588317107093 -5.965220057999845 0.12296749713603498
-61.335187760778865 -5.931040581326155 0.12176777278910704
-60.834492350486784 -5.8965936454935814 0.12057200644282011
-60.333796940194716 -5.8618786967155785 0.11938023912594924
-59.83310152990265 -5.826895181205613 0.11819251186726724
-59.33240611961057 -5.791642545177146 0.11700886569554829
-58.8317107093185 -5.756120234843625 0.1158293416395643
-58.33101529902643 -5.72032769641852 0.1146539807280899
-57.83031988873435 -5.684264376115289 0.1134828239899001
-57.329624478442284 -5.647929720147385 0.11231591245376597
-56.82892906815022 -5.611323174728279 0.11115328714846122
-56.328233657858135 -5.574444186071423 0.10999498910276177
-55.82753824756607 -5.537292200390272 0.10884105934543868
-55.326842837273986 -5.499866663898294 0.10769153890526655
-54.82614742698192 -5.462167022808941 0.10654646881101819
-54.32545201668985 -5.424192723335679 0.10540589009146688
-53.82475660639777 -5.3859432116919645 0.10426984377538766
-53.3240611961057 -5.3474179340912595 0.10313837089155291
-52.823365785813635 -5.308616336747015 0.10201151246873678
-52.322670375521554 -5.2695378658726995 0.10088930953571255
-51.82197496522949 -5.230181967681775 0.09977180312125349
-51.321279554937405 -5.190548088387686 0.09865903425413285
-50.82058414464535 -5.150635674203906 0.09755104396312568
-50.31988873435327 -5.110444171343891 0.09644787327700259
-49.81919332406119 -5.069973026021094 0.09534956322454129
-49.318497913769136 -5.0292216844489825 0.0942561548345106
-48.817802503477054 -4.988189592841019 0.09316768913568778
-48.31710709318497 -4.946876197410646 0.09208420715684389
-47.81641168289292 -4.905280944371343 0.09100574992675396
-47.31571627260084 -4.863403279936557 0.08993235847419172
-46.81502086230876 -4.821242650319746 0.0888640738279282
-46.3143254520167 -4.77879850173438 0.08780093701674067
-45.81363004172462 -4.736070280393909 0.08674298906939974
-45.31293463143254 -4.693057432511793 0.08569027101468045
-44.81223922114049 -4.649759404301504 0.08464282388135473
-44.311543810848406 -4.606175641976485 0.08360068869819763
-43.810848400556324 -4.562305591750199 0.08256390649398153
-43.31015299026427 -4.5181486998361144 0.08153251829748191
-42.80945757997219 -4.473704412447688 0.08050656513746939
-42.30876216968011 -4.428972175798364 0.07948608804271988
-41.808066759388026 -4.3839514361016185 0.07847112804200577
-41.30737134909597 -4.338641639570918 0.07746172616410167
-40.80667593880389 -4.293042232419696 0.0764579234377795
-40.30598052851181 -4.247152660861426 0.07545976089181299
-39.80528511821976 -4.200972371109582 0.0744672795549776
-39.304589707927676 -4.154500809377595 0.07348052045604529
-38.803894297635594 -4.107737421878943 0.07249952462378932
-38.30319888734354 -4.060681654827086 0.07152433308698385
-37.80250347705146 -4.013332954435468 0.07055498687440258
-37.30180806675938 -3.9656907669175605 0.06959152701481745
-36.801112656467325 -3.91775453848683 0.06863399453700396
-36.30041724617524 -3.869523715356713 0.06768243046973492
-35.79972183588316 -3.82099774374069 0.06673687584178271
-35.29902642559111 -3.7721760698522213 0.06579737168192372
-34.79833101529903 -3.7230581399047487 0.06486395901892854
-34.297635605006946 -3.673643400111739 0.06393667888157266
-33.79694019471489 -3.6239312966866666 0.06301557229862802
-33.29624478442281 -3.573921275842966 0.06210068029886877
-32.79554937413073 -3.5236127837941082 0.06119204391106951
-32.294853963838676 -3.473005266753567 0.06028970416400174
-31.794158553546595 -3.4220981709347735 0.059393702086440056
-31.293463143254513 -3.370890942551204 0.058504078707158166
-30.79276773296246 -3.3193830278163303 0.05762087505492934
-30.29207232267038 -3.267573872943579 0.056744132158527735
-29.791376912378297 -3.215462924146434 0.05587389104672573
-29.290681502086244 -3.163049627638356 0.055010192748297035
-28.789986091794162 -3.1103334296327882 0.05415307829201581
-28.28929068150208 -3.057313776343191 0.05330258870665487
-27.788595271210028 -3.0039901139830483 0.052458765020989714
-27.287899860917946 -2.950361888765792 0.05162164826379005
-26.787204450625865 -2.8964285469048945 0.05079127946383315
-26.28650904033381 -2.8421895346138135 0.04996769964989094
-25.78581363004173 -2.7876442981060037 0.04915094985073713
-25.28511821974965 -2.732792283594932 0.04834107109514456
-24.784422809457595 -2.6776329372940597 0.04753810441188737
-24.283727399165514 -2.622165705416833 0.04674209082973883
-23.783031988873432 -2.5663900341767163 0.04595307137747266
-23.28233657858135 -2.510305369787184 0.045171087083862124
-22.781641168289298 -2.4539111584616804 0.044396178977681375
-22.280945757997216 -2.397206846413656 0.043628388087704126
-21.780250347705135 -2.340191879856602 0.042867755442701425
-21.27955493741308 -2.282865705003949 0.04211432207145009
-20.778859527121 -2.22522776806916 0.04136812900272295
-20.27816411682892 -2.167277515265704 0.04062921726529149
-19.777468706536865 -2.1090143928070417 0.03989762788793076
-19.276773296244784 -2.050437846906618 0.03917340189941447
-18.776077885952702 -1.9915473237779078 0.03845658032851455
-18.27538247566065 -1.9323422696343644 0.03774720420400694
-17.774687065368568 -1.8728221306894386 0.037045314554663575
-17.273991655076486 -1.8129863531566062 0.036350952409258605
-16.773296244784433 -1.752834383249318 0.03566415879656397
-16.27260083449235 -1.6923656671810305 0.034984974745355155
-15.77190542420027 -1.6315796511652088 0.03431344128440632
-15.271210013908217 -1.570475781415309 0.033649599442488506
-14.770514603616135 -1.5090535041447946 0.032993490248375876
-14.269819193324054 -1.4473122655671236 0.032345154730843026
-13.769123783032 -1.385251511895754 0.03170463391866234
-13.268428372739919 -1.3228706893441422 0.031071968840608852
-12.767732962447838 -1.260169244125748 0.030447200525455395
-12.267037552155784 -1.19714662245404 0.029830370001973458
-11.766342141863703 -1.1338022705424655 0.02922151829893853
-11.265646731571621 -1.0701356346044935 0.02862068644512565
-10.764951321279568 -1.0061461608535818 0.02802791546930543
-10.264255910987487 -0.9418332955031796 0.02744324640025246
-9.763560500695405 -0.8771964847667557 0.026866720266740904
-9.262865090403352 -0.8122351748577752 0.026298378097543137
-8.76216968011127 -0.7469488119896854 0.02573826092143376
-8.261474269819189 -0.681336842375948 0.025186409767185156
-7.760778859527136 -0.6153987122300353 0.024642865663571475
-7.260083449235054 -0.5491338677653803 0.024107669639366877
-6.759388038942973 -0.48254175519547315 0.02358086272334374
-6.25869262865092 -0.41562182073375764 0.02306248594427711
-5.757997218358838 -0.3483735105936776 0.022552580330938474
-5.257301808066757 -0.2807962709887337 0.02205118691210199
-4.756606397774675 -0.2128895481323485 0.021558346716543594
-4.255910987482622 -0.1446527882379871 0.021074100773032553
-3.7552155771905404 -0.07608543751912533 0.020598490110345244
-3.254520166898459 -0.007186942189210566 0.020131555757255823
-2.753824756606406 0.06204325153829915 0.01967333874253445
-2.2531293463143243 0.13160569744994222 0.019223880094957943
-1.7524339360222427 0.20146022253129492 0.018782141863699572
-1.2517385257301896 0.276024617524338 0.017979068150208645
-0.7510431154381081 0.3595172461752435 0.017599123783031988
-0.25034770514602656 0.4463403337969419 0.01791485396383867
0.25034770514602656 0.5291052851182182 0.0180450347705146
0.7510431154381081 0.6106739916550764 0.017939457579972184
1.2517385257301896 0.6914208623087635 0.01739714881780249
1.7524339360222427 0.7650368567454784 0.01662649513212797
2.2531293463143243 0.8308399165507648 0.01604218358831711
2.753824756606406 0.8892668984700982 0.01576415855354659
3.254520166898459 0.9430282336578569 0.015735452016689844
3.7552155771905404 0.9933475660639776 0.015800834492350486
4.255910987482622 1.0388107093184986 0.01602937413073714
4.756606397774675 1.0740646731571621 0.017087593880389388
5.257301808066757 1.0955792767732961 0.02025630041724615
5.757997218358838 1.1148614742698195 0.024807774687065427
6.258692628650891 1.1465471488178014 0.029431363004172345
6.759388038942973 1.190489986091794 0.0339933657858136
7.260083449235054 1.2376438108484011 0.039922016689847094
7.760778859527107 1.2740255910987475 0.04802535465924872
8.261474269819189 1.2928662030598053 0.05639175243393595
8.76216968011127 1.2809394993045893 0.06500440890125182
9.262865090403324 1.1918132127955532 0.06833328233657864
9.763560500695405 1.0941781641168296 0.07274609179415845
10.264255910987487 1.0335550764951316 0.08388628650904043
10.76495132127954 0.977039082058416 0.09637104311543772
11.265646731571621 0.8909230876216981 0.11691243393602192
11.766342141863703 0.818115855354659 0.14149493741307384
12.267037552155784 0.793728650904033 0.15627680111265668
12.767732962447838 0.77792545201669 0.1632892489568845
13.268428372739919 0.7866667593880391 0.17116235048678727
13.769123783032 0.7815922114047279 0.17754383866481233
14.269819193324054 0.782306536856745 0.1844652851182196
14.770514603616135 0.7815888734353268 0.19063883171070933
15.271210013908217 0.7532427379556221 0.19378037061643344
15.77190542420027 0.7248554887655488 0.19690467164850028
16.27260083449235 0.6964228093389313 0.2000097494241714
16.773296244784433 0.6679452534623117 0.20309564497222016
17.273991655076486 0.6394233749222322 0.2061623993214199
17.774687065368568 0.6108577275052303 0.20921005350054445
18.27538247566065 0.5822488649978477 0.21223864853836721
18.776077885952702 0.5535973411866271 0.2152482254636615
19.276773296244784 0.5249037098581057 0.21823882530520117
19.777468706536865 0.49616852479882567 0.2212104890917596
20.27816411682892 0.46739233979532924 0.22416325785211016
20.778859527121 0.4385757086341535 0.2270971726150266
21.27955493741308 0.40971918510184135 0.23001227440928235
21.780250347705135 0.38082332298493426 0.2329086042636508
22.280945757997216 0.35188867606996976 0.2357862032069057
22.781641168289298 0.32291579814349003 0.23864511226782043
23.28233657858135 0.29390524299203746 0.24148537247516844
23.783031988873432 0.2648575644021496 0.2443070248577235
24.283727399165514 0.2357733161603679 0.2471101104442589
24.784422809457567 0.20665305205323503 0.2498946702635481
25.28511821974965 0.1774973258672885 0.2526607453443649
25.78581363004173 0.14830669138907004 0.25540837671548267
26.286509040333783 0.11908170240512228 0.25813760540567476
26.787204450625865 0.08982291270198228 0.260848472443715
27.287899860917946 0.06053087606619223 0.2635410188583767
27.78859527121 0.031206146284294745 0.2662152856784334
28.28929068150208 0.0018492771428264554 0.26887131393265873
28.789986091794162 -0.027539177571669793 0.2715091446498262
29.290681502086215 -0.05695866407265182 0.27412881885870904
29.791376912378297 -0.086408628573583 0.27673037758808117
30.29207232267038 -0.11588851728792027 0.2793138618667159
30.79276773296246 -0.14539777642912366 0.2818793127233868
31.293463143254513 -0.17493585221065078 0.2844267711868672
31.794158553546595 -0.2045021908459641 0.28695627828593095
32.294853963838676 -0.23409623854852168 0.2894678750493514
32.79554937413073 -0.2637174415317811 0.2919616025059019
33.29624478442281 -0.2933652460092051 0.2944375016843563
33.79694019471489 -0.3230390981942519 0.296895613613488
34.297635605006946 -0.3527384443003785 0.29933597932207023
34.79833101529903 -0.3824627305410482 0.301758639838877
35.29902642559111 -0.4122114031297186 0.3041636361926815
35.79972183588316 -0.44198390827984735 0.30655100941225727
36.30041724617524 -0.4717796922048971 0.30892080052637794
36.801112656467325 -0.501598201118326 0.31127305056381704
37.30180806675938 -0.531438881233592 0.31360780055334786
37.80250347705146 -0.5613011787641571 0.31592509152374426
38.30319888734354 -0.5911845399234794 0.3182249645037795
38.803894297635594 -0.6210884109250165 0.3205074605222271
39.304589707927676 -0.6510122379822314 0.32277262060786077
39.80528511821976 -0.6809554673085825 0.325020485789454
40.30598052851181 -0.710917545117526 0.32725109709578
40.80667593880389 -0.7408979176225254 0.3294644955556127
41.30737134909597 -0.7708960310370392 0.33166072219772536
41.808066759388026 -0.800911331574524 0.3338398180508915
42.30876216968011 -0.8309432654484432 0.3360018241438848
42.80945757997219 -0.8609912788722545 0.3381467815054787
43.31015299026424 -0.8910548180594153 0.34027473116444656
43.810848400556324 -0.9211333292233892 0.34238571414956226
44.311543810848406 -0.9512262585776328 0.344479771489599
44.81223922114046 -0.9813330523356045 0.34655694421333033
45.31293463143254 -1.011453156710767 0.3486172733495299
45.81363004172462 -1.0415860179165781 0.35066079992697125
46.314325452016675 -1.0717310821664956 0.35268756497442766
46.81502086230876 -1.1018877956739823 0.3546976095206729
47.31571627260084 -1.1320556046524954 0.35669097459448046
47.81641168289289 -1.1622339553154934 0.3586677012246236
48.31710709318497 -1.1924222938764384 0.3606278304398762
48.817802503477054 -1.2226200665487887 0.36257140326901155
49.318497913769136 -1.2528267195460034 0.3644984607408032
49.81919332406119 -1.28304169908154 0.3664090438840247
50.31988873435327 -1.3132644513688625 0.3683031937274496
50.82058414464535 -1.343494422621427 0.3701809512998514
51.321279554937405 -1.3737310590526923 0.37204235763000343
51.82197496522949 -1.4039738068761207 0.3738874537466796
52.32267037552157 -1.4342221123051702 0.3757162806786531
52.82336578581362 -1.4644754215532982 0.3775288794546975
53.3240611961057 -1.4947331808339683 0.3793252911035864
53.824756606397784 -1.5249948363606376 0.3811055566540934
54.32545201668984 -1.5552598343467636 0.38286971713499174
54.82614742698192 -1.5855276210058094 0.38461781357505526
55.326842837274 -1.6157976425512328 0.3863498870030573
55.82753824756605 -1.6460693451964916 0.3880659784477713
56.328233657858135 -1.6763421751550482 0.3897661289379709
56.82892906815022 -1.7066155786403612 0.3914503795024297
57.32962447844227 -1.7368890018658871 0.39311877116992106
57.83031988873435 -1.7671618910450895 0.39477134496921856
58.33101529902643 -1.7974336923914263 0.39640814192909574
58.831710709318486 -1.8277038521183546 0.39802920307832607
59.33240611961057 -1.8579718164393375 0.39963456944568304
59.83310152990265 -1.8882370315678334 0.4012242820599404
60.3337969401947 -1.9184989437172986 0.4027983819498713
60.834492350486784 -1.9487569991011968 0.4043569101442495
61.335187760778865 -1.9790106439329858 0.4058999076718485
61.83588317107092 -2.009259324426123 0.40742741556144174
62.336578581363 -2.039502486794071 0.4089394748418029
62.83727399165508 -2.0697395772502887 0.4104361265417053
63.337969401947134 -2.0999700420082323 0.4119174116899224
63.838664812239216 -2.130193327281366 0.4133833713152281
64.3393602225313 -2.1604088792831457 0.41483404644639554
64.84005563282335 -2.190616144227031 0.4162694781121984
65.34075104311543 -2.220814568326484 0.41768970734141014
65.84144645340751 -2.2510035977949623 0.4190947751628044
66.34214186369957 -2.2811826788459237 0.4204847226051545
66.84283727399165 -2.3113512576928312 0.42185959069723417
67.34353268428373 -2.3415087805491424 0.42321942046781674
67.84422809457581 -2.371654693628316 0.4245642529456759
68.34492350486786 -2.4017884431438112 0.4258941291595851
68.84561891515995 -2.4319094753090895 0.4272090901383177
69.34631432545203 -2.46201723633761 0.42850917691064744
69.84700973574408 -2.492111172442828 0.4297944305053477
70.34770514603616 -2.522190729838209 0.43106489195119224
70.84840055632824 -2.5522553547372095 0.43232060227695424
71.3490959666203 -2.5823044933532873 0.43356160251140735
71.84979137691238 -2.6123375918999057 0.43478793368332513
72.35048678720446 -2.642354096590521 0.43599963682148124
72.85118219749651 -2.6723534536385922 0.4371967529546488
73.3518776077886 -2.7023351092575827 0.4383793231116017
73.85257301808068 -2.7322985096609487 0.43954738832111334
74.35326842837273 -2.762243101062149 0.4407009896119572
74.85396383866481 -2.7921683296746456 0.44184016801290676
75.35465924895689 -2.822073641711896 0.4429649645527357
75.85535465924895 -2.851958483387359 0.44407542026021724
76.35605006954103 -2.881822300914497 0.4451715761641254
76.85674547983308 -2.911664540506766 0.44625347329323317
77.35744089012519 -2.941484648377631 0.44732115267631445
77.85813630041724 -2.971282070740543 0.44837465534214244
78.3588317107093 -3.0010562538089665 0.4494140223194909
78.8595271210014 -3.0308066437963643 0.45043929463713334
79.36022253129346 -3.0605326869161877 0.45145051332384306
79.86091794158551 -3.090233829381901 0.45244771940839373
80.36161335187762 -3.1199095174069655 0.45343095391955907
80.86230876216968 -3.149559197204835 0.4544002578861122
81.36300417246173 -3.179182314988972 0.45535567233682683
81.86369958275384 -3.208778316972839 0.4562972383004766
82.36439499304589 -3.23834664936989 0.4572249968058349
82.86509040333794 -3.2678867583935856 0.4581389888816751
83.36578581363005 -3.29739809025739 0.459039255556771
83.86648122392211 -3.3268800911747554 0.4599258378598959
84.36717663421416 -3.3563322073591446 0.46079877681982356
84.86787204450627 -3.385753885024022 0.4616581134653273
85.36856745479832 -3.415144570382838 0.4625038888251806
85.86926286509038 -3.4445037096490556 0.46333614392815703
86.36995827538249 -3.473830749036139 0.4641549198030304
86.87065368567454 -3.5031251347575396 0.4649602574785737
87.3713490959666 -3.5323863130267212 0.46575219798356077
87.8720445062587 -3.561613730057146 0.4665307823467652
88.37273991655076 -3.5908068320622664 0.46729605159696036
88.87343532684281 -3.619965065255546 0.46804804676291967
89.37413073713492 -3.6490878758504475 0.46878680887341695
89.87482614742697 -3.6781747100604227 0.46951237895722536
90.37552155771903 -3.707225014098935 0.47022479804311873
90.87621696801114 -3.736238234179447 0.4709241071598705
91.37691237830319 -3.7652138165154123 0.471610347336254
91.87760778859524 -3.794151207320293 0.47228355960104285
92.37830319888735 -3.8230498528075514 0.4729437849830108
92.8789986091794 -3.8519091991906396 0.473591064510931
93.37969401947146 -3.880728692683023 0.4742254392135771
93.88038942976357 -3.909507779498161 0.47484695011972283
94.38108484005562 -3.938245905849509 0.47545563825814163
94.88178025034773 -3.966942517950533 0.47605154465760674
95.38247566063978 -3.9955970620146837 0.47663471034689187
95.88317107093184 -4.024208984255425 0.4772051763547705
96.38386648122395 -4.05277773088622 0.4777629837100163
96.884561891516 -4.081302748120523 0.47830817344140264
97.38525730180805 -4.1097834821717925 0.47884078657770296
97.88595271210016 -4.138219379253494 0.47936086414769097
98.38664812239222 -4.166609885579081 0.47986844718014016
98.88734353268427 -4.194954447362015 0.48036357670382385
99.38803894297638 -4.223252510815758 0.4808462937475158
99.88873435326843 -4.251503522153765 0.48131663933998936
100.38942976356049 -4.279706927589498 0.4817746545100183
100.8901251738526 -4.307862173336417 0.4822203802863758
101.39082058414465 -4.3359687056079785 0.4826538576978355
101.8915159944367 -4.364025970617645 0.48307512777317096
102.39221140472881 -4.392033414578874 0.4834842315411559
102.89290681502086 -4.419990483705126 0.4838812100305634
103.39360222531292 -4.447896624209859 0.48426610427016725
103.89429763560503 -4.475751282306536 0.48463895528874096
104.39499304589708 -4.503553904208612 0.4849998041150581
104.89568845618913 -4.531303936129547 0.4853486917778919
105.39638386648124 -4.559000824282805 0.48568565930601626
105.8970792767733 -4.586644014881838 0.4860107477282044
106.39777468706535 -4.614232954140112 0.48632399807323007
106.89847009735746 -4.641767088271086 0.4866254513698667
107.39916550764951 -4.669245863488213 0.4869151486468876
107.89986091794157 -4.696668726004958 0.48719313093306654
108.40055632823368 -4.724035122034783 0.48745943925717716
108.90125173852573 -4.751344497791139 0.48771411464799264
109.40194714881778 -4.778596299487491 0.48795719813428656
109.90264255910989 -4.8057899733372995 0.48818873074483266
110.40333796940195 -4.832924965554019 0.4884087535084044
110.904033379694 -4.8600007223511135 0.488617307453775
111.40472878998611 -4.887016689942044 0.4888144336097183
111.90542420027816 -4.913972314540262 0.48900017300500775
112.40611961057022 -4.940867042359232 0.4891745666684169
112.90681502086233 -4.967700319612415 0.48933765562871906
113.40751043115438 -4.994471592513268 0.489489480914688
113.90820584144643 -5.021180307275248 0.489630083555097
114.40890125173854 -5.047825910111822 0.48975950457872
114.9095966620306 -5.074407847236442 0.48987778501433
115.41029207232265 -5.100925564862569 0.48998496589070073
115.91098748261476 -5.127378509203668 0.49008108823660573
116.41168289290681 -5.15376612647319 0.4901661930808186
116.91237830319886 -5.180087862884598 0.49024032145211277
117.41307371349097 -5.206343164651356 0.4903035143792618
117.91376912378303 -5.232531477986914 0.4903558128910391
118.41446453407508 -5.258652249104738 0.4903972580162183
118.91515994436719 -5.284704924218289 0.4904278907835728
119.41585535465924 -5.310688949541021 0.4904477522218763
119.9165507649513 -5.336603771286397 0.49045688335990206
120.4172461752434 -5.362448835667875 0.49045532522642393
120.91794158553546 -5.388223588898914 0.49044311885021513
121.41863699582751 -5.413927477192974 0.49042030526004937
121.91933240611962 -5.439559946763518 0.49038692548470003
122.42002781641168 -5.465120443823999 0.4903430205529407
122.92072322670373 -5.490608414587879 0.490288631493545
123.42141863699584 -5.51602330526862 0.4902237993352863
123.92211404728789 -5.5413645620796785 0.4901485651069381
124.42280945757994 -5.566631631234513 0.4900629698372741
124.92350486787205 -5.591823958946588 0.48996705455506756
125.42420027816411 -5.616940991429356 0.4898608602890922
125.92489568845616 -5.641982174896281 0.4897444280681214
126.42559109874827 -5.666946955560823 0.4896177989209289
126.92628650904032 -5.691834779636437 0.489481013876288
127.42698191933238 -5.716645093336588 0.48933411396297216
127.92767732962449 -5.741377342874733 0.48917714020975517
128.42837273991654 -5.7660309744643286 0.4890101336454105
128.9290681502086 -5.790605434318836 0.48883313529871136
129.4297635605007 -5.815100168651719 0.48864618619843153
129.93045897079276 -5.839514623676431 0.4884493273733445
130.4311543810848 -5.863848245606434 0.4882425998522239
130.93184979137692 -5.888100480655188 0.4880260446638431
131.43254520166897 -5.91227077503615 0.48779970283697555
131.93324061196108 -5.936358574962783 0.4875636154003948
132.43393602225314 -5.960363326648546 0.4873178233828745
132.9346314325452 -5.984284476306891 0.48706236781318807
133.4353268428373 -6.0081214701512895 0.486797289720109
133.93602225312935 -6.031873754395191 0.48652263013241087
134.4367176634214 -6.055540775252059 0.4862384300788673
134.93741307371351 -6.079121978935355 0.48594473058825155
135.43810848400557 -6.102616811658532 0.48564157268933744
135.93880389429762 -6.126024719635057 0.48532899741089824
136.43949930458973 -6.1493451490783855 0.48500704578170756
136.94019471488178 -6.172577546201975 0.484675758830539
137.44089012517384 -6.195721357219286 0.484335177586166
137.94158553546595 -6.218776028343784 0.4839853430773618
138.442280945758 -6.241741005788921 0.4836262963329005
138.94297635605005 -6.264615735768157 0.48325807838155505
139.44367176634216 -6.2873996644949575 0.4828807302520994
139.94436717663422 -6.310092238182774 0.4824942929733071
140.44506258692627 -6.332692903045071 0.4820988075739511
140.94575799721838 -6.355201105295308 0.4816943150828055
141.44645340751043 -6.377616291146941 0.48128085652864366
141.94714881780249 -6.399937906813431 0.4808584729402388
142.4478442280946 -6.422165398508241 0.4804272053463649
142.94853963838665 -6.444298212444824 0.4799870947757949
143.4492350486787 -6.466335794836644 0.4795381822573032
143.9499304589708 -6.488277591897161 0.4790805088196625
144.45062586926286 -6.51012304983983 0.4786141154916466
144.95132127955492 -6.5318716148781135 0.4781390433020291
145.45201668984703 -6.553522733225472 0.47765533327958337
145.95271210013908 -6.575075851095361 0.477163026453083
146.45340751043113 -6.596530414701244 0.47666216385130183
146.95410292072324 -6.617885870256579 0.47615278650301257
147.4547983310153 -6.639141663974824 0.4756349354369895
147.95549374130735 -6.660297242069438 0.47510865168200594
148.45618915159946 -6.681352050753887 0.47457397626683523
148.9568845618915 -6.702305536241621 0.47403095022025116
149.45757997218357 -6.723157144746104 0.4734796145710269
149.95827538247568 -6.743906322480797 0.4729200103479361
150.45897079276773 -6.764552515659156 0.4723521785797526
150.95966620305978 -6.7850951704946425 0.4717761602952493
151.4603616133519 -6.805533733200717 0.47119199652320026
151.96105702364395 -6.825867649990835 0.470599728292379
152.461752433936 -6.846096367078458 0.4699993966315585
152.9624478442281 -6.866219330677049 0.46939104256951286
153.46314325452016 -6.886235987000061 0.4687747071350154
153.96383866481222 -6.906145782260959 0.4681504313568395
154.46453407510432 -6.925948162673199 0.4675182562637587
154.96522948539638 -6.9456425744502415 0.46687822288454656
155.46592489568843 -6.965228463805545 0.46623037224797687
155.96662030598054 -6.984705276952571 0.4655747453828229
156.4673157162726 -7.004072460104776 0.4649113833178579
156.96801112656465 -7.023329459475622 0.464240327081856
157.46870653685676 -7.042475721278569 0.4635616177035902
157.9694019471488 -7.061510691727074 0.46287529621183426
158.47009735744086 -7.080433817034596 0.4621814036353619
158.97079276773297 -7.099244543414599 0.4614799810029459
159.47148817802503 -7.117942317080535 0.4607710693433607
159.97218358831708 -7.136526584245869 0.46005470968537904
160.4728789986092 -7.154996791124061 0.45933094305777494
160.97357440890124 -7.173352383928567 0.4585998104893218
161.4742698191933 -7.191592808872846 0.4578613530087932
161.9749652294854 -7.209717512170364 0.4571156116449621
162.47566063977746 -7.227725940034574 0.456362627426603
162.9763560500695 -7.245617538678935 0.45560244138248857
163.47705146036162 -7.2633917543169115 0.45483509454139276
163.97774687065368 -7.281048033161957 0.4540606279320892
164.47844228094573 -7.298585821427535 0.45327908258335065
164.97913769123784 -7.3160045653271055 0.45249049952395154
165.4798331015299 -7.333303711074123 0.4516949197826651
165.98052851182194 -7.3504827048820545 0.45089238438826457
166.48122392211405 -7.367540992964351 0.45008293436952357
166.9819193324061 -7.384478021534479 0.44926661075521584
167.48261474269816 -7.401293236805893 0.4484434545741149
167.98331015299027 -7.417986084992057 0.44761350685499407
168.48400556328232 -7.434556012306425 0.44677680862662655
168.98470097357443 -7.451002464962462 0.4459334009177868
169.4853963838665 -7.4673248891736215 0.4450833247572476
169.98609179415854 -7.483522731153368 0.44422662117378237
170.48678720445065 -7.499595437115159 0.44336333119616506
170.9874826147427 -7.515542453272452 0.44249349585316916
171.48817802503476 -7.53136322583871 0.44161715617356817
171.98887343532687 -7.547057201027393 0.44073435318613535
172.48956884561892 -7.562623825051954 0.4398451279196443
172.99026425591097 -7.5780625441258564 0.43894952140286886
173.49095966620308 -7.593372804462565 0.4380475746645817
173.99165507649514 -7.608554052275528 0.4371393287335577
174.4923504867872 -7.623605733778213 0.4362248246385693
174.9930458970793 -7.63852729518408 0.43530410340839015
175.49374130737135 -7.653318182706585 0.43437720607179425
175.9944367176634 -7.667977842559184 0.4334441736575549
176.49513212795551 -7.682505720955344 0.4325050471944449
176.99582753824757 -7.696901264108519 0.43155986771123905
177.49652294853962 -7.71116391823217 0.4306086762367101
177.99721835883173 -7.725293129539761 0.42965151379963146
178.49791376912378 -7.739288344244745 0.4286884214287771
178.99860917941584 -7.753149008560584 0.42771944015292
179.49930458970795 -7.766874568700736 0.42674461100083455
180.0 -7.7804644708786626 0.42576397500129354
