Polar data for 2 at Re = 54285.71428571429
Alpha (deg) Cl Cd
-180.0 -3.9050681710658535 0.8392077243865708
-179.49930458970792 -3.9230575328184405 0.837910525193869
-178.99860917941587 -3.9409758423225303 0.8366007667550843
-178.49791376912378 -3.9588222951837833 0.8352785078403759
-177.9972183588317 -3.976596087007851 0.8339438072199032
-177.49652294853965 -3.9942964134004 0.8325967236638252
-176.99582753824757 -4.011922469967083 0.8312373159423001
-176.4951321279555 -4.029473452313564 0.8298656428254876
-175.99443671766343 -4.046948556045496 0.8284817630835462
-175.49374130737135 -4.064346976768544 0.8270857354866348
-174.99304589707927 -4.081667910088358 0.8256776188049133
-174.49235048678722 -4.098910551610606 0.8242574718085396
-173.99165507649514 -4.116074096940936 0.822825353267673
-173.49095966620305 -4.13315774168502 0.821381321952473
-172.990264255911 -4.150160681448506 0.819925436633097
-172.48956884561892 -4.167082111837055 0.8184577560797064
-171.98887343532684 -4.1839212284563265 0.8169783390624583
-171.48817802503476 -4.200677226911981 0.8154872443515118
-170.9874826147427 -4.217349302809669 0.8139845307170273
-170.48678720445062 -4.233936651755062 0.8124702569291615
-169.98609179415854 -4.250438469353806 0.8109444817580753
-169.4853963838665 -4.266853951211571 0.8094072639739263
-168.9847009735744 -4.283182292934008 0.807858662346874
-168.48400556328232 -4.299422690126773 0.8062987356470783
-167.98331015299027 -4.315574338395534 0.8047275426446971
-167.4826147426982 -4.3316364333459445 0.8031451421098887
-166.9819193324061 -4.347608170583659 0.8015515928128139
-166.48122392211405 -4.363488745714346 0.7999469535236301
-165.98052851182197 -4.379277354343653 0.7983312830124973
-165.4798331015299 -4.3949731920772415 0.7967046400495743
-164.97913769123784 -4.410575454520781 0.7950670834050191
-164.47844228094576 -4.426083337279916 0.793418671848992
-163.97774687065368 -4.441496035960315 0.791759464151651
-163.47705146036162 -4.45681274616763 0.790089519083155
-162.97635605006954 -4.47203266350752 0.7884088954136634
-162.47566063977746 -4.487154983585646 0.7867176519133359
-161.9749652294854 -4.502178902007666 0.7850158473523303
-161.47426981919332 -4.517103614379241 0.7833035405008053
-160.97357440890124 -4.531928316306027 0.7815807901289211
-160.4728789986092 -4.546652203393681 0.7798476550068363
-159.9721835883171 -4.561274471247864 0.7781041939047093
-159.47148817802503 -4.5757943154742335 0.7763504655926987
-158.97079276773297 -4.590210931678447 0.7745865288409652
-158.4700973574409 -4.604523515466164 0.7728124424196665
-157.9694019471488 -4.618731262443045 0.7710282650989615
-157.46870653685676 -4.632833368214754 0.7692340556490096
-156.96801112656468 -4.646829028386936 0.7674298728399698
-156.4673157162726 -4.660717438565257 0.7656157754420005
-155.96662030598054 -4.674497794355372 0.7637918222252613
-155.46592489568846 -4.688169291362946 0.761958071959911
-154.96522948539638 -4.701731125193638 0.7601145834161083
-154.46453407510432 -4.7151824914530955 0.7582614153640124
-153.96383866481224 -4.728522585746989 0.7563986265737814
-153.46314325452016 -4.74175060368097 0.7545262758155762
-152.9624478442281 -4.754865740860701 0.7526444218595543
-152.46175243393603 -4.76786719289184 0.7507531234758746
-151.96105702364395 -4.780754155380045 0.7488524394346967
-151.4603616133519 -4.793525823930972 0.7469424285061794
-150.9596662030598 -4.806181394150282 0.7450231494604809
-150.45897079276773 -4.818720061643632 0.7430946610677613
-149.95827538247568 -4.831141022016684 0.7411570220981798
-149.4575799721836 -4.843443470875094 0.7392102913218934
-148.9568845618915 -4.855626603824522 0.7372545275090625
-148.45618915159943 -4.867689616470624 0.7352897894298474
-147.95549374130738 -4.879631704419065 0.7333161358544038
-147.4547983310153 -4.8914520632754925 0.7313336255528935
-146.95410292072324 -4.903149888645574 0.7293423172954736
-146.45340751043116 -4.914724376134968 0.7273422698523044
-145.95271210013908 -4.926174721349331 0.7253335419935432
-145.452016689847 -4.937500119894316 0.7233161924893514
-144.95132127955495 -4.94869976737559 0.7212902801098864
-144.45062586926286 -4.959772859398811 0.7192558636253066
-143.94993045897078 -4.970718591569634 0.7172130018057723
-143.44923504867873 -4.981536159493719 0.7151617534214416
-142.94853963838665 -4.992224758776718 0.7131021772424744
-142.44784422809457 -5.0027835850243 0.7110343320390287
-141.9471488178025 -5.013211833842119 0.7089582765812634
-141.44645340751043 -5.023508700835837 0.7068740696393381
-140.94575799721835 -5.033673381611107 0.704781769983412
-140.44506258692627 -5.043705071773592 0.7026814363836429
-139.94436717663422 -5.053602966928947 0.7005731276101905
-139.44367176634213 -5.063366262682829 0.6984569024332148
-138.94297635605005 -5.0729941546409005 0.6963328196228724
-138.442280945758 -5.082485838408826 0.6942009379493241
-137.94158553546592 -5.0918405095922505 0.6920613161827285
-137.44089012517384 -5.101057363796844 0.6899140130932444
-136.94019471488178 -5.110135596628256 0.6877590874510304
-136.4394993045897 -5.119074403692153 0.685596598026246
-135.93880389429762 -5.12787298059419 0.6834266035890495
-135.43810848400557 -5.136530522940028 0.6812491629096009
-134.9374130737135 -5.145046226335321 0.6790643347580578
-134.4367176634214 -5.153419286385731 0.6768721779045805
-133.93602225312935 -5.161648898696915 0.674672751119328
-133.43532684283727 -5.169734258874533 0.6724661131724579
-132.9346314325452 -5.177674562524242 0.6702523228341304
-132.43393602225314 -5.185469005251701 0.6680314388745032
-131.93324061196105 -5.193116782662573 0.6658035200637367
-131.43254520166897 -5.2006170903625115 0.6635686251719888
-130.93184979137692 -5.20796912395717 0.6613268129694199
-130.43115438108484 -5.215172079052222 0.6590781422261867
-129.93045897079276 -5.222225151253308 0.6568226717124503
-129.4297635605007 -5.229127536166103 0.6545604601983686
-128.92906815020862 -5.235878429396256 0.6522915664541002
-128.42837273991654 -5.242477026549426 0.6500160492498057
-127.92767732962449 -5.2489225232312755 0.6477339673556421
-127.4269819193324 -5.255214115047462 0.6454453795417698
-126.92628650904032 -5.261350997603646 0.6431503445783455
-126.42559109874827 -5.267332366505477 0.6408489212355322
-125.92489568845619 -5.273157417358626 0.6385411682834852
-125.42420027816411 -5.278825345768741 0.6362271444923653
-124.92350486787205 -5.284335347341491 0.6339069086323306
-124.42280945757997 -5.289686617682524 0.6315805194735404
-123.92211404728789 -5.294878352397503 0.6292480357861547
-123.42141863699584 -5.299909747092089 0.6269095163403302
-122.92072322670376 -5.304779997371938 0.6245650199062276
-122.42002781641168 -5.309488298842712 0.622214605254005
-121.91933240611961 -5.314033847110063 0.6198583311538222
-121.41863699582754 -5.318415837779654 0.6174962563758373
-120.91794158553546 -5.322633466457144 0.6151284396902097
-120.41724617524339 -5.326685928748191 0.6127549398670984
-119.91655076495132 -5.330572420258449 0.6103758156766628
-119.41585535465924 -5.334292136593585 0.6079911258890609
-118.91515994436718 -5.3378442733592495 0.6056009292744522
-118.41446453407511 -5.341228026161108 0.6032052846029943
-117.91376912378303 -5.344442590604814 0.6008042506448492
-117.41307371349096 -5.347487162296027 0.5983978861701733
-116.91237830319889 -5.350360936840411 0.5959862499491269
-116.41168289290681 -5.3530631098436166 0.5935694007518679
-115.91098748261474 -5.355592876911306 0.5911473973485564
-115.41029207232268 -5.357949433649138 0.5887202985093507
-114.9095966620306 -5.360131975662771 0.5862881630044094
-114.40890125173853 -5.362139698557862 0.5838510496038911
-113.90820584144646 -5.363971797940073 0.5814090170779573
-113.40751043115438 -5.365627469415063 0.578962124196764
-112.90681502086231 -5.367105908588481 0.5765104297304717
-112.40611961057024 -5.368406311065997 0.5740539924492392
-111.90542420027816 -5.369527872453269 0.5715928711232252
-111.4047287899861 -5.370469788355942 0.5691271245225888
-110.90403337969401 -5.371231254379695 0.5666568114174877
-110.40333796940195 -5.371811466130174 0.5641819905780829
-109.90264255910988 -5.3722096192130335 0.5617027207745331
-109.4019471488178 -5.372424909233941 0.5592190607769962
-108.90125173852573 -5.372456531798558 0.5567310693556322
-108.40055632823366 -5.3723036825125305 0.5542388052806
-107.89986091794158 -5.371965556981532 0.5517423273220567
-107.39916550764951 -5.371441350811204 0.5492416942501632
-106.89847009735745 -5.370730259607218 0.5467369648350784
-106.39777468706536 -5.369831478975233 0.5442281978469603
-105.8970792767733 -5.368744204520896 0.5417154520559688
-105.39638386648123 -5.367467631849876 0.539198786232262
-104.89568845618915 -5.366000956567829 0.5366782591459989
-104.39499304589708 -5.364343374280415 0.5341539295673401
-103.89429763560501 -5.362494080593287 0.5316258562664424
-103.39360222531293 -5.360452271112106 0.5290940980134662
-102.89290681502086 -5.3582171414425375 0.526558713578569
-102.3922114047288 -5.355787887190233 0.5240197617319116
-101.89151599443672 -5.3531637039608535 0.5214773012436498
-101.39082058414465 -5.3503437873600515 0.5189313908839479
-100.89012517385257 -5.347327332993495 0.5163820894229605
-100.3894297635605 -5.344113536466837 0.5138294556308474
-99.88873435326843 -5.340701593385734 0.5112735482777688
-99.38803894297635 -5.3370906993558505 0.5087144261338834
-98.88734353268428 -5.333280049982846 0.5061521479693474
-98.38664812239222 -5.329268840872373 0.5035867725543246
-97.88595271210013 -5.325056267630092 0.5010183586589696
-97.38525730180807 -5.320641525861665 0.49844696505344493
-96.884561891516 -5.316023811172742 0.4958726505079059
-96.38386648122392 -5.311202319168992 0.49329547379251376
-95.88317107093185 -5.306176245456067 0.4907154936774279
-95.38247566063978 -5.300944785639628 0.48813276893280594
-94.8817802503477 -5.295507135325336 0.48554735832880597
-94.38108484005564 -5.289862490118842 0.48295932063559005
-93.88038942976357 -5.284010045625816 0.4803687146233158
-93.37969401947149 -5.277948997451908 0.47777559906213957
-92.87899860917942 -5.271678541202775 0.4751800327222247
-92.37830319888734 -5.265197872484085 0.4725820743737266
-91.87760778859527 -5.258506186901482 0.4699817827868065
-91.3769123783032 -5.251602680060637 0.467379216731622
-90.87621696801112 -5.244486547567208 0.464774434978333
-90.37552155771905 -5.237156985026848 0.46216749629709747
-89.87482614742699 -5.229613188045216 0.45955845945807533
-89.3741307371349 -5.221854352227979 0.45694738323142464
-88.87343532684284 -5.2138796731807835 0.4543343263873048
-88.37273991655077 -5.205688346509298 0.4517193476958757
-87.87204450625869 -5.19727956781917 0.44910250592729534
-87.37134909596662 -5.188652532716074 0.4464838598517214
-86.87065368567455 -5.179806436805657 0.44386346823931594
-86.36995827538247 -5.170740475693579 0.44124138986023437
-85.8692628650904 -5.161453844985493 0.43861768348463875
-85.36856745479834 -5.151945740287071 0.4359924078826867
-84.86787204450626 -5.142215357203965 0.43336562182453636
-84.36717663421419 -5.1322618913418365 0.4307373840803484
-83.86648122392211 -5.122084538306332 0.4281077534202818
-83.36578581363004 -5.1116824937031184 0.42547678861449373
-82.86509040333797 -5.101054953137865 0.42284454843314406
-82.36439499304589 -5.090201112216211 0.4202110916463922
-81.86369958275382 -5.079120166543833 0.41757647702439754
-81.36300417246176 -5.067811311726379 0.41494076333731594
-80.86230876216968 -5.056273743369511 0.4123040093553095
-80.36161335187761 -5.044506657078883 0.40966627384853754
-79.86091794158554 -5.032509248460154 0.4070276155871569
-79.36022253129346 -5.020280713118989 0.4043880933413278
-78.85952712100139 -5.007820246661045 0.4017477658812088
-78.35883171070932 -4.995127044691976 0.3991066919769571
-77.85813630041724 -4.98220030281744 0.3964649303987369
-77.35744089012518 -4.9690392166430986 0.39382253991670196
-76.85674547983311 -4.955642981774617 0.3911795793010125
-76.35605006954103 -4.942010793817639 0.3885361073218288
-75.85535465924896 -4.92814184837784 0.3858921827493081
-75.35465924895689 -4.914035341060866 0.38324786435361197
-74.85396383866481 -4.899690467472381 0.38060321090489674
-74.35326842837274 -4.885106423218037 0.3779582811733227
-73.85257301808066 -4.870282403903506 0.375313133929047
-73.3518776077886 -4.855217605134421 0.37266782794223224
-72.85118219749653 -4.839911222516479 0.3700224219830342
-72.35048678720445 -4.824362451655305 0.3673769748216123
-71.84979137691238 -4.808570488156578 0.36473154522812684
-71.34909596662031 -4.7925345276259455 0.3620861919727359
-70.84840055632823 -4.776253765669063 0.3594409738255984
-70.34770514603616 -4.759727397891598 0.35679594955687427
-69.8470097357441 -4.742954619899216 0.35415117793671974
-69.34631432545201 -4.725934627297555 0.3515067177352969
-68.84561891515995 -4.708666615692288 0.3488626277227634
-68.34492350486788 -4.6911497806890745 0.3462189666692786
-67.8442280945758 -4.673383317893564 0.34357579334500105
-67.34353268428373 -4.655366422911419 0.34093316652009015
-66.84283727399166 -4.637098291348301 0.3382911449647035
-66.34214186369958 -4.618578118809863 0.3356497874490015
-65.84144645340751 -4.599805100901768 0.3330091527431434
-65.34075104311543 -4.5807784332296855 0.33036929961728606
-64.84005563282336 -4.561497311399246 0.3277302868415906
-64.3393602225313 -4.541960931016135 0.325092173186216
-63.838664812239216 -4.522168487685996 0.3224550174213186
-63.33796940194715 -4.502119177014486 0.3198188783170613
-62.83727399165508 -4.481812194607281 0.31718381464359996
-62.336578581363 -4.461246736070022 0.31454988517109445
-61.83588317107093 -4.440421997008377 0.31191714866970416
-61.335187760778865 -4.419337173027993 0.3092856639095885
-60.834492350486784 -4.397991459734552 0.30665548966090467
-60.333796940194716 -4.3763840527336795 0.3040266846938125
-59.83310152990265 -4.354514147631061 0.30139930777847185
-59.33240611961057 -4.3323809400323485 0.2987734176850408
-58.8317107093185 -4.309983625543201 0.29614907318367784
-58.33101529902643 -4.28732139976927 0.2935263330445424
-57.83031988873435 -4.264393458316212 0.2909052560377943
-57.329624478442284 -4.241198996789693 0.28828590093359124
-56.82892906815022 -4.217737210795387 0.28566832650209256
-56.328233657858135 -4.194007295938916 0.2830525915134586
-55.82753824756607 -4.170008447825967 0.28043875473784513
-55.326842837273986 -4.145739862062186 0.2778268749454152
-54.82614742698192 -4.121200734253244 0.2752170109063255
-54.32545201668985 -4.096390260004792 0.2726092213907337
-53.82475660639777 -4.071307634922481 0.2700035651688009
-53.3240611961057 -4.045952054611979 0.26740010101068573
-52.823365785813635 -4.0203227146789455 0.26479888768654664
-52.322670375521554 -3.9944188107290324 0.26219998396654304
-51.82197496522949 -3.9682395383679068 0.25960344862083345
-51.321279554937405 -3.941784093201217 0.2570093404195764
-50.82058414464535 -3.9150516708346257 0.2544177181329313
-50.31988873435327 -3.8880414668737946 0.2518286405310584
-49.81919332406119 -3.8607526769243745 0.2492421663841154
-49.318497913769136 -3.8331844965920374 0.24665835446226075
-48.817802503477054 -3.8053361214824357 0.2440772635356539
-48.31710709318497 -3.7772067472012245 0.24149895237445423
-47.81641168289292 -3.7487955693540607 0.23892347974882205
-47.31571627260084 -3.72010178354661 0.2363509044289132
-46.81502086230876 -3.6911245853845247 0.233781285184888
-46.3143254520167 -3.6618631704734663 0.23121468078690494
-45.81363004172462 -3.632316734419096 0.2286511500051252
-45.31293463143254 -3.6024844728270584 0.22609075160970643
-44.81223922114049 -3.572365581303044 0.22353354437080536
-44.311543810848406 -3.5419592554526758 0.22097958705858406
-43.810848400556324 -3.5112646908816294 0.21842893844320105
-43.31015299026427 -3.480281083195559 0.21588165729481396
-42.80945757997219 -3.4490076280001385 0.2133378023835804
-42.30876216968011 -3.417443520901005 0.21079743247966515
-41.808066759388026 -3.3855879575038217 0.2082606063532187
-41.30737134909597 -3.353440133414264 0.20572738277440844
-40.80667593880389 -3.3209992442379606 0.20319782051338847
-40.30598052851181 -3.288264485580594 0.2006719783403182
-39.80528511821976 -3.2552350530478207 0.1981499150253579
-39.304589707927676 -3.221910142245283 0.19563168933866698
-38.803894297635594 -3.188288948778664 0.19311736005040042
-38.30319888734354 -3.154370668253604 0.19060698593072206
-37.80250347705146 -3.1201544962757617 0.18810062574978864
-37.30180806675938 -3.085639628450805 0.18559833827775868
-36.801112656467325 -3.050825260384397 0.18310018228479336
-36.30041724617524 -3.0157105876821713 0.1806062165410494
-35.79972183588316 -2.9802948059498067 0.17811649981668448
-35.29902642559111 -2.9445771107929715 0.17563109088186152
-34.79833101529903 -2.908556697817294 0.17315004850673638
-34.297635605006946 -2.872232762628457 0.17067343146147113
-33.79694019471489 -2.8356045008321176 0.16820129851622162
-33.29624478442281 -2.798671108033917 0.16573370844114726
-32.79554937413073 -2.761431779839525 0.16327072000640924
-32.294853963838676 -2.7238857118546096 0.16081239198216252
-31.794158553546595 -2.6860320996848084 0.15835878313857005
-31.293463143254513 -2.647870138935804 0.15590995224578857
-30.79276773296246 -2.609399025213237 0.15346595807397928
-30.29207232267038 -2.5706179541227567 0.1510268593932989
-29.791376912378297 -2.5315261212700624 0.14859271497390508
-29.290681502086244 -2.49212272226078 0.14616358358596165
-28.789986091794162 -2.452406952700573 0.1437395239996227
-28.28929068150208 -2.412378008195089 0.14132059498505029
-27.788595271210028 -2.372035084350006 0.13890685531240293
-27.287899860917946 -2.331377376770987 0.1364983637518365
-26.787204450625865 -2.290404081063666 0.13409517907351393
-26.28650904033381 -2.2491143928337185 0.13169736004759375
-25.78581363004173 -2.207507507686803 0.1293049654442327
-25.28511821974965 -2.1655826212285665 0.1269180540335893
-24.784422809457595 -2.1233389290646856 0.12453668458582738
-24.283727399165514 -2.080775626800816 0.12216091587110016
-23.783031988873432 -2.0378919100425867 0.11979080665957058
-23.28233657858135 -1.9946869743957003 0.11742641572139538
-22.781641168289298 -1.951160015465788 0.11506780182673397
-22.280945757997216 -1.9073102288585084 0.11271502374574575
-21.780250347705135 -1.8631368101795398 0.11036814024858836
-21.27955493741308 -1.8186389550345123 0.10802721010542386
-20.778859527121 -1.7738158590291069 0.105692292086409
-20.27816411682892 -1.7286667177689705 0.10336344496170317
-19.777468706536865 -1.6831907268597788 0.10104072750146224
-19.276773296244784 -1.6373870819071548 0.09872419847585183
-18.776077885952702 -1.5912549785167962 0.09641391665502601
-18.27538247566065 -1.5447936122943475 0.0941099408091433
-17.774687065368568 -1.4980021788454487 0.09181232970836666
-17.273991655076486 -1.4508798737757895 0.08952114212285193
-16.773296244784433 -1.4034258926910153 0.08723643682275765
-16.27260083449235 -1.3556394311967632 0.08495827257824588
-15.77190542420027 -1.3075196848987258 0.08268670815947159
-15.271210013908217 -1.2590658494025475 0.08042180233659683
-14.770514603616135 -1.2102771203138807 0.07816361387978014
-14.269819193324054 -1.1611526932383938 0.07591220155917915
-13.769123783032 -1.111691763781748 0.07366762414495324
-13.268428372739919 -1.061893527549595 0.07142994040726096
-12.767732962447838 -1.0117571801475758 0.06919920911626525
-12.267037552155784 -0.9612819171813841 0.0669754890421184
-11.766342141863703 -0.9104669342566604 0.06475883895498429
-11.265646731571621 -0.8593114269790586 0.06254931762501963
-10.764951321279568 -0.8078145909542455 0.06034698382238472
-10.264255910987487 -0.7559756217878796 0.05815189631723809
-9.763560500695405 -0.7037937150856107 0.05596411387973736
-9.262865090403352 -0.6512680664531189 0.05378369528004372
-8.76216968011127 -0.5983978714960351 0.051610699288314785
-8.261474269819189 -0.5451823258200278 0.04944518467470908
-7.760778859527136 -0.49162062503077963 0.047287210209387795
-7.260083449235054 -0.4377119647338995 0.04513683466250766
-6.759388038942973 -0.38345554053509223 0.042994116804228974
-6.25869262865092 -0.32885054803998803 0.04085911540471114
-5.757997218358838 -0.2738961828542624 0.038731889234109126
-5.257301808066757 -0.2185916405835625 0.03661249706258589
-4.756606397774675 -0.1629361168335549 0.03450099766030083
-4.255910987482622 -0.10692880720989117 0.03239744979741159
-3.7552155771905404 -0.05056890731824237 0.030301912244076676
-3.254520166898459 0.006144387235754167 0.02821444377045372
-2.753824756606406 0.0632118808464105 0.026135103146703018
-2.2531293463143243 0.12063437790810083 0.02406394914298575
-1.7524339360222427 0.17836912378303318 0.022000027816411638
-1.2517385257301896 0.22323977746870596 0.02094510431154381
-0.7510431154381081 0.26165591098748264 0.021587246175243394
-0.25034770514602656 0.30532072322670456 0.023048887343532713
0.25034770514602656 0.3461774687065361 0.0248013212795549
0.7510431154381081 0.4029539638386648 0.02678931849791377
1.2517385257301896 0.48415702364395147 0.02873632823365789
1.7524339360222427 0.56874283727399 0.0304730319888734
2.2531293463143243 0.6500613351877607 0.031943073713490956
2.753824756606406 0.7410126564673173 0.03225002781641167
3.254520166898459 0.8384588317107072 0.03104936022253133
3.7552155771905404 0.9246584144645338 0.02941393602225314
4.255910987482622 1.0006795549374141 0.027308789986091757
4.756606397774675 1.0624553546592477 0.02477289290681508
5.257301808066757 1.094061752433936 0.024253838664812233
5.757997218358838 1.1032155771905425 0.028450681502086322
6.258692628650891 1.1301897079276761 0.034702531293463
6.759388038942973 1.1816176634214182 0.04060047287899857
7.260083449235054 1.2289228094575804 0.04792940194714891
7.760778859527107 1.2574707927677324 0.05654970792767709
8.261474269819189 1.2652293463143254 0.06557635605006946
8.76216968011127 1.2593468706536854 0.0751504728789987
9.262865090403324 1.214602225312937 0.08488123783031962
9.763560500695405 1.1502881780250354 0.09611443671766329
10.264255910987487 1.0324161335187747 0.10385351877607792
10.76495132127954 0.8974336578581393 0.11769904033379623
11.265646731571621 0.924862308762168 0.1513174826147422
11.766342141863703 0.9947810848400557 0.17663955493741315
12.267037552155784 1.010068984700974 0.1866581363004175
12.767732962447838 1.0139027816411683 0.1946805980528511
13.268428372739919 1.0126190542420028 0.20185411682892912
13.769123783032 1.0253116828929072 0.210528789986092
14.269819193324054 1.0416643949930458 0.2191602781641167
14.770514603616135 1.0501525730180805 0.22615322670375523
15.271210013908217 1.0526274890167426 0.2322069504469652
15.77190542420027 1.0549284843321494 0.2382320812947154
16.27260083449235 1.057035886157728 0.24422531751408455
16.773296244784433 1.0589504988878202 0.25018671787523133
17.273991655076486 1.0606731269167666 0.25611634114831433
17.774687065368568 1.0622045746389095 0.26201424610349316
18.27538247566065 1.06354564644859 0.26788049151092647
18.776077885952702 1.0646971467401491 0.2737151361407729
19.276773296244784 1.0656598799079289 0.27951823876319204
19.777468706536865 1.0664346503462703 0.28528985814834257
20.27816411682892 1.067022262449515 0.2910300530663831
20.778859527121 1.0674235206120044 0.2967388822874733
21.27955493741308 1.0676392292280796 0.3024164045817717
21.780250347705135 1.0676701926920824 0.308062678719437
22.280945757997216 1.067517215398354 0.3136777634706288
22.781641168289298 1.0671811017412358 0.3192617176055058
23.28233657858135 1.0666626561150694 0.32481459989422656
23.783031988873432 1.0659626829141962 0.3303364691069507
24.283727399165514 1.0650819865329575 0.3358273840138369
24.784422809457567 1.0640213713656947 0.34128740338504376
25.28511821974965 1.0627816418067493 0.3467165859907309
25.78581363004173 1.0613636022504627 0.35211499060105705
26.286509040333783 1.0597680570911763 0.35748267598618066
26.787204450625865 1.0579958107232312 0.3628197009162615
27.287899860917946 1.0560476675409696 0.3681261241614581
27.78859527121 1.0539244319387322 0.37340200449192923
28.28929068150208 1.0516269083108607 0.3786474006778344
28.789986091794162 1.0491559010516964 0.38386237148933233
29.290681502086215 1.046512214555581 0.3890469756965816
29.791376912378297 1.0436966532168555 0.3942012720697417
30.29207232267038 1.0407100214298617 0.3993253193789715
30.79276773296246 1.0375531235889406 0.40441917639442987
31.293463143254513 1.0342267640884342 0.4094829018862754
31.794158553546595 1.0307317473226831 0.4145165546246677
32.294853963838676 1.0270688776860295 0.4195201933797655
32.79554937413073 1.0232389595728149 0.4244938769217274
33.29624478442281 1.0192427973773797 0.429437664020713
33.79694019471489 1.0150811954940662 0.4343516134468809
34.297635605006946 1.0107549583172157 0.4392357839703898
34.79833101529903 1.006264890241169 0.4440902343613993
35.29902642559111 1.0016117956602684 0.448915023390068
35.79972183588316 0.9967964789688548 0.4537102098265547
36.30041724617524 0.9918197445612698 0.4584758524410187
36.801112656467325 0.9866823968318545 0.4632120100036189
37.30180806675938 0.981385240174951 0.46791874128451383
37.80250347705146 0.9759290789848999 0.4725961050538632
38.30319888734354 0.9703147176560429 0.4772441600818254
38.803894297635594 0.9645429605827219 0.4818629651385594
39.304589707927676 0.9586146121592777 0.48645257899422467
39.80528511821976 0.9525304767800518 0.4910130604189797
40.30598052851181 0.9462913588393861 0.4955444681829834
40.80667593880389 0.9398980627316214 0.5000468610563952
41.30737134909597 0.9333513928510994 0.5045202978093738
41.808066759388026 0.9266521535921618 0.5089648372120779
42.30876216968011 0.9198011493491494 0.5133805380346669
42.80945757997219 0.9127991845164038 0.5177674590472996
43.31015299026424 0.9056470634882672 0.5221256590201347
43.810848400556324 0.8983455906590797 0.5264551967233317
44.311543810848406 0.8908955704231835 0.5307561309270492
44.81223922114046 0.8832978071749203 0.535028520401446
45.31293463143254 0.8755531053086308 0.5392724239166815
45.81363004172462 0.8676622692186566 0.5434879002429146
46.314325452016675 0.8596261032993397 0.5476750081503038
46.81502086230876 0.8514454119450207 0.5518338064090085
47.31571627260084 0.8431209995500414 0.5559643537891877
47.81641168289289 0.8346536705087435 0.5600667090609999
48.31710709318497 0.8260442292154677 0.5641409309946046
48.817802503477054 0.8172934800645558 0.5681870783601606
49.318497913769136 0.8084022274503496 0.5722052099278268
49.81919332406119 0.7993712757671905 0.5761953844677619
50.31988873435327 0.7902014294094187 0.5801576607501252
50.82058414464535 0.7808934927713768 0.5840920975450759
51.321279554937405 0.7714482702474063 0.5879987536227722
51.82197496522949 0.7618665662318479 0.5918776877533738
52.32267037552157 0.7521491851190433 0.5957289587070393
52.82336578581362 0.7422969313033344 0.5995526252539276
53.3240611961057 0.7323106091790615 0.6033487461641981
53.824756606397784 0.7221910231405669 0.6071173802080094
54.32545201668984 0.7119389775821926 0.6108585861555204
54.82614742698192 0.7015552768982783 0.6145724227768902
55.326842837274 0.6910407254831666 0.6182589488422778
55.82753824756605 0.6803961277311987 0.6219182231218421
56.328233657858135 0.6696222880367161 0.6255503043857421
56.82892906815022 0.6587200107940597 0.6291552514041368
57.32962447844227 0.6476901003975719 0.632733122947185
57.83031988873435 0.6365333612415934 0.6362839777850459
58.33101529902643 0.6252505977204651 0.6398078746878783
58.831710709318486 0.6138426142285299 0.643304872425841
59.33240611961057 0.602310215160128 0.6467750297690935
59.83310152990265 0.590654204909601 0.6502184054877943
60.3337969401947 0.5788753878712908 0.6536350583521023
60.834492350486784 0.5669745684395383 0.6570250471321768
61.335187760778865 0.5549525510086851 0.6603884305981768
61.83588317107092 0.5428101399730733 0.6637252675202607
62.336578581363 0.530548139727043 0.6670356166685882
62.83727399165508 0.5181673546649362 0.6703195368133177
63.337969401947134 0.5056685891810951 0.6735770867246083
63.838664812239216 0.4930526476698597 0.6768083251726192
64.3393602225313 0.4803203345255721 0.6800133109275092
64.84005563282335 0.4674724541425751 0.6831921027594372
65.34075104311543 0.45450981091520737 0.6863447594385622
65.84144645340751 0.4414332092378118 0.6894713397350434
66.34214186369957 0.4282434535047305 0.6925719024190391
66.84283727399165 0.4149413481103036 0.695646506260709
67.34353268428373 0.4015276974488725 0.6986952100302117
67.84422809457581 0.3880033059147797 0.7017180724977066
68.34492350486786 0.3743689779023668 0.7047151524333518
68.84561891515995 0.3606255178059733 0.7076865086073069
69.34631432545203 0.3467737300199424 0.7106321997897309
69.84700973574408 0.33281441893861563 0.7135522847507823
70.34770514603616 0.3187483889563322 0.7164468222606206
70.84840055632824 0.30457644446743537 0.7193158710894044
71.3490959666203 0.29029938986626747 0.722159490007293
71.84979137691238 0.27591802954716715 0.7249777377844446
72.35048678720446 0.2614331679044778 0.7277706731910192
72.85118219749651 0.24684560933254118 0.7305383549971751
73.3518776077886 0.2321561582256969 0.7332808419730716
73.85257301808068 0.2173656189782872 0.7359981928888674
74.35326842837273 0.20247479598465434 0.7386904665147214
74.85396383866481 0.18748449363913877 0.7413577216207929
75.35465924895689 0.1723955163360823 0.7440000169772407
75.85535465924895 0.1572086684698265 0.7466174113542235
76.35605006954103 0.14192475443471253 0.7492099635219007
76.85674547983308 0.12654457862508173 0.7517777322504309
77.35744089012519 0.11106894543527457 0.7543207763099737
77.85813630041724 0.09549865925963485 0.7568391544706873
78.3588317107093 0.07983452449250217 0.7593329255027308
78.8595271210014 0.06407734552821764 0.7618021481762638
79.36022253129346 0.04822792676112464 0.7642468812614444
79.86091794158551 0.032287072585563625 0.766667183528432
80.36161335187762 0.016255587395873516 0.7690631137473856
80.86230876216968 0.00013427558640011217 0.7714347306884639
81.36300417246173 -0.016076058448517228 0.7737820931218261
81.86369958275384 -0.032374610314539365 0.7761052598176315
82.36439499304589 -0.04876057561732028 0.7784042895460382
82.86509040333794 -0.0652331499625215 0.7806792410772058
83.36578581363005 -0.0817915289558021 0.7829301731812933
83.86648122392211 -0.09843490820281875 0.7851571446284592
84.36717663421416 -0.11516248330922985 0.7873602141888627
84.86787204450627 -0.1319734498806976 0.789539440632663
85.36856745479832 -0.1488670035228764 0.7916948827300186
85.86926286509038 -0.16584233984142605 0.7938265992510887
86.36995827538249 -0.18289865444200737 0.7959346489660327
86.87065368567454 -0.2000351429302757 0.7980190906450089
87.3713490959666 -0.21725100091189076 0.8000799830581762
87.8720445062587 -0.234545423992513 0.8021173849756942
88.37273991655076 -0.2519176077777977 0.8041313551677214
88.87343532684281 -0.2693667478734051 0.8061219524044168
89.37413073713492 -0.2868920398849958 0.8080892354559399
89.87482614742697 -0.30449267941822533 0.8100332630924488
90.37552155771903 -0.3221678620787519 0.8119540940841029
90.87621696801114 -0.3399167834722382 0.8138517872010615
91.37691237830319 -0.3577386392043379 0.8157264012134829
91.87760778859524 -0.3756326248807128 0.8175779948915263
92.37830319888735 -0.393597936107022 0.8194066270053509
92.8789986091794 -0.4116337684889201 0.8212123563251155
93.37969401947146 -0.4297393176320693 0.8229952416209788
93.88038942976357 -0.44791377914212827 0.8247553416631005
94.38108484005562 -0.4661563486247525 0.8264927152216388
94.88178025034773 -0.48446622168560494 0.8282074210667533
95.38247566063978 -0.502842593930339 0.8298995179686023
95.88317107093184 -0.5212846609646168 0.8315690646973448
96.38386648122395 -0.5397916183940973 0.8332161200231404
96.884561891516 -0.5583626618244363 0.8348407427161476
97.38525730180805 -0.576996986861294 0.8364429915465255
97.88595271210016 -0.5956937891103312 0.8380229252844331
98.38664812239222 -0.6144522641772024 0.8395806027000292
98.88734353268427 -0.6332716076675678 0.8411160825634728
99.38803894297638 -0.6521510151870872 0.8426294236449232
99.88873435326843 -0.6710896823414173 0.8441206847145388
100.38942976356049 -0.6900868047362173 0.8455899245424789
100.8901251738526 -0.709141577977148 0.8470372018989024
101.39082058414465 -0.7282531976698655 0.8484625755539682
101.8915159944367 -0.747420859420027 0.8498661042778355
102.39221140472881 -0.7666437588332956 0.8512478468406632
102.89290681502086 -0.7859210915153251 0.85260786201261
103.39360222531292 -0.8052520530717763 0.8539462085638349
103.89429763560503 -0.8246358391083105 0.8552629452644971
104.39499304589708 -0.8440716452305811 0.8565581308847555
104.89568845618913 -0.8635586670442489 0.8578318241947689
105.39638386648124 -0.8830961001549761 0.8590840839646966
105.8970792767733 -0.9026831401684142 0.8603149689646972
106.39777468706535 -0.9223189826902255 0.8615245379649297
106.89847009735746 -0.9420028233260712 0.8627128497355536
107.39916550764951 -0.9617338576816056 0.863879963046727
107.89986091794157 -0.9815112813624881 0.8650259366686094
108.40055632823368 -1.001334289974381 0.8661508293713596
108.90125173852573 -1.0212020791229377 0.8672546999251367
109.40194714881778 -1.041113844413819 0.8683376071000994
109.90264255910989 -1.0610687814526854 0.8693996096664073
110.40333796940195 -1.0810660858451908 0.8704407663942186
110.904033379694 -1.1011049531969972 0.8714611360536926
111.40472878998611 -1.1211845791137658 0.8724607774149884
111.90542420027816 -1.141304159201149 0.8734397492482646
112.40611961057022 -1.161462889064809 0.8743981103236803
112.90681502086233 -1.181659964310406 0.8753359194113947
113.40751043115438 -1.2018945805435934 0.8762532352815664
113.90820584144643 -1.2221659333700332 0.8771501167043547
114.40890125173854 -1.2424732183953853 0.8780266224499185
114.9095966620306 -1.2628156312253043 0.8788828112884166
115.41029207232265 -1.283192367465452 0.879718741990008
115.91098748261476 -1.3036026227214874 0.8805344733248518
116.41168289290681 -1.3240455925990653 0.8813300640631068
116.91237830319886 -1.3445204727038464 0.8821055729749321
117.41307371349097 -1.3650264586414922 0.8828610588304864
117.91376912378303 -1.3855627460176567 0.8835965803999288
118.41446453407508 -1.406128530438 0.8843121964534186
118.91515994436719 -1.426723007508183 0.8850079657611146
119.41585535465924 -1.44734537283386 0.8856839470931753
119.9165507649513 -1.4679948220206933 0.8863401992197601
120.4172461752434 -1.4886705506743412 0.8869767809110279
120.91794158553546 -1.5093717544004597 0.8875937509371377
121.41863699582751 -1.5300976288047088 0.8881911680682485
121.91933240611962 -1.5508473694927494 0.8887690910745191
122.42002781641168 -1.5716201720702347 0.8893275787261083
122.92072322670373 -1.592415232142827 0.8898666897931754
123.42141863699584 -1.6132317453161873 0.8903864830458796
123.92211404728789 -1.6340689071959682 0.8908870172543792
124.42280945757994 -1.6549259133878316 0.8913683511888334
124.92350486787205 -1.6758019594974374 0.8918305436194012
125.42420027816411 -1.6966962411304416 0.892273653316242
125.92489568845616 -1.7176079538925029 0.8926977390495138
126.42559109874827 -1.738536293389283 0.8931028595893767
126.92628650904032 -1.7594804552264356 0.893489073705989
127.42698191933238 -1.7804396350096234 0.8938564401695095
127.92767732962449 -1.8014130283445038 0.8942050177500978
128.42837273991654 -1.8223998308367335 0.8945348652179121
128.9290681502086 -1.843399238091974 0.8948460413431116
129.4297635605007 -1.8644104457158837 0.8951386048958557
129.93045897079276 -1.885432649314117 0.8954126146463031
130.4311543810848 -1.9064650444923368 0.8956681293646127
130.93184979137692 -1.927506826856201 0.8959052078209437
131.43254520166897 -1.9485571920113673 0.8961239087854548
131.93324061196108 -1.9696153355634953 0.8963242910283049
132.43393602225314 -1.9906804531182418 0.8965064133196531
132.9346314325452 -2.0117517402812646 0.8966703344296585
133.4353268428373 -2.032828392658227 0.8968161131284795
133.93602225312935 -2.053909605854784 0.8969438081862757
134.4367176634214 -2.0749945754765946 0.8970534783732058
134.93741307371351 -2.0960824971293195 0.897145182459429
135.43810848400557 -2.117172566418614 0.8972189792151042
135.93880389429762 -2.1382639789501363 0.8972749274103897
136.43949930458973 -2.1593559303295486 0.8973130858154454
136.94019471488178 -2.1804476161625064 0.8973335132004296
137.44089012517384 -2.2015382320546704 0.897336268335502
137.94158553546595 -2.2226269736116997 0.8973214099908207
138.442280945758 -2.2437130364392495 0.8972889969365452
138.94297635605005 -2.264795616142981 0.8972390879428342
139.44367176634216 -2.2858739083285546 0.8971717417798468
139.94436717663422 -2.306947108601623 0.8970870172177423
140.44506258692627 -2.328014412567849 0.8969849730266788
140.94575799721838 -2.349075015832892 0.8968656679768159
141.44645340751043 -2.370128114002408 0.8967291608383126
141.94714881780249 -2.3911729026820563 0.8965755103813275
142.4478442280946 -2.4122085774774984 0.89640477537602
142.94853963838665 -2.433234333994387 0.8962170145925488
143.4492350486787 -2.454249367838384 0.8960122868010727
143.9499304589708 -2.4752528746151503 0.8957906507717506
144.45062586926286 -2.4962440499303398 0.895552165274742
144.95132127955492 -2.5172220893896147 0.8952968890802058
145.45201668984703 -2.5381861885986345 0.8950248809583001
145.95271210013908 -2.559135543163051 0.8947361996791849
146.45340751043113 -2.5800693486885287 0.894430904013019
146.95410292072324 -2.600986800780729 0.8941090527299609
147.4547983310153 -2.6218870950453037 0.8937707046001697
147.95549374130735 -2.642769427087912 0.8934159183938046
148.45618915159946 -2.6636329925142173 0.8930447528810246
148.9568845618915 -2.6844769869298726 0.8926572668319881
149.45757997218357 -2.7053006059405402 0.8922535190168546
149.95827538247568 -2.7261030451518806 0.8918335682057827
150.45897079276773 -2.746883500169546 0.8913974731689318
150.95966620305978 -2.7676411665992 0.8909452926764607
151.4603616133519 -2.7883752400465016 0.8904770854985278
151.96105702364395 -2.8090849161171025 0.8899929104052928
152.461752433936 -2.8297693904166694 0.8894928261669144
152.9624478442281 -2.85042785855086 0.8889768915535521
153.46314325452016 -2.8710595161253285 0.888445165335364
153.96383866481222 -2.8916635587457336 0.8878977062825093
154.46453407510432 -2.91223918201774 0.8873345731651472
154.96522948539638 -2.9327855815469985 0.8867558247534364
155.46592489568843 -2.953301952939173 0.8861615198175361
155.96662030598054 -2.9737874917999214 0.8855517171276053
156.4673157162726 -2.9942413937348995 0.8849264754538027
156.96801112656465 -3.0146628543497695 0.8842858535662874
157.46870653685676 -3.0350510692501884 0.8836299102352183
157.9694019471488 -3.0554052340418103 0.8829587042307547
158.47009735744086 -3.075724544330301 0.882272294323055
158.97079276773297 -3.096008195721319 0.8815707392822785
159.47148817802503 -3.116255383820517 0.8808540978785839
159.97218358831708 -3.1364653042335573 0.8801224288821305
160.4728789986092 -3.156637152566099 0.8793757910630771
160.97357440890124 -3.1767701244237956 0.8786142431915827
161.4742698191933 -3.1968634154123126 0.8778378440378063
161.9749652294854 -3.2169162211373057 0.8770466523719069
162.47566063977746 -3.2369277372044327 0.8762407269640433
162.9763560500695 -3.256897159219353 0.8754201265843748
163.47705146036162 -3.2768236827877266 0.8745849100030598
163.97774687065368 -3.2967065035152054 0.8737351359902579
164.47844228094573 -3.316544817007458 0.8728708633161273
164.97913769123784 -3.336337818870138 0.8719921507508277
165.4798331015299 -3.3560847047089024 0.8710990570645178
165.98052851182194 -3.3757846701294114 0.8701916410273565
166.48122392211405 -3.3954369107373243 0.8692699614095025
166.9819193324061 -3.415040622138297 0.8683340769811154
167.48261474269816 -3.434594999937994 0.8673840465123537
167.98331015299027 -3.454099239742068 0.866419928773376
168.48400556328232 -3.4735525371561793 0.8654417825343421
168.98470097357443 -3.492954087785989 0.8644496665654107
169.4853963838665 -3.5123030872371506 0.8634436396367409
169.98609179415854 -3.531598731115324 0.8624237605184912
170.48678720445065 -3.550840215026174 0.8613900879808207
170.9874826147427 -3.5700267345753507 0.8603426807938888
171.48817802503476 -3.5891574853685166 0.8592815977278538
171.98887343532687 -3.6082316630113316 0.8582068975528752
172.48956884561892 -3.6272484631094533 0.8571186390391117
172.99026425591097 -3.6462070812685368 0.8560168809567223
173.49095966620308 -3.6651067130942505 0.8549016820758657
173.99165507649514 -3.68394655419224 0.8537731011667014
174.4923504867872 -3.7027258001681713 0.852631196999388
174.9930458970793 -3.7214436466277037 0.851476028344085
175.49374130737135 -3.740099289176492 0.8503076539709504
175.9944367176634 -3.7586919234201948 0.849126132650144
176.49513212795551 -3.777220744964476 0.8479315231518236
176.99582753824757 -3.7956849494149894 0.8467238842461497
177.49652294853962 -3.814083732377393 0.8455032747032807
177.99721835883173 -3.8324162894573512 0.8442697532933754
178.49791376912378 -3.8506818162605154 0.8430233787865926
178.99860917941584 -3.868879508392548 0.841764209953092
179.49930458970795 -3.887008561459108 0.8404923055630318
180.0 -3.9050681710658535 0.8392077243865708
