Polar data for 2 at Re = 271428.5714285715
Alpha (deg) Cl Cd
-180.0 -3.8028618000441505 0.972579128144702
-179.49930458970792 -3.825933041864816 0.9702731737757513
-178.99860917941587 -3.8489312694742135 0.9679513348661826
-178.49791376912378 -3.8718554365757636 0.9656137270185399
-177.9972183588317 -3.894704496872889 0.963260465835369
-177.49652294853965 -3.917477404069015 0.9608916669192151
-176.99582753824757 -3.940173111867568 0.9585074458726219
-176.4951321279555 -3.9627905739719664 0.956107918298136
-175.99443671766343 -3.985328744085636 0.9536931997983022
-175.49374130737135 -4.007786575912009 0.9512634059756646
-174.99304589707927 -4.030163023154497 0.9488186524327706
-174.49235048678722 -4.052457039516531 0.9463590547721616
-173.99165507649514 -4.0746675787015345 0.9438847285963861
-173.49095966620305 -4.096793594412933 0.9413957895079874
-172.990264255911 -4.118834040354146 0.9388923531095097
-172.48956884561892 -4.140787870228602 0.9363745350035013
-171.98887343532684 -4.162654037739717 0.9338424507925054
-171.48817802503476 -4.184431496590928 0.9312962160790659
-170.9874826147427 -4.206119200485647 0.9287359464657312
-170.48678720445062 -4.22771610312731 0.9261617575550414
-169.98609179415854 -4.249221158219324 0.9235737649495461
-169.4853963838665 -4.270633319465134 0.9209720842517881
-168.9847009735744 -4.291951540568146 0.9183568310643131
-168.48400556328232 -4.313174775231792 0.9157281209896668
-167.98331015299027 -4.334301977159493 0.9130860696303933
-167.4826147426982 -4.355332100054678 0.9104307925890374
-166.9819193324061 -4.376264097620769 0.9077624054681457
-166.48122392211405 -4.39709692356119 0.9050810238702618
-165.98052851182197 -4.417829531579356 0.9023867633979323
-165.4798331015299 -4.438460875378709 0.8996797396537013
-164.97913769123784 -4.4589899086626605 0.8969600682401122
-164.47844228094576 -4.479415585134635 0.8942278647597135
-163.97774687065368 -4.499736858498061 0.8914832448150487
-163.47705146036162 -4.519952682456362 0.8887263240086614
-162.97635605006954 -4.540062010712957 0.885957217943099
-162.47566063977746 -4.560063796971276 0.8831760422209061
-161.9749652294854 -4.579956994934735 0.8803829124446261
-161.47426981919332 -4.599740558306774 0.8775779442168061
-160.97357440890124 -4.619413440790797 0.8747612531399898
-160.4728789986092 -4.638974596090243 0.8719329548167241
-159.9721835883171 -4.658422977908529 0.8690931648495517
-159.47148817802503 -4.677757539949077 0.8662419988410188
-158.97079276773297 -4.696977235915313 0.8633795723936717
-158.4700973574409 -4.7160810195106695 0.8605060011100529
-157.9694019471488 -4.735067844438564 0.8576214005927092
-157.46870653685676 -4.753936664402417 0.8547258864441853
-156.96801112656468 -4.772686433105656 0.8518195742670271
-156.4673157162726 -4.791316104251708 0.8489025796637786
-155.96662030598054 -4.809824631543986 0.845975018236985
-155.46592489568846 -4.8282109686859265 0.8430370055891925
-154.96522948539638 -4.846474069380948 0.8400886573229438
-154.46453407510432 -4.864612887332475 0.8371300890407865
-153.96383866481224 -4.882626376243934 0.834161416345264
-153.46314325452016 -4.900513489818742 0.831182754838923
-152.9624478442281 -4.918273181760334 0.8281942201243067
-152.46175243393603 -4.935904405772126 0.825195927803962
-151.96105702364395 -4.953406115557543 0.8221879934804321
-151.4603616133519 -4.9707772648200095 0.8191705327562624
-150.9596662030598 -4.98801680726295 0.8161436612340007
-150.45897079276773 -5.005123696589788 0.8131074945161889
-149.95827538247568 -5.022096886503947 0.8100621482053731
-149.4575799721836 -5.038935330708856 0.8070077379040987
-148.9568845618915 -5.055637982907935 0.8039443792149101
-148.45618915159943 -5.072203796804603 0.8008721877403535
-147.95549374130738 -5.088631726102294 0.7977912790829733
-147.4547983310153 -5.104920724504424 0.794701768845314
-146.95410292072324 -5.121069745714424 0.7916037726299225
-146.45340751043116 -5.137077743435709 0.7884974060393417
-145.95271210013908 -5.152943671371714 0.7853827846761163
-145.452016689847 -5.168666483225854 0.7822600241427957
-144.95132127955495 -5.184245132701555 0.7791292400419194
-144.45062586926286 -5.199678573502247 0.7759905479760358
-143.94993045897078 -5.214965759331351 0.7728440635476903
-143.44923504867873 -5.2301056438922835 0.7696899023594255
-142.94853963838665 -5.24509718088847 0.7665281800137906
-142.44784422809457 -5.259939324023346 0.7633590121133262
-141.9471488178025 -5.274631027000327 0.760182514260578
-141.44645340751043 -5.289171243522844 0.7569988020580944
-140.94575799721835 -5.303558927294308 0.7538079911084172
-140.44506258692627 -5.3177930320181535 0.7506101970140926
-139.94436717663422 -5.331872511397799 0.7474055353776659
-139.44367176634213 -5.345796319136669 0.7441941218016832
-138.94297635605005 -5.359563408938193 0.7409760718886873
-138.442280945758 -5.373172734505797 0.7377515012412239
-137.94158553546592 -5.386623249542893 0.7345205254618388
-137.44089012517384 -5.399913907752911 0.7312832601530781
-136.94019471488178 -5.413043662839277 0.7280398209174845
-136.4394993045897 -5.426011468505413 0.7247903233576047
-135.93880389429762 -5.438816278454748 0.7215348830759827
-135.43810848400557 -5.451457046390697 0.7182736156751646
-134.9374130737135 -5.46393272601669 0.7150066367576957
-134.4367176634214 -5.476242271036153 0.7117340619261188
-133.93602225312935 -5.488384635152501 0.7084560067829817
-133.43532684283727 -5.500358772069172 0.7051725869308281
-132.9346314325452 -5.512163635489577 0.7018839179722032
-132.43393602225314 -5.523798179117145 0.6985901155096523
-131.93324061196105 -5.535261356655303 0.6952912951457209
-131.43254520166897 -5.546552121807469 0.6919875724829532
-130.93184979137692 -5.557669428277066 0.6886790631238955
-130.43115438108484 -5.568612229767528 0.6853658826710904
-129.93045897079276 -5.579379479982265 0.6820481467270869
-129.4297635605007 -5.5899701326247175 0.6787259708944267
-128.92906815020862 -5.6003831413983 0.6753994707756559
-128.42837273991654 -5.6106174600064325 0.6720687619733199
-127.92767732962449 -5.620672042152551 0.6687339600899631
-127.4269819193324 -5.6305458415400675 0.6653951807281318
-126.92628650904032 -5.6402378118724155 0.6620525394903694
-126.42559109874827 -5.649746906853013 0.6587061519792239
-125.92489568845619 -5.659072080185281 0.6553561337972362
-125.42420027816411 -5.668212285572654 0.6520026005469561
-124.92350486787205 -5.677166476718554 0.6486456678309236
-124.42280945757997 -5.68593360732639 0.6452854512516875
-123.92211404728789 -5.694512631099606 0.6419220664117931
-123.42141863699584 -5.702902501741619 0.6385556289137813
-122.92072322670376 -5.71110217295584 0.6351862543602027
-122.42002781641168 -5.7191105984457185 0.6318140583535983
-121.91933240611961 -5.72692673191465 0.6284391564965142
-121.41863699582754 -5.734549527066081 0.6250616643914975
-120.91794158553546 -5.741977937603435 0.6216816976410899
-120.41724617524339 -5.749210917230121 0.6182993718478387
-119.91655076495132 -5.756247419649567 0.6149148026142881
-119.41585535465924 -5.763086398565207 0.6115281055429844
-118.91515994436718 -5.769726807680453 0.608139396236473
-118.41446453407511 -5.776167600698734 0.6047487902972954
-117.91376912378303 -5.782407731323477 0.6013564033280008
-117.41307371349096 -5.7884461532581035 0.5979623509311325
-116.91237830319889 -5.7942818202060415 0.5945667487092341
-116.41168289290681 -5.799913685870704 0.5911697122648536
-115.91098748261474 -5.805340703955528 0.5877713572005354
-115.41029207232268 -5.810561828163928 0.584371799118824
-114.9095966620306 -5.815576012199331 0.5809711536222628
-114.40890125173853 -5.820382209765169 0.5775695363133999
-113.90820584144646 -5.824979374564853 0.5741670627947779
-113.40751043115438 -5.82936646030182 0.5707638486689439
-112.90681502086231 -5.833542420679478 0.5673600095384415
-112.40611961057024 -5.837506209401262 0.5639556610058167
-111.90542420027816 -5.841256780170596 0.5605509186736142
-111.4047287899861 -5.8447930866908955 0.5571458981443791
-110.90403337969401 -5.848114082665598 0.5537407150206559
-110.40333796940195 -5.851218721798121 0.5503354849049908
-109.90264255910988 -5.854105957791882 0.5469303233999283
-109.4019471488178 -5.856774744350318 0.5435253461080136
-108.90125173852573 -5.859224035176846 0.5401206686317921
-108.40055632823366 -5.861452783974881 0.536716406573809
-107.89986091794158 -5.863459944447872 0.5333126755366062
-107.39916550764951 -5.8652444702992135 0.5299095911227334
-106.89847009735745 -5.8668053152323445 0.5265072689347332
-106.39777468706536 -5.868141432950695 0.523105824575151
-105.8970792767733 -5.869251777157675 0.5197053736465329
-105.39638386648123 -5.870135301556715 0.5163060317514243
-104.89568845618915 -5.870790959851247 0.5129079144923661
-104.39499304589708 -5.871217705744678 0.5095111374719088
-103.89429763560501 -5.871414492940447 0.5061158162925943
-103.39360222531293 -5.871380275141966 0.5027220665569687
-102.89290681502086 -5.871114006052673 0.49933000386757653
-102.3922114047288 -5.870614639375981 0.49593974382696393
-101.89151599443672 -5.869881128815322 0.49255140203767445
-101.39082058414465 -5.868912428074108 0.48916509410225517
-100.89012517385257 -5.867707490855777 0.48578093562324876
-100.3894297635605 -5.866265270863744 0.4823990422032014
-99.88873435326843 -5.864584721801435 0.4790195294446602
-99.38803894297635 -5.862664797372274 0.4756425129501678
-98.88734353268428 -5.860504451279686 0.47226810832226773
-98.38664812239222 -5.8581026372270895 0.46889643116350976
-97.88595271210013 -5.855458308917925 0.46552759707643476
-97.38525730180807 -5.852570420055599 0.4621617216635907
-96.884561891516 -5.849437924343535 0.458798920527522
-96.38386648122392 -5.846059775485177 0.4554393092707705
-95.88317107093185 -5.842434927183927 0.4520830034958849
-95.38247566063978 -5.838562333143216 0.4487301188054107
-94.8817802503477 -5.8344409470664775 0.4453807708018904
-94.38108484005564 -5.83006972265712 0.4420350750878721
-93.88038942976357 -5.825447613618579 0.4386931472658957
-93.37969401947149 -5.8205735736542845 0.4353551029385119
-92.87899860917942 -5.815446556467636 0.43202105770826416
-92.37830319888734 -5.810065515762082 0.4286911271776952
-91.87760778859527 -5.804429405241027 0.425365426949353
-91.3769123783032 -5.7985371786079085 0.42204407262578103
-90.87621696801112 -5.792387789566154 0.4187271798095247
-90.37552155771905 -5.785980191819174 0.415414864103131
-89.87482614742699 -5.779313339070399 0.41210724110914
-89.3741307371349 -5.772386185023258 0.4088044264301023
-88.87343532684284 -5.765197683381169 0.40550653566856054
-88.37273991655077 -5.7577467878475534 0.4022136844270574
-87.87204450625869 -5.7500324521258435 0.3989259883081435
-87.37134909596662 -5.742053629919459 0.395643562914358
-86.87065368567455 -5.733809274931817 0.3923665238482541
-86.36995827538247 -5.725298340866358 0.38909498671236653
-85.8692628650904 -5.716519781426488 0.3858290671092477
-85.36856745479834 -5.707472550315636 0.382568880641442
-84.86787204450626 -5.698155601237238 0.37931454291148947
-84.36717663421419 -5.688567887894706 0.3760661695219407
-83.86648122392211 -5.678708363991465 0.3728238760753402
-83.36578581363004 -5.668575983230941 0.3695877781742296
-82.86509040333797 -5.658169699316568 0.3663579914211552
-82.36439499304589 -5.647488465951751 0.36313463141866587
-81.86369958275382 -5.636531236839922 0.35991781376930243
-81.36300417246176 -5.625296965684511 0.3567076540756102
-80.86230876216968 -5.613784606188942 0.35350426794013634
-80.36161335187761 -5.601993112056627 0.350307770965427
-79.86091794158554 -5.589921436990995 0.3471182787540221
-79.36022253129346 -5.577568534695484 0.34393590690847065
-78.85952712100139 -5.564933358873498 0.34076077103131874
-78.35883171070932 -5.552014863228479 0.3375929867251073
-77.85813630041724 -5.538812001463828 0.33443266959238427
-77.35744089012518 -5.525323727282988 0.3312799352356959
-76.85674547983311 -5.5115489943893845 0.328134899257583
-76.35605006954103 -5.497486756486426 0.3249976772605945
-75.85535465924896 -5.483135967277553 0.32186838484727387
-75.35465924895689 -5.468495580466174 0.3187471376201674
-74.85396383866481 -5.453564549755724 0.3156340511818194
-74.35326842837274 -5.438341828849614 0.3125292411347744
-73.85257301808066 -5.422826371451297 0.3094328230815768
-73.3518776077886 -5.4070171312641655 0.30634491262477637
-72.85118219749653 -5.3909130619916645 0.30326562536691126
-72.35048678720445 -5.374513117337198 0.30019507691053127
-71.84979137691238 -5.357816251004213 0.29713338285817814
-71.34909596662031 -5.340821416696119 0.29408065881240164
-70.84840055632823 -5.323527568116335 0.2910370203757435
-70.34770514603616 -5.3059336589682875 0.28800258315075
-69.8470097357441 -5.2880386429554225 0.2849774627399637
-69.34631432545201 -5.269841473781151 0.28196177474593176
-68.84561891515995 -5.251341105148876 0.27895563477119945
-68.34492350486788 -5.232536490762046 0.27595915841831475
-67.8442280945758 -5.2134265843240755 0.2729724612898168
-67.34353268428373 -5.194010339538394 0.2699956589882535
-66.84283727399166 -5.174286710108433 0.26702886711616936
-66.34214186369958 -5.154254649737593 0.2640722012761123
-65.84144645340751 -5.133913112129314 0.26112577707062323
-65.34075104311543 -5.11326105098702 0.25818971010224834
-64.84005563282336 -5.092297420014132 0.2552641159735347
-64.3393602225313 -5.071021172914071 0.2523491102870268
-63.838664812239216 -5.049431263390273 0.24944480864526805
-63.33796940194715 -5.027526645146136 0.24655132665080567
-62.83727399165508 -5.005306271885116 0.24366877990618227
-62.336578581363 -4.982769097310628 0.24079728401394493
-61.83588317107093 -4.959914075126083 0.2379369545766372
-61.335187760778865 -4.936740159034901 0.23508790719680703
-60.834492350486784 -4.913246302740529 0.2322502574769962
-60.333796940194716 -4.889431459946374 0.2294241210197527
-59.83310152990265 -4.865294584355869 0.2266096134276174
-59.33240611961057 -4.84083462967244 0.22380685030313915
-58.8317107093185 -4.816050549599504 0.2210159472488615
-58.33101529902643 -4.790941297840485 0.21823701986732977
-57.83031988873435 -4.765505828098805 0.21547018376109103
-57.329624478442284 -4.7397430940778875 0.21271555453268795
-56.82892906815022 -4.713652049481171 0.20997324778466406
-56.328233657858135 -4.687231648012061 0.20724337911957
-55.82753824756607 -4.660480843373989 0.20452606413994576
-55.326842837273986 -4.633398589270385 0.20182141844833842
-54.82614742698192 -4.605983839404665 0.19912955764729331
-54.32545201668985 -4.578235547480267 0.1964505973393513
-53.82475660639777 -4.550152667200592 0.19378465312706392
-53.3240611961057 -4.521734152269083 0.1911318406129738
-52.823365785813635 -4.49297895638915 0.18849227539962451
-52.322670375521554 -4.463886033264222 0.18586607308956402
-51.82197496522949 -4.434454336597737 0.18325334928533496
-51.321279554937405 -4.404682820093097 0.18065421958948177
-50.82058414464535 -4.374570437453739 0.17806879960455244
-50.31988873435327 -4.3441161423830845 0.1754972049330887
-49.81919332406119 -4.313318888584551 0.17293955117764123
-49.318497913769136 -4.282177629761566 0.17039595394074822
-48.817802503477054 -4.2506913196175695 0.16786652882495853
-48.31710709318497 -4.218858911855969 0.16535139143281571
-47.81641168289292 -4.1866793601801895 0.16285065736686596
-47.31571627260084 -4.15415161829365 0.1603644422296546
-46.81502086230876 -4.121274639899797 0.15789286162372604
-46.3143254520167 -4.088047378702024 0.1554360311516256
-45.81363004172462 -4.054468788403776 0.1529940664158995
-45.31293463143254 -4.020537822708462 0.15056708301909125
-44.81223922114049 -3.9862534353195342 0.1481551965637444
-44.311543810848406 -3.9516145799403843 0.14575852265240782
-43.810848400556324 -3.9166202102744587 0.14337717688762328
-43.31015299026427 -3.881269280025165 0.14101127487193785
-42.80945757997219 -3.8455607428959477 0.13866093220789508
-42.30876216968011 -3.809493552590195 0.13632626449804383
-41.808066759388026 -3.77306666281137 0.1340073873449232
-41.30737134909597 -3.736279027262888 0.13170441635108296
-40.80667593880389 -3.6991295996481504 0.12941746711906663
-40.30598052851181 -3.6616173336705944 0.1271466552514204
-39.80528511821976 -3.623741183033649 0.12489209635068696
-39.304589707927676 -3.5855001014407395 0.12265390601941248
-38.803894297635594 -3.5468930425952876 0.12043219986014317
-38.30319888734354 -3.507918960200717 0.11822709347542257
-37.80250347705146 -3.4685768079604418 0.11603870246779599
-37.30180806675938 -3.428865539577893 0.11386714243980964
-36.801112656467325 -3.3887841087564996 0.11171252899400971
-36.30041724617524 -3.3483314691996724 0.10957497773293709
-35.79972183588316 -3.3075065746108616 0.10745460425913886
-35.29902642559111 -3.2663083786934766 0.10535152417516211
-34.79833101529903 -3.224735835150932 0.1032658530835486
-34.297635605006946 -3.182787897686644 0.10119770658684721
-33.79694019471489 -3.140463520004077 0.09914720028759968
-33.29624478442281 -3.097761655806607 0.09711444978835224
-32.79554937413073 -3.054681258797691 0.09509957069164929
-32.294853963838676 -3.011221282680759 0.09310267860003704
-31.794158553546595 -2.9673806811592054 0.09112388911606081
-31.293463143254513 -2.923158407936467 0.08916331784226592
-30.79276773296246 -2.878553416715959 0.08722108038119589
-30.29207232267038 -2.833564661201128 0.08529729233539604
-29.791376912378297 -2.788191095095374 0.08339206930741169
-29.290681502086244 -2.7424316721021564 0.08150552689978993
-28.789986091794162 -2.6962853459248612 0.07963778071507074
-28.28929068150208 -2.649751070266912 0.07778894635580655
-27.788595271210028 -2.602827798831759 0.07595913942453733
-27.287899860917946 -2.55551448532282 0.07414847552380663
-26.787204450625865 -2.507810083443496 0.0723570702561642
-26.28650904033381 -2.459713546897239 0.07058503922415535
-25.78581363004173 -2.411223829387463 0.06883249803032007
-25.28511821974965 -2.3623398846175774 0.06709956227720634
-24.784422809457595 -2.31306066629104 0.06538634756736036
-24.283727399165514 -2.263385128111261 0.06369296950332479
-23.783031988873432 -2.2133122237816276 0.06201954368764759
-23.28233657858135 -2.162840907005625 0.060366185722868754
-22.781641168289298 -2.1119701314866375 0.058733011211539815
-22.280945757997216 -2.0606988509280764 0.05712013575620342
-21.780250347705135 -2.009026019033413 0.05552767495940222
-21.27955493741308 -1.9569505895060497 0.05395574442368509
-20.778859527121 -1.9044715160493886 0.052404459751592
-20.27816411682892 -1.8515877523668745 0.050873936545674486
-19.777468706536865 -1.7982982521619557 0.04936429040847254
-19.276773296244784 -1.7446019691379866 0.047875636942533245
-18.776077885952702 -1.690497856998474 0.04640809175040014
-18.27538247566065 -1.6359848694467707 0.0449617704346221
-17.774687065368568 -1.5810619601863354 0.043536788597742654
-17.273991655076486 -1.525728082920606 0.042133261842304454
-16.773296244784433 -1.469982191352988 0.040751305770851926
-16.27260083449235 -1.4138232391869 0.03939103598593571
-15.77190542420027 -1.3572501801257704 0.03805256809009758
-15.271210013908217 -1.300261967873023 0.03673601768588017
-14.770514603616135 -1.2428575561320883 0.035441500375831464
-14.269819193324054 -1.1850358986063756 0.034169131762498556
-13.769123783032 -1.1267959489993546 0.03291902744842143
-13.268428372739919 -1.0681366610143797 0.03169130303614806
-12.767732962447838 -1.009056988354922 0.030486074128225543
-12.267037552155784 -0.9495558847243912 0.02930345632719386
-11.766342141863703 -0.8896323038262106 0.028143565235600992
-11.265646731571621 -0.829285199363818 0.02700651645599314
-10.764951321279568 -0.768513525040619 0.02589242559091473
-10.264255910987487 -0.7073162345600532 0.0248014082429093
-9.763560500695405 -0.6456922816255211 0.023733580014522165
-9.262865090403352 -0.5836406199404673 0.022689056508300415
-8.76216968011127 -0.5211602032083227 0.0216679533267867
-8.261474269819189 -0.45824998513248927 0.020670386072528107
-7.760778859527136 -0.39490891941640127 0.01969647034806729
-7.260083449235054 -0.3311359597634769 0.018746321755954004
-6.759388038942973 -0.2669300598771591 0.017820055898728232
-6.25869262865092 -0.2022901734608431 0.016917788378937065
-5.757997218358838 -0.13721525421798075 0.016039634799124042
-5.257301808066757 -0.07170425585197426 0.015185710761838028
-4.756606397774675 -0.005756132066264907 0.014356131869622563
-4.255910987482622 0.060630163435743345 0.013551013725021183
-3.7552155771905404 0.12745567695060034 0.01277047193058009
-3.254520166898459 0.19472145477490388 0.012014622088843713
-2.753824756606406 0.26242854320520204 0.011283579802354698
-2.2531293463143243 0.33057798853811393 0.010577460673665467
-1.7524339360222427 0.3991165507649527 0.00989331015299025
-1.2517385257301896 0.4594695410292063 0.008785354659248984
-0.7510431154381081 0.5156242002781641 0.007925354659248957
-0.25034770514602656 0.5734616133518787 0.007815034770514602
0.25034770514602656 0.6284379694019461 0.007825048678720444
0.7510431154381081 0.6830134909596661 0.00795037552155772
1.2517385257301896 0.7371367176634224 0.008175938803894302
1.7524339360222427 0.7907599443671756 0.008486703755215569
2.2531293463143243 0.8437785813630041 0.00886250347705146
2.753824756606406 0.8952855354659257 0.009323977746870661
3.254520166898459 0.9449411682892896 0.009966870653685657
3.7552155771905404 0.9905422809457579 0.011003560500695404
4.255910987482622 1.0308515994436724 0.012745535465924926
4.756606397774675 1.0689507649513204 0.01503171070931844
5.257301808066757 1.1076753824756604 0.01738358831710708
5.757997218358838 1.1448598052851187 0.019877705146036196
6.258692628650891 1.1810984700973566 0.02245311543810842
6.759388038942973 1.2186059805285114 0.025408650904033356
7.260083449235054 1.2580788595271215 0.029474381084840108
7.760778859527107 1.2958458970792759 0.03441645340751029
8.261474269819189 1.319512100139082 0.04209333796940186
8.76216968011127 1.3330917775577393 0.05204955795949137
9.262865090403324 1.3464181085529057 0.06195655255880905
9.763560500695405 1.359459620330361 0.07180812654709062
10.264255910987487 1.37221735918668 0.08160439552688062
10.76495132127954 1.3846923714184385 0.09134547510072352
11.265646731571621 1.3968857033222133 0.10103148087116559
11.766342141863703 1.4087984011945802 0.1106625284407513
12.267037552155784 1.4204315113321149 0.12023873341202582
12.767732962447838 1.4317860800313928 0.12976021138753355
13.268428372739919 1.4428631535889909 0.13922707796982078
13.769123783032 1.4536637783014852 0.14863944876143195
14.269819193324054 1.4641890004654503 0.15799743936491165
14.770514603616135 1.4744398663774638 0.16730116538280612
15.271210013908217 1.4844174223341011 0.17655074241765975
15.77190542420027 1.4941227146319374 0.18574628607201718
16.27260083449235 1.5035567895675501 0.19488791194842456
16.773296244784433 1.5127206934375141 0.20397573564942637
17.273991655076486 1.5216154725384055 0.21300987277756736
17.774687065368568 1.5302421731668008 0.22199043893539336
18.27538247566065 1.5386018416192757 0.23091754972544917
18.776077885952702 1.5466955241924056 0.23979132075027929
19.276773296244784 1.5545242671827677 0.24861186761242973
19.777468706536865 1.562089116886937 0.25737930591444524
20.27816411682892 1.5693911196014896 0.26609375125887025
20.778859527121 1.5764313216230017 0.2747553192482509
21.27955493741308 1.5832107692480495 0.2833641254851318
21.780250347705135 1.589730508773208 0.2919202855720574
22.280945757997216 1.5959915864950545 0.30042391511157396
22.781641168289298 1.6019950487101644 0.308875129706226
23.28233657858135 1.6077419417151129 0.31727404495855815
23.783031988873432 1.6132333118064772 0.3256207764711163
24.283727399165514 1.6184702052808329 0.33391543984644523
24.784422809457567 1.6234536684347554 0.34215815068708944
25.28511821974965 1.6281847475648212 0.350349024595595
25.78581363004173 1.6326644889676065 0.35848817717450654
26.286509040333783 1.6368939389396866 0.3665757240263686
26.787204450625865 1.640874143777638 0.37461178075372736
27.287899860917946 1.6446061497780367 0.3825964629591272
27.78859527121 1.6480910032374578 0.390529886245113
28.28929068150208 1.6513297504524784 0.3984121662142305
28.789986091794162 1.6543234377196743 0.40624341846902445
29.290681502086215 1.6570731113356207 0.41402375861203955
29.791376912378297 1.6595798175968945 0.42175330224582164
30.29207232267038 1.661844602800071 0.4294321649729155
30.79276773296246 1.6638685132417266 0.43706046239586605
31.293463143254513 1.665652595218437 0.444638310117218
31.794158553546595 1.667197895026778 0.4521658237395174
32.294853963838676 1.6685054589633264 0.45964311886530895
32.79554937413073 1.669576333324657 0.4670703110971369
33.29624478442281 1.6704115644073467 0.47444751603754765
33.79694019471489 1.6710121985079713 0.48177484928908565
34.297635605006946 1.6713792819231066 0.4890524264542955
34.79833101529903 1.6715138609493287 0.4962803631357231
35.29902642559111 1.6714169818832132 0.5034587749359135
35.79972183588316 1.6710896910213366 0.5105877774574108
36.30041724617524 1.6705330346602747 0.5176674863027615
36.801112656467325 1.6697480590966034 0.5246980170745097
37.30180806675938 1.6687358106268988 0.5316794853752004
37.80250347705146 1.6674973355477365 0.5386120068073794
38.30319888734354 1.666033680155693 0.5454956969735915
38.803894297635594 1.6643458907473438 0.5523306714763812
39.304589707927676 1.6624350136192652 0.5591170459182946
39.80528511821976 1.6603020950680332 0.5658549359018761
40.30598052851181 1.6579481813902235 0.5725444570296706
40.80667593880389 1.6553743188824124 0.5791857249042238
41.30737134909597 1.6525815538411757 0.5857788551280806
41.808066759388026 1.6495709325630892 0.5923239633037856
42.30876216968011 1.6463435013447287 0.5988211650338846
42.80945757997219 1.642900306482671 0.6052705759209224
43.31015299026424 1.6392423942734917 0.6116723115674436
43.810848400556324 1.6353708110137664 0.618026487575994
44.311543810848406 1.6312866030000717 0.6243332195491185
44.81223922114046 1.626990816528983 0.6305926230893617
45.31293463143254 1.6224844978970765 0.6368048137992693
45.81363004172462 1.617768693400928 0.6429699072813863
46.314325452016675 1.6128444493371141 0.6490880191382571
46.81502086230876 1.6077128120022097 0.6551592649724279
47.31571627260084 1.602374827692792 0.661183760386443
47.81641168289289 1.596831542705436 0.6671616209828473
48.31710709318497 1.5910840033367184 0.6730929623641865
48.817802503477054 1.5851332558832143 0.6789779001330055
49.318497913769136 1.5789803466415007 0.6848165498918494
49.81919332406119 1.572626321908153 0.6906090272432629
50.31988873435327 1.5660722279797468 0.6963554477897915
50.82058414464535 1.559319111152859 0.7020559271339802
51.321279554937405 1.552368017724065 0.7077105808783737
51.82197496522949 1.545219993989941 0.7133195246255178
52.32267037552157 1.5378760862470624 0.7188828739779571
52.82336578581362 1.5303373407920067 0.7244007445382368
53.3240611961057 1.5226048039213476 0.729873251908902
53.824756606397784 1.5146795219316627 0.7353005116924978
54.32545201668984 1.5065625411195278 0.7406826394915688
54.82614742698192 1.498254907781518 0.7460197509086608
55.326842837274 1.4897576682142102 0.7513119615463186
55.82753824756605 1.4810718687141806 0.7565593870070872
56.328233657858135 1.472198555578004 0.761762142893512
56.82892906815022 1.463138775102257 0.7669203448081376
57.32962447844227 1.4538935735835166 0.7720341083535092
57.83031988873435 1.4444639973183566 0.7771035491321723
58.33101529902643 1.4348510926033546 0.7821287827466716
58.831710709318486 1.4250559057350864 0.7871099247995521
59.33240611961057 1.415079483010127 0.7920470908933592
59.83310152990265 1.4049228707250536 0.7969403966306379
60.3337969401947 1.3945871151764415 0.8017899576139328
60.834492350486784 1.3840732626608667 0.8065958894457897
61.335187760778865 1.3733823594749053 0.8113583077287536
61.83588317107092 1.362515451915134 0.8160773280653689
62.336578581363 1.3514735862781273 0.8207530660581814
62.83727399165508 1.3402578088604615 0.8253856373097359
63.337969401947134 1.3288691659587144 0.8299751574225772
63.838664812239216 1.3173087038694589 0.834521741999251
64.3393602225313 1.305577468889274 0.8390255066423022
64.84005563282335 1.2936765073147347 0.8434865669542755
65.34075104311543 1.281606865442415 0.8479050385377163
65.84144645340751 1.2693695895688935 0.8522810369951697
66.34214186369957 1.256965725990745 0.8566146779291801
66.84283727399165 1.2443963210045452 0.860906076942294
67.34353268428373 1.2316624209068707 0.8651553496370554
67.84422809457581 1.218765071994297 0.8693626116160096
68.34492350486786 1.2057053205634012 0.8735279784817014
68.84561891515995 1.1924842129107578 0.8776515658366764
69.34631432545203 1.179102795332943 0.8817334892834796
69.84700973574408 1.1655621141265353 0.885773864424656
70.34770514603616 1.1518632155881066 0.8897728068627506
70.84840055632824 1.138007146014234 0.8937304322003086
71.3490959666203 1.1239949517014969 0.8976468560398745
71.84979137691238 1.1098276789464667 0.9015221939839941
72.35048678720446 1.0955063740457218 0.9053565616352128
72.85118219749651 1.0810320832958387 0.9091500745960748
73.3518776077886 1.0664058529933906 0.9129028484691255
73.85257301808068 1.051628729434956 0.9166149988569101
74.35326842837273 1.0367017589171112 0.9202866413619732
74.85396383866481 1.0216259877364302 0.9239178915868609
75.35465924895689 1.0064024621894898 0.9275088651341175
75.85535465924895 0.9910322285728665 0.931059677606288
76.35605006954103 0.9755163331831356 0.9345704446059182
76.85674547983308 0.9598558223168738 0.9380412817355519
77.35744089012519 0.9440517422706551 0.941472304597736
77.85813630041724 0.9281051393410586 0.9448636287950136
78.3588317107093 0.9120170598246582 0.9482153699299314
78.8595271210014 0.8957885500180294 0.951527643605034
79.36022253129346 0.8794206562177505 0.9548005654228657
79.86091794158551 0.8629144247203961 0.9580342509859723
80.36161335187762 0.8462709018225403 0.9612288158968991
80.86230876216968 0.8294911338207633 0.9643843757581907
81.36300417246173 0.8125761670116378 0.9675010461723923
81.86369958275384 0.7955270476917389 0.9705789427420495
82.36439499304589 0.778344822157647 0.9736181810697062
82.86509040333794 0.7610305367059342 0.9766188767579083
83.36578581363005 0.7435852376331775 0.9795811454092014
83.86648122392211 0.7260099712359538 0.9825051026261296
84.36717663421416 0.7083057838108386 0.9853908640112379
84.86787204450627 0.6904737216544059 0.9882385451670728
85.36856745479832 0.6725148310632347 0.9910482616961775
85.86926286509038 0.6544301583338998 0.993820129201098
86.36995827538249 0.6362207497629759 0.99655426328438
86.87065368567454 0.6178876516470413 0.9992507795485674
87.3713490959666 0.5994319102826706 1.001909793596206
87.8720445062587 0.5808545719664391 1.004531421029841
88.37273991655076 0.5621566829949245 1.0071157774520167
88.87343532684281 0.5433392896647025 1.009662978465279
89.37413073713492 0.5244034382723468 1.0121731396721727
89.87482614742697 0.5053501751144371 1.0146463766752427
90.37552155771903 0.4861805464875464 1.0170828050770342
90.87621696801114 0.46689559868825103 1.0194825404800927
91.37691237830319 0.4474963780131289 1.0218456984869624
91.87760778859524 0.42798393075875385 1.0241723947001886
92.37830319888735 0.4083593032217001 1.0264627447223171
92.8789986091794 0.3886235416985504 1.0287168641558926
93.37969401947146 0.36877769248587455 1.03093486860346
93.88038942976357 0.3488228018802504 1.0331168736675644
94.38108484005562 0.3287599161782544 1.0352629949507515
94.88178025034773 0.3085900816764604 1.0373733480555656
95.38247566063978 0.28831434467144934 1.0394480485845516
95.88317107093184 0.2679337514597919 1.0414872121402552
96.38386648122395 0.2474493483380651 1.0434909543252215
96.884561891516 0.22686218160284888 1.0454593907419953
97.38525730180805 0.20617329755071578 1.0473926369931217
97.88595271210016 0.18538374247824008 1.049290808681146
98.38664812239222 0.1644945626820009 1.0511540214086128
98.88734353268427 0.14350680445857344 1.0529823907780675
99.38803894297638 0.12242151410453284 1.0547760323920559
99.88873435326843 0.10123973791645735 1.0565350618531222
100.38942976356049 0.07996252219092037 1.0582595947638112
100.8901251738526 0.05859091322449794 1.059949746726669
101.39082058414465 0.037125957313766556 1.0616056333442392
101.8915159944367 0.01556870075530492 1.0632273702190682
102.39221140472881 -0.006079810154315357 1.0648150729537011
102.89290681502086 -0.027818529118515123 1.0663688571506822
103.39360222531292 -0.049646409840718775 1.067888838412557
103.89429763560503 -0.07156240602435426 1.0693751323418708
104.39499304589708 -0.09356547137283933 1.0708278545411682
104.89568845618913 -0.11565455958960236 1.0722471206129947
105.39638386648124 -0.13782862437806864 1.0736330461598946
105.8970792767733 -0.16008661944165592 1.0749857467844144
106.39777468706535 -0.18242749848379258 1.0763053380890977
106.89847009735746 -0.2048502152079048 1.0775919356764907
107.39916550764951 -0.22735372331741122 1.0788456551491374
107.89986091794157 -0.24993697651573976 1.0800666121095839
108.40055632823368 -0.2725989285063144 1.0812549221603749
108.90125173852573 -0.2953385329925555 1.0824107009040551
109.40194714881778 -0.3181547436778911 1.08353406394317
109.90264255910989 -0.3410465142657437 1.0846251268802651
110.40333796940195 -0.36401279845953605 1.0856840053178844
110.904033379694 -0.38705254996269334 1.0867108148585742
111.40472878998611 -0.41016472247864266 1.087705671104879
111.90542420027816 -0.4333482697108022 1.0886686896593434
112.40611961057022 -0.4566021453626008 1.0895999861245125
112.90681502086233 -0.47992530313746107 1.0904996761029326
113.40751043115438 -0.5033166967388039 1.0913678751971476
113.90820584144643 -0.5267752798700562 1.0922046990097032
114.40890125173854 -0.5503000062346461 1.0930102631431442
114.9095966620306 -0.5738898295359873 1.0937846832000155
115.41029207232265 -0.5975437034775122 1.0945280747828625
115.91098748261476 -0.6212605817626469 1.0952405534942302
116.41168289290681 -0.6450394180948043 1.0959222349366637
116.91237830319886 -0.6688791661774176 1.0965732347127084
117.41307371349097 -0.6927787797139096 1.097193668424909
117.91376912378303 -0.7167372124077009 1.0977836516758102
118.41446453407508 -0.740753417962217 1.0983433000679579
118.91515994436719 -0.7648263500808858 1.0988727292038964
119.41585535465924 -0.7889549624671255 1.0993720546861714
119.9165507649513 -0.8131382088243639 1.0998413921173276
120.4172461752434 -0.8373750428560247 1.1002808570999103
120.91794158553546 -0.8616644182655295 1.1006905652364645
121.41863699582751 -0.8860052887563028 1.1010706321295354
121.91933240611962 -0.9103966080317742 1.1014211733816681
122.42002781641168 -0.9348373297953576 1.1017423045954078
122.92072322670373 -0.9593264077504853 1.1020341413732988
123.42141863699584 -0.9838627956005817 1.1022967993178867
123.92211404728789 -1.0084454470490622 1.1025303940317168
124.42280945757994 -1.0330733157993595 1.1027350411173342
124.92350486787205 -1.057745355554895 1.1029108561772833
125.42420027816411 -1.0824605200190907 1.1030579548141102
125.92489568845616 -1.1072177628953734 1.103176452630359
126.42559109874827 -1.1320160378871669 1.1032664652285753
126.92628650904032 -1.1568542986978918 1.1033281082113042
127.42698191933238 -1.1817314990309762 1.103361497181091
127.92767732962449 -1.2066465925898435 1.10336674774048
128.42837273991654 -1.231598533077913 1.1033439754920171
128.9290681502086 -1.2565862741986158 1.1032932960382467
129.4297635605007 -1.281608769655374 1.1032148249817142
129.93045897079276 -1.3066649731516073 1.1031086779249648
130.4311543810848 -1.331753838390743 1.1029749704705434
130.93184979137692 -1.3568743190762054 1.1028138182209957
131.43254520166897 -1.3820253689114161 1.1026253367788654
131.93324061196108 -1.4072059415998042 1.1024096417466989
132.43393602225314 -1.4324149908447903 1.1021668487270402
132.9346314325452 -1.4576514703497927 1.1018970733224358
133.4353268428373 -1.4829143338182482 1.10160043113543
133.93602225312935 -1.5082025349535706 1.1012770377685674
134.4367176634214 -1.5335150274591878 1.1009270088243934
134.93741307371351 -1.558850765038525 1.1005504599054539
135.43810848400557 -1.5842087013950024 1.1001475066142925
135.93880389429762 -1.609587790232046 1.0997182645534551
136.43949930458973 -1.6349869852530818 1.0992628493254872
136.94019471488178 -1.660405240161531 1.098781376532933
137.44089012517384 -1.685841508660816 1.0982739617783386
137.94158553546595 -1.7112947444543685 1.0977407206642482
138.442280945758 -1.7367639012456029 1.0971817687932073
138.94297635605005 -1.762247932737949 1.0965972217677606
139.44367176634216 -1.787745792634833 1.0959871951904534
139.94436717663422 -1.8132564346396713 1.0953518046638322
140.44506258692627 -1.8387788124558946 1.0946911657904388
140.94575799721838 -1.8643118797869236 1.0940053941728214
141.44645340751043 -1.8898545903361827 1.0932946054135235
141.94714881780249 -1.9154058978070956 1.0925589151150903
142.4478442280946 -1.9409647559030883 1.0917984388800672
142.94853963838665 -1.966530118327587 1.0910132923109996
143.4492350486787 -1.9921009387840063 1.090203591010432
143.9499304589708 -2.0176761709757813 1.0893694505809095
144.45062586926286 -2.0432547686063267 1.0885109866249776
144.95132127955492 -2.068835685379072 1.0876283147451813
145.45201668984703 -2.0944178749974447 1.0867215505440653
145.95271210013908 -2.12000029116486 1.0857908096241746
146.45340751043113 -2.145581887584744 1.084836207588055
146.95410292072324 -2.171161617960529 1.0838578600382511
147.4547983310153 -2.196738435995631 1.082855882577308
147.95549374130735 -2.2223112953934723 1.081830390807771
148.45618915159946 -2.2478791498574835 1.080781500332185
148.9568845618915 -2.273440953091082 1.079709326753095
149.45757997218357 -2.298995658797701 1.0786139856730461
149.95827538247568 -2.324542220680757 1.0774955926945835
150.45897079276773 -2.350079592443676 1.076354263420252
150.95966620305978 -2.3756067277898825 1.075190113452598
151.4603616133519 -2.401122580422802 1.0740032583941646
151.96105702364395 -2.4266261040458494 1.0727938138474982
152.461752433936 -2.4521162523624604 1.071561895415143
152.9624478442281 -2.4775919790760565 1.0703076186996445
153.46314325452016 -2.503052237890057 1.069031099303548
153.96383866481222 -2.528495982507889 1.0677324528293992
154.46453407510432 -2.553922166632979 1.0664117948797416
154.96522948539638 -2.5793297439687453 1.0650692410571208
155.46592489568843 -2.604717668218616 1.063704906964083
155.96662030598054 -2.6300848930860163 1.0623189082031717
156.4673157162726 -2.6554303722743637 1.060911360376934
156.96801112656465 -2.680753059487088 1.0594823790879127
157.46870653685676 -2.706051908427614 1.0580320799386538
157.9694019471488 -2.7313258727993595 1.0565605785317027
158.47009735744086 -2.756573906305754 1.0550679904696048
158.97079276773297 -2.7817949626502227 1.0535544313549035
159.47148817802503 -2.806987995536183 1.052020016790146
159.97218358831708 -2.832151958667063 1.0504648623778756
160.4728789986092 -2.8572858057462898 1.0488890837206388
160.97357440890124 -2.882388490477282 1.04729279642098
161.4742698191933 -2.9074589665634663 1.0456761160814447
161.9749652294854 -2.9324961877082694 1.0440391583045767
162.47566063977746 -2.957499107615105 1.042382038692923
162.9763560500695 -2.9824666799874104 1.0407048728490271
163.47705146036162 -3.0073978585286034 1.0390077763754344
163.97774687065368 -3.032291596942103 1.037290864874691
164.47844228094573 -3.057146848931341 1.0355542539493405
164.97913769123784 -3.081962568199739 1.0337980592019291
165.4798331015299 -3.1067377084507215 1.0320223962350017
165.98052851182194 -3.131471223387709 1.0302273806511035
166.48122392211405 -3.1561620667141344 1.0284131280527782
166.9819193324061 -3.180809192133409 1.0265797540425727
167.48261474269816 -3.205411553348967 1.0247273742230312
167.98331015299027 -3.229968104064229 1.0228561041966993
168.48400556328232 -3.2544777979826187 1.020966059566121
168.98470097357443 -3.2789395888075608 1.019057355933842
169.4853963838665 -3.3033524302424815 1.0171301089024078
169.98609179415854 -3.3277152759907973 1.0151844340743637
170.48678720445065 -3.3520270797559415 1.0132204470522534
170.9874826147427 -3.376286795241328 1.0112382634386234
171.48817802503476 -3.4004933761503904 1.0092379988360176
171.98887343532687 -3.4246457761865465 1.0072197688469822
172.48956884561892 -3.448742949053226 1.0051836890740615
172.99026425591097 -3.4727838484538434 1.0031298751198006
173.49095966620308 -3.496767428091841 1.001058442586745
173.99165507649514 -3.5206926416706197 0.9989695070774403
174.4923504867872 -3.544558442893616 0.9968631841944302
174.9930458970793 -3.568363785464261 0.9947395895402606
175.49374130737135 -3.592107623085963 0.992598838717476
175.9944367176634 -3.6157889094621516 0.9904410473286225
176.49513212795551 -3.6394065982962576 0.9882663309762441
176.99582753824757 -3.6629596432916967 0.9860748052628869
177.49652294853962 -3.6864469981518977 0.9838665857910951
177.99721835883173 -3.7098676165802833 0.9816417881634143
178.49791376912378 -3.733220452280278 0.9794005279823899
178.99860917941584 -3.7565044589553014 0.9771429208505662
179.49930458970795 -3.779718590308787 0.9748690823704882
180.0 -3.8028618000441505 0.972579128144702
