Polar data for 2 at Re = 237142.85714285716
Alpha (deg) Cl Cd
-180.0 -13.005443261667203 0.005367428118282447
-179.49930458970792 -13.004259729326222 0.005734147806750467
-178.99860917941587 -13.002848044573934 0.006101336635087995
-178.49791376912378 -13.001208401272265 0.006468973845789261
-177.9972183588317 -12.999340993283123 0.006837038681348606
-177.49652294853965 -12.997246014468441 0.007205510384260538
-176.99582753824757 -12.994923658690134 0.007574368197019621
-176.4951321279555 -12.992374119810126 0.007943591362120028
-175.99443671766343 -12.989597591690334 0.008313159122056213
-175.49374130737135 -12.986594268192675 0.008683050719322682
-174.99304589707927 -12.983364343179087 0.009053245396413612
-174.49235048678722 -12.979908010511465 0.009423722395823675
-173.99165507649514 -12.976225464051744 0.009794460960047158
-173.49095966620305 -12.972316897661848 0.010165440331578512
-172.990264255911 -12.968182505203686 0.010536639752912191
-172.48956884561892 -12.963822480539196 0.010908038466542258
-171.98887343532684 -12.959237017530288 0.011279615714963442
-171.48817802503476 -12.954426310038876 0.011651350740670197
-170.9874826147427 -12.949390551926896 0.012023222786156584
-170.48678720445062 -12.944129937056246 0.012395211093917391
-169.98609179415854 -12.938644659288872 0.012767294906446847
-169.4853963838665 -12.93293491248668 0.013139453466239404
-168.9847009735744 -12.927000890511597 0.013511666015789292
-168.48400556328232 -12.920842787225542 0.013883911797591186
-167.98331015299027 -12.914460796490431 0.014256170054139206
-167.4826147426982 -12.907855112168189 0.014628420027928024
-166.9819193324061 -12.901025928120731 0.015000640961451928
-166.48122392211405 -12.893973438209986 0.015372812097205257
-165.98052851182197 -12.88669783629788 0.015744912677682465
-165.4798331015299 -12.879199316246314 0.016116921945378115
-164.97913769123784 -12.871478071917224 0.016488819142786326
-164.47844228094576 -12.863534297172528 0.01686058351240166
-163.97774687065368 -12.855368185874141 0.017232194296718517
-163.47705146036162 -12.846979931883986 0.0176036307382314
-162.97635605006954 -12.83836972906398 0.01797487207943449
-162.47566063977746 -12.829537771276058 0.018345897562822233
-161.9749652294854 -12.82048425238213 0.01871668643088925
-161.47426981919332 -12.811209366244114 0.01908721792612983
-160.97357440890124 -12.801713306723936 0.019457471291038198
-160.4728789986092 -12.791996267683519 0.019827425768108864
-159.9721835883171 -12.78205844298478 0.020197060599836447
-159.47148817802503 -12.771900026489629 0.020566355028715233
-158.97079276773297 -12.761521212060007 0.02093528829723923
-158.4700973574409 -12.750922193557823 0.0213038396479035
-157.9694019471488 -12.740103164845 0.021671988323201996
-157.46870653685676 -12.729064319783454 0.02203971356562945
-156.96801112656468 -12.717805852235113 0.02240699461767992
-156.4673157162726 -12.706327956061894 0.02277381072184792
-155.96662030598054 -12.69463082512572 0.0231401411206279
-155.46592489568846 -12.682714653288503 0.023505965056514255
-154.96522948539638 -12.670579634412174 0.02387126177200155
-154.46453407510432 -12.658225962358653 0.02423601050958396
-153.96383866481224 -12.645653830989854 0.024600190511755993
-153.46314325452016 -12.632863434167703 0.024963781021011933
-152.9624478442281 -12.619854965754119 0.025326761279846344
-152.46175243393603 -12.606628619611023 0.025689110530753623
-151.96105702364395 -12.593184589600327 0.026050808016228055
-151.4603616133519 -12.579523069583967 0.02641183297876415
-150.9596662030598 -12.565644253423859 0.02677216466085619
-150.45897079276773 -12.55154833498192 0.027131782304998686
-149.95827538247568 -12.53723550812007 0.027490665153685923
-149.4575799721836 -12.522705966700233 0.02784879244941263
-148.9568845618915 -12.507959904584325 0.028206143434672815
-148.45618915159943 -12.492997515634269 0.028562697351961097
-147.95549374130738 -12.477818993711988 0.028918433443771763
-147.4547983310153 -12.462424532679403 0.029273330952599375
-146.95410292072324 -12.446814326398432 0.029627369120938163
-146.45340751043116 -12.430988568730996 0.02998052719128269
-145.95271210013908 -12.414947453539014 0.030332784406127355
-145.452016689847 -12.398691174684412 0.03068412000796622
-144.95132127955495 -12.382219926029105 0.03103451323929418
-144.45062586926286 -12.365533901435011 0.031383943342605414
-143.94993045897078 -12.348633294764056 0.03173238956039437
-143.44923504867873 -12.331518299878162 0.032079831135155334
-142.94853963838665 -12.314189110639258 0.03242624730938265
-142.44784422809457 -12.296645920909246 0.032771617325571156
-141.9471488178025 -12.278888924550053 0.03311592042621464
-141.44645340751043 -12.260918315423606 0.033459135853808164
-140.94575799721835 -12.242734287391812 0.03380124285084568
-140.44506258692627 -12.224337034316608 0.0341422206598217
-139.94436717663422 -12.205726750059913 0.0344820485232305
-139.44367176634213 -12.186903628483641 0.03482070568356671
-138.94297635605005 -12.167867863449707 0.03515817138332478
-138.442280945758 -12.148619648820041 0.035494424864998986
-137.94158553546592 -12.129159178456565 0.03582944537108351
-137.44089012517384 -12.109486646221189 0.03616321214407309
-136.94019471488178 -12.089602245975843 0.036495704426461995
-136.4394993045897 -12.06950617158245 0.03682690146074463
-135.93880389429762 -12.04919861690292 0.03715678248941551
-135.43810848400557 -12.028679775799183 0.037485326754968795
-134.9374130737135 -12.007949842133154 0.03781251349989928
-134.4367176634214 -11.987009009766755 0.03813832196670097
-133.93602225312935 -11.965857472561915 0.03846273139786843
-133.43532684283727 -11.94449542438053 0.03878572103589617
-132.9346314325452 -11.922923059084557 0.039107270123278304
-132.43393602225314 -11.901140570535883 0.03942735790250962
-131.93324061196105 -11.87914815259645 0.03974596361608429
-131.43254520166897 -11.856945999128172 0.04006306650649677
-130.93184979137692 -11.834534303992967 0.04037864581624134
-130.43115438108484 -11.811913261052759 0.040692680787812685
-129.93045897079276 -11.789083064169464 0.04100515066370475
-129.4297635605007 -11.766043907205013 0.04131603468641237
-128.92906815020862 -11.74279598402131 0.041625312098429845
-128.42837273991654 -11.719339488480298 0.04193296214225167
-127.92767732962449 -11.695674614443877 0.0422389640603717
-127.4269819193324 -11.671801555773978 0.042543297095285315
-126.92628650904032 -11.647720506332519 0.04284594048948592
-126.42559109874827 -11.623431659981424 0.04314687348546847
-125.92489568845619 -11.5989352105826 0.04344607532572736
-125.42420027816411 -11.574231351997987 0.043743525252756876
-124.92350486787205 -11.549320278089493 0.04403920250905152
-124.42280945757997 -11.524202182719044 0.044333086337105476
-123.92211404728789 -11.498877259748568 0.044625155979413356
-123.42141863699584 -11.473345703039968 0.04491539067846945
-122.92072322670376 -11.447607706455177 0.04520376967676826
-122.42002781641168 -11.421663463856099 0.04549027221680407
-121.91933240611961 -11.395513169104682 0.04577487754107151
-121.41863699582754 -11.369157016062836 0.04605756489206464
-120.91794158553546 -11.34259519859247 0.046338313512278406
-120.41724617524339 -11.315827910555512 0.04661710264420643
-119.91655076495132 -11.28885534581389 0.04689391153034367
-119.41585535465924 -11.261677698229509 0.04716871941318451
-118.91515994436718 -11.234295161664306 0.04744150553522325
-118.41446453407511 -11.206707929980183 0.047712249138954166
-117.91376912378303 -11.178916197039086 0.04798092946687188
-117.41307371349096 -11.150920156702917 0.04824752576147068
-116.91237830319889 -11.122720002833603 0.04851201726524518
-116.41168289290681 -11.094315929293064 0.04877438322068944
-115.91098748261474 -11.06570812994321 0.049034602870298094
-115.41029207232268 -11.036896798645984 0.049292655456565304
-114.9095966620306 -11.007882129263276 0.0495485202219858
-114.40890125173853 -10.978664315657046 0.04980217640905388
-113.90820584144646 -10.949243551689182 0.0500536032602637
-113.40751043115438 -10.919620031221609 0.05030278001811023
-112.90681502086231 -10.889793948116267 0.050549685925087184
-112.40611961057024 -10.85976549623506 0.050794300223689526
-111.90542420027816 -10.829534869439915 0.051036602156411204
-111.4047287899861 -10.799102261592754 0.05127657096574695
-110.90403337969401 -10.768467866555472 0.051514185894191156
-110.40333796940195 -10.737631878190033 0.05174942618423811
-109.90264255910988 -10.70659449035833 0.0519822710783821
-109.4019471488178 -10.675355896922294 0.05221269981911775
-108.90125173852573 -10.643916291743832 0.05244069164893955
-108.40055632823366 -10.612275868684886 0.052666225810341694
-107.89986091794158 -10.580434821607351 0.05288928154581857
-107.39916550764951 -10.548393344373178 0.05310983809786457
-106.89847009735745 -10.51615163084426 0.05332787470897421
-106.39777468706536 -10.483709874882532 0.053543370621642106
-105.8970792767733 -10.45106827034991 0.05375630507836199
-105.39638386648123 -10.418227011108318 0.05396665732162903
-104.89568845618915 -10.385186291019675 0.054174406593937185
-104.39499304589708 -10.351946303945905 0.05437953213778096
-103.89429763560501 -10.318507243748929 0.054582013195654755
-103.39360222531293 -10.284869304290641 0.054781829010053074
-102.89290681502086 -10.251032679433 0.05497895882347009
-102.3922114047288 -10.21699756303791 0.05517338187840032
-101.89151599443672 -10.18276414896729 0.05536507741733859
-101.39082058414465 -10.148332631083068 0.055554024682778425
-100.89012517385257 -10.113703203247152 0.05574020291721499
-100.3894297635605 -10.07887605932147 0.055923591363142455
-99.88873435326843 -10.043851393167959 0.056104169263055004
-99.38803894297635 -10.00862939864852 0.05628191585944747
-98.88734353268428 -9.97321026962506 0.05645681039481382
-98.38664812239222 -9.93759419995953 0.056628832111648875
-97.88595271210013 -9.901781383513846 0.05679796025244638
-97.38525730180807 -9.865772014149908 0.05696417405970139
-96.884561891516 -9.829566285729658 0.05712745277590808
-96.38386648122392 -9.793164392114992 0.05728777564356119
-95.88317107093185 -9.756566527167859 0.05744512190515444
-95.38247566063978 -9.719772884750167 0.05759947080318267
-94.8817802503477 -9.682783658723832 0.0577508015801404
-94.38108484005564 -9.645599042950781 0.05789909347852168
-93.88038942976357 -9.608219231292939 0.05804432574082102
-93.37969401947149 -9.570644417612197 0.05818647760953316
-92.87899860917942 -9.532874795770528 0.05832552832715171
-92.37830319888734 -9.494910559629805 0.05846145713617207
-91.87760778859527 -9.456751903051977 0.058594243279088076
-91.3769123783032 -9.418399019898967 0.05872386599839413
-90.87621696801112 -9.379852104032661 0.05885030453658485
-90.37552155771905 -9.341111349315018 0.0589735381361543
-89.87482614742699 -9.302176949607937 0.0590935460395971
-89.3741307371349 -9.26304909877334 0.05921030748940809
-88.87343532684284 -9.22372799067315 0.05932380172808088
-88.37273991655077 -9.184213819169297 0.05943400799811044
-87.87204450625869 -9.14450677812371 0.05954090554199071
-87.37134909596662 -9.104607061398266 0.05964447360221664
-86.87065368567455 -9.064514862854939 0.05974469142128197
-86.36995827538247 -9.0242303763556 0.05984153824168198
-85.8692628650904 -8.983753795762201 0.0599349933059104
-85.36856745479834 -8.94308531493667 0.060025035856461406
-84.86787204450626 -8.902225127740902 0.060111645135830394
-84.36717663421419 -8.861173428036839 0.06019480038651098
-83.86648122392211 -8.819930409686389 0.06027448085099757
-83.36578581363004 -8.778496266551475 0.060350665771784995
-82.86509040333797 -8.736871192494018 0.06042333439136721
-82.36439499304589 -8.695055381375933 0.06049246595223895
-81.86369958275382 -8.65304902705915 0.060558039696894606
-81.36300417246176 -8.610852323405584 0.06062003486782869
-80.86230876216968 -8.56846546427715 0.06067843070753526
-80.36161335187761 -8.52588864353579 0.060733206458508604
-79.86091794158554 -8.483122055043413 0.060784341363243566
-79.36022253129346 -8.440165892661927 0.06083181466423454
-78.85952712100139 -8.397020350253268 0.06087560560397559
-78.35883171070932 -8.353685621679343 0.06091569342496145
-77.85813630041724 -8.31016190080209 0.0609520573696864
-77.35744089012518 -8.266449381483444 0.06098467668064428
-76.85674547983311 -8.222548257585263 0.0610135306003306
-76.35605006954103 -8.17845872296952 0.061038598371239094
-75.85535465924896 -8.134180971498129 0.06105985923586427
-75.35465924895689 -8.089715197033012 0.0610772924367004
-74.85396383866481 -8.04506159343607 0.0610908772162419
-74.35326842837274 -8.000220354569247 0.06110059281698338
-73.85257301808066 -7.955191674294428 0.061106418481419345
-73.3518776077886 -7.909975746473587 0.06110833345204364
-72.85118219749653 -7.864572764968602 0.06110631697135155
-72.35048678720445 -7.818982923641417 0.06110034828183658
-71.84979137691238 -7.773206416353932 0.0610904066259938
-71.34909596662031 -7.727243436968084 0.061076471246317154
-70.84840055632823 -7.681094179345787 0.06105852138530127
-70.34770514603616 -7.634758837348971 0.061036536285440424
-69.8470097357441 -7.588237604839544 0.06101049518922935
-69.34631432545201 -7.541530675679428 0.060980377339162006
-68.84561891515995 -7.494638243730551 0.06094616197773289
-68.34492350486788 -7.44756050285483 0.06090782834743663
-67.8442280945758 -7.4002976469141855 0.06086535569076762
-67.34353268428373 -7.35284986977054 0.06081872325022003
-66.84283727399166 -7.305217365285809 0.060767910268288594
-66.34214186369958 -7.257400327321913 0.060712895987467375
-65.84144645340751 -7.209398949740776 0.06065365965025077
-65.34075104311543 -7.161213426404326 0.06059018049913373
-64.84005563282336 -7.112843951174464 0.06052243777660987
-64.3393602225313 -7.064290717913134 0.060450410725174264
-63.838664812239216 -7.015553920482243 0.06037407858732108
-63.33796940194715 -6.9666337527437205 0.06029342060554427
-62.83727399165508 -6.917530408559474 0.060208416022339006
-62.336578581363 -6.868244081791434 0.06011904408019947
-61.83588317107093 -6.818774966301507 0.06002528402161972
-61.335187760778865 -6.769123255951643 0.05992711508909404
-60.834492350486784 -6.719289144603738 0.05982451652511772
-60.333796940194716 -6.669272826119719 0.05971746757218427
-59.83310152990265 -6.619074494361501 0.059605947472788634
-59.33240611961057 -6.568694343191015 0.05948993546942488
-58.8317107093185 -6.51813256647016 0.05936941080458785
-58.33101529902643 -6.4673893580608945 0.05924435272077139
-57.83031988873435 -6.416464911825119 0.059114740460470105
-57.329624478442284 -6.365359421624748 0.058980553266178404
-56.82892906815022 -6.3140730813217045 0.058841770380391234
-56.328233657858135 -6.262606084777924 0.058698371045601994
-55.82753824756607 -6.210958625855301 0.058550334504305857
-55.326842837273986 -6.159130898415785 0.058397639998996664
-54.82614742698192 -6.107123096321277 0.05824026677216937
-54.32545201668985 -6.054935413433685 0.058078194066318256
-53.82475660639777 -6.002568043614974 0.0579114011239375
-53.3240611961057 -5.950021180727023 0.05773986718752172
-52.823365785813635 -5.897295018631769 0.05756357149956509
-52.322670375521554 -5.84438975119114 0.05738249330256212
-51.82197496522949 -5.791305572267045 0.057196611839007316
-51.321279554937405 -5.738042675721391 0.057005906351394964
-50.82058414464535 -5.684601255416136 0.05681035608221957
-50.31988873435327 -5.630981505213174 0.056609940273975645
-49.81919332406119 -5.577183618974433 0.05640463816915681
-49.318497913769136 -5.523207790561837 0.05619442901025856
-48.817802503477054 -5.469054213837292 0.055979292039774864
-48.31710709318497 -5.4147230826627135 0.0557592065002
-47.81641168289292 -5.360214590900074 0.05553415163402847
-47.31571627260084 -5.305528932411238 0.05530410668375446
-46.81502086230876 -5.250666301058135 0.05506905089187292
-46.3143254520167 -5.195626890702708 0.05482896350087757
-45.81363004172462 -5.140410895206872 0.05458382375326326
-45.31293463143254 -5.085018508432543 0.054333610891524275
-44.81223922114049 -5.029449924241628 0.054078304158155455
-44.311543810848406 -4.97370533649607 0.053817882795650196
-43.810848400556324 -4.917784939057756 0.053552326046503784
-43.31015299026427 -4.861688925788658 0.05328161315321028
-42.80945757997219 -4.8054174905506555 0.05300572335826442
-42.30876216968011 -4.748970827205684 0.05272463590415993
-41.808066759388026 -4.69234912961566 0.05243833003339177
-41.30737134909597 -4.635552591642518 0.05214678498845421
-40.80667593880389 -4.578581407148159 0.051849980011841657
-40.30598052851181 -4.521435769994507 0.051547894346048506
-39.80528511821976 -4.46411587404351 0.05124050723356893
-39.304589707927676 -4.406621913157042 0.050927797916897555
-38.803894297635594 -4.3489540811970455 0.05060974563852921
-38.30319888734354 -4.291112572025464 0.05028632964095753
-37.80250347705146 -4.233097579504185 0.04995752916667723
-37.30180806675938 -4.1749092974951365 0.04962332345818282
-36.801112656467325 -4.116547919860262 0.049283691757968706
-36.30041724617524 -4.058013640461449 0.048938613308529055
-35.79972183588316 -3.999306653160633 0.04858806735235871
-35.29902642559111 -3.9404271518197502 0.04823203313195151
-34.79833101529903 -3.8813753303006946 0.047870489889802414
-34.297635605006946 -3.822151382465395 0.047503416868405146
-33.79694019471489 -3.7627555021757955 0.04713079331025488
-33.29624478442281 -3.703187883293782 0.04675259845784557
-32.79554937413073 -3.643448719681291 0.04636881155367162
-32.294853963838676 -3.5835382052002442 0.045979411840227635
-31.794158553546595 -3.52345653371255 0.04558437856000791
-31.293463143254513 -3.4632038990801517 0.04518369095550662
-30.79276773296246 -3.402780495164964 0.04477732826921882
-30.29207232267038 -3.342186515828895 0.044365269743638136
-29.791376912378297 -3.2814221549338525 0.04394749462125952
-29.290681502086244 -3.220487606341801 0.043523982144577256
-28.789986091794162 -3.1593830639146203 0.04309471155608574
-28.28929068150208 -3.0981087215142535 0.04265966209827904
-27.788595271210028 -3.036664773002623 0.04221881301365177
-27.287899860917946 -2.975051412241629 0.04177214354469888
-26.787204450625865 -2.913268833093201 0.041319632933913886
-26.28650904033381 -2.8513172294192897 0.04086126042379151
-25.78581363004173 -2.789196795081774 0.04039700525682638
-25.28511821974965 -2.7269077239425767 0.039926846675512995
-24.784422809457595 -2.664450209863655 0.0394507639223452
-24.283727399165514 -2.6018244467068667 0.03896873623981806
-23.783031988873432 -2.5390306283342055 0.03848074287042519
-23.28233657858135 -2.4760689486075433 0.03798676305666199
-22.781641168289298 -2.412939601388831 0.037486776041022185
-22.280945757997216 -2.349642780539962 0.036980761065999956
-21.780250347705135 -2.286178679922858 0.036468697374090586
-21.27955493741308 -2.2225474933994773 0.03595056420778758
-20.778859527121 -2.158749414831692 0.03542634080958612
-20.27816411682892 -2.0947846380814665 0.03489600642197982
-19.777468706536865 -2.0306533570106806 0.03435954028746396
-19.276773296244784 -1.9663557654812704 0.03381692164853173
-18.776077885952702 -1.9018920573551723 0.033268129747678954
-18.27538247566065 -1.8372624264943012 0.03271314382739926
-17.774687065368568 -1.7724670667605436 0.03215194313018682
-17.273991655076486 -1.7075061720158642 0.03158450689853659
-16.773296244784433 -1.642379936122171 0.03101081437494263
-16.27260083449235 -1.5770885529413716 0.03043084480189956
-15.77190542420027 -1.5116322163354026 0.029844577421901775
-15.271210013908217 -1.4460111201661858 0.02925199147744323
-14.770514603616135 -1.380225458295615 0.02865306621101943
-14.269819193324054 -1.3142754245856478 0.028047780865123217
-13.769123783032 -1.2481612128981778 0.027436114682250323
-13.268428372739919 -1.181883017095127 0.026818046904894588
-12.767732962447838 -1.115441031038439 0.026193556775550297
-12.267037552155784 -1.0488354485900073 0.025562623536712292
-11.766342141863703 -0.9820664636117682 0.024925226430874414
-11.265646731571621 -0.9151342699656366 0.024281344700531615
-10.764951321279568 -0.8480390615135489 0.02363095758817818
-10.264255910987487 -0.7807810321173916 0.022974044336308064
-9.763560500695405 -0.7133603756391151 0.022310584187416216
-9.262865090403352 -0.6457772859406203 0.021640556383997034
-8.76216968011127 -0.5780319568838506 0.020963940168544137
-8.261474269819189 -0.5101245823307066 0.0202807147835527
-7.760778859527136 -0.44205535614312463 0.019590859471517452
-7.260083449235054 -0.3738244721830126 0.01889435347493168
-6.759388038942973 -0.3054321243122855 0.018191176036290446
-6.25869262865092 -0.23687850639289376 0.01748130639808837
-5.757997218358838 -0.16816381228671684 0.016764723802819514
-5.257301808066757 -0.09928823585571234 0.016041407492978166
-4.756606397774675 -0.03025197096178811 0.015311336711058943
-4.255910987482622 0.03894478853314798 0.014574490699556353
-3.7552155771905404 0.10830184876714544 0.013830848700964682
-3.254520166898459 0.17781901587832483 0.013080389957778216
-2.753824756606406 0.24749609600472855 0.012323093712491573
-2.2531293463143243 0.31733289528447006 0.01155893920759904
-1.7524339360222427 0.38730973574409044 0.010788748261474253
-1.2517385257301896 0.4511004172461742 0.009650250347705173
-0.7510431154381081 0.5111196105702365 0.008790417246175243
-0.25034770514602656 0.5715595271210026 0.00859513212795549
0.25034770514602656 0.6280880389429753 0.008489986091794159
0.7510431154381081 0.6829143254520167 0.008530208623087622
1.2517385257301896 0.7372367176634224 0.008695799721835889
1.7524339360222427 0.7908599443671755 0.008971557719054234
2.2531293463143243 0.8439292072322669 0.009327440890125173
2.753824756606406 0.8956378303198895 0.009753518776077894
3.254520166898459 0.9454411682892896 0.010321057023643934
3.7552155771905404 0.9916547983310151 0.011201265646731568
4.255910987482622 1.0312208623087626 0.012891835883171105
4.756606397774675 1.0689232267037543 0.015077746870653636
5.257301808066757 1.1052848400556325 0.01771585535465923
5.757997218358838 1.1401821974965234 0.020493866481223953
6.258692628650891 1.1754428372739907 0.023320458970792685
6.759388038942973 1.213377329624478 0.02707776773296242
7.260083449235054 1.2548349095966624 0.031358713490959714
7.760778859527107 1.291650625869262 0.03690965229485378
8.261474269819189 1.3147304589707927 0.04403165507649507
8.76216968011127 1.2754057023643943 0.047070417246175236
9.262865090403324 1.1872237597517368 0.046060056512107886
9.763560500695405 1.0993030373824193 0.04505640859633002
10.264255910987487 1.0116765743393483 0.044060308129829646
10.76495132127954 0.924344176760608 0.04307173435510123
11.265646731571621 0.8373056507842684 0.04209066651463905
11.766342141863703 0.7505608025484127 0.04111708385093758
12.267037552155784 0.6641094381911219 0.04015096560649122
12.767732962447838 0.5779513638504787 0.03919229102379443
13.268428372739919 0.49208638566455365 0.03824103934534151
13.769123783032 0.4065143097714303 0.0372971898136269
14.269819193324054 0.32123494230919336 0.03636072167114508
14.770514603616135 0.2362480894159127 0.035431614160390354
15.271210013908217 0.15155355722967156 0.03450984652385715
15.77190542420027 0.06715115188855503 0.03359539800403994
16.27260083449235 -0.016959320469367434 0.03268824784343302
16.773296244784433 -0.10077805370601167 0.03178837528453085
17.273991655076486 -0.18430524168329399 0.030895759569827888
17.774687065368568 -0.26754107826314355 0.03001037994181844
18.27538247566065 -0.35048575730747755 0.02913221564299695
18.776077885952702 -0.4331394726782105 0.028261245915857873
19.276773296244784 -0.5155024182372738 0.02739745000289552
19.777468706536865 -0.5975747878465829 0.026540807146604353
20.27816411682892 -0.6793567753680532 0.0256912965894788
20.778859527121 -0.7608485746636156 0.024848897574013193
21.27955493741308 -0.842050379595185 0.024013589342701973
21.780250347705135 -0.9229623840246788 0.023185351138039594
22.280945757997216 -1.003584781814025 0.02236416220252036
22.781641168289298 -1.0839177668251416 0.021550001778638736
23.28233657858135 -1.1639615329199442 0.020742849108889155
23.783031988873432 -1.243716273960362 0.019942683435765954
24.283727399165514 -1.32318218380831 0.019149484001763556
24.784422809457567 -1.4023594563257076 0.018363230049376428
25.28511821974965 -1.4812482853744813 0.01758390082109887
25.78581363004173 -1.5598488648165487 0.016811475559425353
26.286509040333783 -1.6381613885138249 0.01604593350685031
26.787204450625865 -1.7161860503282425 0.015287253905868055
27.287899860917946 -1.7939230441217129 0.014535415998973046
27.78859527121 -1.8713725637561565 0.013790399028659722
28.28929068150208 -1.9485348030934997 0.013052182237422404
28.789986091794162 -2.025409955995662 0.012320744867755543
29.290681502086215 -2.1019982163245574 0.011596066162153584
29.791376912378297 -2.1782997779421143 0.010878125363110842
30.29207232267038 -2.254314834710253 0.010166901713121769
30.79276773296246 -2.330043580490889 0.009462374454680768
31.293463143254513 -2.405486209145942 0.008764522830282284
31.794158553546595 -2.4806429145373405 0.008073326082420645
32.294853963838676 -2.555513890527002 0.007388763453590297
32.79554937413073 -2.63009933097684 0.00671081418628567
33.29624478442281 -2.7043994297487863 0.006039457523001092
33.79694019471489 -2.7784143807047554 0.005374672706231015
34.297635605006946 -2.852144377706667 0.004716438978469878
34.79833101529903 -2.925589614616446 0.004064735582212015
35.29902642559111 -2.99875028529601 0.0034195417599518496
35.79972183588316 -3.0716265836072782 0.002780836754183863
36.30041724617524 -3.144218703412176 0.0021485998074023405
36.801112656467325 -3.216526838572622 0.0015228101621017343
37.30180806675938 -3.288551182950531 0.0009034470607764966
37.80250347705146 -3.3602919304078354 0.00029048974592098264
38.30319888734354 -3.4317492748064478 -0.0003160825399704248
38.803894297635594 -3.502923410008286 -0.0009162905544032318
39.304589707927676 -3.5738145298752793 -0.0015101550548831388
39.80528511821976 -3.644422828269345 -0.0020976967989157075
40.30598052851181 -3.714748499052398 -0.0026789365440064716
40.80667593880389 -3.784791736086367 -0.003253895047661118
41.30737134909597 -3.854552733233171 -0.0038225930673852077
41.808066759388026 -3.9240316843547243 -0.004385051360684275
42.30876216968011 -3.993228783312957 -0.00494129068506402
42.80945757997219 -4.062144223969784 -0.0054913317980299775
43.31015299026424 -4.130778200187124 -0.006035195457087736
43.810848400556324 -4.199130905826904 -0.0065729024197429264
44.311543810848406 -4.267202534751041 -0.007104473443501139
44.81223922114046 -4.334993280821452 -0.00762992928586792
45.31293463143254 -4.4025033379000655 -0.008149290704348944
45.81363004172462 -4.469732899848799 -0.008662578456449743
46.314325452016675 -4.536682160529569 -0.009169813299675922
46.81502086230876 -4.6033513138043025 -0.00967101599153311
47.31571627260084 -4.6697405535349175 -0.010166207289526913
47.81641168289289 -4.73585007358333 -0.01065540795116282
48.31710709318497 -4.801680067811469 -0.011138638733946563
48.817802503477054 -4.86723073008125 -0.011615920395383644
49.318497913769136 -4.9325022542545955 -0.012087273692979739
49.81919332406119 -4.997494834193423 -0.012552719384240338
50.31988873435327 -5.062208663759658 -0.013012278226671128
50.82058414464535 -5.126643936815219 -0.013465970977777686
51.321279554937405 -5.190800847222021 -0.01391381839506553
51.82197496522949 -5.254679588841996 -0.01435584123604039
52.32267037552157 -5.318280355537056 -0.014792060258207756
52.82336578581362 -5.381603341169122 -0.015222496219073262
53.3240611961057 -5.444648739600123 -0.01564716987614248
53.824756606397784 -5.507416744691972 -0.016066101986921058
54.32545201668984 -5.569907550306586 -0.016479313308914542
54.82614742698192 -5.632121350305895 -0.016886824599628564
55.326842837274 -5.694058338551815 -0.0172886566165687
55.82753824756605 -5.755718708906264 -0.017684830117240508
56.328233657858135 -5.81710265523117 -0.01807536585914965
56.82892906815022 -5.878210371388449 -0.018460284599801702
57.32962447844227 -5.93904205124002 -0.01883960709670221
57.83031988873435 -5.999597888647808 -0.01921335410735686
58.33101529902643 -6.059878077473731 -0.019581546389271176
58.831710709318486 -6.119882811579706 -0.019944204699950785
59.33240611961057 -6.179612284827662 -0.020301349796901277
59.83310152990265 -6.239066691079514 -0.020653002437628243
60.3337969401947 -6.2982462241971815 -0.020999183379637243
60.834492350486784 -6.357151078042594 -0.02133991338043395
61.335187760778865 -6.415781446477662 -0.021675213197523913
61.83588317107092 -6.474137523364306 -0.022005103588412733
62.336578581363 -6.5322195025644545 -0.022329605310605974
62.83727399165508 -6.590027577940025 -0.022648739121609293
63.337969401947134 -6.647561943352932 -0.022962525778928253
63.838664812239216 -6.704822792665108 -0.02327098604006847
64.3393602225313 -6.7618103197384665 -0.02357414066253552
64.84005563282335 -6.818524718434925 -0.023872010403834965
65.34075104311543 -6.874966182616411 -0.024164616021472463
65.84144645340751 -6.93113490614484 -0.02445197827295359
66.34214186369957 -6.987031082882132 -0.024734117915783935
66.84283727399165 -7.042654906690216 -0.0250110557074691
67.34353268428373 -7.0980065714310046 -0.025282812405514637
67.84422809457581 -7.153086270966422 -0.025549408767426215
68.34492350486786 -7.2078941991583845 -0.025810865550709383
68.84561891515995 -7.262430549868818 -0.026067203512869758
69.34631432545203 -7.316695516959643 -0.026318443411412915
69.84700973574408 -7.370689294292773 -0.026564606003844443
70.34770514603616 -7.424412075730138 -0.02680571204766999
70.84840055632824 -7.4778640551336535 -0.027041782300395098
71.3490959666203 -7.531045426365238 -0.02727283751952539
71.84979137691238 -7.583956383286821 -0.02749889846256645
72.35048678720446 -7.636597119760316 -0.02771998588702386
72.85118219749651 -7.68896782964764 -0.02793612055040323
73.3518776077886 -7.741068706810723 -0.028147323210210184
73.85257301808068 -7.792899945111482 -0.02835361462395028
74.35326842837273 -7.844461738411833 -0.028555015549129092
74.85396383866481 -7.895754280573704 -0.028751546743252296
75.35465924895689 -7.9467777654590135 -0.028943228963825424
75.85535465924895 -7.997532386929676 -0.029130082968354093
76.35605006954103 -8.048018338847623 -0.029312129514343893
76.85674547983308 -8.098235815074762 -0.029489389359300386
77.35744089012519 -8.148185009473028 -0.029661883260729244
77.85813630041724 -8.19786611590433 -0.029829631976136015
78.3588317107093 -8.247279328230594 -0.029992656263026288
78.8595271210014 -8.296424840313744 -0.03015097687890568
79.36022253129346 -8.345302846015692 -0.030304614581279754
79.86091794158551 -8.393913539198362 -0.030453590127654154
80.36161335187762 -8.44225711372368 -0.03059792427553444
80.86230876216968 -8.490333763453556 -0.030737637782426233
81.36300417246173 -8.53814368224992 -0.030872751405835064
81.86369958275384 -8.585687063974692 -0.031003285903266647
82.36439499304589 -8.63296410248979 -0.031129262032226462
82.86509040333794 -8.679974991657133 -0.03125070055022017
83.36578581363005 -8.726719925338646 -0.03136762221475335
83.86648122392211 -8.773199097396244 -0.03148004778333158
84.36717663421416 -8.819412701691853 -0.03158799801346049
84.86787204450627 -8.865360932087391 -0.03169149366264565
85.36856745479832 -8.911043982444777 -0.03179055548839267
85.86926286509038 -8.956462046625937 -0.03188520424820712
86.36995827538249 -9.001615318492789 -0.03197546069959464
86.87065368567454 -9.046503991907251 -0.03206134560006077
87.3713490959666 -9.091128260731242 -0.03214287970711115
87.8720445062587 -9.135488318826695 -0.03222008377825138
88.37273991655076 -9.179584360055522 -0.03229297857098702
88.87343532684281 -9.223416578279636 -0.03236158484282367
89.37413073713492 -9.266985167360971 -0.032425923351266955
89.87482614742697 -9.310290321161439 -0.03248601485382242
90.37552155771903 -9.353332233542961 -0.03254188010799572
90.87621696801114 -9.396111098367466 -0.03259353987129246
91.37691237830319 -9.438627109496867 -0.03264101490121815
91.87760778859524 -9.480880460793081 -0.032684325955278454
92.37830319888735 -9.522871346118041 -0.03272349379097893
92.8789986091794 -9.564599959333659 -0.032758539165825246
93.37969401947146 -9.606066494301857 -0.032789482837322886
93.88038942976357 -9.64727114488456 -0.03281634556297752
94.38108484005562 -9.688214104943679 -0.032839148100294785
94.88178025034773 -9.728895568341144 -0.032857911206780124
95.38247566063978 -9.76931572893887 -0.032872655639939324
95.88317107093184 -9.809474780598784 -0.03288340215727782
96.38386648122395 -9.849372917182802 -0.032890171516301275
96.884561891516 -9.88901033255284 -0.032892984474515316
97.38525730180805 -9.928387220570823 -0.03289186178942552
97.88595271210016 -9.967503775098677 -0.03288682421853742
98.38664812239222 -10.006360189998315 -0.03287789251935669
98.88734353268427 -10.044956659131657 -0.03286508744938885
99.38803894297638 -10.083293376360636 -0.03284842976613958
99.88873435326843 -10.121370535547157 -0.03282794022711444
100.38942976356049 -10.15918833055315 -0.032803639589818995
100.8901251738526 -10.196746955240535 -0.03277554861175891
101.39082058414465 -10.234046603471228 -0.03274368805043967
101.8915159944367 -10.271087469107151 -0.032708078663366974
102.39221140472881 -10.30786974601023 -0.032668741208046415
102.89290681502086 -10.344393628042383 -0.03262569644198354
103.39360222531292 -10.380659309065525 -0.032578965122683934
103.89429763560503 -10.416666982941585 -0.03252856800765325
104.39499304589708 -10.452416843532475 -0.03247452585439706
104.89568845618913 -10.48790908470012 -0.03241685942042094
105.39638386648124 -10.523143900306447 -0.032355589463230444
105.8970792767733 -10.558121484213366 -0.03229073674033128
106.39777468706535 -10.592842030282803 -0.032222322009228976
106.89847009735746 -10.62730573237668 -0.03215036602742913
107.39916550764951 -10.661512784356912 -0.03207488955243737
107.89986091794157 -10.695463380085425 -0.03199591334175922
108.40055632823368 -10.72915771342414 -0.031913458152900365
108.90125173852573 -10.76259597823497 -0.031827544743366354
109.40194714881778 -10.795778368379843 -0.031738193870662734
109.90264255910989 -10.828705077720684 -0.03164542629229525
110.40333796940195 -10.861376300119403 -0.03154926276576933
110.904033379694 -10.893792229437924 -0.031449724048590644
111.40472878998611 -10.92595305953817 -0.03134683089826479
111.90542420027816 -10.957858984282058 -0.031240604072297368
112.40611961057022 -10.989510197531512 -0.031131064328193986
112.90681502086233 -11.020906893148453 -0.031018232423460163
113.40751043115438 -11.0520492649948 -0.030902129115601612
113.90820584144643 -11.082937506932474 -0.030782775162123827
114.40890125173854 -11.113571812823395 -0.03066019132053238
114.9095966620306 -11.143952376529484 -0.030534398348333047
115.41029207232265 -11.17407939191266 -0.03040541700303126
115.91098748261476 -11.203953052834848 -0.03027326804213265
116.41168289290681 -11.233573553157967 -0.030137972223142795
116.91237830319886 -11.262941086743933 -0.02999955030356735
117.41307371349097 -11.292055847454677 -0.029858023040911896
117.91376912378303 -11.32091802915211 -0.029713411192681977
118.41446453407508 -11.349527825698154 -0.029565735516383224
118.91515994436719 -11.377885430954734 -0.02941501676952127
119.41585535465924 -11.405991038783764 -0.02926127570960163
119.9165507649513 -11.433844843047169 -0.029104533094129997
120.4172461752434 -11.461447037606874 -0.028944809680611833
120.91794158553546 -11.48879781632479 -0.02878212622655285
121.41863699582751 -11.515897373062845 -0.028616503489458656
121.91933240611962 -11.542745901682956 -0.028447962226834655
122.42002781641168 -11.569343596047045 -0.02827652319618673
122.92072322670373 -11.595690650017033 -0.02810220715502032
123.42141863699584 -11.62178725745484 -0.02792503486084097
123.92211404728789 -11.64763361222239 -0.027745027071154366
124.42280945757994 -11.673229908181597 -0.02756220454346603
124.92350486787205 -11.698576339194389 -0.0273765880352817
125.42420027816411 -11.723673099122678 -0.027188198304106792
125.92489568845616 -11.748520381828389 -0.026997056107446987
126.42559109874827 -11.773118381173447 -0.026803182202807918
126.92628650904032 -11.797467291019768 -0.026606597347695105
127.42698191933238 -11.82156730522927 -0.02640732229961415
127.92767732962449 -11.845418617663881 -0.02620537781607077
128.42837273991654 -11.869021422185515 -0.026000784654570397
128.9290681502086 -11.892375912656092 -0.02579356357261875
129.4297635605007 -11.915482282937543 -0.025583735327721235
129.93045897079276 -11.938340726891777 -0.025371320677383763
130.4311543810848 -11.960951438380718 -0.025156340379111686
130.93184979137692 -11.983314611266294 -0.024938815190410663
131.43254520166897 -12.005430439410414 -0.024718765868786324
131.93324061196108 -12.027299116675007 -0.024496213171744108
132.43393602225314 -12.048920836921994 -0.02427117785678984
132.9346314325452 -12.07029579401329 -0.024043680681429036
133.4353268428373 -12.091424181810815 -0.023813742403167193
133.93602225312935 -12.112306194176494 -0.023581383779509996
134.4367176634214 -12.132942024972245 -0.02334662556796302
134.93741307371351 -12.153331868059993 -0.023109488526031896
135.43810848400557 -12.173475917301651 -0.0228699934112222
135.93880389429762 -12.193374366559148 -0.022628160981039425
136.43949930458973 -12.213027409694401 -0.02238401199298934
136.94019471488178 -12.23243524056933 -0.022137567204577435
137.44089012517384 -12.251598053045853 -0.021888847373309372
137.94158553546595 -12.2705160409859 -0.021637873256690643
138.442280945758 -12.28918939825138 -0.021384665612226933
138.94297635605005 -12.307618318704222 -0.021129245197423818
139.44367176634216 -12.325802996206349 -0.020871632769786846
139.94436717663422 -12.34374362461967 -0.020611849086821787
140.44506258692627 -12.36144039780611 -0.02034991490603391
140.94575799721838 -12.378893509627598 -0.0200858509849291
141.44645340751043 -12.396103153946044 -0.01981967808101287
141.94714881780249 -12.413069524623374 -0.019551416951790745
142.4478442280946 -12.429792815521509 -0.01928108835476844
142.94853963838665 -12.446273220502366 -0.019008713047451442
143.4492350486787 -12.462510933427868 -0.01873431178734536
143.9499304589708 -12.478506148159937 -0.018457905331955876
144.45062586926286 -12.494259058560495 -0.018179514438788513
144.95132127955492 -12.509769858491456 -0.017899159865348846
145.45201668984703 -12.525038741814743 -0.017616862369142505
145.95271210013908 -12.540065902392282 -0.01733264270767515
146.45340751043113 -12.554851534085987 -0.017046521638452383
146.95410292072324 -12.569395830757788 -0.016758519918979586
147.4547983310153 -12.583698986269592 -0.01646865830676253
147.95549374130735 -12.59776119448333 -0.01617695755930687
148.45618915159946 -12.611582649260917 -0.01588343843411799
148.9568845618915 -12.625163544464279 -0.015588121688701717
149.45757997218357 -12.638504073955328 -0.01529102808056354
149.95827538247568 -12.651604431595995 -0.014992178367209008
150.45897079276773 -12.664464811248198 -0.014691593306143724
150.95966620305978 -12.677085406773852 -0.014389293654873347
151.4603616133519 -12.689466412034882 -0.014085300170903425
151.96105702364395 -12.701608020893207 -0.013779633611739617
152.461752433936 -12.71351042721075 -0.01347231473488747
152.9624478442281 -12.725173824849431 -0.013163364297852642
153.46314325452016 -12.736598407671167 -0.012852803058140627
153.96383866481222 -12.747784369537886 -0.012540651773257083
154.46453407510432 -12.758731904311503 -0.012226931200707503
154.96522948539638 -12.769441205853937 -0.011911662097997655
155.46592489568843 -12.779912468027113 -0.011594865222633033
155.96662030598054 -12.79014588469295 -0.011276561332119184
156.4673157162726 -12.800141649713368 -0.010956771183961933
156.96801112656465 -12.80989995695029 -0.010635515535666551
157.46870653685676 -12.819421000265635 -0.010312815144738807
157.9694019471488 -12.828704973521322 -0.009988690768684416
158.47009735744086 -12.837752070579274 -0.009663163165008759
158.97079276773297 -12.846562485301412 -0.009336253091217495
159.47148817802503 -12.855136411549651 -0.009007981304816226
159.97218358831708 -12.86347404318592 -0.008678368563310612
160.4728789986092 -12.871575574072136 -0.008347435624206145
160.97357440890124 -12.879441198070221 -0.008015203245008484
161.4742698191933 -12.887071109042093 -0.007681692183223232
161.9749652294854 -12.894465500849677 -0.007346923196355992
162.47566063977746 -12.901624567354883 -0.007010917041912312
162.9763560500695 -12.908548502419645 -0.006673694477397851
163.47705146036162 -12.915237499905874 -0.00633527626031799
163.97774687065368 -12.921691753675496 -0.005995683148178665
164.47844228094573 -12.92791145759043 -0.005654935898485314
164.97913769123784 -12.933896805512596 -0.005313055268743427
165.4798331015299 -12.939647991303918 -0.004970062016458776
165.98052851182194 -12.94516520882631 -0.004625976899136797
166.48122392211405 -12.950448651941699 -0.004280820674283203
166.9819193324061 -12.955498514512005 -0.003934614099403599
167.48261474269816 -12.96031499039914 -0.0035873779320034216
167.98331015299027 -12.964898273465039 -0.0032391329295884397
168.48400556328232 -12.96924855757161 -0.002889899849664146
168.98470097357443 -12.973366036580785 -0.0025396994497362546
169.4853963838665 -12.977250904354474 -0.002188552487310258
169.98609179415854 -12.980903354754606 -0.0018364797198917038
170.48678720445065 -12.984323581643093 -0.0014835019049863618
170.9874826147427 -12.987511778881863 -0.0011296398000997243
171.48817802503476 -12.990468140332833 -0.000774914162737339
171.98887343532687 -12.993192859857928 -0.0004193457504049203
172.48956884561892 -12.995686131319061 -6.295532060790476e-05
172.99026425591097 -12.99794814857816 0.0002942363691479377
173.49095966620308 -12.999979105497143 0.0006522085613572259
173.99165507649514 -13.001779195937928 0.0010109404985141346
174.4923504867872 -13.003348613762437 0.001370411423113116
174.9930458970793 -13.004687552832593 0.0017306005776487887
175.49374130737135 -13.005796207010313 0.0020914872046152166
175.9944367176634 -13.00667477015752 0.0024530505465070185
176.49513212795551 -13.00732343613614 0.0028152698458186465
176.99582753824757 -13.007742398808087 0.003178124345044331
177.49652294853962 -13.007931852035277 0.003541593286678635
177.99721835883173 -13.007891989679639 0.0039056559132158997
178.49791376912378 -13.007623005603094 0.004270291467150411
178.99860917941584 -13.007125093667554 0.004635479190976843
179.49930458970795 -13.006398447734956 0.00500119832718926
180.0 -13.005443261667203 0.005367428118282447
