Polar data for 2 at Re = 197142.85714285716
Alpha (deg) Cl Cd
-180.0 -16.697331431623326 0.5528620146930916
-179.49930458970792 -16.6895871065094 0.551785382838399
-178.99860917941587 -16.681553092704036 0.5507000150579366
-178.49791376912378 -16.673229927769214 0.5496059642943283
-177.9972183588317 -16.66461814926694 0.5485032834901984
-177.49652294853965 -16.655718294759186 0.5473920255881706
-176.99582753824757 -16.646530901807953 0.5462722435308685
-176.4951321279555 -16.637056507975238 0.5451439902609163
-175.99443671766343 -16.627295650823022 0.5440073187209384
-175.49374130737135 -16.617248867913293 0.542862281853558
-174.99304589707927 -16.606916696808053 0.5417089326014
-174.49235048678722 -16.596299675069297 0.5405473239070875
-173.99165507649514 -16.585398340258998 0.5393775087132446
-173.49095966620305 -16.574213229939158 0.5381995399624953
-172.990264255911 -16.56274488167177 0.5370134705974638
-172.48956884561892 -16.550993833018815 0.5358193535607736
-171.98887343532684 -16.538960621542298 0.5346172417950494
-171.48817802503476 -16.526645784804202 0.5334071882429148
-170.9874826147427 -16.514049860366526 0.5321892458469932
-170.48678720445062 -16.50117338579124 0.5309634675499093
-169.98609179415854 -16.488016898640364 0.5297299062942868
-169.4853963838665 -16.47458093647586 0.5284886150227486
-168.9847009735744 -16.46086603685975 0.527239646677921
-168.48400556328232 -16.446872737354 0.5259830542024257
-167.98331015299027 -16.432601575520607 0.5247188905388884
-167.4826147426982 -16.418053088921578 0.5234472086299315
-166.9819193324061 -16.403227815118882 0.5221680614181798
-166.48122392211405 -16.388126291674517 0.5208815018462571
-165.98052851182197 -16.372749056150482 0.5195875828567877
-165.4798331015299 -16.35709664610877 0.5182863573923944
-164.97913769123784 -16.341169599111346 0.5169778783957029
-164.47844228094576 -16.324968452720228 0.5156621988093355
-163.97774687065368 -16.308493744497408 0.5143393715759168
-163.47705146036162 -16.291746012004857 0.5130094496380713
-162.97635605006954 -16.274725792804574 0.5116724859384223
-162.47566063977746 -16.257433624458564 0.5103285334195937
-161.9749652294854 -16.239870044528807 0.5089776450242103
-161.47426981919332 -16.222035590577285 0.5076198736948938
-160.97357440890124 -16.203930800166006 0.5062552723742719
-160.4728789986092 -16.185556210856944 0.5048838940049647
-159.9721835883171 -16.166912360212116 0.5035057915295988
-159.47148817802503 -16.14799978579348 0.5021210178907971
-158.97079276773297 -16.12881902516306 0.5007296260311835
-158.4700973574409 -16.109370615882824 0.49933166889338265
-157.9694019471488 -16.08965509551477 0.4979271994200172
-157.46870653685676 -16.06967300162089 0.4965162705537116
-156.96801112656468 -16.049424871763172 0.4950989352370909
-156.4673157162726 -16.028911243503615 0.4936752464127776
-155.96662030598054 -16.0081326544042 0.4922452570233964
-155.46592489568846 -15.987089642026916 0.49080902001157156
-154.96522948539638 -15.965782743933772 0.4893665883199261
-154.46453407510432 -15.944212497686749 0.4879180148910851
-153.96383866481224 -15.922379440847827 0.48646335266767116
-153.46314325452016 -15.900284110979008 0.4850026545923096
-152.9624478442281 -15.877927045642295 0.4835359736076237
-152.46175243393603 -15.855308782399653 0.4820633626562367
-151.96105702364395 -15.832429858813086 0.4805848746807735
-151.4603616133519 -15.809290812444594 0.47910056262385803
-150.9596662030598 -15.785892180856166 0.4776104794281142
-150.45897079276773 -15.762234501609768 0.47611467803616536
-149.95827538247568 -15.738318312267424 0.4746132113906367
-149.4575799721836 -15.714144150391107 0.4731061324341499
-148.9568845618915 -15.689712553542805 0.47159349410933116
-148.45618915159943 -15.665024059284526 0.4700753493588046
-147.95549374130738 -15.640079205178246 0.46855175112519176
-147.4547983310153 -15.614878528785972 0.46702275235111923
-146.95410292072324 -15.589422567669672 0.46548840597920926
-146.45340751043116 -15.563711859391354 0.4639487649520859
-145.95271210013908 -15.537746941513007 0.46240388221237394
-145.452016689847 -15.511528351596617 0.4608538107026974
-144.95132127955495 -15.485056627204173 0.4592986033656796
-144.45062586926286 -15.458332305897677 0.45773831314394364
-143.94993045897078 -15.43135592523911 0.45617299298011504
-143.44923504867873 -15.404128022790466 0.45460269581681745
-142.94853963838665 -15.376649136113748 0.4530274745966745
-142.44784422809457 -15.34891980277093 0.4514473822623102
-141.9471488178025 -15.320940560324011 0.4498624717563482
-141.44645340751043 -15.292711946334975 0.44827279602141257
-140.94575799721835 -15.264234498365823 0.4466784080001276
-140.44506258692627 -15.235508753978543 0.44507936063511777
-139.94436717663422 -15.206535250735122 0.4434757068690054
-139.44367176634213 -15.177314526197556 0.44186749964441585
-138.94297635605005 -15.147847117927832 0.44025479190397276
-138.442280945758 -15.118133563487952 0.43863763659029953
-137.94158553546592 -15.08817440043989 0.4370160866460209
-137.44089012517384 -15.057970166345648 0.4353901950137602
-136.94019471488178 -15.027521398767213 0.43376001463614156
-136.4394993045897 -14.996828635266581 0.43212559845578946
-135.93880389429762 -14.965892413405733 0.43048699941532664
-135.43810848400557 -14.93471327074667 0.42884427045737805
-134.9374130737135 -14.903291744851394 0.4271974645245673
-134.4367176634214 -14.871628373281858 0.42554663455951847
-133.93602225312935 -14.839723693600092 0.4238918335048556
-133.43532684283727 -14.807578243368063 0.4222331143032023
-132.9346314325452 -14.775192560147794 0.4205705298971827
-132.43393602225314 -14.742567181501222 0.41890413322942077
-131.93324061196105 -14.70970264499038 0.41723397724254063
-131.43254520166897 -14.67659948817726 0.41556011487916544
-130.93184979137692 -14.643258248623837 0.4138825990819206
-130.43115438108484 -14.6096794638921 0.4122014827934284
-129.93045897079276 -14.575863671544056 0.41051681895631464
-129.4297635605007 -14.541811409141687 0.40882866051320166
-128.92906815020862 -14.507523214246973 0.4071370604067135
-128.42837273991654 -14.47299962442193 0.405442071579476
-127.92767732962449 -14.438241177228527 0.40374374697411053
-127.4269819193324 -14.40324841022877 0.4020421395332425
-126.92628650904032 -14.36802186098464 0.40033730219949604
-126.42559109874827 -14.332562067058127 0.39862928791549423
-125.92489568845619 -14.296869566011239 0.3969181496238612
-125.42420027816411 -14.260944895405949 0.39520394026722183
-124.92350486787205 -14.224788592804245 0.39348671278819847
-124.42280945757997 -14.18840119576813 0.39176652012941693
-123.92211404728789 -14.151783241859611 0.39004341523349995
-123.42141863699584 -14.114935268640636 0.38831745104307114
-122.92072322670376 -14.07785781367324 0.3865886805007559
-122.42002781641168 -14.040551414519385 0.3848571565491765
-121.91933240611961 -14.00301660874107 0.3831229321309584
-121.41863699582754 -13.965253933900293 0.3813860601887247
-120.91794158553546 -13.927263927559032 0.379646593665099
-120.41724617524339 -13.889047127279298 0.3779045855027068
-119.91655076495132 -13.850604070623056 0.3761600886441703
-119.41585535465924 -13.811935295152324 0.37441315603211445
-118.91515994436718 -13.773041338429074 0.3726638406091629
-118.41446453407511 -13.733922738015302 0.37091219531793973
-117.91376912378303 -13.694580031473002 0.3691582731010681
-117.41307371349096 -13.65501375636417 0.3674021269011738
-116.91237830319889 -13.615224450250786 0.36564380966087917
-116.41168289290681 -13.575212650694844 0.3638833743228078
-115.91098748261474 -13.534978895258334 0.3621208738295856
-115.41029207232268 -13.49452372150327 0.3603563611238352
-114.9095966620306 -13.453847666991592 0.3585898891481807
-114.40890125173853 -13.412951269285344 0.3568215108452457
-113.90820584144646 -13.371835065946492 0.3550512791576548
-113.40751043115438 -13.33049959453703 0.3532792470280315
-112.90681502086231 -13.288945392618942 0.35150546739900035
-112.40611961057024 -13.247172997754241 0.34972999321318454
-111.90542420027816 -13.205182947504895 0.34795287741320857
-111.4047287899861 -13.162975779432905 0.3461741729416965
-110.90403337969401 -13.120552031100246 0.3443939327412715
-110.40333796940195 -13.077912240068954 0.3426122097545585
-109.90264255910988 -13.035056943900976 0.34082905692417986
-109.4019471488178 -12.99198668015832 0.3390445271927618
-108.90125173852573 -12.948701986402966 0.3372586735029266
-108.40055632823366 -12.905203400196925 0.33547154879729923
-107.89986091794158 -12.861491459102155 0.33368320601850154
-107.39916550764951 -12.817566700680686 0.3318936981091607
-106.89847009735745 -12.773429662494507 0.33010307801189853
-106.39777468706536 -12.729080882105556 0.3283113986693391
-105.8970792767733 -12.684520897075892 0.32651871302410695
-105.39638386648123 -12.639750244967466 0.3247250740188261
-104.89568845618915 -12.594769463342274 0.32293053459611976
-104.39499304589708 -12.549579089762318 0.32113514769861284
-103.89429763560501 -12.504179661789593 0.319338966268929
-103.39360222531293 -12.458571716986079 0.3175420432496914
-102.89290681502086 -12.41275579291375 0.31574443158352405
-102.3922114047288 -12.366732427134636 0.3139461842130524
-101.89151599443672 -12.320502157210683 0.31214735408089833
-101.39082058414465 -12.274065520703928 0.3103479941296885
-100.89012517385257 -12.227423055176331 0.3085481573020439
-100.3894297635605 -12.1805752981899 0.3067478965405903
-99.88873435326843 -12.133522787306632 0.30494726478795187
-99.38803894297635 -12.08626606008849 0.3031463149867508
-98.88734353268428 -12.038805654097473 0.3013451000796117
-98.38664812239222 -11.991142106895602 0.2995436730091603
-97.88595271210013 -11.943275956044822 0.2977420867180185
-97.38525730180807 -11.895207739107164 0.2959403941488108
-96.884561891516 -11.846937993644595 0.2941386482441617
-96.38386648122392 -11.79846725721913 0.29233690194669393
-95.88317107093185 -11.749796067392737 0.29053520819903333
-95.38247566063978 -11.700924961727395 0.2887336199438022
-94.8817802503477 -11.651854477785129 0.2869321901236246
-94.38108484005564 -11.602585153127912 0.2851309716811259
-93.88038942976357 -11.553117525317745 0.28333001755892884
-93.37969401947149 -11.503452131916603 0.28152938069965616
-92.87899860917942 -11.453589510486488 0.27972911404593503
-92.37830319888734 -11.403530198589408 0.2779292705403864
-91.87760778859527 -11.353274733787309 0.2761299031256361
-91.3769123783032 -11.302823653642236 0.2743310647443087
-90.87621696801112 -11.252177495716133 0.2725328083390246
-90.37552155771905 -11.201336797571017 0.2707351868524115
-89.87482614742699 -11.150302096768868 0.26893825322709164
-89.3741307371349 -11.099073930871697 0.26714206040568866
-88.87343532684284 -11.047652837441468 0.26534666133082707
-88.37273991655077 -10.996039354040192 0.2635521089451318
-87.87204450625869 -10.944234018229857 0.2617584561912252
-87.37134909596662 -10.892237367572434 0.2599657560117312
-86.87065368567455 -10.840049939629935 0.2581740613492758
-86.36995827538247 -10.787672271964354 0.25638342514648027
-85.8692628650904 -10.735104902137664 0.2545939003459705
-85.36856745479834 -10.682348367711896 0.25280553989036925
-84.86787204450626 -10.629403206248973 0.251018396722301
-84.36717663421419 -10.576269955310941 0.24923252378439062
-83.86648122392211 -10.522949152459788 0.24744797401926097
-83.36578581363004 -10.469441335257478 0.2456648003695356
-82.86509040333797 -10.415747041266002 0.24388305577783906
-82.36439499304589 -10.361866808047381 0.2421027931867967
-81.86369958275382 -10.307801173163597 0.24032406553902905
-81.36300417246176 -10.253550674176637 0.23854692577716238
-80.86230876216968 -10.19911584864846 0.23677142684382077
-80.36161335187761 -10.144497234141113 0.23499762168162738
-79.86091794158554 -10.089695368216539 0.23322556323320673
-79.36022253129346 -10.034710788436769 0.23145530444118287
-78.85952712100139 -9.97954403236377 0.22968689824817853
-78.35883171070932 -9.924195637559528 0.22792039759682
-77.85813630041724 -9.868666141586061 0.22615585542972824
-77.35744089012518 -9.81295608200535 0.2243933246895304
-76.85674547983311 -9.757065996379353 0.22263285831884702
-76.35605006954103 -9.700996422270116 0.2208745092603048
-75.85535465924896 -9.644747897239583 0.21911833045652604
-75.35465924895689 -9.588320958849764 0.21736437485013657
-74.85396383866481 -9.531716144662667 0.21561269538375824
-74.35326842837274 -9.474933992240281 0.21386334500001644
-73.85257301808066 -9.417975039144544 0.2121163766415339
-73.3518776077886 -9.360839822937521 0.21037184325093602
-72.85118219749653 -9.303528881181123 0.2086297977708442
-72.35048678720445 -9.246042751437429 0.2068902931438856
-71.84979137691238 -9.188381971268356 0.20515338231268251
-71.34909596662031 -9.130547078235935 0.20341911821985945
-70.84840055632823 -9.072538609902182 0.20168755380803957
-70.34770514603616 -9.014357103829028 0.1999587420198474
-69.8470097357441 -8.956003097578481 0.1982327357979061
-69.34631432545201 -8.897477128712538 0.19650958808484018
-68.84561891515995 -8.83877973479322 0.19478935182327592
-68.34492350486788 -8.779911453382468 0.1930720799558334
-67.8442280945758 -8.72087282204231 0.19135782542513755
-67.34353268428373 -8.661664378334748 0.18964664117381466
-66.84283727399166 -8.602286659821715 0.18793858014448525
-66.34214186369958 -8.542740204065225 0.18623369527977604
-65.84144645340751 -8.48302554862731 0.1845320395223102
-65.34075104311543 -8.423143231069915 0.18283366581471003
-64.84005563282336 -8.363093788955055 0.1811386270996018
-64.3393602225313 -8.30287775984472 0.17944697631960868
-63.838664812239216 -8.242495681300866 0.1777587664173543
-63.33796940194715 -8.181948090885555 0.17607405033546317
-62.83727399165508 -8.121235526160717 0.17439288101655845
-62.336578581363 -8.060358524688354 0.1727153114032651
-61.83588317107093 -7.9993176240304535 0.1710413944382054
-61.335187760778865 -7.9381133617490605 0.16937118306400564
-60.834492350486784 -7.8767462754060915 0.1677047302232881
-60.333796940194716 -7.815216902563577 0.1660420888586773
-59.83310152990265 -7.753525780783519 0.1643833119127964
-59.33240611961057 -7.691673447627892 0.16272845232827124
-58.8317107093185 -7.62966044065864 0.16107756304772233
-58.33101529902643 -7.567487297437822 0.15943069701377685
-57.83031988873435 -7.505154555527426 0.1577879071690584
-57.329624478442284 -7.442662752489412 0.1561492464561902
-56.82892906815022 -7.380012425885781 0.15451476781779536
-56.328233657858135 -7.3172041132785495 0.1528845241964993
-55.82753824756607 -7.254238352229663 0.15125856853492567
-55.326842837273986 -7.191115680301138 0.14963695377569805
-54.82614742698192 -7.127836635054962 0.14801973286144007
-54.32545201668985 -7.064401754053122 0.14640695873477536
-53.82475660639777 -7.000811574857607 0.14479868433833062
-53.3240611961057 -6.9370666350304475 0.14319496261472595
-52.823365785813635 -6.873167472133574 0.14159584650658805
-52.322670375521554 -6.80911462372903 0.14000138895654055
-51.82197496522949 -6.744908627378749 0.13841164290720573
-51.321279554937405 -6.680550020644773 0.13682666130120855
-50.82058414464535 -6.616039341089078 0.1352464970811735
-50.31988873435327 -6.55137712627365 0.13367120318972334
-49.81919332406119 -6.486563913760492 0.13210083256948432
-49.318497913769136 -6.421600241111577 0.1305354381630783
-48.817802503477054 -6.356486645888907 0.12897507291312846
-48.31710709318497 -6.2912236656544565 0.12741978976226107
-47.81641168289292 -6.225811837970255 0.12586964165309886
-47.31571627260084 -6.160251700398263 0.12432468152826634
-46.81502086230876 -6.094543790500467 0.12278496233038624
-46.3143254520167 -6.0286886458388835 0.12125053700208352
-45.81363004172462 -5.962686803975473 0.11972145848598267
-45.31293463143254 -5.8965388024722785 0.11819777972470732
-44.81223922114049 -5.830245178891218 0.11667955366087931
-44.311543810848406 -5.76380647079435 0.11516683323712582
-43.810848400556324 -5.697223215743605 0.11365967139606822
-43.31015299026427 -5.630495951301029 0.11215812108033282
-42.80945757997219 -5.563625215028566 0.11066223523254012
-42.30876216968011 -5.496611544488246 0.10917206679531863
-41.808066759388026 -5.429455477242044 0.1076876687112884
-41.30737134909597 -5.362157550851961 0.10620909392307573
-40.80667593880389 -5.294718302879971 0.10473639537330379
-40.30598052851181 -5.227138270888048 0.10326962600459619
-39.80528511821976 -5.15941799243825 0.10180883875957744
-39.304589707927676 -5.0915580050924945 0.10035408658087072
-38.803894297635594 -5.023558846412811 0.09890542241110009
-38.30319888734354 -4.955421053961217 0.09746289919289139
-37.80250347705146 -4.887145165299643 0.09602656986886601
-37.30180806675938 -4.81873171799009 0.09459648738164847
-36.801112656467325 -4.75018124959459 0.0931727046738646
-36.30041724617524 -4.681494297675101 0.09175527468813713
-35.79972183588316 -4.612671399793598 0.09034425036708746
-35.29902642559111 -4.543713093512153 0.08893968465334409
-34.79833101529903 -4.474619916392669 0.08754163048952843
-34.297635605006946 -4.4053924059971905 0.08615014081826408
-33.79694019471489 -4.336031099887677 0.08476526858217645
-33.29624478442281 -4.266536535626116 0.08338706672388782
-32.79554937413073 -4.1969092507745245 0.08201558818602447
-32.294853963838676 -4.1271497828948895 0.08065088591120781
-31.794158553546595 -4.057258669549185 0.07929301284206366
-31.293463143254513 -3.9872364482994276 0.07794202192121477
-30.79276773296246 -3.91708365670759 0.07659796609128564
-30.29207232267038 -3.8468008323356604 0.07526089829490076
-29.791376912378297 -3.7763885127455983 0.07393087147468244
-29.290681502086244 -3.705847235499491 0.07260793857325651
-28.789986091794162 -3.6351775381592266 0.07129215253324481
-28.28929068150208 -3.5643799582868643 0.06998356629727451
-27.788595271210028 -3.4934550334443917 0.06868223280796701
-27.287899860917946 -3.42240330119374 0.06738820500794548
-26.787204450625865 -3.3512252990969533 0.06610153583983666
-26.28650904033381 -3.2799215647160342 0.06482227824626371
-25.78581363004173 -3.2084926356129135 0.06355048516984849
-25.28511821974965 -3.136939049349636 0.062286209553216815
-24.784422809457595 -3.065261343488189 0.06102950433899321
-24.283727399165514 -2.993460055590504 0.05978042246979817
-23.783031988873432 -2.921535723218668 0.0585390168882611
-23.28233657858135 -2.849488883934598 0.057305340537001176
-22.781641168289298 -2.777320075300296 0.05607944635864512
-22.280945757997216 -2.7050298348777777 0.05486138729581566
-21.780250347705135 -2.6326187002290173 0.05365121629113598
-21.27955493741308 -2.5600872089160167 0.052448986287232796
-20.778859527121 -2.4874358985007494 0.051254750226726625
-20.27816411682892 -2.41466530654526 0.05006856105224419
-19.777468706536865 -2.3417759706114514 0.048890471706407784
-19.276773296244784 -2.268768428261382 0.04772053513184324
-18.776077885952702 -2.1956432170569973 0.04655880427117107
-18.27538247566065 -2.1224008745603276 0.04540533206701844
-17.774687065368568 -2.0490419383333607 0.04426017146200942
-17.273991655076486 -1.975566945938056 0.0431233753987654
-16.773296244784433 -1.9019764349364583 0.04199499681991134
-16.27260083449235 -1.8282709428904984 0.04087508866807263
-15.77190542420027 -1.7544510073622068 0.039763703885872
-15.271210013908217 -1.6805171659135714 0.038660895415933066
-14.770514603616135 -1.6064699561065372 0.03756671620088034
-14.269819193324054 -1.5323099155031632 0.03648121918333877
-13.769123783032 -1.4580375816654088 0.0354044573059302
-13.268428372739919 -1.3836534921552617 0.03433648351127869
-12.767732962447838 -1.3091581845347098 0.033277350742010964
-12.267037552155784 -1.234552196365755 0.03222711194074754
-11.766342141863703 -1.1598360652103712 0.03118582005011425
-11.265646731571621 -1.0850103286305743 0.030153528012736047
-10.764951321279568 -1.0100755241883523 0.02913028877123433
-10.264255910987487 -0.935032189445693 0.028116155268234938
-9.763560500695405 -0.8598808619645699 0.027111180446361488
-9.262865090403352 -0.7846220793069993 0.02611541724823671
-8.76216968011127 -0.7092563790349549 0.025128918616485557
-8.261474269819189 -0.6337842987104243 0.024151737493732534
-7.760778859527136 -0.5582063758954097 0.023183926822599482
-7.260083449235054 -0.4825231481518988 0.02222553954571313
-6.759388038942973 -0.40673515304189367 0.02127662860569532
-6.25869262865092 -0.33084292812736793 0.020337246945172333
-5.757997218358838 -0.2548470109703236 0.01940744750676557
-5.257301808066757 -0.17874793913274845 0.018487283233099533
-4.756606397774675 -0.10254625017664454 0.01757680706679962
-4.255910987482622 -0.02624248166397125 0.01667607195048812
-3.7552155771905404 0.05016282884325518 0.015785130826789978
-3.254520166898459 0.12666914378303273 0.014904036638329704
-2.753824756606406 0.20327592559341623 0.014032842327727807
-2.2531293463143243 0.2799826367123468 0.013171600837614122
-1.7524339360222427 0.356776634214188 0.012319137691237813
-1.2517385257301896 0.4285684283727388 0.011165076495132154
-0.7510431154381081 0.49635646731571637 0.010285605006954102
-0.25034770514602656 0.5634047287899874 0.009980222531293458
0.25034770514602656 0.6252406119610558 0.009694826147426987
0.7510431154381081 0.6819143254520167 0.009559958275382476
1.2517385257301896 0.7367401947148828 0.009610417246175245
1.7524339360222427 0.7908094575799711 0.00979621696801112
2.2531293463143243 0.8439304589707927 0.010097190542420026
2.753824756606406 0.8960424200278172 0.01048321279554938
3.254520166898459 0.9460393602225302 0.010964881780250336
3.7552155771905404 0.9930735744089011 0.011694492350486784
4.255910987482622 1.0335720445062593 0.013076634214186396
4.756606397774675 1.0693730180806666 0.015206842837273932
5.257301808066757 1.101466203059805 0.018304617524339338
5.757997218358838 1.1335146036161339 0.021461585535465958
6.258692628650891 1.1690706536856736 0.024251460361613277
6.759388038942973 1.2065841446453405 0.028092308762169647
7.260083449235054 1.2480792767732967 0.03300885952712106
7.760778859527107 1.285585535465924 0.03947513212795528
8.261474269819189 1.3134030598052848 0.046722197496522885
8.76216968011127 1.2605635605006942 0.05261694019471493
9.262865090403324 1.1377581917713497 0.05763020644728256
9.763560500695405 1.0153728958394823 0.06261966262528451
10.264255910987487 0.893460597238025 0.06758232944274942
10.76495132127954 0.7720207584049947 0.07251825984230095
11.265646731571621 0.6510528417783861 0.07742750676656365
11.766342141863703 0.5305563097962156 0.08231012315816115
12.267037552155784 0.41053062489649106 0.08716616195971744
12.767732962447838 0.2909752495172291 0.09199567611385615
13.268428372739919 0.17188964609642454 0.0967987185632018
13.769123783032 0.05327327707209362 0.10157534225037809
14.269819193324054 -0.06487439511774928 0.10632560011800865
14.770514603616135 -0.18255390803510751 0.11104954510871806
15.271210013908217 -0.2997657992419658 0.11574723016512989
15.77190542420027 -0.4165106063003088 0.12041870822986792
16.27260083449235 -0.5327888667721399 0.1250640322455566
16.773296244784433 -0.6486011182194447 0.12968325515481954
17.273991655076486 -0.7639478982042083 0.13427642990028055
17.774687065368568 -0.8788297442884336 0.13884360942456406
18.27538247566065 -0.993247194034105 0.1433848466702937
18.776077885952702 -1.1072007850032093 0.14790019458009324
19.276773296244784 -1.2206910547577476 0.1523897060965871
19.777468706536865 -1.333718540859707 0.15685343416239902
20.27816411682892 -1.4462837808710698 0.16129143172015267
20.778859527121 -1.5583873123538416 0.16570375171247248
21.27955493741308 -1.6700296728700068 0.1700904470819822
21.780250347705135 -1.7812113999815513 0.1744515707713055
22.280945757997216 -1.8919330312504772 0.17878717572306682
22.781641168289298 -2.0021951042387687 0.1830973148798899
23.28233657858135 -2.1119981565084127 0.18738204118439838
23.783031988873432 -2.2213427256214113 0.19164140757921677
24.283727399165514 -2.3302293491397505 0.1958754670069688
24.784422809457567 -2.4386585646254137 0.20008427241027807
25.28511821974965 -2.5466309096404065 0.20426787673176908
25.78581363004173 -2.6541469217467113 0.20842633291406557
26.286509040333783 -2.761207138506315 0.21255969389979115
26.787204450625865 -2.8678120974812207 0.21666801263157034
27.287899860917946 -2.9739623362334116 0.22075134205202682
27.78859527121 -3.0796583923248755 0.2248097351037844
28.28929068150208 -3.1849008033176136 0.2288432447294673
28.789986091794162 -3.289690106773613 0.23285192387169937
29.290681502086215 -3.3940268402548566 0.23683582547310436
29.791376912378297 -3.4979115413233477 0.2407950024763066
30.29207232267038 -3.6013447475410714 0.24472950782392985
30.79276773296246 -3.70432699647002 0.24863939445859803
31.293463143254513 -3.806858825672179 0.25252471532293497
31.794158553546595 -3.9089407727095495 0.2563855233595649
32.294853963838676 -4.010573375144119 0.26022187151111165
32.79554937413073 -4.111757170537871 0.2640338127201989
33.29624478442281 -4.212492696452809 0.2678213999294511
33.79694019471489 -4.3127804904509155 0.271584686081492
34.297635605006946 -4.412621090094181 0.27532372411894535
34.79833101529903 -4.512015032944603 0.2790385669844353
35.29902642559111 -4.610962856564171 0.2827292676205858
35.79972183588316 -4.709465098514869 0.2863958789700207
36.30041724617524 -4.807522296358698 0.2900384539753641
36.801112656467325 -4.905134987657647 0.2936570455792399
37.30180806675938 -5.002303709973697 0.2972517067242718
37.80250347705146 -5.099029000868853 0.30082249035308417
38.30319888734354 -5.195311397905099 0.3043694494083007
38.803894297635594 -5.291151438644423 0.3078926368325453
39.304589707927676 -5.386549660648825 0.3113921055684422
39.80528511821976 -5.481506601480291 0.31486790855861513
40.30598052851181 -5.576022798700807 0.3183200987456879
40.80667593880389 -5.670098789872373 0.3217487290722848
41.30737134909597 -5.763735112556981 0.32515385248102957
41.808066759388026 -5.856932304316608 0.32853552191454616
42.30876216968011 -5.949690902713263 0.33189379031545874
42.80945757997219 -6.042011445308926 0.33522871062639104
43.31015299026424 -6.133894469665588 0.3385403357899668
43.810848400556324 -6.225340513345248 0.3418287187488106
44.311543810848406 -6.316350113909891 0.3450939124455459
44.81223922114046 -6.406923808921505 0.3483359698227967
45.31293463143254 -6.497062135942091 0.3515549438231871
45.81363004172462 -6.586765632533634 0.354750887389341
46.314325452016675 -6.67603483625812 0.3579238534638822
46.81502086230876 -6.764870284677553 0.3610738949894349
47.31571627260084 -6.853272515353915 0.36420106490862303
47.81641168289289 -6.941242065849194 0.3673054161640702
48.31710709318497 -7.02877947372539 0.3703870016984009
48.817802503477054 -7.115885276544491 0.3734458744542386
49.318497913769136 -7.202560011868487 0.3764820873742075
49.81919332406119 -7.288804217259365 0.37949569340093137
50.31988873435327 -7.374618430279124 0.3824867454770343
50.82058414464535 -7.460003188489754 0.3854552965451403
51.321279554937405 -7.5449590294532385 0.3884013995478732
51.82197496522949 -7.629486490731576 0.3913251074278571
52.32267037552157 -7.713586109886757 0.39422647312771575
52.82336578581362 -7.797258424480766 0.39710554959007305
53.3240611961057 -7.880503972075603 0.39996238975755327
53.824756606397784 -7.963323290233255 0.40279704657278015
54.32545201668984 -8.045716916515712 0.40560957297837763
54.82614742698192 -8.127685388484966 0.4084000219169698
55.326842837274 -8.209229243703014 0.41116844633118055
55.82753824756605 -8.290349019731835 0.41391489916363355
56.328233657858135 -8.371045254133428 0.4166394333569532
56.82892906815022 -8.451318484469786 0.4193421018537632
57.32962447844227 -8.531169248302891 0.4220229575966875
57.83031988873435 -8.610598083194745 0.4246820535283503
58.33101529902643 -8.689605526707334 0.4273194425913752
58.831710709318486 -8.768192116402645 0.4299351777283862
59.33240611961057 -8.846358389842678 0.4325293118820075
59.83310152990265 -8.92410488458942 0.435101897994863
60.3337969401947 -9.001432138204857 0.4376529890095763
60.834492350486784 -9.078340688250988 0.44018263786877176
61.335187760778865 -9.154831072289799 0.4426908975150733
61.83588317107092 -9.23090382788328 0.44517782089110447
62.336578581363 -9.306559492593431 0.4476434609394897
62.83727399165508 -9.381798603982237 0.4500878706028527
63.337969401947134 -9.456621699611683 0.45251110282381735
63.838664812239216 -9.531029317043771 0.4549132105450078
64.3393602225313 -9.605021993840486 0.45729424670904795
64.84005563282335 -9.678600267563821 0.4596542642585617
65.34075104311543 -9.751764675775764 0.461993316136173
65.84144645340751 -9.824515756038315 0.4643114552845059
66.34214186369957 -9.89685404591345 0.466608734646184
66.84283727399165 -9.968780082963177 0.46888520716383175
67.34353268428373 -10.040294404749478 0.47114092578007294
67.84422809457581 -10.111397548834342 0.4733759434375313
68.34492350486786 -10.182090052779763 0.47559031307883093
68.84561891515995 -10.252372454147732 0.47778408764659586
69.34631432545203 -10.322245290500245 0.47995732008344993
69.84700973574408 -10.391709099399282 0.482110063332017
70.34770514603616 -10.460764418406846 0.48424237033492135
70.84840055632824 -10.529411785084918 0.4863542940347866
71.3490959666203 -10.597651736995497 0.4884458873742369
71.84979137691238 -10.665484811700573 0.490517203295896
72.35048678720446 -10.732911546762132 0.49256829474238817
72.85118219749651 -10.799932479742168 0.49459921465633694
73.3518776077886 -10.866548148202671 0.4966100159803667
73.85257301808068 -10.932759089705637 0.49860075165710105
74.35326842837273 -10.998565841813049 0.5005714746291641
74.85396383866481 -11.063968942086907 0.5025222378391799
75.35465924895689 -11.128968928089197 0.5044530942297722
75.85535465924895 -11.193566337381908 0.506364096743565
76.35605006954103 -11.257761707527038 0.5082552983231823
76.85674547983308 -11.321555576086567 0.510126751911248
77.35744089012519 -11.384948480622505 0.5119785104503862
77.85813630041724 -11.447940958696819 0.5138106268832208
78.3588317107093 -11.510533547871518 0.5156231541523755
78.8595271210014 -11.572726785708587 0.5174161452004746
79.36022253129346 -11.634521209770018 0.5191896529701417
79.86091794158551 -11.695917357617796 0.520943730404001
80.36161335187762 -11.756915766813929 0.5226784304446765
80.86230876216968 -11.81751697492039 0.5243938060347921
81.36300417246173 -11.877721519499172 0.5260899101169714
81.86369958275384 -11.93752993811228 0.527766795633839
82.36439499304589 -11.99694276832169 0.5294245155280182
82.86509040333794 -12.055960547689402 0.5310631227421333
83.36578581363005 -12.114583813777406 0.5326826702188083
83.86648122392211 -12.17281310414769 0.534283210900667
84.36717663421416 -12.230648956362241 0.5358647977303335
84.86787204450627 -12.288091907983066 0.5374274836504316
85.36856745479832 -12.34514249657214 0.5389713216035853
85.86926286509038 -12.401801259691457 0.5404963645324183
86.36995827538249 -12.45806873490302 0.5420026653795552
86.87065368567454 -12.513945459768799 0.5434902770876193
87.3713490959666 -12.569431971850804 0.5449592525992348
87.8720445062587 -12.624528808711023 0.5464096448570259
88.37273991655076 -12.67923650791144 0.5478415068036162
88.87343532684281 -12.733555607014043 0.5492548913816295
89.37413073713492 -12.787486643580841 0.5506498515336904
89.87482614742697 -12.841030155173804 0.5520264402024222
90.37552155771903 -12.894186679354938 0.5533847103304492
90.87621696801114 -12.946956753686234 0.5547247148603953
91.37691237830319 -12.999340915729668 0.5560465067348844
91.87760778859524 -13.051339703047244 0.5573501388965403
92.37830319888735 -13.102953653200952 0.5586356642879873
92.8789986091794 -13.15418330375278 0.5599031358518491
93.37969401947146 -13.205029192264718 0.5611526065307496
93.88038942976357 -13.255491856298768 0.5623841292673132
94.38108484005562 -13.305571833416906 0.5635977570041633
94.88178025034773 -13.355269661181133 0.5647935426839241
95.38247566063978 -13.404585877153437 0.5659715392492195
95.88317107093184 -13.453521018895803 0.5671317996426735
96.38386648122395 -13.502075623970235 0.5682743768069101
96.884561891516 -13.550250229938712 0.569399323684553
97.38525730180805 -13.598045374363231 0.5705066932182263
97.88595271210016 -13.645461594805788 0.5715965383505542
98.38664812239222 -13.692499428828363 0.5726689120241601
98.88734353268427 -13.739159413992951 0.5737238671816686
99.38803894297638 -13.785442087861554 0.5747614567657032
99.88873435326843 -13.831347987996146 0.575781733718888
100.38942976356049 -13.876877651958722 0.5767847509838467
100.8901251738526 -13.92203161731129 0.5777705615032038
101.39082058414465 -13.966810421615815 0.5787392182195827
101.8915159944367 -14.011214602434308 0.5796907740756077
102.39221140472881 -14.055244697328753 0.5806252820139028
102.89290681502086 -14.098901243861143 0.5815427949770917
103.39360222531292 -14.142184779593457 0.5824433659077983
103.89429763560503 -14.185095842087712 0.5833270477486467
104.39499304589708 -14.227634968905875 0.584193893442261
104.89568845618913 -14.269802697609947 0.5850439559312647
105.39638386648124 -14.31159956576192 0.5858772881582822
105.8970792767733 -14.353026110923778 0.5866939430659374
106.39777468706535 -14.39408287065752 0.5874939735968538
106.89847009735746 -14.434770382525137 0.5882774326936561
107.39916550764951 -14.475089184088617 0.5890443732989676
107.89986091794157 -14.515039812909947 0.5897948483554124
108.40055632823368 -14.55462280655113 0.5905289108056149
108.90125173852573 -14.593838702574146 0.5912466135921984
109.40194714881778 -14.632688038540984 0.5919480096577874
109.90264255910989 -14.671171352013651 0.5926331519450055
110.40333796940195 -14.70928918055412 0.5933020933964768
110.904033379694 -14.747042061724393 0.5939548869548249
111.40472878998611 -14.784430533086457 0.5945915855626743
111.90542420027816 -14.82145513220231 0.5952122421626486
112.40611961057022 -14.858116396633925 0.5958169096973718
112.90681502086233 -14.894414863943318 0.596405641109468
113.40751043115438 -14.930351071692463 0.596978489341561
113.90820584144643 -14.965925557443356 0.5975355073362749
114.40890125173854 -15.00113885875799 0.5980767480362335
114.9095966620306 -15.035991513198347 0.5986022643840607
115.41029207232265 -15.070484058326436 0.5991121093223809
115.91098748261476 -15.10461703170423 0.5996063357938173
116.41168289290681 -15.138390970893727 0.6000849967409946
116.91237830319886 -15.171806413456917 0.6005481451065362
117.41307371349097 -15.2048638969558 0.6009958338330663
117.91376912378303 -15.237563958952354 0.6014281158632088
118.41446453407508 -15.269907137008573 0.6018450441395876
118.91515994436719 -15.301893968686457 0.6022466716048269
119.41585535465924 -15.333524991547986 0.6026330512015503
119.9165507649513 -15.364800743155158 0.6030042358723819
120.4172461752434 -15.395721761069964 0.6033602785599459
120.91794158553546 -15.42628858285439 0.6037012322068658
121.41863699582751 -15.45650174607043 0.6040271497557657
121.91933240611962 -15.486361788280085 0.6043380841492697
122.42002781641168 -15.515869247045323 0.6046340883300019
122.92072322670373 -15.545024659928153 0.6049152152405858
123.42141863699584 -15.573828564490562 0.6051815178236456
123.92211404728789 -15.602281498294545 0.6054330490218052
124.42280945757994 -15.630383998902087 0.6056698617776886
124.92350486787205 -15.658136603875178 0.6058920090339197
125.42420027816411 -15.685539850775811 0.6060995437331225
125.92489568845616 -15.712594277165987 0.6062925188179208
126.42559109874827 -15.739300420607684 0.6064709872309388
126.92628650904032 -15.765658818662892 0.6066350019148004
127.42698191933238 -15.791670008893611 0.6067846158121293
127.92767732962449 -15.817334528861835 0.6069198818655499
128.42837273991654 -15.842652916129541 0.6070408530176856
128.9290681502086 -15.867625708258725 0.6071475822111609
129.4297635605007 -15.892253442811391 0.6072401223885993
129.93045897079276 -15.916536657349518 0.6073185264926251
130.4311543810848 -15.940475889435092 0.6073828474658618
130.93184979137692 -15.964071676630123 0.6074331382509338
131.43254520166897 -15.987324556496581 0.607469451790465
131.93324061196108 -16.010235066596465 0.6074918410270789
132.43393602225314 -16.032803744491773 0.6075003589033999
132.9346314325452 -16.055031127744492 0.6074950583620521
133.4353268428373 -16.076917753916607 0.6074759923456591
133.93602225312935 -16.098464160570114 0.6074432137968447
134.4367176634214 -16.119670885267002 0.6073967756582331
134.93741307371351 -16.140538465569275 0.6073367308724485
135.43810848400557 -16.161067439038902 0.6072631323821145
135.93880389429762 -16.181258343237886 0.6071760331298552
136.43949930458973 -16.201111715728228 0.6070754860582945
136.94019471488178 -16.2206280940719 0.6069615441100563
137.44089012517384 -16.239808015830903 0.6068342602277645
137.94158553546595 -16.258652018567226 0.6066936873540432
138.442280945758 -16.277160639842865 0.6065398784315164
138.94297635605005 -16.295334417219806 0.6063728864028078
139.44367176634216 -16.313173888260035 0.6061927642105414
139.94436717663422 -16.330679590525556 0.6059995647973415
140.44506258692627 -16.347852061578347 0.6057933411058317
140.94575799721838 -16.364691838980413 0.6055741460786361
141.44645340751043 -16.38119946029373 0.6053420326583786
141.94714881780249 -16.39737546308031 0.6050970537876833
142.4478442280946 -16.413220384902115 0.6048392624091739
142.94853963838665 -16.428734763321156 0.6045687114654743
143.4492350486787 -16.44391913589942 0.6042854538992088
143.9499304589708 -16.458774040198904 0.6039895426530011
144.45062586926286 -16.47330001378159 0.6036810306694751
144.95132127955492 -16.48749759420947 0.603359970891255
145.45201668984703 -16.50136731904454 0.6030264162609642
145.95271210013908 -16.514909725848785 0.6026804197212277
146.45340751043113 -16.5281253521842 0.6023220342146685
146.95410292072324 -16.541014735612773 0.6019513126839108
147.4547983310153 -16.55357841369651 0.6015683080715786
147.95549374130735 -16.565816923997378 0.601173073320296
148.45618915159946 -16.577730804077383 0.6007656613726868
148.9568845618915 -16.589320591498513 0.6003461251713753
149.45757997218357 -16.600586823822766 0.5999145176589848
149.95827538247568 -16.611530038612116 0.5994708917781393
150.45897079276773 -16.62215077342857 0.5990153004714633
150.95966620305978 -16.632449565834115 0.5985477966815804
151.4603616133519 -16.642426953390736 0.5980684333511148
151.96105702364395 -16.65208347366043 0.5975772634226901
152.461752433936 -16.661419664205184 0.5970743398389302
152.9624478442281 -16.670436062587 0.5965597155424596
153.46314325452016 -16.679133206367858 0.5960334434759018
153.96383866481222 -16.68751163310975 0.595495576581881
154.46453407510432 -16.695571880374672 0.594946167803021
154.96522948539638 -16.703314485724608 0.5943852700819456
155.46592489568843 -16.71073998672155 0.5938129363612794
155.96662030598054 -16.717848920927498 0.5932292195836455
156.4673157162726 -16.724641825904442 0.5926341726916682
156.96801112656465 -16.731119239214365 0.5920278486279715
157.46870653685676 -16.73728169841926 0.5914103003351794
157.9694019471488 -16.74312974108112 0.5907815807559158
158.47009735744086 -16.748663904761944 0.5901417428328048
158.97079276773297 -16.753884727023706 0.5894908395084699
159.47148817802503 -16.758792745428405 0.5888289237255357
159.97218358831708 -16.763388497538042 0.5881560484266255
160.4728789986092 -16.767672520914594 0.5874722665543632
160.97357440890124 -16.771645353120057 0.5867776310513737
161.4742698191933 -16.77530753171642 0.5860721948602803
161.9749652294854 -16.778659594265687 0.5853560109237064
162.47566063977746 -16.781702078329836 0.5846291321842771
162.9763560500695 -16.784435521470854 0.5838916115846158
163.47705146036162 -16.786860461250747 0.5831435020673461
163.97774687065368 -16.788977435231494 0.5823848565750926
164.47844228094573 -16.79078698097509 0.5816157280504788
164.97913769123784 -16.79228963604352 0.5808361694361288
165.4798331015299 -16.793485937998796 0.5800462336746666
165.98052851182194 -16.794376424402888 0.5792459737087161
166.48122392211405 -16.794961632817788 0.5784354424809011
166.9819193324061 -16.795242100805496 0.5776146929338457
167.48261474269816 -16.795218365928008 0.5767837780101739
167.98331015299027 -16.7948909657473 0.5759427506525099
168.48400556328232 -16.794260437825365 0.5750916638034773
168.98470097357443 -16.793327319724213 0.5742305704056998
169.4853963838665 -16.79209214900581 0.5733595234018019
169.98609179415854 -16.790555463232163 0.5724785757344071
170.48678720445065 -16.788717799965255 0.5715877803461396
170.9874826147427 -16.786579696767088 0.5706871901796235
171.48817802503476 -16.78414169119964 0.5697768581774822
171.98887343532687 -16.78140432082491 0.5688568372823404
172.48956884561892 -16.778368123204892 0.5679271804368213
172.99026425591097 -16.77503363590156 0.5669879405835494
173.49095966620308 -16.77140139647692 0.5660391706651484
173.99165507649514 -16.767471942492968 0.5650809236242424
174.4923504867872 -16.763245811511688 0.5641132524034553
174.9930458970793 -16.758723541095062 0.5631362099454109
175.49374130737135 -16.75390566880509 0.5621498491927335
175.9944367176634 -16.748792732203768 0.5611542230880466
176.49513212795551 -16.743385268853082 0.5601493845739745
176.99582753824757 -16.73768381631502 0.5591353865931408
177.49652294853962 -16.731688912151576 0.5581122820881699
177.99721835883173 -16.725401093924745 0.5570801240016854
178.49791376912378 -16.718820899196512 0.5560389652763114
178.99860917941584 -16.711948865528868 0.5549888588546716
179.49930458970795 -16.70478553048381 0.5539298576793907
180.0 -16.697331431623326 0.5528620146930916
