Polar data for 2 at Re = 260000.00000000003
Alpha (deg) Cl Cd
-180.0 -4.1061478991094695 0.8889524575111752
-179.49930458970792 -4.130029983105276 0.8869136700863004
-178.99860917941587 -4.153834242186289 0.8848604211337524
-178.49791376912378 -4.177559591740799 0.8827928126899173
-177.9972183588317 -4.201204947157096 0.8807109467911828
-177.49652294853965 -4.224769223823467 0.878614925473934
-176.99582753824757 -4.248251337128202 0.8765048507745584
-176.4951321279555 -4.271650202459591 0.8743808247294437
-175.99443671766343 -4.294964735205911 0.8722429493749763
-175.49374130737135 -4.318193850755468 0.8700913267475413
-174.99304589707927 -4.341336464496535 0.8679260588835284
-174.49235048678722 -4.364391491817412 0.8657472478193217
-173.99165507649514 -4.387357848106377 0.8635549955913094
-173.49095966620305 -4.410234448751727 0.8613494042358768
-172.990264255911 -4.4330202091417545 0.8591305757894124
-172.48956884561892 -4.455714044664732 0.8568986122883028
-171.98887343532684 -4.478314870708957 0.8546536157689338
-171.48817802503476 -4.500821602662722 0.8523956882676921
-170.9874826147427 -4.523233155914306 0.8501249318209657
-170.48678720445062 -4.545548445852008 0.8478414484651399
-169.98609179415854 -4.567766387864108 0.8455453402366032
-169.4853963838665 -4.589885897338901 0.84323670917174
-168.9847009735744 -4.611905889664667 0.8409156573069388
-168.48400556328232 -4.633825280229702 0.8385822866785867
-167.98331015299027 -4.6556429844222915 0.8362366993230695
-167.4826147426982 -4.677357917630726 0.8338789972767734
-166.9819193324061 -4.6989689952432885 0.8315092825760869
-166.48122392211405 -4.720475132648277 0.8291276572573952
-165.98052851182197 -4.741875245233965 0.8267342233570861
-165.4798331015299 -4.763168248388658 0.8243290829115456
-164.97913769123784 -4.784353057500635 0.821912337957161
-164.47844228094576 -4.805428587958187 0.8194840905303188
-163.97774687065368 -4.826393755149602 0.817044442667405
-163.47705146036162 -4.847247474463166 0.8145934964048077
-162.97635605006954 -4.86798866128717 0.8121313537789135
-162.47566063977746 -4.888616231009901 0.8096581168261093
-161.9749652294854 -4.909129099019647 0.8071738875827806
-161.47426981919332 -4.929526180704703 0.8046787680853135
-160.97357440890124 -4.949806391453348 0.8021728603700983
-160.4728789986092 -4.969968646653878 0.7996562664735188
-159.9721835883171 -4.990011861694575 0.7971290884319621
-159.47148817802503 -5.009934951963734 0.7945914282818171
-158.97079276773297 -5.02973683284963 0.7920433880594672
-158.4700973574409 -5.049416419740572 0.789485069801302
-157.9694019471488 -5.068972628024834 0.7869165755437065
-157.46870653685676 -5.088404373090712 0.7843380073230682
-156.96801112656468 -5.107710570326487 0.7817494671757731
-156.4673157162726 -5.126890135120453 0.7791510571382093
-155.96662030598054 -5.145941982860895 0.7765428792467638
-155.46592489568846 -5.164865028936104 0.7739250355378212
-154.96522948539638 -5.18365818873437 0.7712976280477694
-154.46453407510432 -5.202320377643975 0.768660758812996
-153.96383866481224 -5.220850511053214 0.7660145298698867
-153.46314325452016 -5.239247504350371 0.7633590432548288
-152.9624478442281 -5.257510272923737 0.7606944010042093
-152.46175243393603 -5.275637732161603 0.7580207051544136
-151.96105702364395 -5.2936287974522545 0.755338057741829
-151.4603616133519 -5.311482384183977 0.7526465608028435
-150.9596662030598 -5.329197407745061 0.7499463163738439
-150.45897079276773 -5.346772783523794 0.7472374264912144
-149.95827538247568 -5.364207426908469 0.7445199931913437
-149.4575799721836 -5.381500253287375 0.7417941185106177
-148.9568845618915 -5.3986501780487925 0.7390599044854252
-148.45618915159943 -5.415656116581012 0.7363174531521518
-147.95549374130738 -5.432516984272328 0.7335668665471821
-147.4547983310153 -5.449231696511028 0.730808246706906
-146.95410292072324 -5.465799168685394 0.7280416956677088
-146.45340751043116 -5.482218316183718 0.7252673154659764
-145.95271210013908 -5.498488054394295 0.722485208138098
-145.452016689847 -5.514607298705402 0.7196954757204582
-144.95132127955495 -5.530574964505332 0.7168982202494453
-144.45062586926286 -5.546389967182375 0.7140935437614438
-143.94993045897078 -5.562051222124821 0.7112815482928431
-143.44923504867873 -5.577557644720957 0.7084623358800289
-142.94853963838665 -5.592908150359061 0.7056360085593884
-142.44784422809457 -5.608101654427439 0.7028026683673055
-141.9471488178025 -5.62313707231437 0.6999624173401714
-141.44645340751043 -5.638013319408146 0.6971153575143706
-140.94575799721835 -5.65272931109705 0.6942615909262883
-140.44506258692627 -5.667283962769376 0.6914012196123144
-139.94436717663422 -5.681676189813408 0.6885343456088341
-139.44367176634213 -5.695904907617435 0.6856610709522347
-138.94297635605005 -5.709969031569748 0.6827814976789027
-138.442280945758 -5.723867477058637 0.6798957278252241
-137.94158553546592 -5.737599159472384 0.6770038634275862
-137.44089012517384 -5.751162994199285 0.674106006522376
-136.94019471488178 -5.764557896627619 0.6712022591459802
-136.4394993045897 -5.777782782145686 0.6682927233347858
-135.93880389429762 -5.790836566141771 0.665377501125178
-135.43810848400557 -5.803718164004155 0.6624566945535458
-134.9374130737135 -5.816426491121134 0.6595304056562744
-134.4367176634214 -5.828960462880997 0.6565987364697515
-133.93602225312935 -5.841318994672023 0.6536617890303641
-133.43532684283727 -5.853501001882514 0.6507196653744972
-132.9346314325452 -5.865505399900743 0.6477724675385387
-132.43393602225314 -5.877331104115011 0.6448202975588754
-131.93324061196105 -5.888977029913613 0.6418632574718955
-131.43254520166897 -5.900442092684814 0.6389014493139821
-130.93184979137692 -5.911725207816917 0.6359349751215263
-130.43115438108484 -5.922825290698209 0.6329639369309107
-129.93045897079276 -5.933741256716973 0.6299884367785261
-129.4297635605007 -5.944472021261512 0.6270085767007546
-128.92906815020862 -5.955016499720103 0.624024458733987
-128.42837273991654 -5.965373607481038 0.621036184914609
-127.92767732962449 -5.975542259932602 0.6180438572790078
-127.4269819193324 -5.9855213724630785 0.6150475778635672
-126.92628650904032 -5.995309860460774 0.6120474487046773
-126.42559109874827 -6.004906639313952 0.6090435718387236
-125.92489568845619 -6.014310624410929 0.6060360493020939
-125.42420027816411 -6.023520731139972 0.6030249831311724
-124.92350486787205 -6.032535874889379 0.6000104753623478
-124.42280945757997 -6.041354971047439 0.5969926280320069
-123.92211404728789 -6.049976935002429 0.5939715431765372
-123.42141863699584 -6.058400682142655 0.5909473228323224
-122.92072322670376 -6.066625127856388 0.5879200690357517
-122.42002781641168 -6.074649187531937 0.5848898838232114
-121.91933240611961 -6.082471776557564 0.5818568692310889
-121.41863699582754 -6.090091810321584 0.5788211272957707
-120.91794158553546 -6.097508204212269 0.5757827600536419
-120.41724617524339 -6.104719873617914 0.5727418695410912
-119.91655076495132 -6.111725733926799 0.5696985577945045
-119.41585535465924 -6.11852470052722 0.5666529268502688
-118.91515994436718 -6.125115688807461 0.5636050787447696
-118.41446453407511 -6.1314976141558235 0.560555115514397
-117.91376912378303 -6.137669391960579 0.5575031391955346
-117.41307371349096 -6.143629937610025 0.5544492518245708
-116.91237830319889 -6.149378166492446 0.5513935554378903
-116.41168289290681 -6.15491299399613 0.5483361520718829
-115.91098748261474 -6.160233335509372 0.5452771437629335
-115.41029207232268 -6.165338106420454 0.5422166325474284
-114.9095966620306 -6.1702262221176705 0.5391547204617549
-114.40890125173853 -6.174896597989309 0.5360915095423006
-113.90820584144646 -6.179348149423649 0.5330271018254525
-113.40751043115438 -6.183579791808987 0.5299615993475947
-112.90681502086231 -6.187590440533605 0.5268951041451161
-112.40611961057024 -6.191379010985799 0.5238277182544032
-111.90542420027816 -6.194944418553857 0.5207595437118434
-111.4047287899861 -6.198285578626055 0.5176906825538222
-110.90403337969401 -6.201401406590704 0.514621236816727
-110.40333796940195 -6.204290817836074 0.5115513085369451
-109.90264255910988 -6.206952727750459 0.508480999750862
-109.4019471488178 -6.209386051722146 0.5054104124948652
-108.90125173852573 -6.211589705139432 0.502339648805341
-108.40055632823366 -6.213562603390588 0.49926881071867596
-107.89986091794158 -6.215303661863927 0.4961980002712582
-107.39916550764951 -6.216811795947714 0.49312731949947336
-106.89847009735745 -6.218085921030249 0.49005687043970786
-106.39777468706536 -6.219124952499816 0.48698675512834905
-105.8970792767733 -6.219927805744706 0.48391707560178604
-105.39638386648123 -6.220493396153208 0.4808479338964026
-104.89568845618915 -6.220820639113614 0.47777943204858436
-104.39499304589708 -6.220908450014204 0.47471167209472126
-103.89429763560501 -6.220755744243266 0.471644756071198
-103.39360222531293 -6.220361437189095 0.4685787860144019
-102.89290681502086 -6.219724444239989 0.4655138639607203
-102.3922114047288 -6.218843680784212 0.4624500919465406
-101.89151599443672 -6.2177180622100705 0.4593875720082465
-101.39082058414465 -6.216346503905847 0.4563264061822289
-100.89012517385257 -6.214727921259834 0.4532666965048708
-100.3894297635605 -6.21286122966031 0.4502085450125603
-99.88873435326843 -6.210745344495577 0.4471520537416857
-99.38803894297635 -6.208379181153911 0.44409732472863167
-98.88734353268428 -6.205761655023616 0.44104446000978553
-98.38664812239222 -6.202891681492955 0.43799356162153463
-97.88595271210013 -6.199768175950241 0.4349447316002654
-97.38525730180807 -6.196390053783754 0.43189807198236524
-96.884561891516 -6.192756230381771 0.42885368480422054
-96.38386648122392 -6.188865621132613 0.42581167210221776
-95.88317107093185 -6.184717141424525 0.4227721359127416
-95.38247566063978 -6.180309706645828 0.41973517827218293
-94.8817802503477 -6.1756422321848 0.41670090121692555
-94.38108484005564 -6.17071363342973 0.4136694067833577
-93.88038942976357 -6.165522825768897 0.41064079700786577
-93.37969401947149 -6.160068724590615 0.4076151739268354
-92.87899860917942 -6.154350245283138 0.40459263957665476
-92.37830319888734 -6.148366303234783 0.40157329599370944
-91.87760778859527 -6.142115813833819 0.39855724521438946
-91.3769123783032 -6.135597692468546 0.3955445892750777
-90.87621696801112 -6.128810854527253 0.3925354302121615
-90.37552155771905 -6.1217542153982185 0.38952987006202905
-89.87482614742699 -6.114426690469743 0.386528010861066
-89.3741307371349 -6.106827195130111 0.3835299546456596
-88.87343532684284 -6.098954644767601 0.38053580345219723
-88.37273991655077 -6.090807954770514 0.3775456593170636
-87.87204450625869 -6.082386040527134 0.37455962427664863
-87.37134909596662 -6.073687817425754 0.3715778003673353
-86.87065368567455 -6.064712200854648 0.36860028962551533
-86.36995827538247 -6.055458106202127 0.3656271940875699
-85.8692628650904 -6.045924448856453 0.36265861578988895
-85.36856745479834 -6.036110144205932 0.359694656768859
-84.86787204450626 -6.026014107638855 0.3567354190608664
-84.36717663421419 -6.015635254543498 0.35378100470229773
-83.86648122392211 -6.004972500308155 0.35083151572954113
-83.36578581363004 -5.994024760321117 0.3478870541789822
-82.86509040333797 -5.982790949970677 0.34494772208700825
-82.36439499304589 -5.971269984645102 0.34201362149000575
-81.86369958275382 -5.959460779732708 0.3390848544243576
-81.36300417246176 -5.947362250621766 0.33616152292645735
-80.86230876216968 -5.934973312700577 0.3332437290326879
-80.36161335187761 -5.922292881357415 0.3303315747794375
-79.86091794158554 -5.909319871980567 0.32742516220309253
-79.36022253129346 -5.8960531999583425 0.32452459334003686
-78.85952712100139 -5.88249178067901 0.32162997022666223
-78.35883171070932 -5.868634529530877 0.31874139489935155
-77.85813630041724 -5.854480361902211 0.31585896939449304
-77.35744089012518 -5.840028193181305 0.31298279574847493
-76.85674547983311 -5.825276938756459 0.3101129759976801
-76.35605006954103 -5.810225514015948 0.3072496121785004
-75.85535465924896 -5.794872834348079 0.30439280632731774
-75.35465924895689 -5.779217815141119 0.3015426604805222
-74.85396383866481 -5.763259371783366 0.2986992766744984
-74.35326842837274 -5.746996419663103 0.2958627569456364
-73.85257301808066 -5.7304278741686305 0.2930332033303155
-73.3518776077886 -5.713552650688219 0.29021071786493463
-72.85118219749653 -5.696369664610194 0.28739540258586777
-72.35048678720445 -5.678877831322793 0.2845873595295085
-71.84979137691238 -5.66107606621435 0.281786690732245
-71.34909596662031 -5.642963284673116 0.2789934982304593
-70.84840055632823 -5.624538402087389 0.2762078840605406
-70.34770514603616 -5.605800333845475 0.2734299502588761
-69.8470097357441 -5.586747995335666 0.2706597988618497
-69.34631432545201 -5.567380301946225 0.26789753190585314
-68.84561891515995 -5.547696169065451 0.2651432514272711
-68.34492350486788 -5.527694512081637 0.2623970594624891
-67.8442280945758 -5.507374246383063 0.25965905804789186
-67.34353268428373 -5.486734287358025 0.25692934921987204
-66.84283727399166 -5.465773550394808 0.2542080350148081
-66.34214186369958 -5.4444909508817 0.25149521746909714
-65.84144645340751 -5.422885404206988 0.24879099861911763
-65.34075104311543 -5.40095582575898 0.24609548050126046
-64.84005563282336 -5.378701130925934 0.2434087651519094
-64.3393602225313 -5.356120235096152 0.24073095460745536
-63.838664812239216 -5.333212053657928 0.23806215090428123
-63.33796940194715 -5.309975501999534 0.23540245607877702
-62.83727399165508 -5.28640949550928 0.23275197216732563
-62.336578581363 -5.262512949575451 0.23011080120631616
-61.83588317107093 -5.238284779586322 0.22747904523213508
-61.335187760778865 -5.213723900930176 0.22485680628117327
-60.834492350486784 -5.188829228995332 0.2222441863898083
-60.333796940194716 -5.163599679170042 0.21964128759443552
-59.83310152990265 -5.138034166842616 0.21704821193143692
-59.33240611961057 -5.1121316074013405 0.21446506143719896
-58.8317107093185 -5.085890916234514 0.21189193814811075
-58.33101529902643 -5.0593110087304085 0.20932894410055874
-57.83031988873435 -5.032390800277303 0.2067761813309303
-57.329624478442284 -5.005129206263509 0.20423375187561182
-56.82892906815022 -4.977525142077318 0.20170175777098714
-56.328233657858135 -4.9495775231069805 0.19918030105344714
-55.82753824756607 -4.92128526474083 0.1966694837593756
-55.326842837273986 -4.89264728236713 0.19416940792516074
-54.82614742698192 -4.863662491374167 0.19168017558718992
-54.32545201668985 -4.834329807150255 0.1892018887818478
-53.82475660639777 -4.8046481450836565 0.1867346495455217
-53.3240611961057 -4.77461642056267 0.1842785599145999
-52.823365785813635 -4.744233548975575 0.18183372192546793
-52.322670375521554 -4.713498445710674 0.179400237614514
-51.82197496522949 -4.68241002615624 0.17697820901812372
-51.321279554937405 -4.650967205700572 0.17456773817268262
-50.82058414464535 -4.619168899731966 0.1721689271145807
-50.31988873435327 -4.5870140236387025 0.1697818778802
-49.81919332406119 -4.554501492809046 0.16740669250593315
-49.318497913769136 -4.521630222631317 0.16504347302816308
-48.817802503477054 -4.488399128493806 0.16269232148327445
-48.31710709318497 -4.454807125784778 0.16035333990765815
-47.81641168289292 -4.420853129892538 0.15802663033770153
-47.31571627260084 -4.386536056205377 0.15571229480978838
-46.81502086230876 -4.351854820111559 0.15341043536030602
-46.3143254520167 -4.3168083369994 0.1511211540256418
-45.81363004172462 -4.28139552225717 0.14884455284218306
-45.31293463143254 -4.245615291273167 0.14658073384631715
-44.81223922114049 -4.2094665594356835 0.14432979907442606
-44.311543810848406 -4.172948242133004 0.14209185056290247
-43.810848400556324 -4.136059254753413 0.13986699034813016
-43.31015299026427 -4.098798512685195 0.13765532046649737
-42.80945757997219 -4.0611649313166565 0.13545694295438787
-42.30876216968011 -4.02315742603606 0.13327195984819346
-41.808066759388026 -3.9847749122317166 0.13110047318429524
-41.30737134909597 -3.946016305291912 0.12894258499908323
-40.80667593880389 -3.906880520604912 0.12679839732894477
-40.30598052851181 -3.867366473559028 0.12466801221026362
-39.80528511821976 -3.8274730795425436 0.12255153167943249
-39.304589707927676 -3.7871992539437462 0.12044905777283159
-38.803894297635594 -3.7465439121509325 0.11836069252684826
-38.30319888734354 -3.7055059695523793 0.11628653797787429
-37.80250347705146 -3.66408434153636 0.11422669616229168
-37.30180806675938 -3.6222779434911923 0.11218126911649044
-36.801112656467325 -3.5800856908051673 0.11015035887685436
-36.30041724617524 -3.537506498866539 0.10813406747977165
-35.79972183588316 -3.4945392830636335 0.10613249696162701
-35.29902642559111 -3.4511829587847194 0.1041457493588122
-34.79833101529903 -3.407436441418077 0.10217392670771012
-34.297635605006946 -3.3632986463520114 0.10021713104470902
-33.79694019471489 -3.318768488974805 0.09827546440619354
-33.29624478442281 -3.2738448846747454 0.09634902882855283
-32.79554937413073 -3.2285267488401237 0.09443792634817154
-32.294853963838676 -3.1828129968592433 0.0925422590014388
-31.794158553546595 -3.1367025441203493 0.09066212882474016
-31.293463143254513 -3.090194306011761 0.08879763785446386
-30.79276773296246 -3.0432871979217895 0.0869488881269919
-30.29207232267038 -2.995980135238665 0.08511598167871785
-29.791376912378297 -2.9482720333507233 0.08329902054602283
-29.290681502086244 -2.900161807646236 0.08149810676529505
-28.789986091794162 -2.8516483735134974 0.07971334237292275
-28.28929068150208 -2.802730646340783 0.07794482940529239
-27.788595271210028 -2.753407541516391 0.07619266989879307
-27.287899860917946 -2.703677974428616 0.07445696588980326
-26.787204450625865 -2.653540860465726 0.0727378194147165
-26.28650904033381 -2.602995115016033 0.07103533250992193
-25.78581363004173 -2.552039653467804 0.06934960721179977
-25.28511821974965 -2.5006733912093493 0.06768074555674002
-24.784422809457595 -2.4488952436289386 0.0660288495811318
-24.283727399165514 -2.396704126114881 0.06439402132135356
-23.783031988873432 -2.34409895405543 0.06277636281380243
-23.28233657858135 -2.2910786428389107 0.06117597609485863
-22.781641168289298 -2.2376421078536035 0.059592963200909496
-22.280945757997216 -2.1837882644877658 0.05802742616834504
-21.780250347705135 -2.1295160281297507 0.056479467033548156
-21.27955493741308 -2.074824314167773 0.05494918783290796
-20.778859527121 -2.0197120379901685 0.05343669060281091
-20.27816411682892 -1.9641781149852047 0.05194207737964522
-19.777468706536865 -1.908221460541182 0.05046545019979291
-19.276773296244784 -1.851840990046379 0.04900691109964665
-18.776077885952702 -1.7950356188890992 0.04756656211558667
-18.27538247566065 -1.7378042624576213 0.04614450528400653
-17.774687065368568 -1.6801458361402168 0.044740842641288234
-17.273991655076486 -1.6220592553251894 0.04335567622382179
-16.773296244784433 -1.5635434354008602 0.041989108067990985
-16.27260083449235 -1.5045972917554529 0.040641240210184046
-15.77190542420027 -1.4452197397773083 0.03931217468678831
-15.271210013908217 -1.385409694854675 0.03800201353418935
-14.770514603616135 -1.3251660723758814 0.03671085878877449
-14.269819193324054 -1.2644877877291971 0.03543881248693108
-13.769123783032 -1.2033737563029134 0.03418597666504379
-13.268428372739919 -1.1418228934853019 0.03295245335950085
-12.767732962447838 -1.0798341146646695 0.03173834460669138
-12.267037552155784 -1.0174063352293092 0.030543752442997382
-11.766342141863703 -0.954538470567498 0.029368778904807977
-11.265646731571621 -0.8912294360675197 0.028213526028510502
-10.764951321279568 -0.8274781471176744 0.027078095850492298
-10.264255910987487 -0.763283519106239 0.02596259040713715
-9.763560500695405 -0.6986444674215118 0.024867111734835065
-9.262865090403352 -0.6335599074517944 0.02379176186996894
-8.76216968011127 -0.56802875458533 0.022736642848930552
-8.261474269819189 -0.5020499242104648 0.02170185670810458
-7.760778859527136 -0.43562233171545617 0.020687505483873922
-7.260083449235054 -0.36874489248856857 0.019693691212630357
-6.759388038942973 -0.30141652191814106 0.01872051593075945
-6.25869262865092 -0.233636135392431 0.01776808167464765
-5.757997218358838 -0.16540264829972418 0.016836490480681407
-5.257301808066757 -0.09671497602833834 0.015925844385248952
-4.756606397774675 -0.02757203396653085 0.01503624542473496
-4.255910987482622 0.04202726249739652 0.014167795635525879
-3.7552155771905404 0.11208399797516688 0.013320597054009939
-3.254520166898459 0.1825992570784749 0.01249475171657359
-2.753824756606406 0.2535741244190348 0.011690361659602397
-2.2531293463143243 0.3250096846085697 0.01090752891948725
-1.7524339360222427 0.3968504867872059 0.010143699582753808
-1.2517385257301896 0.45867093184979046 0.009020180806675965
-0.7510431154381081 0.5143752433936023 0.008185354659248956
-0.25034770514602656 0.5726606397774698 0.008050069541029206
0.25034770514602656 0.6283880389429752 0.008020027816411682
0.7510431154381081 0.6830134909596661 0.008120333796940195
1.2517385257301896 0.7371367176634224 0.008330904033379698
1.7524339360222427 0.7907599443671756 0.008631655076495125
2.2531293463143243 0.843829207232267 0.008997440890125174
2.753824756606406 0.8953855354659257 0.009448901251738534
3.254520166898459 0.9450920723226692 0.010071599443671751
3.7552155771905404 0.9907933240611959 0.01106293463143254
4.255910987482622 1.030844506258693 0.012790890125173884
4.756606397774675 1.0688047287899851 0.01506091794158548
5.257301808066757 1.10690347705146 0.017486509040333782
5.757997218358838 1.142843810848401 0.020144784422809495
6.258692628650891 1.178753685674547 0.022793463143254457
6.759388038942973 1.2168210013908203 0.02579496522948537
7.260083449235054 1.2570429763560504 0.029977607788595328
7.760778859527107 1.2948851182197487 0.03535111265646716
8.261474269819189 1.3182075104311541 0.042819930458970715
8.76216968011127 1.3315857657497454 0.051755565413570084
9.262865090403324 1.3447032916129378 0.06064736064577918
9.763560500695405 1.3575277051855716 0.0694897979060428
10.264255910987487 1.3700600910793583 0.07828297923074727
10.76495132127954 1.3823015339060083 0.08702700665627881
11.265646731571621 1.3942531182772349 0.09572198221902518
11.766342141863703 1.4059159288047485 0.10436800795537267
12.267037552155784 1.417291050100261 0.112965185901708
12.767732962447838 1.428379566775483 0.12151361809441745
13.268428372739919 1.4391825634421278 0.1300134065698888
13.769123783032 1.4497011247119058 0.13846465336450825
14.269819193324054 1.4599363351965284 0.1468674605146622
14.770514603616135 1.469889279507708 0.15522193005673818
15.271210013908217 1.479561042257156 0.16352816402712272
15.77190542420027 1.4889527080565828 0.17178626446220185
16.27260083449235 1.4980653615177013 0.17999633339836352
16.773296244784433 1.5069000872522225 0.18815847287199378
17.273991655076486 1.5154579698718575 0.19627278491947914
17.774687065368568 1.523740093988319 0.2043393715772071
18.27538247566065 1.5317475442133177 0.2123583348815642
18.776077885952702 1.5394814051585652 0.22032977686893646
19.276773296244784 1.5469427614357734 0.2282537995757118
19.777468706536865 1.5541326976566536 0.23613050503827632
20.27816411682892 1.561052298432917 0.24395999529301649
20.778859527121 1.567702648376276 0.25174237237631986
21.27955493741308 1.5740848320984417 0.2594777383245729
21.780250347705135 1.5801999342111253 0.2671661951741617
22.280945757997216 1.586049039326039 0.2748078449614741
22.781641168289298 1.5916332320548938 0.28240278972289623
23.28233657858135 1.5969535970094013 0.28995113149481466
23.783031988873432 1.6020112188012736 0.29745297231361684
24.283727399165514 1.6068071820422218 0.30490841421568915
24.784422809457567 1.6113425713439573 0.3123175592374179
25.28511821974965 1.6156184713181923 0.31968050941519077
25.78581363004173 1.6196359665766376 0.32699736678539404
26.286509040333783 1.6233961417310052 0.334268233384414
26.787204450625865 1.6269000813930066 0.34149321124863835
27.287899860917946 1.6301488701743532 0.3486724024144534
27.78859527121 1.6331435926867566 0.3558059089182456
28.28929068150208 1.6358853335419286 0.36289383279640225
28.789986091794162 1.6383751773515802 0.36993627608530993
29.290681502086215 1.6406142087274234 0.376933340821355
29.791376912378297 1.6426035122811697 0.38388512904092503
30.29207232267038 1.6443441726245305 0.3907917427804061
30.79276773296246 1.6458372743692176 0.39765328407618533
31.293463143254513 1.6470839021269421 0.404469854964649
31.794158553546595 1.6480851405094161 0.41124155748218455
32.294853963838676 1.6488420741283507 0.41796849366517846
32.79554937413073 1.6493557875954576 0.42465076555001696
33.29624478442281 1.6496273655224485 0.4312884751730877
33.79694019471489 1.6496578925210343 0.43788172457077695
34.297635605006946 1.6494484532029279 0.44443061577947135
34.79833101529903 1.6490001321798395 0.45093525083555813
35.29902642559111 1.6483140140634813 0.45739573177542375
35.79972183588316 1.6473911834655648 0.4638121606354548
36.30041724617524 1.6462327249978015 0.47018463945203853
36.801112656467325 1.6448397232719028 0.4765132702615614
37.30180806675938 1.6432132628995804 0.48279815510040974
37.80250347705146 1.6413544284925459 0.4890393960049712
38.30319888734354 1.6392643046625106 0.4952370950116322
38.803894297635594 1.6369439760211864 0.5013913541567788
39.304589707927676 1.6343945271802847 0.5075022754767988
39.80528511821976 1.6316170427515169 0.5135699610080786
40.30598052851181 1.6286126073465943 0.5195945127870046
40.80667593880389 1.6253823055772294 0.5255760328499641
41.30737134909597 1.6219272220551328 0.5315146232333435
41.808066759388026 1.618248441392017 0.5374103859735295
42.30876216968011 1.614347048199592 0.5432634231069094
42.80945757997219 1.610224127089571 0.5490738366698694
43.31015299026424 1.605880762673665 0.5548417286987962
43.810848400556324 1.6013180395635849 0.5605672012300772
44.311543810848406 1.596537042371043 0.5662503563000988
44.81223922114046 1.5915388557077508 0.5718912959452473
45.31293463143254 1.5863245641854196 0.5774901222019103
45.81363004172462 1.5808952524157607 0.583046937106474
46.314325452016675 1.5752520050104861 0.5885618426953253
46.81502086230876 1.569395906581307 0.594034941004851
47.31571627260084 1.5633280417399356 0.599466334071438
47.81641168289289 1.557049495098083 0.6048561239314726
48.31710709318497 1.5505613512674603 0.6102044126213422
48.817802503477054 1.5438646948597798 0.6155113021774331
49.318497913769136 1.536960610486753 0.6207768946361322
49.81919332406119 1.5298501827600912 0.6260012920338259
50.31988873435327 1.5225344962915053 0.6311845964069017
50.82058414464535 1.5150146356927081 0.636326909791746
51.321279554937405 1.5072916855754106 0.6414283342247453
51.82197496522949 1.4993667305513239 0.6464889717422866
52.32267037552157 1.4912408552321599 0.6515089243807569
52.82336578581362 1.4829151442296309 0.6564882941765423
53.3240611961057 1.4743906821554469 0.6614271831660302
53.824756606397784 1.4656685536213208 0.6663256933856074
54.32545201668984 1.4567498432389636 0.67118392687166
54.82614742698192 1.447635635620087 0.6760019856605753
55.326842837274 1.438327015376402 0.6807799717887401
55.82753824756605 1.4288250671196214 0.6855179872925407
56.328233657858135 1.419130875461455 0.6902161342083643
56.82892906815022 1.409245525013616 0.6948745145725975
57.32962447844227 1.3991701003878154 0.6994932304216269
57.83031988873435 1.3889056861957643 0.7040723837918397
58.33101529902643 1.378453367049174 0.7086120767196221
58.831710709318486 1.3678142275597573 0.7131124112413612
59.33240611961057 1.356989352339225 0.7175734893934439
59.83310152990265 1.3459798259992886 0.7219954132122568
60.3337969401947 1.33478673315166 0.7263782847341863
60.834492350486784 1.3234111584080497 0.7307222059956197
61.335187760778865 1.31185418638017 0.7350272790329436
61.83588317107092 1.3001169016797338 0.7392936058825446
62.336578581363 1.2882003889184503 0.7435212885808097
62.83727399165508 1.276105732708032 0.7477104291641253
63.337969401947134 1.2638340176601919 0.7518611296688785
63.838664812239216 1.2513863283866387 0.7559734921314561
64.3393602225313 1.2387637494990857 0.7600476185882449
64.84005563282335 1.2259673656092456 0.7640836110756309
65.34075104311543 1.212998261328827 0.7680815716300018
65.84144645340751 1.199857521269543 0.7720416022877441
66.34214186369957 1.186546230043106 0.7759638050852441
66.84283727399165 1.1730654722612261 0.7798482820588893
67.34353268428373 1.159416332535615 0.783695135245066
67.84422809457581 1.1455998954779856 0.787504466680161
68.34492350486786 1.1316172457000488 0.7912763784005611
68.84561891515995 1.1174694678135146 0.7950109724426531
69.34631432545203 1.1031576464300958 0.7987083508428235
69.84700973574408 1.0886828661615062 0.8023686156374598
70.34770514603616 1.0740462116194534 0.8059918688629477
70.84840055632824 1.05924876741565 0.809578212555675
71.3490959666203 1.0442916181618107 0.8131277487520275
71.84979137691238 1.0291758484696418 0.8166405794883927
72.35048678720446 1.0139025429508595 0.8201168068011572
72.85118219749651 0.9984727862171734 0.8235565327267074
73.3518776077886 0.9828876628802947 0.8269598593014306
73.85257301808068 0.9671482575519346 0.8303268885617132
74.35326842837273 0.9512556548438067 0.8336577225439418
74.85396383866481 0.9352109393676205 0.8369524632845036
75.35465924895689 0.9190151957350878 0.8402112128197853
75.85535465924895 0.9026695085579222 0.843434073186173
76.35605006954103 0.8861749624478332 0.8466211464200547
76.85674547983308 0.8695326420165335 0.8497725345578159
77.35744089012519 0.8527436318757318 0.8528883396358443
77.85813630041724 0.8358090166371441 0.855968663690526
78.3588317107093 0.818729880912479 0.859013608758248
78.8595271210014 0.8015073093134475 0.8620232768753974
79.36022253129346 0.7841423864517647 0.8649977700783603
79.86091794158551 0.7666361969391395 0.8679371904035239
80.36161335187762 0.7489898253872822 0.8708416398872753
80.86230876216968 0.7312043564079074 0.8737112205660005
81.36300417246173 0.7132808746127248 0.8765460344760864
81.86369958275384 0.6952204646134457 0.8793461836539203
82.36439499304589 0.6770242110217832 0.8821117701358884
82.86509040333794 0.6586931984494495 0.8848428959583775
83.36578581363005 0.6402285115081503 0.8875396631577751
83.86648122392211 0.6216312348096056 0.890202173770467
84.36717663421416 0.602902452965522 0.8928305298328406
84.86787204450627 0.5840432505876099 0.8954248333812823
85.36856745479832 0.5650547122875851 0.897985186452179
85.86926286509038 0.5459379226771557 0.9005116910819172
86.36995827538249 0.5266939663680332 0.9030044493068844
86.87065368567454 0.5073239279719324 0.9054635631634665
87.3713490959666 0.48782889210056246 0.9078891346880505
87.8720445062587 0.4682099433656346 0.9102812659170237
88.37273991655076 0.4484681663788621 0.9126400588867726
88.87343532684281 0.4286046457519561 0.9149656156336835
89.37413073713492 0.40862046609662506 0.9172580381941436
89.87482614742697 0.3885167120245845 0.9195174286045392
90.37552155771903 0.3682944681475451 0.9217438889012576
90.87621696801114 0.34795481907721526 0.9239375211206856
91.37691237830319 0.32749884942531193 0.9260984272992093
91.87760778859524 0.30692764380354265 0.9282267094732161
92.37830319888735 0.28624228682361763 0.9303224696790927
92.8789986091794 0.26544386309725554 0.9323858099532257
93.37969401947146 0.24453345723616038 0.9344168323320013
93.88038942976357 0.22351215385204548 0.9364156388518076
94.38108484005562 0.20238103755662684 0.9383823315490302
94.88178025034773 0.18114119296160847 0.9403170124600563
95.38247566063978 0.1597937046787108 0.9422197836212726
95.88317107093184 0.1383396573196387 0.9440907470690657
96.38386648122395 0.11678013549610378 0.9459300048398228
96.884561891516 0.09511622381982288 0.9477376589699306
97.38525730180805 0.07334900690250312 0.9495138114957752
97.88595271210016 0.05147956935585474 0.951258564453744
98.38664812239222 0.029508995791594606 0.9529720198802235
98.88734353268427 0.007438370821431173 0.9546542798116006
99.38803894297638 -0.014731220942927559 0.9563054462842618
99.88873435326843 -0.03699869488976293 0.9579256213345942
100.38942976356049 -0.05936296640736605 0.9595149069989847
100.8901251738526 -0.08182295088402847 0.9610734053138196
101.39082058414465 -0.10437756370803508 0.9626012183154858
101.8915159944367 -0.12702572026767478 0.9640984480403699
102.39221140472881 -0.14976633595123823 0.9655651965248594
102.89290681502086 -0.17259832614701254 0.9670015658053402
103.39360222531292 -0.19552060624328393 0.9684076579181992
103.89429763560503 -0.21853209162834708 0.9697835748998235
104.39499304589708 -0.24163169769048243 0.9711294187866001
104.89568845618913 -0.2648183398179824 0.9724452916149143
105.39638386648124 -0.2880909333991377 0.9737312954211549
105.8970792767733 -0.31144839382223233 0.9749875322417078
106.39777468706535 -0.33488963647555825 0.976214104112959
106.89847009735746 -0.3584135767474035 0.9774111130712967
107.39916550764951 -0.38201913002605337 0.9785786611531061
107.89986091794157 -0.40570521169979723 0.9797168503947752
108.40055632823368 -0.4294707371569284 0.9808257828326902
108.90125173852573 -0.4533146217857291 0.9819055605032375
109.40194714881778 -0.47723578097449226 0.982956285442805
109.90264255910989 -0.5012331301115036 0.9839780596877786
110.40333796940195 -0.5253055845850516 0.9849709852745451
110.904033379694 -0.5494520597834256 0.9859351642394915
111.40472878998611 -0.5736714710949167 0.9868706986190044
111.90542420027816 -0.597962733907808 0.987777690449471
112.40611961057022 -0.6223247636103906 0.988656241767277
112.90681502086233 -0.6467564755909556 0.98950645460881
113.40751043115438 -0.6712567852377853 0.9903284310104573
113.90820584144643 -0.6958246079391708 0.9911222730086041
114.40890125173854 -0.7204588590834076 0.9918880826396385
114.9095966620306 -0.7451584540587717 0.992625961939947
115.41029207232265 -0.7699223082535605 0.993336012945916
115.91098748261476 -0.7947493370560623 0.9940183376939323
116.41168289290681 -0.8196384558545595 0.9946730382203824
116.91237830319886 -0.8445885800373423 0.9953002165616541
117.41307371349097 -0.8695986249927052 0.9958999747541332
117.91376912378303 -0.8946675061089324 0.9964724148342065
118.41446453407508 -0.919794138774306 0.9970176388382618
118.91515994436719 -0.9449774383771279 0.9975357488026845
119.41585535465924 -0.9702163203056766 0.9980268467638621
119.9165507649513 -0.9955096999482425 0.9984910347581809
120.4172461752434 -1.0208564926931165 0.9989284148220284
120.91794158553546 -1.0462556139285855 0.9993390889917909
121.41863699582751 -1.071705979042935 0.9997231593038548
121.91933240611962 -1.0972065034244618 1.0000807277946075
122.42002781641168 -1.1227561024614443 1.0004118965004356
122.92072322670373 -1.1483536915421755 1.0007167674577255
123.42141863699584 -1.1739981860549473 1.000995442702865
123.92211404728789 -1.199688501388042 1.001248024272239
124.42280945757994 -1.2254235529297508 1.0014746142022364
124.92350486787205 -1.2512022560683647 1.0016753145292423
125.42420027816411 -1.2770235261921676 1.001850227289644
125.92489568845616 -1.302886278689449 1.0019994545198285
126.42559109874827 -1.328789428948501 1.0021230982561824
126.92628650904032 -1.3547318923576064 1.0022212605350922
127.42698191933238 -1.3807125843050583 1.0022940433929455
127.92767732962449 -1.406730420179145 1.0023415488661283
128.42837273991654 -1.432784315368149 1.0023638789910276
128.9290681502086 -1.4588731852603682 1.0023611358040296
129.4297635605007 -1.484995945244086 1.0023334213415218
129.93045897079276 -1.511151510707587 1.002280837639891
130.4311543810848 -1.5373387970391643 1.0022034867355234
130.93184979137692 -1.5635567196271063 1.0021014706648064
131.43254520166897 -1.5898041938597005 1.0019748914641264
131.93324061196108 -1.616080135125239 1.0018238511698698
132.43393602225314 -1.642383458812002 1.0016484518184239
132.9346314325452 -1.6687130803082828 1.0014487954461753
133.4353268428373 -1.695067915002373 1.0012249840895109
133.93602225312935 -1.721446878282556 1.0009771197848172
134.4367176634214 -1.7478488855371201 1.000705304568481
134.93741307371351 -1.7742728521543618 1.000409640476889
135.43810848400557 -1.8007176935225597 1.0000902295464287
135.93880389429762 -1.827182325030004 0.9997471738134859
136.43949930458973 -1.8536656620649878 0.9993805753144477
136.94019471488178 -1.8801666200157985 0.9989905360857004
137.44089012517384 -1.9066841142707183 0.9985771581636321
137.94158553546595 -1.9332170602180445 0.9981405435846281
138.442280945758 -1.9597643732460603 0.997680794385076
138.94297635605005 -1.9863249687430542 0.9971980126013625
139.44367176634216 -2.012897762097319 0.9966923002698739
139.94436717663422 -2.0394816686971344 0.9961637594269978
140.44506258692627 -2.0660756039307993 0.9956124921091197
140.94575799721838 -2.092678483186596 0.9950386003526274
141.44645340751043 -2.119289221852812 0.9944421861939076
141.94714881780249 -2.1459067353177366 0.9938233516693463
142.4478442280946 -2.1725299389696655 0.993182198815331
142.94853963838665 -2.1991577481968783 0.9925188296682482
143.4492350486787 -2.225789078387664 0.9918333462644847
143.9499304589708 -2.2524228449303196 0.9911258506404274
144.45062586926286 -2.27905796321312 0.9903964448324626
144.95132127955492 -2.305693348624363 0.9896452308769778
145.45201668984703 -2.33232791655234 0.9888723108103584
145.95271210013908 -2.3589605823853272 0.9880777866689928
146.45340751043113 -2.3855902615116236 0.9872617604892676
146.95410292072324 -2.412215869319515 0.9864243343075679
147.4547983310153 -2.4388363211972903 0.985565610160282
147.95549374130735 -2.4654505325332323 0.9846856900837965
148.45618915159946 -2.492057418715638 0.9837846761144978
148.9568845618915 -2.518655895132789 0.9828626702887729
149.45757997218357 -2.54524487717298 0.9819197746430074
149.95827538247568 -2.5718232802244954 0.9809560912135901
150.45897079276773 -2.598390019675624 0.9799717220369063
150.95966620305978 -2.6249440109146542 0.9789667691493434
151.4603616133519 -2.6514841693298763 0.9779413345872877
151.96105702364395 -2.678009410309575 0.9768955203871267
152.461752433936 -2.704518649242039 0.9758294285852468
152.9624478442281 -2.7310108015155645 0.9747431612180343
153.46314325452016 -2.7574847825184277 0.9736368203218756
153.96383866481222 -2.7839395076389275 0.9725105079331596
154.46453407510432 -2.81037389226535 0.9713643260882706
154.96522948539638 -2.836786851785982 0.9701983768235961
155.46592489568843 -2.863177301589107 0.9690127621755239
155.96662030598054 -2.889544157063023 0.96780758418044
156.4673157162726 -2.9158863335960135 0.9665829448747313
156.96801112656465 -2.9422027465763643 0.9653389462947833
157.46870653685676 -2.968492311392372 0.964075690476985
157.9694019471488 -2.9947539434323165 0.9627932794577222
158.47009735744086 -3.0209865580844877 0.9614918152733808
158.97079276773297 -3.047189070737182 0.9601713999603482
159.47148817802503 -3.0733603967786767 0.9588321355550121
159.97218358831708 -3.099499451597266 0.9574741240937578
160.4728789986092 -3.125605150581241 0.9560974676129729
160.97357440890124 -3.1516764091188874 0.9547022681490435
161.4742698191933 -3.177712142598489 0.9532886277383573
161.9749652294854 -3.20371126640834 0.9518566484173
162.47566063977746 -3.2296726959367286 0.9504064322222593
162.9763560500695 -3.2555953465719423 0.9489380811896216
163.47705146036162 -3.2814781337022705 0.9474516973557735
163.97774687065368 -3.3073199727159937 0.9459473827571018
164.47844228094573 -3.3331197790014118 0.9444252394299933
164.97913769123784 -3.3588764679468124 0.9428853694108351
165.4798331015299 -3.3845889549404733 0.9413278747360135
165.98052851182194 -3.410256155370692 0.9397528574419155
166.48122392211405 -3.435876984625759 0.9381604195649275
166.9819193324061 -3.461450358093952 0.9365506631414372
167.48261474269816 -3.486975191163567 0.9349236902078303
167.98331015299027 -3.5124503992228924 0.9332796028004936
168.48400556328232 -3.537874897660215 0.9316185029558149
168.98470097357443 -3.5632476018638295 0.9299404927101799
169.4853963838665 -3.5885674272220136 0.9282456740999762
169.98609179415854 -3.6138332891230576 0.9265341491615894
170.48678720445065 -3.6390441029552596 0.9248060199314073
170.9874826147427 -3.6641987841068966 0.9230613884458169
171.48817802503476 -3.689296247966263 0.9213003567412036
171.98887343532687 -3.714335409921648 0.9195230268539553
172.48956884561892 -3.7393151853613373 0.9177295008204588
172.99026425591097 -3.764234489673621 0.9159198806771006
173.49095966620308 -3.7890922382467878 0.9140942684602663
173.99165507649514 -3.813887346469122 0.9122527662063445
174.4923504867872 -3.8386187297289203 0.9103954759517209
174.9930458970793 -3.8632853034144645 0.9085224997327827
175.49374130737135 -3.8878859829140415 0.9066339395859159
175.9944367176634 -3.912419683615945 0.9047298975475088
176.49513212795551 -3.9368853209084627 0.9028104756539465
176.99582753824757 -3.961281810179882 0.9008757759416172
177.49652294853962 -3.9856080668184886 0.898925900446906
177.99721835883173 -4.009863006212575 0.8969609512062012
178.49791376912378 -4.034045543750427 0.8949810302558888
178.99860917941584 -4.058154594820334 0.8929862396323561
179.49930458970795 -4.0821890748105885 0.8909766813719892
180.0 -4.1061478991094695 0.8889524575111752
