Polar data for 2 at Re = 231428.57142857145
Alpha (deg) Cl Cd
-180.0 -3.9392593276949928 0.7499565087199318
-179.49930458970792 -3.963193367230737 0.7483122122069512
-178.99860917941587 -3.9870524663128446 0.7466558168777404
-178.49791376912378 -4.0108355375493385 0.7449874046641314
-177.9972183588317 -4.034541493548238 0.7433070574979606
-177.49652294853965 -4.058169246917564 0.7416148573110595
-176.99582753824757 -4.08171771026534 0.7399108860352646
-176.4951321279555 -4.105185796199578 0.7381952256024082
-175.99443671766343 -4.128572417328299 0.7364679579443256
-175.49374130737135 -4.151876486259531 0.7347291649928505
-174.99304589707927 -4.1750969156012845 0.7329789286798174
-174.49235048678722 -4.198232617961584 0.7312173309370584
-173.99165507649514 -4.221282505948447 0.7294444536964104
-173.49095966620305 -4.244245492169898 0.7276603788897054
-172.990264255911 -4.267120489233956 0.7258651884487779
-172.48956884561892 -4.289906409748634 0.7240589643054631
-171.98887343532684 -4.3126021663219545 0.7222417883915944
-171.48817802503476 -4.335206671561946 0.7204137426390049
-170.9874826147427 -4.357718838076615 0.7185749089795308
-170.48678720445062 -4.380137578473993 0.716725369345004
-169.98609179415854 -4.402461805362091 0.7148652056672604
-169.4853963838665 -4.424690431348935 0.7129944998781321
-168.9847009735744 -4.446822369042543 0.7111133339094555
-168.48400556328232 -4.468856531050933 0.709221789693063
-167.98331015299027 -4.490791829982124 0.7073199491607893
-167.4826147426982 -4.512627178444143 0.7054078942444681
-166.9819193324061 -4.534361489045002 0.7034857068759341
-166.48122392211405 -4.555993674392726 0.7015534689870211
-165.98052851182197 -4.5775226470953285 0.6996112625095636
-165.4798331015299 -4.598947319760834 0.6976591693753946
-164.97913769123784 -4.620266604997266 0.6956972715163487
-164.47844228094576 -4.641479415412638 0.6937256508642602
-163.97774687065368 -4.6625846636149735 0.6917443893509636
-163.47705146036162 -4.6835812622122885 0.6897535689082919
-162.97635605006954 -4.7044681238126085 0.6877532714680796
-162.47566063977746 -4.725244161023946 0.685743578962162
-161.9749652294854 -4.745908286454324 0.6837245733223714
-161.47426981919332 -4.7664594127117725 0.681696336480542
-160.97357440890124 -4.786896452404294 0.6796589503685093
-160.4728789986092 -4.8072183181399195 0.6776124969181068
-159.9721835883171 -4.827423922526665 0.6755570580611681
-159.47148817802503 -4.847512178172553 0.6734927157295274
-158.97079276773297 -4.867481997685595 0.6714195518550199
-158.4700973574409 -4.887332293673825 0.6693376483694771
-157.9694019471488 -4.907061978745252 0.6672470872047358
-157.46870653685676 -4.926669965507902 0.6651479502926285
-156.96801112656468 -4.946155166569788 0.6630403195649908
-156.4673157162726 -4.965516494538937 0.6609242769536545
-155.96662030598054 -4.984752862023361 0.6587999043904558
-155.46592489568846 -5.0038631816310915 0.6566672838072278
-154.96522948539638 -5.022846365970139 0.6545264971358045
-154.46453407510432 -5.041701327648523 0.6523776263080208
-153.96383866481224 -5.060426979274267 0.6502207532557096
-153.46314325452016 -5.07902223345539 0.6480559599107065
-152.9624478442281 -5.097486002799911 0.645883328204844
-152.46175243393603 -5.115817199915856 0.6437029400699565
-151.96105702364395 -5.134014737411238 0.6415148774378785
-151.4603616133519 -5.152077527894074 0.6393192222404449
-150.9596662030598 -5.17000448397239 0.6371160564094887
-150.45897079276773 -5.1877945182542025 0.6349054618768439
-149.95827538247568 -5.205446543347536 0.632687520574345
-149.4575799721836 -5.222959471860408 0.6304623144338259
-148.9568845618915 -5.240332216400839 0.6282299253871206
-148.45618915159943 -5.257563689576839 0.6259904353660646
-147.95549374130738 -5.274652803996444 0.6237439263024893
-147.4547983310153 -5.291598472267664 0.6214904801282308
-146.95410292072324 -5.30839960699852 0.619230178775122
-146.45340751043116 -5.325055120797035 0.6169631041749992
-145.95271210013908 -5.341563926271229 0.6146893382596932
-145.452016689847 -5.357924936029116 0.6124089629610403
-144.95132127955495 -5.374137062678717 0.6101220602108739
-144.45062586926286 -5.3901992188280605 0.607828711941029
-143.94993045897078 -5.40611031708516 0.6055290000833382
-143.44923504867873 -5.421869270058034 0.6032230065696365
-142.94853963838665 -5.437474990354696 0.6009108133317584
-142.44784422809457 -5.4529263905831815 0.598592502301537
-141.9471488178025 -5.468222383351504 0.5962681554108065
-141.44645340751043 -5.483361881267683 0.5939378545914014
-140.94575799721835 -5.49834379693973 0.5916016817751555
-140.44506258692627 -5.513167042975677 0.5892597188939039
-139.94436717663422 -5.52783053198354 0.5869120478794787
-139.44367176634213 -5.542333176571335 0.5845587506637158
-138.94297635605005 -5.556673889347083 0.5821999091784484
-138.442280945758 -5.570851582918813 0.5798356053555118
-137.94158553546592 -5.584865169894529 0.5774659211267374
-137.44089012517384 -5.598713562882262 0.5750909384239618
-136.94019471488178 -5.612395674490029 0.572710739179018
-136.4394993045897 -5.625910417325853 0.570325405323741
-135.93880389429762 -5.63925670399775 0.5679350187899634
-135.43810848400557 -5.6524334471137365 0.5655396615095205
-134.9374130737135 -5.66543955928184 0.5631394154142455
-134.4367176634214 -5.678273953110082 0.560734362435974
-133.93602225312935 -5.6909355412064695 0.5583245845065379
-133.43532684283727 -5.703423236179033 0.5559101635577737
-132.9346314325452 -5.715735950635784 0.5534911815215129
-132.43393602225314 -5.72787259718476 0.5510677203295924
-131.93324061196105 -5.739832088433957 0.5486398619138428
-131.43254520166897 -5.751613336991415 0.5462076882061015
-130.93184979137692 -5.763215255465141 0.5437712811382014
-130.43115438108484 -5.7746367564631615 0.5413307226419757
-129.93045897079276 -5.785876752593486 0.5388860946492604
-129.4297635605007 -5.796934156464149 0.536437479091888
-128.92906815020862 -5.807807880683166 0.5339849579016931
-128.42837273991654 -5.818496837858547 0.531528613010509
-127.92767732962449 -5.828999940598326 0.5290685263501709
-127.4269819193324 -5.839316101510512 0.5266047798525124
-126.92628650904032 -5.849444233203137 0.5241374554493679
-126.42559109874827 -5.859383248284205 0.5216666350725723
-125.92489568845619 -5.8691320593617515 0.5191924006539568
-125.42420027816411 -5.878689579043778 0.5167148341253582
-124.92350486787205 -5.888054719938324 0.5142340174186091
-124.42280945757997 -5.897226394653405 0.5117500324655448
-123.92211404728789 -5.906203515797024 0.5092629611979989
-123.42141863699584 -5.914984995977216 0.5067728855478044
-122.92072322670376 -5.923569747802004 0.5042798874467971
-122.42002781641168 -5.931956683879401 0.5017840488268102
-121.91933240611961 -5.940144716817425 0.4992854516196787
-121.41863699582754 -5.9481327592240945 0.49678417775723566
-120.91794158553546 -5.955919723707446 0.4942803091713139
-120.41724617524339 -5.963504522875473 0.4917739277937507
-119.91655076495132 -5.970886069336219 0.4892651155563776
-119.41585535465924 -5.9780632756976875 0.4867539543910297
-118.91515994436718 -5.985035054567906 0.4842405262295408
-118.41446453407511 -5.991800318554894 0.4817249130037459
-117.91376912378303 -5.998357980266668 0.4792071966454771
-117.41307371349096 -6.004706952311256 0.47668745908657123
-116.91237830319889 -6.010846147296673 0.47416578225886025
-116.41168289290681 -6.01677447783093 0.4716422480941788
-115.91098748261474 -6.022490856522063 0.4691169385243607
-115.41029207232268 -6.0279941959780725 0.46658993548124145
-114.9095966620306 -6.033283408806996 0.46406132089665303
-114.40890125173853 -6.038357407616854 0.461531176702431
-113.90820584144646 -6.043215105015655 0.4589995848304091
-113.40751043115438 -6.047855413611423 0.4564666272124193
-112.90681502086231 -6.0522772460121725 0.4539323857802999
-112.40611961057024 -6.05647951482594 0.45139694246588186
-111.90542420027816 -6.060461132660722 0.44886037920100125
-111.4047287899861 -6.064221012124555 0.44632277791749003
-110.90403337969401 -6.06775806582546 0.44378422054718375
-110.40333796940195 -6.0710712063714425 0.44124478902191616
-109.90264255910988 -6.074159346370541 0.43870456527352103
-109.4019471488178 -6.077021398430755 0.43616363123383256
-108.90125173852573 -6.0796562751601275 0.43362206883468407
-108.40055632823366 -6.082062889166654 0.4310799600079129
-107.89986091794158 -6.084240153058376 0.4285373866853483
-107.39916550764951 -6.086186979443291 0.4259944307988294
-106.89847009735745 -6.087902280929443 0.42345117428018514
-106.39777468706536 -6.0893849701248435 0.42090769906125275
-105.8970792767733 -6.090633959637499 0.41836408707386735
-105.39638386648123 -6.09164816207544 0.41582042024986005
-104.89568845618915 -6.092426490046689 0.4132767805210655
-104.39499304589708 -6.092967856159262 0.4107332498193205
-103.89429763560501 -6.093271173021176 0.40818991007645716
-103.39360222531293 -6.093335353240455 0.40564684322430916
-102.89290681502086 -6.093159309425124 0.4031041311947103
-102.3922114047288 -6.092741954183188 0.40056185591949606
-101.89151599443672 -6.092082200122688 0.39802009933049937
-101.39082058414465 -6.09117895985162 0.3954789433595562
-100.89012517385257 -6.090031145978019 0.3929384699384976
-100.3894297635605 -6.088637671109911 0.39039876099915966
-99.88873435326843 -6.086997447855293 0.3878598984733778
-99.38803894297635 -6.085109388822204 0.38532196429298277
-98.88734353268428 -6.08297240661866 0.38278504038981004
-98.38664812239222 -6.080585413852676 0.3802492086956956
-97.88595271210013 -6.077947323132273 0.3777145511424706
-97.38525730180807 -6.075057047065473 0.3751811496619723
-96.884561891516 -6.07191349826029 0.37264908618603093
-96.38386648122392 -6.068515589324765 0.3701184426464829
-95.88317107093185 -6.06486223286689 0.36758930097516246
-95.38247566063978 -6.060952341494696 0.36506174310390466
-94.8817802503477 -6.056784827816209 0.3625358509645384
-94.38108484005564 -6.052358604439442 0.3600117064889045
-93.88038942976357 -6.0476725839724175 0.35748939160883414
-93.37969401947149 -6.0427256790231585 0.3549689882561597
-92.87899860917942 -6.037516802199676 0.35245057836271715
-92.37830319888734 -6.0320448661099935 0.3499342438603407
-91.87760778859527 -6.026308783362133 0.34742006668086417
-91.3769123783032 -6.020307466564107 0.3449081287561226
-90.87621696801112 -6.014039828323952 0.3423985120179471
-90.37552155771905 -6.00750478124967 0.33989129839817406
-89.87482614742699 -6.000701237949297 0.33738656982863774
-89.3741307371349 -5.993628111030839 0.334884408241171
-88.87343532684284 -5.9862843131023205 0.33238489556760936
-88.37273991655077 -5.978668756771766 0.32988811373978616
-87.87204450625869 -5.9707803546471805 0.32739414468953604
-87.37134909596662 -5.962618019336615 0.3249030703486901
-86.87065368567455 -5.954180663448049 0.3224149726490861
-86.36995827538247 -5.945467199589533 0.3199299335225569
-85.8692628650904 -5.936476540369071 0.31744803490093715
-85.36856745479834 -5.927207598394684 0.3149693587160602
-84.86787204450626 -5.9176592862744055 0.3124939868997593
-84.36717663421419 -5.907830516616238 0.3100220013838701
-83.86648122392211 -5.8977202020282125 0.30755348410022626
-83.36578581363004 -5.887327255118343 0.30508851698066247
-82.86509040333797 -5.876650588494655 0.3026271819570098
-82.36439499304589 -5.865689114765164 0.30016956096110653
-81.86369958275382 -5.854441746537885 0.2977157359247837
-81.36300417246176 -5.842907396420848 0.2952657887798777
-80.86230876216968 -5.831084977022085 0.2928198014582188
-80.36161335187761 -5.818973400949581 0.29037785589164605
-79.86091794158554 -5.8065715808113705 0.2879400340119915
-79.36022253129346 -5.793878429215493 0.2855064177510879
-78.85952712100139 -5.780892858769947 0.28307708904076917
-78.35883171070932 -5.767613782082755 0.28065212981287163
-77.85813630041724 -5.754040111761947 0.2782316219992291
-77.35744089012518 -5.74017076041552 0.27581564753167526
-76.85674547983311 -5.726004640651519 0.2734042883420413
-76.35605006954103 -5.711540665077958 0.27099762636216534
-75.85535465924896 -5.696777746302846 0.26859574352387944
-75.35465924895689 -5.681714796934219 0.2661987217590191
-74.85396383866481 -5.6663507295800795 0.2638066429994181
-74.35326842837274 -5.650684456848458 0.2614195891769084
-73.85257301808066 -5.634714891347384 0.25903764222332465
-73.3518776077886 -5.6184409456848385 0.2566608840705051
-72.85118219749653 -5.601861532468895 0.2542893966502772
-72.35048678720445 -5.584975564307534 0.25192326189448017
-71.84979137691238 -5.56778195380879 0.2495625617349459
-71.34909596662031 -5.550279613580679 0.24720737810351084
-70.84840055632823 -5.532467456231219 0.2448577929320052
-70.34770514603616 -5.514344394368438 0.24251388815226632
-69.8470097357441 -5.495909340600367 0.24017574569612526
-69.34631432545201 -5.4771612075349925 0.23784344749541936
-68.84561891515995 -5.45809890778035 0.2355170754819806
-68.34492350486788 -5.438721353944471 0.2331967115876445
-67.8442280945758 -5.419027458635359 0.23088243774424305
-67.34353268428373 -5.399016134461041 0.2285743358836127
-66.84283727399166 -5.378686294029542 0.2262724879375863
-66.34214186369958 -5.358036849948872 0.22397697583799764
-65.84144645340751 -5.33706671482706 0.22168788151668045
-65.34075104311543 -5.315774801272122 0.21940528690547206
-64.84005563282336 -5.2941600218920755 0.2171292739362018
-64.3393602225313 -5.272221289294942 0.21485992454070607
-63.838664812239216 -5.249957516088738 0.21259732065081954
-63.33796940194715 -5.227367614881475 0.21034154419837775
-62.83727399165508 -5.204450498281208 0.2080926771152109
-62.336578581363 -5.181205078895918 0.20585080133315364
-61.83588317107093 -5.157630269333641 0.2036159987840433
-61.335187760778865 -5.1337249822024 0.20138835139971184
-60.834492350486784 -5.109488130110213 0.19916794111199304
-60.333796940194716 -5.084918625665095 0.19695484985272155
-59.83310152990265 -5.060015381475068 0.194749159553732
-59.33240611961057 -5.034777310148151 0.1925509521468573
-58.8317107093185 -5.009203324292372 0.19036030956393118
-58.33101529902643 -4.983292336515738 0.1881773137367883
-57.83031988873435 -4.95704325942628 0.1860020465972651
-57.329624478442284 -4.930455005632 0.18383459007719355
-56.82892906815022 -4.903526487740949 0.18167502610840564
-56.328233657858135 -4.876256618361115 0.17952343662274045
-55.82753824756607 -4.848644310100527 0.1773799035520282
-55.326842837273986 -4.82068847556722 0.17524450882810444
-54.82614742698192 -4.7923880273691974 0.17311733438280114
-54.32545201668985 -4.763741878114498 0.17099846214795383
-53.82475660639777 -4.734748940411114 0.16888797405539896
-53.3240611961057 -4.705408126867084 0.1667859520369676
-52.823365785813635 -4.675718350090426 0.16469247802449533
-52.322670375521554 -4.645678522689153 0.16260763394981498
-51.82197496522949 -4.615287557271289 0.16053150174476122
-51.321279554937405 -4.5845443664448595 0.1584641633411687
-50.82058414464535 -4.553447862817871 0.15640570067087206
-50.31988873435327 -4.521996958998361 0.1543561956657024
-49.81919332406119 -4.490190567594327 0.15231573025749706
-49.318497913769136 -4.458027601213811 0.15028438637808889
-48.817802503477054 -4.42550697246482 0.14826224595931076
-48.31710709318497 -4.392627593955378 0.14624939093299733
-47.81641168289292 -4.359388378293501 0.1442459032309868
-47.31571627260084 -4.325788238087219 0.1422518647851067
-46.81502086230876 -4.291826085944541 0.14026735752719438
-46.3143254520167 -4.257500834473488 0.1382924633890827
-45.81363004172462 -4.222811396282083 0.1363272643026116
-45.31293463143254 -4.187756683978343 0.1343718421996069
-44.81223922114049 -4.152335610170297 0.132426279011905
-44.311543810848406 -4.116547087465948 0.13049065667134235
-43.810848400556324 -4.080390028473333 0.1285650571097509
-43.31015299026427 -4.043863345800462 0.1266495622589689
-42.80945757997219 -4.006965952055371 0.12474425405082384
-42.30876216968011 -3.9696967598460464 0.12284921441715396
-41.808066759388026 -3.932054681780544 0.12096452528979035
-41.30737134909597 -3.8940386304668646 0.1190902686005712
-40.80667593880389 -3.8556475185130274 0.11722652628133029
-40.30598052851181 -3.8168802585270463 0.1153733802638987
-39.80528511821976 -3.777735763116958 0.1135309124801111
-39.304589707927676 -3.7382129448907815 0.1116992048618039
-38.803894297635594 -3.6983107164565308 0.1098783393408091
-38.30319888734354 -3.6580279904222213 0.10806839784896133
-37.80250347705146 -3.617363679395865 0.10626946231809437
-37.30180806675938 -3.576316695985504 0.10448161468004197
-36.801112656467325 -3.5348859527991543 0.10270493686664056
-36.30041724617524 -3.493070362444813 0.10093951080972124
-35.79972183588316 -3.4508688375305354 0.09918541844111778
-35.29902642559111 -3.408280290664319 0.09744274169266837
-34.79833101529903 -3.3653036344541825 0.09571156249620322
-34.297635605006946 -3.321937781508142 0.09399196278355876
-33.79694019471489 -3.278181644434232 0.09228402448656697
-33.29624478442281 -3.2340341358404654 0.09058782953706251
-32.79554937413073 -3.189494168334857 0.0889034598668818
-32.294853963838676 -3.1445606545254563 0.08723099740785772
-31.794158553546595 -3.0992325070202327 0.08557052409182136
-31.293463143254513 -3.053508638427237 0.08392212185061004
-30.79276773296246 -3.0073879613544907 0.08228587261605841
-30.29207232267038 -2.9608693884100052 0.08066185831999845
-29.791376912378297 -2.9139518322018034 0.07905016089426392
-29.290681502086244 -2.866634205337899 0.07745086227069126
-28.789986091794162 -2.8189154204263307 0.07586404438111333
-28.28929068150208 -2.7707943900750838 0.074289789157363
-27.788595271210028 -2.722270026892202 0.07272817853127761
-27.287899860917946 -2.6733412434857193 0.07117929443468646
-26.787204450625865 -2.6240069524636347 0.06964321879942686
-26.28650904033381 -2.574266066433964 0.06812003355733437
-25.78581363004173 -2.524117498004726 0.06660982064024007
-25.28511821974965 -2.473560159783956 0.06511266197997773
-24.784422809457595 -2.4225929643796764 0.06362863950838465
-24.283727399165514 -2.3712148243998996 0.062157835157290175
-23.783031988873432 -2.319424652452625 0.06070033085853427
-23.28233657858135 -2.267221361145914 0.059256208543946254
-22.781641168289298 -2.2146038630877474 0.05782555014536256
-22.280945757997216 -2.161571070886154 0.05640843759461783
-21.780250347705135 -2.108121897149191 0.055004952823542286
-21.27955493741308 -2.0542552544848327 0.05361517776397412
-20.778859527121 -1.9999700555011033 0.05223919434774532
-20.27816411682892 -1.9452652128060455 0.050877084506692316
-19.777468706536865 -1.8901396390076692 0.049528930172644425
-19.276773296244784 -1.8345922467139777 0.04819481327744163
-18.776077885952702 -1.7786219485330272 0.04687481575291502
-18.27538247566065 -1.7222276570727997 0.04556901953089837
-17.774687065368568 -1.6654082849413336 0.04427750654322543
-17.273991655076486 -1.60816274474665 0.04300035872173086
-16.773296244784433 -1.5504899490967643 0.041737657998251076
-16.27260083449235 -1.4923888105997063 0.040489486304617184
-15.77190542420027 -1.4338582418634702 0.03925592557266294
-15.271210013908217 -1.3748971554960947 0.038037057734225665
-14.770514603616135 -1.3155044641056095 0.036832964721135564
-14.269819193324054 -1.2556790803000089 0.03564372846523173
-13.769123783032 -1.1954199166873385 0.034469430898340814
-13.268428372739919 -1.1347258858755997 0.03331015395230369
-12.767732962447838 -1.0735959004728135 0.032165979558954116
-12.267037552155784 -1.0120288730870237 0.03103698965011964
-11.766342141863703 -0.9500237163262193 0.029923266157640238
-11.265646731571621 -0.8875793427984371 0.028824891013349674
-10.764951321279568 -0.8246946651116926 0.027741946149079932
-10.264255910987487 -0.7613685958739873 0.026674513496666552
-9.763560500695405 -0.6976000476933704 0.025622674987942406
-9.262865090403352 -0.633387933177852 0.024586512554742146
-8.76216968011127 -0.5687311649354496 0.023566108128902197
-8.261474269819189 -0.5036286555741911 0.022561543642252768
-7.760778859527136 -0.43807931770209385 0.021572901026627622
-7.260083449235054 -0.3720820639271467 0.02060026221386585
-6.759388038942973 -0.3056358068574132 0.01964370913579766
-6.25869262865092 -0.23873945910088223 0.018703323724257703
-5.757997218358838 -0.17139193326558533 0.01777918791108063
-5.257301808066757 -0.10359214195956468 0.016871383628099312
-4.756606397774675 -0.03533899779080918 0.01597999280715018
-4.255910987482622 0.03336858663264963 0.015105097380066101
-3.7552155771905404 0.10253169870279799 0.014246779278680843
-3.254520166898459 0.17215142581162035 0.013405120434827278
-2.753824756606406 0.24222885535106564 0.012580202780340055
-2.2531293463143243 0.31276507471315385 0.011772108247057378
-1.7524339360222427 0.383704867872046 0.010978845618915144
-1.2517385257301896 0.4484472878998599 0.00983521557719057
-0.7510431154381081 0.5102639777468707 0.008955521557719054
-0.25034770514602656 0.5716101529902653 0.008740125173852569
0.25034770514602656 0.6279383866481213 0.008624965229485398
0.7510431154381081 0.6828636995827537 0.008650208623087621
1.2517385257301896 0.7371374130737144 0.00880573018080668
1.7524339360222427 0.7908599443671755 0.009071557719054235
2.2531293463143243 0.8439292072322669 0.009422378303198886
2.753824756606406 0.8956885952712108 0.009838442280945766
3.254520166898459 0.9454902642559099 0.010401057023643934
3.7552155771905404 0.9919100139082058 0.011250639777468702
4.255910987482622 1.0314137691237835 0.012916954102920757
4.756606397774675 1.0689258692628643 0.015092350486787155
5.257301808066757 1.1046643949930457 0.01780333796940193
5.757997218358838 1.1395529902642565 0.020576147426981946
6.258692628650891 1.174666759388038 0.023460152990264167
6.759388038942973 1.2115660639777466 0.026909401947148793
7.260083449235054 1.2534111265646737 0.031212851182197555
7.760778859527107 1.2907984700973565 0.0372118080667592
8.261474269819189 1.3138827538247564 0.04430321279554931
8.76216968011127 1.3283620127706235 0.051637892604248725
9.262865090403324 1.3425771399037718 0.058936939106988995
9.763560500695405 1.356495319433344 0.06619586610624104
10.264255910987487 1.3701176387513199 0.0734147555338385
10.76495132127954 1.3834451852496783 0.08059368932161509
11.265646731571621 1.3964790463204013 0.08773274940140569
11.766342141863703 1.4092203093554683 0.09483201770504401
12.267037552155784 1.421670061746859 0.10189157616436409
12.767732962447838 1.4338293908865536 0.10891150671119965
13.268428372739919 1.4456993841665327 0.11589189127738556
13.769123783032 1.4572811289787766 0.1228328117947555
14.269819193324054 1.4685757127152645 0.12973435019514318
14.770514603616135 1.4795842227679776 0.13659658841038344
15.271210013908217 1.4903077465288956 0.14341960837231002
15.77190542420027 1.5007473713899984 0.15020349201275665
16.27260083449235 1.5109041847432667 0.15694832126355807
16.773296244784433 1.5207792739806805 0.16365417805654806
17.273991655076486 1.530373726494219 0.17032114432356033
17.774687065368568 1.5396886296758638 0.17694930199642966
18.27538247566065 1.5487250709175944 0.18353873300698986
18.776077885952702 1.5574841376113904 0.19008951928707457
19.276773296244784 1.565966917149233 0.19660174276851866
19.777468706536865 1.574174496923102 0.20307548538315578
20.27816411682892 1.5821079643249767 0.2095108290628197
20.778859527121 1.5897684067468383 0.21590785573934523
21.27955493741308 1.5971569115806667 0.22226664734456614
21.780250347705135 1.6042745662184414 0.22858728581031607
22.280945757997216 1.6111224580521437 0.2348698530684299
22.781641168289298 1.617701674473753 0.24111443105074126
23.28233657858135 1.624013302875249 0.247321101689084
23.783031988873432 1.6300584306486128 0.25348994691529286
24.283727399165514 1.6358381451858244 0.25962104866120156
24.784422809457567 1.6413535338788632 0.2657144888586438
25.28511821974965 1.6466056841197103 0.27177034943945444
25.78581363004173 1.6515956833003451 0.2777887123354672
26.286509040333783 1.6563246188127478 0.2837696594785158
26.787204450625865 1.6607935780488994 0.289713272800435
27.287899860917946 1.6650036484007793 0.2956196342330586
27.78859527121 1.6689559172603674 0.3014888257082203
28.28929068150208 1.6726514720196444 0.30732092915775483
28.789986091794162 1.6760914000705904 0.31311602651349607
29.290681502086215 1.6792767888051854 0.31887419970727765
29.791376912378297 1.6822087256154092 0.32459553067093433
30.29207232267038 1.684888297893243 0.3302801013362999
30.79276773296246 1.6873165930306657 0.3359279936352085
31.293463143254513 1.689494698419658 0.3415392894994938
31.794158553546595 1.6914237014522002 0.34711407086099055
32.294853963838676 1.6931046895202726 0.35265241965153254
32.79554937413073 1.6945387500158544 0.35815441780295354
33.29624478442281 1.6957269703309268 0.3636201472470882
33.79694019471489 1.6966704378574697 0.36904968991577036
34.297635605006946 1.697370239987463 0.3744431277408338
34.79833101529903 1.6978274641128865 0.3798005426541132
35.29902642559111 1.6980431976257213 0.3851220165874424
35.79972183588316 1.698018527917947 0.39040763147265506
36.30041724617524 1.6977545423815434 0.39565746924158596
36.801112656467325 1.6972523284084913 0.40087161182606884
37.30180806675938 1.6965129733907705 0.4060501411579376
37.80250347705146 1.6955375647203614 0.4111931391690267
38.30319888734354 1.6943271897892436 0.4163006877911702
38.803894297635594 1.692882935989398 0.4213728689562017
39.304589707927676 1.691205890712804 0.42640976459595586
39.80528511821976 1.689297141351442 0.4314114566422666
40.30598052851181 1.6871577752972926 0.43637802702696765
40.80667593880389 1.6847888799423356 0.44130955768189367
41.30737134909597 1.682191542678551 0.4462061305388784
41.808066759388026 1.6793668508979194 0.45106782752975577
42.30876216968011 1.6763158919924201 0.4558947305863604
42.80945757997219 1.673039753354034 0.4606869216405261
43.31015299026424 1.6695395223747413 0.4654444826240866
43.810848400556324 1.6658162864465216 0.47016749546887654
44.311543810848406 1.6618711329613554 0.47485604210672977
44.81223922114046 1.6577051493112225 0.4795102044694803
45.31293463143254 1.6533194228881039 0.4841300644889623
45.81363004172462 1.6487150410839786 0.48871570409701
46.314325452016675 1.6438930912908276 0.49326720522545714
46.81502086230876 1.6388546609006307 0.49778464980613807
47.31571627260084 1.633600837305368 0.5022681197708871
47.81641168289289 1.62813270789702 0.5067176970515375
48.31710709318497 1.6224513600675667 0.5111334635799243
48.817802503477054 1.6165578812089876 0.5155155012878812
49.318497913769136 1.6104533587132637 0.519863892107242
49.81919332406119 1.6041388799723753 0.5241787179698412
50.31988873435327 1.5976155323783012 0.5284600608075125
50.82058414464535 1.590884403323023 0.5327080025520905
51.321279554937405 1.5839465801985202 0.5369226251354087
51.82197496522949 1.5768031503967725 0.5411040104893017
52.32267037552157 1.5694552013097611 0.5452522405456035
52.82336578581362 1.561903820329466 0.5493673972361477
53.3240611961057 1.5541500948478666 0.5534495624927689
53.824756606397784 1.546195112256943 0.5574988182473013
54.32545201668984 1.5380399599486767 0.5615152464315782
54.82614742698192 1.5296857253150458 0.5654989289774346
55.326842837274 1.521133495748032 0.5694499478167041
55.82753824756605 1.5123843586396155 0.5733683848812208
56.328233657858135 1.5034394013817758 0.577254322102819
56.82892906815022 1.494299711366492 0.5811078414133326
57.32962447844227 1.4849663759857477 0.5849290247445955
57.83031988873435 1.4754404826315188 0.5887179540284424
58.33101529902643 1.4657231186957882 0.5924747111967068
58.831710709318486 1.4558153715705349 0.5961993781812229
59.33240611961057 1.4457183286477402 0.5998920369138252
59.83310152990265 1.4354330773193826 0.6035527693263472
60.3337969401947 1.4249607049774438 0.6071816573506232
60.834492350486784 1.414302299013903 0.6107787829184876
61.335187760778865 1.4034589468207403 0.6143442279617741
61.83588317107092 1.392431735789937 0.6178780744123167
62.336578581363 1.3812217533134719 0.62138040420195
62.83727399165508 1.369830086783325 0.6248512992625077
63.337969401947134 1.358257823591478 0.6282908415258239
63.838664812239216 1.3465060511299096 0.6316991129237328
64.3393602225313 1.3345758567906014 0.6350761953880686
64.84005563282335 1.3224683279655325 0.638422170850665
65.34075104311543 1.3101845520466824 0.6417371212433562
65.84144645340751 1.297725616426032 0.6450211284979768
66.34214186369957 1.2850926084955627 0.6482742745463601
66.84283727399165 1.2722866156472523 0.6514966413203407
67.34353268428373 1.2593087252730821 0.6546883107517527
67.84422809457581 1.2461600247650322 0.65784936477243
68.34492350486786 1.2328416015150838 0.6609798853142066
68.84561891515995 1.2193545429152148 0.6640799543089169
69.34631432545203 1.205699936357407 0.6671496536883945
69.84700973574408 1.1918788692336408 0.670189065384474
70.34770514603616 1.177892428935895 0.6731982713289892
70.84840055632824 1.1637417028561494 0.6761773534537745
71.3490959666203 1.1494277783863873 0.6791263936906633
71.84979137691238 1.1349517429185851 0.6820454739714905
72.35048678720446 1.1203146838447255 0.6849346762280899
72.85118219749651 1.1055176885567881 0.687794082392295
73.3518776077886 1.090561844446751 0.6906237743959409
73.85257301808068 1.0754482389065962 0.693423834170861
74.35326842837273 1.060177959328305 0.6961943436488893
74.85396383866481 1.044752093103855 0.6989353847618605
75.35465924895689 1.0291717276252277 0.7016470394416086
75.85535465924895 1.013437950284404 0.7043293896199669
76.35605006954103 0.9975518484733621 0.7069825172287703
76.85674547983308 0.9815145095840843 0.7096065041998523
77.35744089012519 0.9653270210085483 0.7122014324650476
77.85813630041724 0.9489904701387364 0.7147673839561899
78.3588317107093 0.9325059443666277 0.717304440605113
78.8595271210014 0.9158745310842009 0.7198126843436516
79.36022253129346 0.8990973176834405 0.7222921971036396
79.86091794158551 0.8821753915563233 0.7247430608169108
80.36161335187762 0.8651098400948289 0.7271653574152999
80.86230876216968 0.8479017506909405 0.7295591688306402
81.36300417246173 0.830552210736635 0.7319245769947662
81.86369958275384 0.8130623076238928 0.7342616638395121
82.36439499304589 0.7954331287446974 0.7365705112967116
82.86509040333794 0.7776657614910267 0.7388512012981994
83.36578581363005 0.7597612932548594 0.7411038157758092
83.86648122392211 0.7417208114281786 0.7433284366613748
84.36717663421416 0.7235454034029625 0.7455251458867307
84.86787204450627 0.7052361565711907 0.7476940253837108
85.36856745479832 0.6867941583248458 0.7498351570841493
85.86926286509038 0.6682204960559062 0.7519486229198802
86.36995827538249 0.6495162571563504 0.7540345048227379
86.87065368567454 0.630682529018163 0.756092884724556
87.3713490959666 0.6117203990333213 0.7581238445571687
87.8720445062587 0.592630954593804 0.7601274662524107
88.37273991655076 0.5734152830915946 0.7621038317421149
88.87343532684281 0.5540744719186723 0.7640530229581164
89.37413073713492 0.5346096084670144 0.765975121832249
89.87482614742697 0.5150217801286063 0.7678702102963466
90.37552155771903 0.495312074295424 0.7697383702822433
90.87621696801114 0.4754815783594466 0.7715796837217737
91.37691237830319 0.45553137971265856 0.7733942325467713
91.87760778859524 0.4354625657470377 0.7751820986890701
92.37830319888735 0.41527622385456353 0.7769433640805048
92.8789986091794 0.3949734414272179 0.7786781106529093
93.37969401947146 0.3745553058569808 0.780386420338117
93.88038942976357 0.3540229045358283 0.7820683750679631
94.38108484005562 0.3333773248557488 0.7837240567742807
94.88178025034773 0.3126196542087125 0.7853535473889046
95.38247566063978 0.2917509799867084 0.7869569288436684
95.88317107093184 0.27077238958171157 0.7885342830704063
96.38386648122395 0.24968497038570203 0.7900856920009525
96.884561891516 0.22848980979066513 0.7916112375671411
97.38525730180805 0.20718799518857378 0.7931110017008061
97.88595271210016 0.185780613971412 0.7945850663337817
98.38664812239222 0.16426875353116066 0.7960335133979017
98.88734353268427 0.14265350125979936 0.7974564248250005
99.38803894297638 0.12093594454930412 0.798853882546912
99.88873435326843 0.09911717079166249 0.8002259684954705
100.38942976356049 0.0771982673788496 0.8015727646025097
100.8901251738526 0.05518032170284548 0.8028943527998644
101.39082058414465 0.03306442115563191 0.8041908150193677
101.8915159944367 0.010851653129190675 0.8054622331928545
102.39221140472881 -0.011456894984502197 0.8067086892521587
102.89290681502086 -0.03386013579346403 0.8079302651291138
103.39360222531292 -0.05635698190571303 0.8091270427555548
103.89429763560503 -0.07894634592927541 0.8102991040633152
104.39499304589708 -0.10162714047216403 0.8114465309842291
104.89568845618913 -0.12439827814240068 0.8125694054501307
105.39638386648124 -0.14725867154800887 0.8136678093928544
105.8970792767733 -0.17020723329700238 0.8147418247442337
106.39777468706535 -0.19324287599740564 0.8157915334361032
106.89847009735746 -0.21636451225723863 0.8168170174002969
107.39916550764951 -0.2395710546845169 0.8178183585686483
107.89986091794157 -0.26286141588726397 0.8187956388729922
108.40055632823368 -0.28623450847349985 0.8197489402451623
108.90125173852573 -0.30968924505124273 0.820678344616993
109.40194714881778 -0.3332245382285126 0.8215839339203179
109.90264255910989 -0.35683930061333036 0.8224657900869718
110.40333796940195 -0.38053244481371595 0.8233239950487881
110.904033379694 -0.40430288343768583 0.824158630737601
111.40472878998611 -0.4281495290932671 0.8249697790852453
111.90542420027816 -0.4520712943884708 0.825757522023554
112.40611961057022 -0.4760670919313241 0.8265219414843614
112.90681502086233 -0.5001358343298443 0.8272631193995028
113.40751043115438 -0.524276434192047 0.827981137700811
113.90820584144643 -0.5484878041259582 0.8286760783201204
114.40890125173854 -0.5727688567395972 0.8293480231892649
114.9095966620306 -0.5971185046409786 0.8299970542400794
115.41029207232265 -0.6215356604381268 0.8306232534043971
115.91098748261476 -0.6460192367390627 0.8312267026140523
116.41168289290681 -0.6705681461518018 0.8318074838008793
116.91237830319886 -0.6951813012843651 0.8323656788967122
117.41307371349097 -0.7198576147447768 0.8329013698333849
117.91376912378303 -0.7445959991410509 0.8334146385427315
118.41446453407508 -0.7693953670812108 0.8339055669565862
118.91515994436719 -0.7942546311732765 0.834374237006783
119.41585535465924 -0.8191727040252645 0.834820730625156
119.9165507649513 -0.8441484982451983 0.8352451297435395
120.4172461752434 -0.869180926441097 0.8356475162937673
120.91794158553546 -0.894268901220977 0.8360279722076733
121.41863699582751 -0.9194113351928628 0.8363865794170924
121.91933240611962 -0.9446071409647752 0.8367234198538578
122.42002781641168 -0.969855231144727 0.8370385754498038
122.92072322670373 -0.9951545183407429 0.8373321281367647
123.42141863699584 -1.0205039151608462 0.8376041598465747
123.92211404728789 -1.045902334213048 0.8378547525110673
124.42280945757994 -1.0713486881053729 0.8380839880620774
124.92350486787205 -1.0968418894458443 0.8382919484314386
125.42420027816411 -1.122380850842475 0.8384787155509847
125.92489568845616 -1.1479644849032915 0.8386443713525507
126.42559109874827 -1.17359170423631 0.8387889977679694
126.92628650904032 -1.1992614214495478 0.8389126767290764
127.42698191933238 -1.2249725491510286 0.8390154901677043
127.92767732962449 -1.250723999948774 0.8390975200156885
128.42837273991654 -1.2765146864507997 0.839158848204862
128.9290681502086 -1.3023435212651273 0.8391995566670596
129.4297635605007 -1.3282094169997778 0.8392197273341149
129.93045897079276 -1.3541112862627667 0.8392194421378627
130.4311543810848 -1.3800480416621184 0.839198783010136
130.93184979137692 -1.4060185958058529 0.8391578318827702
131.43254520166897 -1.4320218613019857 0.839096670687598
131.93324061196108 -1.4580567507585431 0.8390153813564545
132.43393602225314 -1.4841221767835406 0.8389140458211737
132.9346314325452 -1.510217051984993 0.8387927460135891
133.4353268428373 -1.5363402889709323 0.8386515638655354
133.93602225312935 -1.5624908003493692 0.8384905813088459
134.4367176634214 -1.5886674987283242 0.8383098802753557
134.93741307371351 -1.6148692967158247 0.8381095426968979
135.43810848400557 -1.641095106919879 0.8378896505053077
135.93880389429762 -1.6673438419485167 0.8376502856324177
136.43949930458973 -1.6936144144097554 0.8373915300100638
136.94019471488178 -1.7199057369116095 0.8371134655700785
137.44089012517384 -1.7462167220621037 0.8368161742442968
137.94158553546595 -1.7725462824692586 0.8364997379645522
138.442280945758 -1.7988933307410908 0.8361642386626797
138.94297635605005 -1.8252567794856212 0.835809758270512
139.44367176634216 -1.851635541310875 0.8354363787198844
139.94436717663422 -1.8780285288248633 0.8350441819426304
140.44506258692627 -1.9044346546356106 0.8346332498705846
140.94575799721838 -1.9308528313511368 0.8342036644355801
141.44645340751043 -1.9572819715794576 0.8337555075694523
141.94714881780249 -1.9837209879286 0.8332888612040341
142.4478442280946 -2.0101687930065815 0.8328038072711603
142.94853963838665 -2.0366242994214163 0.8323004277026644
143.4492350486787 -2.06308641978113 0.8317788044303815
143.9499304589708 -2.0895540666937444 0.8312390193861445
144.45062586926286 -2.1160261527672715 0.8306811545017885
144.95132127955492 -2.1425015906097364 0.8301052917091467
145.45201668984703 -2.1689792928291665 0.8295115129400537
145.95271210013908 -2.1954581720335637 0.8288999001263433
146.45340751043113 -2.221937140830958 0.8282705351998503
146.95410292072324 -2.248415111829371 0.8276235000924077
147.4547983310153 -2.274890997636822 0.8269588767358502
147.95549374130735 -2.3013637108613274 0.826276747062012
148.45618915159946 -2.3278321641109097 0.8255771930027271
148.9568845618915 -2.3542952699935853 0.8248602964898293
149.45757997218357 -2.380751941117378 0.8241261394551531
149.95827538247568 -2.4072010900903082 0.8233748038305322
150.45897079276773 -2.4336416295203893 0.8226063715478011
150.95966620305978 -2.460072472015649 0.8218209245387933
151.4603616133519 -2.4864925301841065 0.8210185447353433
151.96105702364395 -2.5129007166337765 0.8201993140692851
152.461752433936 -2.539295943972678 0.819363314472453
152.9624478442281 -2.5656771248088397 0.8185106278766807
153.46314325452016 -2.592043171750271 0.8176413362138026
153.96383866481222 -2.6183929974049986 0.8167555214156528
154.46453407510432 -2.644725514381042 0.8158532654140651
154.96522948539638 -2.6710396352864185 0.8149346501408734
155.46592489568843 -2.6973342727291483 0.8139997575279125
155.96662030598054 -2.7236083393172557 0.8130486695070158
156.4673157162726 -2.7498607476587518 0.8120814680100183
156.96801112656465 -2.776090410361663 0.811098234968753
157.46870653685676 -2.802296240034008 0.8100990523150544
157.9694019471488 -2.8284771492838052 0.809084001980757
158.47009735744086 -2.854632050719072 0.8080531658976946
158.97079276773297 -2.880759856947841 0.8070066259977005
159.47148817802503 -2.9068594805781176 0.8059444642126106
159.97218358831708 -2.9329298342179246 0.8048667624742567
160.4728789986092 -2.958969830475291 0.8037736027144751
160.97357440890124 -2.984978381958223 0.8026650668650983
161.4742698191933 -3.0109544012747484 0.8015412368579609
161.9749652294854 -3.0368968010328876 0.8004021946248969
162.47566063977746 -3.062804493840659 0.7992480220977412
162.9763560500695 -3.0886763923060823 0.7980788012083269
163.47705146036162 -3.114511409037176 0.7968946138884883
163.97774687065368 -3.140308456641959 0.7956955420700598
164.47844228094573 -3.166066447728457 0.7944816676848752
164.97913769123784 -3.191784294904684 0.793253072664768
165.4798331015299 -3.2174609107786623 0.792009838941574
165.98052851182194 -3.2430952079584126 0.7907520484471253
166.48122392211405 -3.268686099051955 0.7894797831132572
166.9819193324061 -3.294232496667303 0.7881931248718039
167.48261474269816 -3.3197333134124873 0.7868921556545991
167.98331015299027 -3.34518746189552 0.7855769573934765
168.48400556328232 -3.370593854724423 0.7842476120202704
168.98470097357443 -3.3959514045072137 0.7829042014668157
169.4853963838665 -3.4212590238519187 0.781546807664945
169.98609179415854 -3.4465156253665485 0.7801755125464938
170.48678720445065 -3.471720121659132 0.7787903980432949
170.9874826147427 -3.496871425337681 0.7773915460871843
171.48817802503476 -3.5219684490102194 0.7759790386099941
171.98887343532687 -3.547010105284768 0.7745529575435595
172.48956884561892 -3.571995306769346 0.7731133848197136
172.99026425591097 -3.596922966071971 0.7716604023702918
173.49095966620308 -3.6217919958006712 0.7701940921271266
173.99165507649514 -3.6466013085634534 0.7687145360220546
174.4923504867872 -3.671349816968343 0.7672218159869069
174.9930458970793 -3.6960364336233686 0.7657160139535197
175.49374130737135 -3.7206600711365363 0.7641972118537259
175.9944367176634 -3.7452196421158703 0.7626654916193603
176.49513212795551 -3.769714059169398 0.7611209351822568
176.99582753824757 -3.794142234905129 0.7595636244742496
177.49652294853962 -3.8185030819310875 0.757993641427172
177.99721835883173 -3.8427955128552975 0.7564110679728591
178.49791376912378 -3.8670184402857704 0.7548159860431445
178.99860917941584 -3.8911707768305313 0.7532084775698624
179.49930458970795 -3.9152514350975993 0.7515886244848466
180.0 -3.9392593276949928 0.7499565087199318
