Polar data for 2 at Re = 145714.28571428574
Alpha (deg) Cl Cd
-180.0 -7.030503936183452 0.7320841959371814
-179.49930458970792 -7.05093175875999 0.7304983705459988
-178.99860917941587 -7.071237647878048 0.7289012824294553
-178.49791376912378 -7.091420678074098 0.7272930065903506
-177.9972183588317 -7.111479923884609 0.725673618031483
-177.49652294853965 -7.131414459846061 0.7240431917556517
-176.99582753824757 -7.1512233604949245 0.7224018027656546
-176.4951321279555 -7.170905700367674 0.7207495260642914
-175.99443671766343 -7.190460554000781 0.7190864366543609
-175.49374130737135 -7.209886995930724 0.7174126095386609
-174.99304589707927 -7.229184100693967 0.7157281197199913
-174.49235048678722 -7.248350942826992 0.7140330422011508
-173.99165507649514 -7.2673865968662685 0.7123274519849373
-173.49095966620305 -7.286290137348274 0.7106114240741489
-172.990264255911 -7.305060638809476 0.7088850334715869
-172.48956884561892 -7.323697175786354 0.7071483551800483
-171.98887343532684 -7.342198822815375 0.7054014642023324
-171.48817802503476 -7.360564654433018 0.7036444355412371
-170.9874826147427 -7.378793745175752 0.7018773441995628
-170.48678720445062 -7.396885169580058 0.7001002651801068
-169.98609179415854 -7.414838002182398 0.6983132734856691
-169.4853963838665 -7.432651317519255 0.6965164441190469
-168.9847009735744 -7.450324190127102 0.6947098520830403
-168.48400556328232 -7.467855694542402 0.6928935723804478
-167.98331015299027 -7.485244905301641 0.6910676800140682
-167.4826147426982 -7.502490896941286 0.6892322499867
-166.9819193324061 -7.519592743997812 0.6873873573011414
-166.48122392211405 -7.536549521007695 0.6855330769601929
-165.98052851182197 -7.553360302507402 0.6836694839666518
-165.4798331015299 -7.570024163033413 0.6817966533233172
-164.97913769123784 -7.586540177122201 0.6799146600329881
-164.47844228094576 -7.602907419310231 0.6780235790984636
-163.97774687065368 -7.61912496413399 0.676123485522541
-163.47705146036162 -7.635191886129938 0.6742144543080203
-162.97635605006954 -7.651107259834559 0.672296560457701
-162.47566063977746 -7.66687015978432 0.67036987897438
-161.9749652294854 -7.682479660515693 0.6684344848608582
-161.47426981919332 -7.697934836565164 0.6664904531199315
-160.97357440890124 -7.713234762469192 0.6645378587544021
-160.4728789986092 -7.728378512764257 0.662576776767066
-159.9721835883171 -7.74336516198683 0.6606072821607235
-159.47148817802503 -7.75819378467339 0.6586294499381725
-158.97079276773297 -7.7728634553603975 0.6566433551022129
-158.4700973574409 -7.787373248584339 0.6546490726556421
-157.9694019471488 -7.801722238881689 0.6526466776012595
-157.46870653685676 -7.815909500788912 0.6506362449418642
-156.96801112656468 -7.829934108842487 0.6486178496802545
-156.4673157162726 -7.8437951375788835 0.6465915668192294
-155.96662030598054 -7.8574916615345725 0.6445574713615879
-155.46592489568846 -7.87102275524604 0.6425156383101288
-154.96522948539638 -7.884387493249749 0.6404661426676493
-154.46453407510432 -7.897584950082173 0.6384090594369504
-153.96383866481224 -7.910614200279792 0.6363444636208296
-153.46314325452016 -7.923474318379071 0.6342724302220862
-152.9624478442281 -7.936164378916489 0.6321930342435192
-152.46175243393603 -7.948683456428521 0.630106350687926
-151.96105702364395 -7.961030625451636 0.6280124545581068
-151.4603616133519 -7.973204960522308 0.6259114208568596
-150.9596662030598 -7.985205536177011 0.6238033245869842
-150.45897079276773 -7.997031426952221 0.6216882407512784
-149.95827538247568 -8.008681707384408 0.6195662443525413
-149.4575799721836 -8.02015545201005 0.617437410393571
-148.9568845618915 -8.031451735365616 0.6153018138771663
-148.45618915159943 -8.042569631987579 0.6131595298061289
-147.95549374130738 -8.053508216412414 0.6110106331832529
-147.4547983310153 -8.064266563176597 0.6088551990113406
-146.95410292072324 -8.074843746816603 0.6066933022931892
-146.45340751043116 -8.085238841868893 0.6045250180315983
-145.95271210013908 -8.095450922869958 0.6023504212293648
-145.452016689847 -8.105479064356256 0.6001695868892899
-144.95132127955495 -8.11532234086427 0.5979825900141719
-144.45062586926286 -8.124979826930474 0.5957895056068084
-143.94993045897078 -8.134450597091336 0.5935904086699987
-143.44923504867873 -8.14373372588333 0.5913853742065408
-142.94853963838665 -8.152828287842926 0.589174477219237
-142.44784422809457 -8.161733357506607 0.586957792710881
-141.9471488178025 -8.170448009410846 0.5847353956842755
-141.44645340751043 -8.178971318092112 0.5825073611422164
-140.94575799721835 -8.187302358086873 0.5802737640875041
-140.44506258692627 -8.195440203931613 0.5780346795229386
-139.94436717663422 -8.203383930162795 0.5757901824513155
-139.44367176634213 -8.211132611316904 0.573540347875437
-138.94297635605005 -8.218685321930403 0.5712852507980984
-138.442280945758 -8.226041136539777 0.5690249662221013
-137.94158553546592 -8.233199129681484 0.5667595691502437
-137.44089012517384 -8.240158375892008 0.5644891345853235
-136.94019471488178 -8.246917949707825 0.56221373753014
-136.4394993045897 -8.2534769256654 0.5599334529874921
-135.93880389429762 -8.25983437830121 0.5576483559601783
-135.43810848400557 -8.265989382151734 0.5553585214509976
-134.9374130737135 -8.271941011753434 0.5530640244627497
-134.4367176634214 -8.277688341642797 0.5507649399982305
-133.93602225312935 -8.283230446356281 0.5484613430602426
-133.43532684283727 -8.288566400430375 0.5461533086515821
-132.9346314325452 -8.293695278401538 0.5438409117750488
-132.43393602225314 -8.298616154806254 0.541524227433441
-131.93324061196105 -8.303328104180997 0.5392033306295573
-131.43254520166897 -8.307830201062233 0.5368782963661968
-130.93184979137692 -8.312121519986437 0.534549199646159
-130.43115438108484 -8.31620113549009 0.5322161154722421
-129.93045897079276 -8.320068122109651 0.5298791188472444
-129.4297635605007 -8.323721554381608 0.5275382847739661
-128.92906815020862 -8.327160506842429 0.525193688255203
-128.42837273991654 -8.330384054028583 0.5228454042937579
-127.92767732962449 -8.333391270476552 0.5204935078924261
-127.4269819193324 -8.336181230722806 0.5181380740540084
-126.92628650904032 -8.338753009303817 0.515779177781302
-126.42559109874827 -8.341105680756053 0.5134168940771079
-125.92489568845619 -8.343238319616002 0.5110512979442229
-125.42420027816411 -8.345150000420123 0.5086824643854465
-124.92350486787205 -8.346839797704902 0.506310468403577
-124.42280945757997 -8.348306786006802 0.5039353850014142
-123.92211404728789 -8.349550039862297 0.5015572891817569
-123.42141863699584 -8.35056863380787 0.4991762559474019
-122.92072322670376 -8.351361642379981 0.4967923603011509
-122.42002781641168 -8.351928140115117 0.49440567724579954
-121.91933240611961 -8.352267201549742 0.492016281784149
-121.41863699582754 -8.352377901220333 0.48962424891899714
-120.91794158553546 -8.352259313663367 0.4872296536531425
-120.41724617524339 -8.351910513415314 0.4848325709893847
-119.91655076495132 -8.351330575012641 0.482433075930521
-119.41585535465924 -8.350518572991831 0.48003124347935267
-118.91515994436718 -8.349473581889352 0.4776271486386757
-118.41446453407511 -8.34819467624168 0.4752208664112906
-117.91376912378303 -8.346680930585286 0.4728124717999954
-117.41307371349096 -8.34493141945665 0.4704020398075902
-116.91237830319889 -8.34294521739224 0.4679896454368718
-116.41168289290681 -8.340721398928522 0.46557536369063934
-115.91098748261474 -8.33825903860199 0.4631592695716936
-115.41029207232268 -8.335557210949093 0.4607414380828311
-114.9095966620306 -8.332614990506327 0.45832194422685124
-114.40890125173853 -8.329431451810148 0.4559008630065541
-113.90820584144646 -8.326005669397041 0.45347826942473646
-113.40751043115438 -8.322336717803475 0.4510542384841979
-112.90681502086231 -8.31842367156592 0.44862884518773793
-112.40611961057024 -8.314265605220857 0.446202164538153
-111.90542420027816 -8.30986159330475 0.4437742715382448
-111.4047287899861 -8.305210710354082 0.4413452411908111
-110.90403337969401 -8.300312030905317 0.43891514849864965
-110.40333796940195 -8.295164629494945 0.43648406846456134
-109.90264255910988 -8.28976758065942 0.4340520760913421
-109.4019471488178 -8.284119958935221 0.4316192463817933
-108.90125173852573 -8.278220838858829 0.42918565433871125
-108.40055632823366 -8.27206929496671 0.4267513749648978
-107.89986091794158 -8.265664401795345 0.42431648326314797
-107.39916550764951 -8.259005233881197 0.42188105423626443
-106.89847009735745 -8.252090865760747 0.4194451628870436
-106.39777468706536 -8.244920371970467 0.4170088842182841
-105.8970792767733 -8.237492827046829 0.4145722932327863
-105.39638386648123 -8.229807305526307 0.4121354649333472
-104.89568845618915 -8.221862881945379 0.40969847432276707
-104.39499304589708 -8.213658630840506 0.40726139640384373
-103.89429763560501 -8.205193626748173 0.4048243061793776
-103.39360222531293 -8.196466944204849 0.40238727865216417
-102.89290681502086 -8.187477657747014 0.3999503888250039
-102.3922114047288 -8.178224841911131 0.3975137117006976
-101.89151599443672 -8.168707571233686 0.3950773222820404
-101.39082058414465 -8.15892492025113 0.3926412955718349
-100.89012517385257 -8.148875963499965 0.3902057065728767
-100.3894297635605 -8.13855977551665 0.3877706302879661
-99.88873435326843 -8.127975430837653 0.3853361417199014
-99.38803894297635 -8.117122003999452 0.3829023158714816
-98.88734353268428 -8.105998569538531 0.38046922774550584
-98.38664812239222 -8.09460420199135 0.3780369523447714
-97.88595271210013 -8.082937975894387 0.37560556467207873
-97.38525730180807 -8.070998965784117 0.3731751397302264
-96.884561891516 -8.058786246197009 0.3707457525220136
-96.38386648122392 -8.046298891669542 0.3683174780502362
-95.88317107093185 -8.033535976738186 0.3658903913176964
-95.38247566063978 -8.020496575939415 0.3634645673271911
-94.8817802503477 -8.007179763809704 0.3610400810815194
-94.38108484005564 -7.993584614885528 0.3586170075834808
-93.88038942976357 -7.979710203703352 0.35619542183587305
-93.37969401947149 -7.965555604799665 0.35377539884149567
-92.87899860917942 -7.951119892710922 0.35135701360314686
-92.37830319888734 -7.936402141973609 0.34894034112362615
-91.87760778859527 -7.9214014271241915 0.34652545640573174
-91.3769123783032 -7.906116822699149 0.3441124344522636
-90.87621696801112 -7.8905474032349545 0.34170135026601856
-90.37552155771905 -7.8746922432680755 0.3392922788497962
-89.87482614742699 -7.858550417334998 0.336885295206396
-89.3741307371349 -7.842120999972185 0.3344804743386153
-88.87343532684284 -7.8254030657161096 0.3320778912492536
-88.37273991655077 -7.80839568910325 0.32967762094111
-87.87204450625869 -7.7910979446700726 0.32727973841698355
-87.37134909596662 -7.773508906953065 0.32488431867967116
-86.87065368567455 -7.755627650488687 0.3224914367319741
-86.36995827538247 -7.737453249813422 0.3201011675766897
-85.8692628650904 -7.718984779463728 0.31771358621661705
-85.36856745479834 -7.700221313976094 0.3153287676545561
-84.86787204450626 -7.6811619278869845 0.31294678689330235
-84.36717663421419 -7.661805695732886 0.3105677189356576
-83.86648122392211 -7.642151692050248 0.3081916387844218
-83.36578581363004 -7.622198991375564 0.30581862144238914
-82.86509040333797 -7.60194666824531 0.30344874191236093
-82.36439499304589 -7.581393797195936 0.3010820751971367
-81.86369958275382 -7.560539452763951 0.29871869629951464
-81.36300417246176 -7.539382709485787 0.29635868022229206
-80.86230876216968 -7.517922641897961 0.2940021019682689
-80.36161335187761 -7.496158324536907 0.2916490365402452
-79.86091794158554 -7.4740888319391185 0.28929955894101733
-79.36022253129346 -7.451713238641071 0.2869537441733875
-78.85952712100139 -7.429030619179233 0.28461166724014986
-78.35883171070932 -7.406040048090073 0.2822734031441062
-77.85813630041724 -7.382740599910074 0.2799390268880547
-77.35744089012518 -7.359131349175701 0.2776086134747958
-76.85674547983311 -7.335211370423433 0.275282237907125
-76.35605006954103 -7.310979738189742 0.2729599751878423
-75.85535465924896 -7.286435527011111 0.2706419003197468
-75.35465924895689 -7.26157781142399 0.26832808830563837
-74.85396383866481 -7.236405665964876 0.26601861414831396
-74.35326842837274 -7.210918165170218 0.2637135528505744
-73.85257301808066 -7.185114383576515 0.2614129794152148
-73.3518776077886 -7.158993395720223 0.25911696884503777
-72.85118219749653 -7.132554276137837 0.2568255961428406
-72.35048678720445 -7.105796099365801 0.254538936311422
-71.84979137691238 -7.07871793994061 0.25225706435358053
-71.34909596662031 -7.0513188723987295 0.24998005527211528
-70.84840055632823 -7.023597971276628 0.24770798406982628
-70.34770514603616 -6.995554311110787 0.2454409257495099
-69.8470097357441 -6.967186966437689 0.24317895531396524
-69.34631432545201 -6.938495011793782 0.24092214776599272
-68.84561891515995 -6.909477521715555 0.2386705781083905
-68.34492350486788 -6.880133570739484 0.23642432134395816
-67.8442280945758 -6.850462233402039 0.23418345247549163
-67.34353268428373 -6.820462584239697 0.23194804650579312
-66.84283727399166 -6.790133697788924 0.2297181784376577
-66.34214186369958 -6.75947464858619 0.2274939232738876
-65.84144645340751 -6.728484511167979 0.22527535601728052
-65.34075104311543 -6.69716236007077 0.22306255167063335
-64.84005563282336 -6.6655072698310205 0.2208555852367474
-64.3393602225313 -6.633518314985212 0.2186545317184195
-63.838664812239216 -6.6011945700698185 0.216459466118451
-63.33796940194715 -6.568535109621305 0.2142704634396396
-62.83727399165508 -6.535539008176157 0.2120875986847822
-62.336578581363 -6.502205340270849 0.2099109468566783
-61.83588317107093 -6.468533180441835 0.20774058295812922
-61.335187760778865 -6.434521603225603 0.20557658199193093
-60.834492350486784 -6.400169683158638 0.20341901896088208
-60.333796940194716 -6.365476494777386 0.20126796886778484
-59.83310152990265 -6.330441112618337 0.1991235067154334
-59.33240611961057 -6.295062611217974 0.19698570750663089
-58.8317107093185 -6.259340065112743 0.19485464624417145
-58.33101529902643 -6.223272548839155 0.19273039793085642
-57.83031988873435 -6.18685913693365 0.1906130375694862
-57.329624478442284 -6.150098903932699 0.18850264016285764
-56.82892906815022 -6.112990924372809 0.18639928071376852
-56.328233657858135 -6.0755342727904225 0.18430303422502012
-55.82753824756607 -6.03772802372203 0.1822139756994102
-55.326842837273986 -5.999571251704097 0.1801321801397365
-54.82614742698192 -5.961063031273102 0.17805772254879945
-54.32545201668985 -5.922202436965518 0.17599067792939413
-53.82475660639777 -5.882988543317816 0.1739311212843245
-53.3240611961057 -5.843420424866469 0.17187912761638566
-52.823365785813635 -5.803497156147946 0.16983477192837979
-52.322670375521554 -5.763217811698731 0.16779812922310286
-51.82197496522949 -5.722581466055299 0.16576927450335263
-51.321279554937405 -5.681587193754104 0.16374828277192952
-50.82058414464535 -5.640234069331635 0.16173522903163393
-50.31988873435327 -5.598521167324375 0.1597301882852645
-49.81919332406119 -5.556447562268758 0.15773323553561722
-49.318497913769136 -5.514012328701307 0.1557444457854916
-48.817802503477054 -5.471214541158464 0.15376389403768628
-48.31710709318497 -5.428053274176719 0.1517916552950008
-47.81641168289292 -5.384527602292531 0.14982780456023645
-47.31571627260084 -5.340636600042385 0.14787241683618743
-46.81502086230876 -5.296379341962748 0.14592556712565327
-46.3143254520167 -5.251754902590096 0.14398733043143705
-45.81363004172462 -5.206762356460898 0.14205778175633296
-45.31293463143254 -5.161400778111634 0.1401369961031432
-44.81223922114049 -5.115669242078777 0.13822504847466108
-44.311543810848406 -5.069566822898798 0.13632201387369144
-43.810848400556324 -5.023092595108168 0.13442796730303117
-43.31015299026427 -4.976245633243355 0.1325429837654771
-42.80945757997219 -4.929025011840862 0.1306671382638279
-42.30876216968011 -4.881429805437124 0.12880050580088662
-41.808066759388026 -4.833459088568628 0.12694316137944747
-41.30737134909597 -4.785111935771872 0.12509518000231176
-40.80667593880389 -4.736387421583283 0.12325663667227814
-40.30598052851181 -4.68728462053937 0.12142760639214432
-39.80528511821976 -4.637802607176603 0.11960816416470897
-39.304589707927676 -4.587940456031442 0.1177983849927725
-38.803894297635594 -4.537697241640371 0.11599834387913087
-38.30319888734354 -4.487072038539857 0.11420811582658628
-37.80250347705146 -4.436063921266377 0.11242777583793472
-37.30180806675938 -4.384671964356398 0.1106573989159748
-36.801112656467325 -4.332895242346403 0.10889706006350962
-36.30041724617524 -4.280732829772862 0.10714683428333337
-35.79972183588316 -4.228183801172255 0.10540679657824469
-35.29902642559111 -4.175247231081045 0.10367702195104665
-34.79833101529903 -4.121922194035701 0.10195758540453435
-34.297635605006946 -4.068207764572704 0.10024856194150554
-33.79694019471489 -4.014103017228536 0.09855002656476418
-33.29624478442281 -3.9596070265396612 0.09686205427710269
-32.79554937413073 -3.904718867042547 0.09518472008132504
-32.294853963838676 -3.849437613273688 0.09351809898022988
-31.794158553546595 -3.7937623397695255 0.09186226597660961
-31.293463143254513 -3.7376921210665586 0.09021729607326999
-30.79276773296246 -3.681226031701259 0.08858326427300699
-30.29207232267038 -3.624363146210084 0.0869602455786228
-29.791376912378297 -3.5671025391295217 0.08534831499290806
-29.290681502086244 -3.5094432849960544 0.08374754751866852
-28.789986091794162 -3.4513844583461317 0.08215801815869926
-28.28929068150208 -3.3929251337162327 0.08057980191580337
-27.788595271210028 -3.3340643856428356 0.07901297379277859
-27.287899860917946 -3.274801288662422 0.07745760879241824
-26.787204450625865 -3.2151349173114534 0.07591378191752539
-26.28650904033381 -3.1550643461264114 0.07438156817090134
-25.78581363004173 -3.094588649643752 0.07286104255534208
-25.28511821974965 -3.033706902399972 0.07135228007364357
-24.784422809457595 -2.9724181789315445 0.069855355728608
-24.283727399165514 -2.910721553774919 0.06837034452303313
-23.783031988873432 -2.848616101466577 0.06689732145971937
-23.28233657858135 -2.786100896543016 0.06543636154146269
-22.781641168289298 -2.72317501354069 0.06398753977106351
-22.280945757997216 -2.659837526996067 0.06255093115132314
-21.780250347705135 -2.596087511445636 0.06112661068503487
-21.27955493741308 -2.531924041425853 0.05971465337500002
-20.778859527121 -2.4673461914732 0.05831513422401722
-20.27816411682892 -2.4023530361241523 0.05692812823488689
-19.777468706536865 -2.3369436499151988 0.05555371041040678
-19.276773296244784 -2.271117107382775 0.05419195575337641
-18.776077885952702 -2.2048724830633883 0.052842939266589985
-18.27538247566065 -2.138208851493496 0.051506735952854134
-17.774687065368568 -2.071125287209572 0.05018342081496039
-17.273991655076486 -2.0036208647480924 0.04887306885571183
-16.773296244784433 -1.935694658645532 0.04757575507790444
-16.27260083449235 -1.8673457434383673 0.04629155448434039
-15.77190542420027 -1.7985731936630664 0.045020542077814786
-15.271210013908217 -1.7293760838560972 0.04376279286112892
-14.770514603616135 -1.6597534885539502 0.04251838183708143
-14.269819193324054 -1.5897044822930788 0.041287384008470075
-13.769123783032 -1.5192281396099807 0.040069874378093485
-13.268428372739919 -1.4483235350411026 0.0388659279487503
-12.767732962447838 -1.3769897431229265 0.03767561972324094
-12.267037552155784 -1.3052258383919433 0.03649902470436226
-11.766342141863703 -1.2330308953846065 0.03533621789491557
-11.265646731571621 -1.1604039886373985 0.03418727429769595
-10.764951321279568 -1.087344192686795 0.03305226891550559
-10.264255910987487 -1.0138505820692514 0.03193127675114225
-9.763560500695405 -0.9399222313212554 0.03082437280740278
-9.262865090403352 -0.8655582149792977 0.02973163208708849
-8.76216968011127 -0.7907576075798193 0.028653129592998018
-8.261474269819189 -0.715519483659308 0.027588940327929114
-7.760778859527136 -0.6398429177542473 0.026539139294679527
-7.260083449235054 -0.5637269844010853 0.025503801496048785
-6.759388038942973 -0.48717075813632404 0.024483001934836414
-6.25869262865092 -0.4101733134964187 0.02347681561384194
-5.757997218358838 -0.33273372501784526 0.022485317535864892
-5.257301808066757 -0.25485106723707873 0.021508582703700353
-4.756606397774675 -0.17652441469060132 0.02054668612014874
-4.255910987482622 -0.097752841914861 0.019599702788009578
-3.7552155771905404 -0.018535423446368382 0.01866770771007973
-3.254520166898459 0.06112876617842988 0.017750775889161387
-2.753824756606406 0.14124065242304318 0.016848982328049635
-2.2531293463143243 0.2218011607510253 0.015962402029547552
-1.7524339360222427 0.30275618915160113 0.015089235048678703
-1.2517385257301896 0.37602294853963725 0.014088929068150229
-0.7510431154381081 0.44813560500695415 0.013380584144645342
-0.25034770514602656 0.5270452016689862 0.013100194714881774
0.25034770514602656 0.6034012517385243 0.012709652294853973
0.7510431154381081 0.6720322670375521 0.012213977746870655
1.2517385257301896 0.7321471488178035 0.011879374130737131
1.7524339360222427 0.7883706536856734 0.01179
2.2531293463143243 0.8428329624478441 0.01189125173852573
2.753824756606406 0.8955993045897087 0.012147371349095971
3.254520166898459 0.9464465924895678 0.01248325452016689
3.7552155771905404 0.994792350486787 0.012935632823365783
4.255910987482622 1.0371445062586933 0.013814186369958292
4.756606397774675 1.069869958275382 0.01585239221140466
5.257301808066757 1.0951300417246175 0.019432503477051437
5.757997218358838 1.1217346314325456 0.023305660639777515
6.258692628650891 1.1562675938803886 0.026516286509040258
6.759388038942973 1.1988712100139078 0.030725827538247527
7.260083449235054 1.2431510431154387 0.03572877607788601
7.760778859527107 1.2792553546592482 0.04180909596662011
8.261474269819189 1.3007552155771904 0.05042828929068142
8.76216968011127 1.2512578581362992 0.05487075104311544
9.262865090403324 1.173630041724619 0.059274367176633966
9.763560500695405 1.1211517385257308 0.06826478442280937
10.264255910987487 1.0640835883171067 0.07825393602225322
10.76495132127954 1.000620445062589 0.09012634214186331
11.265646731571621 0.9299186369958284 0.10460506258692609
11.766342141863703 0.8708161335187758 0.12003157162726018
12.267037552155784 0.831414742698191 0.13651579972183633
12.767732962447838 0.7973173852573022 0.15424542420027793
13.268428372739919 0.7789767732962448 0.16599178025034775
13.769123783032 0.7781994436717664 0.1729538247566066
14.269819193324054 0.7808030598052851 0.1802539638386647
14.770514603616135 0.7765356050069541 0.1869752016689847
15.271210013908217 0.7663945934609168 0.19319856534738652
15.77190542420027 0.7560894505821568 0.19938970353120905
16.27260083449235 0.7456017636616459 0.20554490306887482
16.773296244784433 0.7349324581629109 0.2116642389631823
17.273991655076486 0.7240824595494793 0.2177477862169299
17.774687065368568 0.7130526932848762 0.22379561983291715
18.27538247566065 0.7018440848326288 0.22980781481394236
18.776077885952702 0.6904575596562644 0.23578444616280406
19.276773296244784 0.6788940432193081 0.2417255888823017
19.777468706536865 0.6671544609852872 0.2476313179752336
20.27816411682892 0.6552397384177288 0.25350170844439834
20.778859527121 0.6431508009801581 0.2593368352925953
21.27955493741308 0.6308885741361026 0.265136773522623
21.780250347705135 0.6184539833490891 0.2709015981372797
22.280945757997216 0.605847954082643 0.276631384139365
22.781641168289298 0.5930714118002915 0.2823262065316773
23.28233657858135 0.5801252819655619 0.28798614031701497
23.783031988873432 0.5670104900419792 0.2936112604981776
24.283727399165514 0.5537279614930708 0.29920164207796346
24.784422809457567 0.5402786217823639 0.30475736005917115
25.28511821974965 0.5266633963733836 0.31027848944460007
25.78581363004173 0.5128832107296571 0.31576510523704854
26.286509040333783 0.4989389903147118 0.32121728243931513
26.787204450625865 0.4848316605920727 0.3266350960541992
27.287899860917946 0.470562147025267 0.3320186210844993
27.78859527121 0.4561313750778222 0.3373679325330138
28.28929068150208 0.44154027021326314 0.34268310540254204
28.789986091794162 0.4267897578951172 0.3479642146958827
29.290681502086215 0.4118807635869117 0.353211335415834
29.791376912378297 0.39681421275217166 0.3584245425651955
30.29207232267038 0.38159103085442414 0.36360391114676555
30.79276773296246 0.3662121433571961 0.36874951616334306
31.293463143254513 0.35067847572401467 0.3738614326177264
31.794158553546595 0.33499095341840457 0.3789397355127149
32.294853963838676 0.3191505019038937 0.3839844998511072
32.79554937413073 0.303158046644009 0.38899580063570166
33.29624478442281 0.28701451310227544 0.3939737128692977
33.79694019471489 0.2707208267422203 0.3989183115546937
34.297635605006946 0.25427791302737135 0.4038296716946883
34.79833101529903 0.23768669742125303 0.4087078682920806
35.29902642559111 0.22094810538739273 0.4135529763496694
35.79972183588316 0.20406306238931815 0.41836507087025304
36.30041724617524 0.18703249389055387 0.4231442268566309
36.801112656467325 0.1698573253546274 0.42789051931160127
37.30180806675938 0.1525384822450664 0.43260402323796293
37.80250347705146 0.13507689002539514 0.4372848136385151
38.30319888734354 0.11747347415914122 0.44193296551605626
38.803894297635594 0.09972916010983235 0.44654855387338493
39.304589707927676 0.08184487334099289 0.45113165371330033
39.80528511821976 0.06382153931615053 0.4556823400386011
40.30598052851181 0.04566008349883277 0.46020068785208573
40.80667593880389 0.02736143135256408 0.4646867721565535
41.30737134909597 0.008926508340872052 0.46914066795480286
41.808066759388026 -0.009643760072715613 0.4735624502496324
42.30876216968011 -0.028348448424674766 0.4779521940438415
42.80945757997219 -0.047186631251477484 0.4823099743402285
43.31015299026424 -0.06615738308959629 0.48663586614159193
43.810848400556324 -0.0852597784755067 0.490929944450731
44.311543810848406 -0.10449289194568112 0.4951922842704447
44.81223922114046 -0.12385579803659241 0.499422960603531
45.31293463143254 -0.1433475712847152 0.5036220484527895
45.81363004172462 -0.162967286226523 0.5077896228210186
46.314325452016675 -0.18271401739848758 0.5119257587110166
46.81502086230876 -0.2025868393370842 0.5160305311255833
47.31571627260084 -0.22258482657878598 0.5201040150675168
47.81641168289289 -0.24270705366006484 0.5241462855396158
48.31710709318497 -0.2629525951173963 0.5281574175446796
48.817802503477054 -0.2833205254872533 0.5321374860855065
49.318497913769136 -0.3038099193061088 0.5360865661648956
49.81919332406119 -0.32441985111043525 0.5400047327856453
50.31988873435327 -0.34514939543670864 0.5438920609505546
50.82058414464535 -0.3659976268214009 0.5477486256624224
51.321279554937405 -0.3869636198009847 0.5515745019240471
51.82197496522949 -0.4080464489119353 0.555369764738228
52.32267037552157 -0.42924518869072537 0.5591344891077635
52.82336578581362 -0.45055891367382706 0.5628687500354522
53.3240611961057 -0.47198669839771634 0.5665726225240934
53.824756606397784 -0.4935276173988654 0.5702461815764855
54.32545201668984 -0.5151807452137462 0.5738895021954274
54.82614742698192 -0.5369451563788352 0.5775026593837179
55.326842837274 -0.5588199254306043 0.5810857281441557
55.82753824756605 -0.580804126905526 0.5846387834795395
56.328233657858135 -0.6028968353400754 0.5881619003926685
56.82892906815022 -0.625097125270726 0.5916551538863409
57.32962447844227 -0.647404071233949 0.5951186189633556
57.83031988873435 -0.6698167477662205 0.5985523706265117
58.33101529902643 -0.6923342294040131 0.6019564838786078
58.831710709318486 -0.714955590683799 0.6053310337224425
59.33240611961057 -0.7376799061420536 0.6086760951608149
59.83310152990265 -0.7605062503152495 0.6119917431965235
60.3337969401947 -0.783433697739859 0.6152780528323671
60.834492350486784 -0.8064613229523581 0.6185350990711447
61.335187760778865 -0.8295882004892183 0.621762956915655
61.83588317107092 -0.8528134048869129 0.6249617013686963
62.336578581363 -0.8761360106819172 0.6281314074330682
62.83727399165508 -0.8995550924107034 0.6312721501115688
63.337969401947134 -0.9230697246097439 0.6343840044069969
63.838664812239216 -0.9466789818155144 0.6374670453221519
64.3393602225313 -0.9703819385644874 0.6405213478598323
64.84005563282335 -0.9941776693931348 0.6435469870228363
65.34075104311543 -1.0180652488379327 0.6465440378139632
65.84144645340751 -1.0420437514353538 0.6495125752360119
66.34214186369957 -1.0661122517218697 0.6524526742917808
66.84283727399165 -1.0902698242339566 0.6553644099840691
67.34353268428373 -1.1145155435080867 0.658247857315675
67.84422809457581 -1.138848484080733 0.6611030912893977
68.34492350486786 -1.1632677204883677 0.6639301869080358
68.84561891515995 -1.1877723272674683 0.6667292191743883
69.34631432545203 -1.2123613789545054 0.6695002630912538
69.84700973574408 -1.2370339500859509 0.6722433936614309
70.34770514603616 -1.261789115198282 0.6749586858877188
70.84840055632824 -1.286625948827971 0.6776462147729158
71.3490959666203 -1.3115435255114887 0.6803060553198209
71.84979137691238 -1.3365409197853129 0.682938282531233
72.35048678720446 -1.3616172061859138 0.6855429714099509
72.85118219749651 -1.386771459249765 0.688120196958773
73.3518776077886 -1.4120027535133428 0.6906700341804984
73.85257301808068 -1.4373101635131176 0.6931925580779259
74.35326842837273 -1.4626927637855631 0.6956878436538538
74.85396383866481 -1.488149628867155 0.6981559659110816
75.35465924895689 -1.513679833294365 0.7005969998524074
75.85535465924895 -1.5392824516036658 0.7030110204806304
76.35605006954103 -1.5649565583315332 0.7053981027985494
76.85674547983308 -1.590701228014438 0.7077583218089628
77.35744089012519 -1.6165155351888585 0.71009175251467
77.85813630041724 -1.6423985543912607 0.7123984699184691
78.3588317107093 -1.6683493601581232 0.714678549023159
78.8595271210014 -1.6943670270259215 0.716932064831539
79.36022253129346 -1.7204506295311222 0.7191590923464072
79.86091794158551 -1.7465992422102021 0.7213597065705628
80.36161335187762 -1.7728119395996391 0.7235339825068043
80.86230876216968 -1.7990877962358984 0.7256819951579307
81.36300417246173 -1.8254258866554582 0.7278038195267408
81.86369958275384 -1.851825285394795 0.7298995306160333
82.36439499304589 -1.8782850669903752 0.7319692034286067
82.86509040333794 -1.904804305978676 0.7340129129672602
83.36578581363005 -1.9313820768961725 0.7360307342347926
83.86648122392211 -1.9580174542793343 0.7380227422340021
84.36717663421416 -1.984709512664636 0.7399890119676881
84.86787204450627 -2.0114573265885554 0.7419296184386488
85.36856745479832 -2.038259970587559 0.7438446366496835
85.86926286509038 -2.0651165191981242 0.7457341416035906
86.36995827538249 -2.092026046956727 0.7475982083031695
86.87065368567454 -2.118987628399834 0.7494369117512182
87.3713490959666 -2.1460003380639234 0.7512503269505356
87.8720445062587 -2.1730632504854697 0.7530385289039212
88.37273991655076 -2.200175440200942 0.7548015926141728
88.87343532684281 -2.2273359817468155 0.7565395930840897
89.37413073713492 -2.2545439496595687 0.7582526053164707
89.87482614742697 -2.281798418475666 0.7599407043141142
90.37552155771903 -2.309098462731586 0.7616039650798194
90.87621696801114 -2.3364431569638047 0.7632424626163852
91.37691237830319 -2.3638315757087893 0.7648562719266098
91.87760778859524 -2.3912627935030173 0.766445468013292
92.37830319888735 -2.418735884882964 0.7680101258792313
92.8789986091794 -2.4462499243850964 0.7695503205272259
93.37969401947146 -2.473803986545893 0.7710661269600746
93.88038942976357 -2.5013971459018274 0.7725576201805764
94.38108484005562 -2.529028476989369 0.7740248751915298
94.88178025034773 -2.5566970543449985 0.7754679669957336
95.38247566063978 -2.5844019525051793 0.7768869705959868
95.88317107093184 -2.6121422460063917 0.778281960995088
96.38386648122395 -2.639917009385112 0.7796530131958361
96.884561891516 -2.667725317177804 0.7810002022010298
97.38525730180805 -2.695566243920948 0.7823236030134678
97.88595271210016 -2.723438864151019 0.7836232906359492
98.38664812239222 -2.751342252404484 0.7848993400712724
98.88734353268427 -2.7792754832178206 0.786151826322236
99.38803894297638 -2.807237631127504 0.7873808243916394
99.88873435326843 -2.835227770670003 0.7885864092822809
100.38942976356049 -2.8632449763817913 0.7897686559969594
100.8901251738526 -2.8912883227993493 0.790927639538474
101.39082058414465 -2.919356884459143 0.7920634349096228
101.8915159944367 -2.9474497358976475 0.7931761171132051
102.39221140472881 -2.9755659516513395 0.7942657611520197
102.89290681502086 -3.0037046062566892 0.795332442028865
103.39360222531292 -3.0318647742501685 0.7963762347465401
103.89429763560503 -3.0600455301682583 0.7973972143078435
104.39499304589708 -3.0882459485474225 0.7983954557155741
104.89568845618913 -3.1164651039241393 0.7993710339725307
105.39638386648124 -3.144702070834887 0.8003240240815123
105.8970792767733 -3.1729559238161293 0.8012545010453173
106.39777468706535 -3.2012257374043447 0.8021625398667446
106.89847009735746 -3.2295105861360103 0.8030482155485931
107.39916550764951 -3.257809544547592 0.8039116030936613
107.89986091794157 -3.2861216871755667 0.8047527775047482
108.40055632823368 -3.3144460885564104 0.8055718137846525
108.90125173852573 -3.3427818232265922 0.8063687869361729
109.40194714881778 -3.3711279657225877 0.8071437719621083
109.90264255910989 -3.3994835905808722 0.8078968438652577
110.40333796940195 -3.4278477723379144 0.8086280776484195
110.904033379694 -3.4562195855301905 0.8093375483143924
111.40472878998611 -3.484598104694178 0.8100253308659756
111.90542420027816 -3.512982404366343 0.8106915003059676
112.40611961057022 -3.5413715590831627 0.811336131637167
112.90681502086233 -3.569764643381112 0.8119592998623727
113.40751043115438 -3.5981607317966606 0.8125610799843838
113.90820584144643 -3.626558898866283 0.8131415470059989
114.40890125173854 -3.654958219126458 0.8137007759300167
114.9095966620306 -3.68335776711365 0.8142388417592358
115.41029207232265 -3.711756617364337 0.8147558194964555
115.91098748261476 -3.740153844414997 0.8152517841444741
116.41168289290681 -3.768548522802095 0.8157268107060901
116.91237830319886 -3.7969397270621092 0.816180974184103
117.41307371349097 -3.8253265317315135 0.8166143495813115
117.91376912378303 -3.8537080113467796 0.8170270119005136
118.41446453407508 -3.8820832404443797 0.8174190361445088
118.91515994436719 -3.910451293560792 0.8177904973160959
119.41585535465924 -3.938811245232486 0.8181414704180733
119.9165507649513 -3.967162169995934 0.8184720304532399
120.4172461752434 -3.9955031423876157 0.8187822524243947
120.91794158553546 -4.023833236943998 0.8190722113343359
121.41863699582751 -4.052151528201555 0.8193419821858631
121.91933240611962 -4.080457090696767 0.8195916399817741
122.42002781641168 -4.108748998966099 0.8198212597248686
122.92072322670373 -4.137026327546026 0.8200309164179449
123.42141863699584 -4.165288150973029 0.8202206850638015
123.92211404728789 -4.1935335437835715 0.8203906406652379
124.42280945757994 -4.221761580514132 0.8205408582250525
124.92350486787205 -4.2499713357011855 0.820671412746044
125.42420027816411 -4.278161883881201 0.8207823792310115
125.92489568845616 -4.306332299590654 0.820873832682753
126.42559109874827 -4.3344816573660205 0.8209458481040682
126.92628650904032 -4.3626090317437685 0.8209985004977552
127.42698191933238 -4.390713497260376 0.8210318648666134
127.92767732962449 -4.4187941284523164 0.8210460162134406
128.42837273991654 -4.4468499998560596 0.8210410295410367
128.9290681502086 -4.474880186008081 0.8210169798521999
129.4297635605007 -4.502883761444858 0.820973942149729
129.93045897079276 -4.530859800702856 0.8209119914364228
130.4311543810848 -4.558807378318554 0.82083120271508
130.93184979137692 -4.586725568828426 0.8207316509884998
131.43254520166897 -4.61461344676894 0.8206134112594804
131.93324061196108 -4.642470086676578 0.8204765585308204
132.43393602225314 -4.670294563087808 0.8203211678053194
132.9346314325452 -4.698085950539098 0.8201473140857759
133.4353268428373 -4.725843323566934 0.8199550723749885
133.93602225312935 -4.753565756707781 0.819744517675756
134.4367176634214 -4.781252324498114 0.819515724990877
134.93741307371351 -4.80890210147441 0.8192687693231505
135.43810848400557 -4.836514162173134 0.8190037256753754
135.93880389429762 -4.864087581130767 0.81872066905035
136.43949930458973 -4.891621432883782 0.8184196744508739
136.94019471488178 -4.919114791968649 0.8181008168797447
137.44089012517384 -4.946566732921841 0.8177641713397624
137.94158553546595 -4.973976330279839 0.8174098128337247
138.442280945758 -5.001342658579107 0.8170378163644315
138.94297635605005 -5.028664792356123 0.8166482569346803
139.44367176634216 -5.055941806147365 0.8162412095472705
139.94436717663422 -5.083172774489293 0.8158167492050018
140.44506258692627 -5.110356771918394 0.815374950910671
140.94575799721838 -5.137492872971139 0.8149158896670788
141.44645340751043 -5.164580152183993 0.8144396404770228
141.94714881780249 -5.191617684093439 0.8139462783433024
142.4478442280946 -5.218604543235946 0.8134358782687156
142.94853963838665 -5.245539804147988 0.8129085152560619
143.4492350486787 -5.272422541366037 0.8123642643081396
143.9499304589708 -5.299251829426573 0.8118032004277477
144.45062586926286 -5.326026742866059 0.8112253986176855
144.95132127955492 -5.352746356220974 0.8106309338807506
145.45201668984703 -5.3794097440278 0.8100198812197427
145.95271210013908 -5.406015980822993 0.80939231563746
146.45340751043113 -5.432564141143037 0.8087483121367022
146.95410292072324 -5.459053299524409 0.8080879457202669
147.4547983310153 -5.485482530503574 0.8074112913909538
147.95549374130735 -5.511850908617006 0.8067184241515607
148.45618915159946 -5.538157508401186 0.8060094190048875
148.9568845618915 -5.564401404392578 0.8052843509537327
149.45757997218357 -5.590581671127662 0.804543295000894
149.95827538247568 -5.616697383142913 0.8037863261491717
150.45897079276773 -5.642747614974796 0.8030135194013636
150.95966620305978 -5.668731441159792 0.8022249497602688
151.4603616133519 -5.694647936234375 0.8014206922286856
151.96105702364395 -5.720496174735012 0.8006008218094139
152.461752433936 -5.746275231198179 0.7997654135052511
152.9624478442281 -5.771984180160353 0.7989145423189968
153.46314325452016 -5.797622096158005 0.7980482832534502
153.96383866481222 -5.823188053727604 0.7971667113114088
154.46453407510432 -5.848681127405633 0.7962699014956726
154.96522948539638 -5.874100391728557 0.795357928809039
155.46592489568843 -5.899444921232853 0.7944308682543085
155.96662030598054 -5.924713790454996 0.7934887948342785
156.4673157162726 -5.949906073931455 0.7925317835517488
156.96801112656465 -5.975020846198708 0.791559909409517
157.46870653685676 -6.000057181793228 0.7905732474103829
157.9694019471488 -6.025014155251482 0.7895718725571447
158.47009735744086 -6.049890841109951 0.7885558598526013
158.97079276773297 -6.074686313905108 0.7875252842995516
159.47148817802503 -6.099399648173422 0.7864802209007943
159.97218358831708 -6.1240299184513685 0.7854207446591283
160.4728789986092 -6.148576199275425 0.7843469305773519
160.97357440890124 -6.173037565182056 0.7832588536582649
161.4742698191933 -6.197413090707742 0.7821565889046648
161.9749652294854 -6.221701850388957 0.7810402113193514
162.47566063977746 -6.245902918762169 0.7799097959051223
162.9763560500695 -6.270015370363855 0.7787654176647781
163.47705146036162 -6.294038279730491 0.7776071516011155
163.97774687065368 -6.317970721398545 0.7764350727169348
164.47844228094573 -6.341811769904492 0.7752492560150342
164.97913769123784 -6.365560499784808 0.7740497764982123
165.4798331015299 -6.389215985575964 0.7728367091692684
165.98052851182194 -6.412777301814431 0.7716101290310008
166.48122392211405 -6.436243523036694 0.770370111086209
166.9819193324061 -6.459613723779212 0.7691167303376903
167.48261474269816 -6.482886978578466 0.767850061788245
167.98331015299027 -6.50606236197093 0.7665701804406709
168.48400556328232 -6.529138948493073 0.765277161297767
168.98470097357443 -6.552115812681374 0.763971079362333
169.4853963838665 -6.574992029072301 0.7626520096371662
169.98609179415854 -6.5977666722023285 0.7613200271250665
170.48678720445065 -6.620438816607935 0.7599752068288318
170.9874826147427 -6.6430075368255865 0.758617623751262
171.48817802503476 -6.665471907391763 0.7572473528951545
171.98887343532687 -6.687831002842937 0.7558644692633089
172.48956884561892 -6.710083897715576 0.7544690478585242
172.99026425591097 -6.732229666546158 0.7530611636835981
173.49095966620308 -6.754267383871162 0.7516408917413308
173.99165507649514 -6.7761961242270505 0.7502083070345201
174.4923504867872 -6.798014962150301 0.7487634845659655
174.9930458970793 -6.819722972177393 0.7473064993384645
175.49374130737135 -6.841319228844791 0.7458374263548172
175.9944367176634 -6.862802806688972 0.7443563406178219
176.49513212795551 -6.884172780246413 0.7428633171302766
176.99582753824757 -6.905428224053582 0.741358430894982
177.49652294853962 -6.926568212646956 0.7398417569147347
177.99721835883173 -6.947591820563007 0.7383133701923351
178.49791376912378 -6.968498122338208 0.7367733457305811
178.99860917941584 -6.989286192509033 0.7352217585322715
179.49930458970795 -7.009955105611957 0.7336586836002051
180.0 -7.030503936183452 0.7320841959371814
