Polar data for 2 at Re = 94285.71428571429
Alpha (deg) Cl Cd
-180.0 -7.148115630027641 1.1645882397451024
-179.49930458970792 -7.156540218714776 1.1615753032832277
-178.99860917941587 -7.164837240420514 1.1585432333796566
-178.49791376912378 -7.173006389345572 1.1554921824144448
-177.9972183588317 -7.181047359690661 1.1524223027676512
-177.49652294853965 -7.188959845656502 1.1493337468193328
-176.99582753824757 -7.196743541443807 1.1462266669495464
-176.4951321279555 -7.204398141253295 1.1431012155383506
-175.99443671766343 -7.211923339285677 1.139957544965801
-175.49374130737135 -7.219318829741672 1.1367958076119586
-174.99304589707927 -7.226584306822 1.1336161558568778
-174.49235048678722 -7.23371946472737 1.1304187420806178
-173.99165507649514 -7.2407239976585025 1.1272037186632347
-173.49095966620305 -7.247597599816109 1.1239712379847873
-172.990264255911 -7.254339965400911 1.120721452425333
-172.48956884561892 -7.260950788613618 1.1174545143649286
-171.98887343532684 -7.267429763654951 1.1141705761836336
-171.48817802503476 -7.273776584725622 1.1108697902615023
-170.9874826147427 -7.279990946026347 1.1075523089785955
-170.48678720445062 -7.2860725417578465 1.1042182847149677
-169.98609179415854 -7.292021066120833 1.1008678698506797
-169.4853963838665 -7.297836213316023 1.0975012167657863
-168.9847009735744 -7.30351767754413 1.0941184778403457
-168.48400556328232 -7.309065153005873 1.0907198054544172
-167.98331015299027 -7.314478333901967 1.087305351988056
-167.4826147426982 -7.3197569144331265 1.0838752698213205
-166.9819193324061 -7.324900588800068 1.0804297113342691
-166.48122392211405 -7.329909051203506 1.0769688289069579
-165.98052851182197 -7.334781995844162 1.0734927749194474
-165.4798331015299 -7.339519116922746 1.0700017017517893
-164.97913769123784 -7.344120108639975 1.066495761784047
-164.47844228094576 -7.348584665196567 1.0629751073962745
-163.97774687065368 -7.3529124807932345 1.059439890968531
-163.47705146036162 -7.357103249630697 1.0558902648808732
-162.97635605006954 -7.361156665909666 1.0523263815133592
-162.47566063977746 -7.365072423830862 1.0487483932460477
-161.9749652294854 -7.368850217594998 1.045156452458994
-161.47426981919332 -7.37248974140279 1.041550711532255
-160.97357440890124 -7.375990689454955 1.0379313228458924
-160.4728789986092 -7.379352755952208 1.0342984387799594
-159.9721835883171 -7.382575635095266 1.0306522117145167
-159.47148817802503 -7.385659021084843 1.0269927940296186
-158.97079276773297 -7.388602608121653 1.0233203381053275
-158.4700973574409 -7.391406090406418 1.019634996321695
-157.9694019471488 -7.394069162139848 1.0159369210587827
-157.46870653685676 -7.396591517522664 1.012226264696645
-156.96801112656468 -7.3989728507555785 1.0085031796153439
-156.4673157162726 -7.401212856039306 1.004767818194934
-155.96662030598054 -7.403311227574564 1.0010203328154732
-155.46592489568846 -7.405267659562071 0.9972608758570185
-154.96522948539638 -7.407081846202539 0.9934895996996287
-154.46453407510432 -7.408753481696683 0.9897066567233608
-153.96383866481224 -7.410282260245223 0.9859121993082709
-153.46314325452016 -7.411667876048874 0.9821063798344196
-152.9624478442281 -7.412910023308351 0.9782893506818622
-152.46175243393603 -7.414008396224368 0.9744612642306556
-151.96105702364395 -7.414962688997642 0.9706222728608604
-151.4603616133519 -7.415772595828891 0.9667725289525311
-150.9596662030598 -7.416437810918827 0.9629121848857272
-150.45897079276773 -7.4169580284681675 0.959041393040504
-149.95827538247568 -7.41733294267763 0.955160305796922
-149.4575799721836 -7.417562247747931 0.9512690755350366
-148.9568845618915 -7.417645637879781 0.9473678546349047
-148.45618915159943 -7.417582807273902 0.9434567954765878
-147.95549374130738 -7.417373450131006 0.9395360504401375
-147.4547983310153 -7.417017260651811 0.9356057719056172
-146.95410292072324 -7.416513933037031 0.9316661122530812
-146.45340751043116 -7.415863161487382 0.9277172238625864
-145.95271210013908 -7.41506464020358 0.9237592591141917
-145.452016689847 -7.414118063386342 0.9197923703879558
-144.95132127955495 -7.413023125236382 0.915816710063935
-144.45062586926286 -7.411779519954418 0.9118324305221843
-143.94993045897078 -7.410386941741164 0.9078396841427654
-143.44923504867873 -7.40884508479734 0.9038386233057343
-142.94853963838665 -7.407153643323655 0.8998294003911489
-142.44784422809457 -7.405312311520829 0.8958121677790662
-141.9471488178025 -7.403320783589576 0.8917870778495416
-141.44645340751043 -7.401178753730614 0.8877542829826373
-140.94575799721835 -7.398885916144659 0.8837139355584067
-140.44506258692627 -7.396441965032425 0.8796661879569105
-139.94436717663422 -7.393846594594628 0.875611192558204
-139.44367176634213 -7.391099499031986 0.8715491017423458
-138.94297635605005 -7.38820037254521 0.8674800678893939
-138.442280945758 -7.385148909335021 0.8634042433794018
-137.94158553546592 -7.381944803602131 0.8593217805924336
-137.44089012517384 -7.378587749547259 0.8552328319085418
-136.94019471488178 -7.37507744137112 0.8511375497077862
-136.4394993045897 -7.371413573274429 0.8470360863702247
-135.93880389429762 -7.3675958394579 0.8429285942759115
-135.43810848400557 -7.363623934122254 0.8388152258049091
-134.9374130737135 -7.359497551468204 0.8346961333372709
-134.4367176634214 -7.355216385696464 0.8305714692530566
-133.93602225312935 -7.350780131007751 0.8264413859323232
-133.43532684283727 -7.346188481602782 0.8223060357551286
-132.9346314325452 -7.341441131682272 0.8181655711015299
-132.43393602225314 -7.33653777544694 0.8140201443515831
-131.93324061196105 -7.331478107097496 0.8098699078853488
-131.43254520166897 -7.3262618208346595 0.8057150140828833
-130.93184979137692 -7.320888610859145 0.8015556153242442
-130.43115438108484 -7.315358171371669 0.797391863989487
-129.93045897079276 -7.309670196572947 0.7932239124586731
-129.4297635605007 -7.303824380663697 0.7890519131118576
-128.92906815020862 -7.297820417844628 0.7848760183290968
-128.42837273991654 -7.291658002316465 0.7806963804904521
-127.92767732962449 -7.2853368282799185 0.776513151975976
-127.4269819193324 -7.278856589935705 0.772326485165731
-126.92628650904032 -7.27221698148454 0.7681365324397695
-126.42559109874827 -7.265417697127141 0.7639434461781567
-125.92489568845619 -7.258458431064225 0.7597473787609423
-125.42420027816411 -7.251338877496503 0.7555484825681871
-124.92350486787205 -7.244058730624696 0.7513469099799488
-124.42280945757997 -7.2366176846495165 0.7471428133762836
-123.92211404728789 -7.2290154337716785 0.742936345137253
-123.42141863699584 -7.221251672191903 0.7387276576429096
-122.92072322670376 -7.2133260941109025 0.7345169032733121
-122.42002781641168 -7.205238393729395 0.7303042344085202
-121.91933240611961 -7.1969882652480965 0.726089803428591
-121.41863699582754 -7.188575402867716 0.7218737627135796
-120.91794158553546 -7.1799995007889805 0.717656264643544
-120.41724617524339 -7.1712602532125995 0.7134374615985448
-119.91655076495132 -7.162357354339285 0.7092175059586372
-119.41585535465924 -7.153290498369758 0.7049965501038782
-118.91515994436718 -7.144059379504736 0.7007747464143292
-118.41446453407511 -7.134663691944933 0.6965522472700412
-117.91376912378303 -7.1251031298910625 0.6923292050510772
-117.41307371349096 -7.115377387543843 0.6881057721374917
-116.91237830319889 -7.105486159103991 0.6838821009093434
-116.41168289290681 -7.095429138772218 0.6796583437466912
-115.91098748261474 -7.085206020749245 0.6754346530295912
-115.41029207232268 -7.074816499235782 0.6712111811381012
-114.9095966620306 -7.0642602684325535 0.6669880804522765
-114.40890125173853 -7.053537022540267 0.6627655033521795
-113.90820584144646 -7.042646455759639 0.6585436022178619
-113.40751043115438 -7.031588262291393 0.6543225294293868
-112.90681502086231 -7.020362136336239 0.6501024373668078
-112.40611961057024 -7.0089677720948895 0.6458834784101837
-111.90542420027816 -6.997404863768068 0.6416658049395731
-111.4047287899861 -6.985673105556483 0.6374495693350333
-110.90403337969401 -6.973772191660855 0.6332349239766193
-110.40333796940195 -6.9617018162819 0.6290220212443918
-109.90264255910988 -6.949461673620334 0.6248110135184077
-109.4019471488178 -6.937051457876869 0.6206020531787215
-108.90125173852573 -6.9244708632522265 0.6163952926053946
-108.40055632823366 -6.911719583947118 0.612190884178484
-107.89986091794158 -6.898797314162261 0.6079889802780432
-107.39916550764951 -6.8857037480983685 0.6037897332841362
-106.89847009735745 -6.872438579956162 0.5995932955768175
-106.39777468706536 -6.85900150393635 0.5953998195361396
-105.8970792767733 -6.845392214239656 0.5912094575421702
-105.39638386648123 -6.83161040506679 0.5870223619749575
-104.89568845618915 -6.817655770618471 0.5828386852145637
-104.39499304589708 -6.803528005095414 0.578658579641046
-103.89429763560501 -6.789226802698336 0.574482197634463
-103.39360222531293 -6.7747518576279475 0.57030969157487
-102.89290681502086 -6.760102864084967 0.5661412138423241
-102.3922114047288 -6.7452795162701165 0.5619769168168867
-101.89151599443672 -6.730281508384106 0.5578169528786086
-101.39082058414465 -6.715108534627651 0.5536614744075548
-100.89012517385257 -6.699760289201471 0.5495106337837778
-100.3894297635605 -6.684236466306279 0.5453645833873375
-99.88873435326843 -6.668536760142793 0.5412234755982908
-99.38803894297635 -6.652660864911724 0.5370874627966937
-98.88734353268428 -6.636608474813793 0.5329566973626052
-98.38664812239222 -6.620379284049715 0.5288313316760858
-97.88595271210013 -6.603972986820201 0.5247115181171871
-97.38525730180807 -6.587389277325974 0.5205974090659715
-96.884561891516 -6.570627849767746 0.5164891569024943
-96.38386648122392 -6.553688398346232 0.5123869140068107
-95.88317107093185 -6.536570617262152 0.5082908327589848
-95.38247566063978 -6.519274200716216 0.5042010655390692
-94.8817802503477 -6.5017988429091425 0.50011776472712
-94.38108484005564 -6.484144238041646 0.4960410827032013
-93.88038942976357 -6.466310080314447 0.4919711718473631
-93.37969401947149 -6.448296063928256 0.4879081845396677
-92.87899860917942 -6.430101883083793 0.4838522731601704
-92.37830319888734 -6.411727231981773 0.47980359008893075
-91.87760778859527 -6.393171804822911 0.47576228770600587
-91.3769123783032 -6.3744352958079205 0.47172851839145274
-90.87621696801112 -6.35551739913752 0.4677024345253293
-90.37552155771905 -6.336417809012426 0.46368418848768894
-89.87482614742699 -6.317136219633351 0.45967393265859763
-89.3741307371349 -6.297672325201017 0.4556718194181035
-88.87343532684284 -6.278025819916131 0.4516780011462724
-88.37273991655077 -6.258196397979416 0.44769263022315603
-87.87204450625869 -6.238183753591587 0.4437158590288159
-87.37134909596662 -6.217987580953357 0.4397478399433063
-86.87065368567455 -6.197607574265442 0.43578872534668694
-86.36995827538247 -6.177043427728558 0.4318386676190131
-85.8692628650904 -6.156294835543422 0.42789781914034525
-85.36856745479834 -6.1353614919107535 0.4239663322907405
-84.86787204450626 -6.114243091031263 0.42004435945025315
-84.36717663421419 -6.092939327105665 0.4161320529989447
-83.86648122392211 -6.07144989433468 0.4122295653168721
-83.36578581363004 -6.049774486919025 0.40833704878409066
-82.86509040333797 -6.0279127990594095 0.40445465578065914
-82.36439499304589 -6.005864524956554 0.40058253868663546
-81.86369958275382 -5.983629358811173 0.39672084988207484
-81.36300417246176 -5.96120699482398 0.39286974174703787
-80.86230876216968 -5.938597127195697 0.3890293666615789
-80.36161335187761 -5.915799450127036 0.38519987700576025
-79.86091794158554 -5.892813657818708 0.3813814251596354
-79.36022253129346 -5.86963944447144 0.37757416350326317
-78.85952712100139 -5.846276504285937 0.3737782444167023
-78.35883171070932 -5.822724531462921 0.3699938202800063
-77.85813630041724 -5.7989832202031035 0.36622104347323664
-77.35744089012518 -5.775052264707206 0.36246006637645295
-76.85674547983311 -5.75093135917594 0.35871104136970516
-76.35605006954103 -5.726620197810023 0.3549741208330574
-75.85535465924896 -5.702118474810172 0.351249457146564
-75.35465924895689 -5.677425884377101 0.3475372026902838
-74.85396383866481 -5.652542120711528 0.3438375098442747
-74.35326842837274 -5.627466878014166 0.34015053098859543
-73.85257301808066 -5.602199850485729 0.33647641850329596
-73.3518776077886 -5.576740732326938 0.3328153247684466
-72.85118219749653 -5.551089217738509 0.32916740216409196
-72.35048678720445 -5.525245000921149 0.3255328030702988
-71.84979137691238 -5.499207776075586 0.3219116798671197
-71.34909596662031 -5.472977237402532 0.31830418493461526
-70.84840055632823 -5.446553079102694 0.3147104706528407
-70.34770514603616 -5.419934995376799 0.31113068940185656
-69.8470097357441 -5.393122680425556 0.3075649935617146
-69.34631432545201 -5.366115828449683 0.3040135355124762
-68.84561891515995 -5.338914133649899 0.3004764676342037
-68.34492350486788 -5.311517290226918 0.29695394230694533
-67.8442280945758 -5.283924992381452 0.2934461119107625
-67.34353268428373 -5.256136934314222 0.28995312882571483
-66.84283727399166 -5.228152810225943 0.2864751454318603
-66.34214186369958 -5.199972314317325 0.2830123141092515
-65.84144645340751 -5.171595140789092 0.2795647872379489
-65.34075104311543 -5.143020983841957 0.2761327171980105
-64.84005563282336 -5.1142495376766295 0.2727162563694924
-64.3393602225313 -5.085280496493835 0.2693155571324543
-63.838664812239216 -5.056113554494287 0.2659307718669505
-63.33796940194715 -5.026748405878694 0.2625620529530452
-62.83727399165508 -4.997184744847784 0.25920955277078556
-62.336578581363 -4.967422265602263 0.25587342370023664
-61.83588317107093 -4.937460662342847 0.25255381812145633
-61.335187760778865 -4.9072996292702555 0.24925088841449988
-60.834492350486784 -4.8769388605852075 0.24596478695942253
-60.333796940194716 -4.8463780504884095 0.24269566613628663
-59.83310152990265 -4.815616893180588 0.23944367832514651
-59.33240611961057 -4.784655082862454 0.2362089759060601
-58.8317107093185 -4.75349231373472 0.2329917112590844
-58.33101529902643 -4.722128279998106 0.22979203676427912
-57.83031988873435 -4.690562675853329 0.22661010480170124
-57.329624478442284 -4.6587951955010976 0.22344606775140602
-56.82892906815022 -4.626825533142139 0.22030007799345314
-56.328233657858135 -4.5946533829771585 0.21717228790790138
-55.82753824756607 -4.562278439206873 0.214062849874806
-55.326842837273986 -4.529700396032007 0.21097191627422401
-54.82614742698192 -4.4969189476532705 0.20789963948621687
-54.32545201668985 -4.463933788271374 0.20484617189083448
-53.82475660639777 -4.430744612087045 0.20181166586814098
-53.3240611961057 -4.39735111330099 0.19879627379819514
-52.823365785813635 -4.363752986113926 0.1958001480610469
-52.322670375521554 -4.329949924726575 0.19282344103676036
-51.82197496522949 -4.295941623339649 0.189866305105389
-51.321279554937405 -4.261727776153858 0.18692889264699514
-50.82058414464535 -4.22730807736993 0.18401135604163227
-50.31988873435327 -4.192682221188575 0.18111384766936095
-49.81919332406119 -4.157849901810502 0.17823651991023642
-49.318497913769136 -4.122810813436438 0.17537952514431748
-48.817802503477054 -4.087564650267092 0.17254301575165937
-48.31710709318497 -4.052111106503178 0.1697271441123191
-47.81641168289292 -4.016449876345421 0.166932062606359
-47.31571627260084 -3.9805806539945308 0.16415792361383613
-46.81502086230876 -3.9445031336512186 0.16140487951480215
-46.3143254520167 -3.9082170095162083 0.15867308268932118
-45.81363004172462 -3.871721975790217 0.1559626855174467
-45.31293463143254 -3.835017726673948 0.15327384037923925
-44.81223922114049 -3.7981039563681285 0.15060669965474877
-44.311543810848406 -3.7609803590734763 0.1479614157240447
-43.810848400556324 -3.723646628990694 0.14533814096717695
-43.31015299026427 -3.6861024603205137 0.14273702776420255
-42.80945757997219 -3.6483475472636413 0.14015822849518206
-42.30876216968011 -3.6103815840207907 0.13760189554017427
-41.808066759388026 -3.5722042647926826 0.13506818127923265
-41.30737134909597 -3.533815283780038 0.1325572380924142
-40.80667593880389 -3.495214335183556 0.13006921835978308
-40.30598052851181 -3.456401113203968 0.12760427446138917
-39.80528511821976 -3.4173753120419916 0.12516255877729482
-39.304589707927676 -3.378136625898326 0.12274422368755883
-38.803894297635594 -3.3386847489736993 0.12034942157223111
-38.30319888734354 -3.2990193754688355 0.11797830481137755
-37.80250347705146 -3.259140199584427 0.11563102578505163
-37.30180806675938 -3.219046915521202 0.11330773687331214
-36.801112656467325 -3.1787392174798845 0.1110085904562143
-36.30041724617524 -3.138216799661174 0.10873373891381871
-35.79972183588316 -3.0974793562657985 0.10648333462617882
-35.29902642559111 -3.056526581494482 0.10425752997335697
-34.79833101529903 -3.015358169547914 0.1020564773354084
-34.297635605006946 -2.9739738146268286 0.0998803290923937
-33.79694019471489 -2.9323732109319436 0.0977292376243663
-33.29624478442281 -2.8905560526639653 0.09560335531138325
-32.79554937413073 -2.8485220340236075 0.09350283453350333
-32.294853963838676 -2.8062708492116086 0.09142782767078889
-31.794158553546595 -2.7638021924286504 0.08937848710328805
-31.293463143254513 -2.7211157578754714 0.08735496521106673
-30.79276773296246 -2.6782112397527924 0.0853574143741766
-30.29207232267038 -2.6350883322613057 0.08338598697268534
-29.791376912378297 -2.5917467296017427 0.08144083538663044
-29.290681502086244 -2.5481861259748313 0.07952211199609022
-28.789986091794162 -2.5044062155812568 0.07762996918111459
-28.28929068150208 -2.460406692621754 0.07576455932175702
-27.788595271210028 -2.4161872512970404 0.07392603479807985
-27.287899860917946 -2.3717475858078223 0.07211454799013833
-26.787204450625865 -2.327087390354824 0.07033025127799125
-26.28650904033381 -2.282206359138763 0.06857329704170095
-25.78581363004173 -2.2371041863603423 0.06684383766131557
-25.28511821974965 -2.191780566220286 0.06514202551689391
-24.784422809457595 -2.1462351929193217 0.06346801298850363
-24.283727399165514 -2.100467760658139 0.06182195245618932
-23.783031988873432 -2.0544779636374684 0.06020399630001688
-23.28233657858135 -2.0082654960580384 0.058614296900039775
-22.781641168289298 -1.9618300521205412 0.05705300663632035
-22.280945757997216 -1.915171326025701 0.05552027788890851
-21.780250347705135 -1.868289011974246 0.05401626303787194
-21.27955493741308 -1.8211828041668787 0.05254111446325699
-20.778859527121 -1.7738523968043096 0.05109498454512956
-20.27816411682892 -1.72629748408727 0.04967802566354135
-19.777468706536865 -1.6785177602164665 0.04829039019855824
-19.276773296244784 -1.6305129193926162 0.046932230530226604
-18.776077885952702 -1.5822826558164365 0.04560369903861056
-18.27538247566065 -1.5338266636886444 0.04430494810377067
-17.774687065368568 -1.4851446372099537 0.043036130105760406
-17.273991655076486 -1.436236270581078 0.04179739742463501
-16.773296244784433 -1.3871012580027418 0.040588902440455044
-16.27260083449235 -1.3377392936756478 0.03941079753327753
-15.77190542420027 -1.288150071800524 0.03826323508316126
-15.271210013908217 -1.2383332865780772 0.037146367470163255
-14.770514603616135 -1.1882886322090278 0.036060347074336974
-14.269819193324054 -1.1380158028940932 0.03500532627574654
-13.769123783032 -1.087514492833987 0.033981457454441866
-13.268428372739919 -1.036784396229423 0.03298889299048885
-12.767732962447838 -0.9858252072811182 0.032027785263940955
-12.267037552155784 -0.9346366201897935 0.0310982866548552
-11.766342141863703 -0.8832183291561555 0.030200549543286825
-11.265646731571621 -0.8315700283809249 0.02933472630930173
-10.764951321279568 -0.7796914120648224 0.02850096933294982
-10.264255910987487 -0.7275821744085547 0.02769943099428812
-9.763560500695405 -0.6752420096128424 0.026930263673377197
-9.262865090403352 -0.6226706118784064 0.02619361975027762
-8.76216968011127 -0.5698676754059497 0.02548965160504285
-8.261474269819189 -0.5168328943962002 0.02481851161772991
-7.760778859527136 -0.4635659630498714 0.024180352168395813
-7.260083449235054 -0.41006657556767 0.023575325637102906
-6.759388038942973 -0.35633442615032385 0.023003584403902877
-6.25869262865092 -0.302369208998543 0.022465280848859848
-5.757997218358838 -0.24817061831303766 0.02196056735202906
-5.257301808066757 -0.19373834829453918 0.021489596293460422
-4.756606397774675 -0.13907209314375413 0.021052520053219836
-4.255910987482622 -0.08417154706138907 0.020649491011364318
-3.7552155771905404 -0.02903640424817544 0.020280661547950884
-3.254520166898459 0.026333641095180216 0.019946184043034776
-2.753824756606406 0.08193889476796068 0.019646210876671233
-2.2531293463143243 0.13777966256944518 0.01938089442892793
-1.7524339360222427 0.1938273991655088 0.01914611961057023
-1.2517385257301896 0.25948817802503343 0.018483824756606416
-0.7510431154381081 0.34271015299026436 0.01820385257301808
-0.25034770514602656 0.4296924895688472 0.01866474269819194
0.25034770514602656 0.5146104311543794 0.018900069541029206
0.7510431154381081 0.5965100139082058 0.01897008344923505
1.2517385257301896 0.6776465924895704 0.018587218358831696
1.7524339360222427 0.7560980528511807 0.017781057023643968
2.2531293463143243 0.8237993045897077 0.017111682892906818
2.753824756606406 0.8849467315716282 0.01668247566063977
3.254520166898459 0.9410863699582742 0.016489457579972184
3.7552155771905404 0.9923069541029206 0.01645489568845619
4.255910987482622 1.0385178025034778 0.016562600834492354
4.756606397774675 1.0739620305980522 0.01744495132127952
5.257301808066757 1.0955851182197496 0.02041337969401945
5.757997218358838 1.113152294853964 0.025146411682892972
6.258692628650891 1.1441336578581354 0.030150361613351752
6.759388038942973 1.1898162726008341 0.034807802503477016
7.260083449235054 1.236551460361614 0.04034749652294861
7.760778859527107 1.2700479833101523 0.04772461752433914
8.261474269819189 1.2818844228094575 0.05623332406119603
8.76216968011127 1.2727424200278161 0.0655356050069542
9.262865090403324 1.2485538247566073 0.07507660639777441
9.763560500695405 1.1501970792767748 0.07907667593880391
10.264255910987487 1.056330598052851 0.08513898470097368
10.76495132127954 1.0222866413998117 0.09738608956470735
11.265646731571621 0.9882639597892117 0.10957026227306466
11.766342141863703 0.9542654850019622 0.12168379708027632
12.267037552155784 0.9202915228373476 0.13372684636639987
12.767732962447838 0.8863423790946539 0.14569956251149224
13.268428372739919 0.8524183595731614 0.15760209789561214
13.769123783032 0.818519770072156 0.16943460489881668
14.269819193324054 0.7846469163909243 0.18119723590116255
14.770514603616135 0.750800104328746 0.1928901432827086
15.271210013908217 0.7169796396849077 0.20451347942351183
15.77190542420027 0.6831858282586953 0.216067396703629
16.27260083449235 0.6494189758493889 0.22755204750311914
16.773296244784433 0.615679388256275 0.2389675842020389
17.273991655076486 0.5819673712786395 0.25031415918044536
17.774687065368568 0.5482832307157623 0.2615919248183972
18.27538247566065 0.5146272723669303 0.2728010334959514
18.776077885952702 0.480999802031429 0.28394163759316504
19.276773296244784 0.4474011255085386 0.29501388949009655
19.777468706536865 0.4138315485975457 0.30601794156680306
20.27816411682892 0.3802913770977361 0.31695394620334155
20.778859527121 0.3467809168083902 0.3278220557797706
21.27955493741308 0.3133004735287941 0.33862242267614723
21.780250347705135 0.2798503530582337 0.3493551992725284
22.280945757997216 0.24643086119598956 0.360020537948973
22.781641168289298 0.21304230374134758 0.3706185910855376
23.28233657858135 0.17968498649359388 0.3811495110622794
23.783031988873432 0.1463592152520088 0.39161345025925703
24.283727399165514 0.11306529581587865 0.4020105610565276
24.784422809457567 0.07980353398448914 0.4123409958341478
25.28511821974965 0.04657423555712081 0.4226049069721765
25.78581363004173 0.013377706333059791 0.43280244685067076
26.286509040333783 -0.019785747888408256 0.44293376784968735
26.787204450625865 -0.05291582130800232 0.45299902234928496
27.287899860917946 -0.08601220812643673 0.4629983627295206
27.78859527121 -0.11907460254442581 0.4729319413704514
28.28929068150208 -0.15210269876268834 0.48279991065213584
28.789986091794162 -0.18509619098193886 0.4926024229546308
29.290681502086215 -0.21805477340289103 0.5023396306579935
29.791376912378297 -0.2509781402262643 0.5120116861422828
30.29207232267038 -0.2838659856527732 0.5216187417875549
30.79276773296246 -0.3167180038831332 0.5311609499738681
31.293463143254513 -0.3495338891180584 0.540638463081279
31.794158553546595 -0.3823133355582682 0.5500514334898463
32.294853963838676 -0.4150560374044767 0.5594000135796271
32.79554937413073 -0.44776168885739764 0.5686843557306784
33.29624478442281 -0.4804299841177513 0.5779046123230587
33.79694019471489 -0.5130606173862509 0.587060935736825
34.297635605006946 -0.5456532828636105 0.5961534783520344
34.79833101529903 -0.5782076747505496 0.6051823925487454
35.29902642559111 -0.6107234872477827 0.6141478307070152
35.79972183588316 -0.6432004145560235 0.6230499452069007
36.30041724617524 -0.6756381508759914 0.6318888884284604
36.801112656467325 -0.7080363904084006 0.6406648127517514
37.30180806675938 -0.7403948273539651 0.6493778705568305
37.80250347705146 -0.7727131559134035 0.6580282142237568
38.30319888734354 -0.8049910702874317 0.6666159961325868
38.803894297635594 -0.8372282646767619 0.6751413686633776
39.304589707927676 -0.8694244332821146 0.6836044841961881
39.80528511821976 -0.9015792703042038 0.6920054951110752
40.30598052851181 -0.9336924699437428 0.7003445537880957
40.80667593880389 -0.9657637264014518 0.7086218126073083
41.30737134909597 -0.9977927338780441 0.7168374239487698
41.808066759388026 -1.0297791865742343 0.724991540192538
42.30876216968011 -1.0617227786907417 0.7330843137186704
42.80945757997219 -1.0936232044282805 0.7411158969072249
43.31015299026424 -1.1254801579875648 0.7490864421382581
43.810848400556324 -1.1572933335693136 0.7569961017918285
44.311543810848406 -1.1890624253742406 0.7648450282479933
44.81223922114046 -1.2207871276030615 0.7726333738868096
45.31293463143254 -1.2524671344564937 0.7803612910883357
45.81363004172462 -1.2841021401352526 0.788028932232629
46.314325452016675 -1.3156918388400514 0.7956364496997463
46.81502086230876 -1.3472359247716104 0.803183995869746
47.31571627260084 -1.3787340921306424 0.8106717231226852
47.81641168289289 -1.4101860351178632 0.8180997838386213
48.31710709318497 -1.4415914479339906 0.8254683303976125
48.817802503477054 -1.4729500247797396 0.8327775151797157
49.318497913769136 -1.5042614598558255 0.8400274905649889
49.81919332406119 -1.535525447362963 0.8472184089334889
50.31988873435327 -1.56674168150187 0.8543504226652738
50.82058414464535 -1.5979098564732626 0.8614236841404015
51.321279554937405 -1.6290296664778539 0.8684383457389286
51.82197496522949 -1.6601008057163629 0.8753945598409134
52.32267037552157 -1.6911229683895042 0.8822924788264133
52.82336578581362 -1.7220958486979918 0.8891322550754854
53.3240611961057 -1.7530191408425448 0.8959140409681878
53.824756606397784 -1.7838925390238773 0.9026379888845779
54.32545201668984 -1.8147157374427034 0.9093042512047127
54.82614742698192 -1.8454884302997434 0.9159129803086505
55.326842837274 -1.87621031179571 0.9224643285764487
55.82753824756605 -1.906881076131318 0.9289584483881639
56.328233657858135 -1.9375004175072865 0.9353954921238552
56.82892906815022 -1.9680680301243294 0.941775612163579
57.32962447844227 -1.9985836081831616 0.9480989608873929
57.83031988873435 -2.0290468458845012 0.954365690675355
58.33101529902643 -2.0594574374290637 0.9605759539075229
58.831710709318486 -2.0898150770175623 0.9667299029639531
59.33240611961057 -2.120119458850716 0.9728276902247042
59.83310152990265 -2.1503702771292397 0.9788694680698338
60.3337969401947 -2.1805672260538476 0.9848553888793978
60.834492350486784 -2.210709999825258 0.9907856050334558
61.335187760778865 -2.2407982926441856 0.9966602689120645
61.83588317107092 -2.270831798711345 1.0024795328952811
62.336578581363 -2.300810212227455 1.0082435493631638
62.83727399165508 -2.3307332273932295 1.0139524706957694
63.337969401947134 -2.360600538409382 1.019606449273156
63.838664812239216 -2.390411839476634 1.025205637475381
64.3393602225313 -2.420166824795697 1.030750187682502
64.84005563282335 -2.4498651885672875 1.0362402522745764
65.34075104311543 -2.4795066249921223 1.0416759836316618
65.84144645340751 -2.5090908282709177 1.0470575341338157
66.34214186369957 -2.5386174926043874 1.0523850561610955
66.84283727399165 -2.5680863121932496 1.057658702093559
67.34353268428373 -2.5974969812382196 1.0628786243112636
67.84422809457581 -2.626849193940011 1.068044975194267
68.34492350486786 -2.6561426444993415 1.0731579071226267
68.84561891515995 -2.6853770271169277 1.0782175724763998
69.34631432545203 -2.7145520359934845 1.0832241236356446
69.84700973574408 -2.7436673653297254 1.088177712980418
70.34770514603616 -2.7727227093263713 1.093078492890778
70.84840055632824 -2.801717762184135 1.0979266157467815
71.3490959666203 -2.830652218103731 1.1027222339284868
71.84979137691238 -2.859525771285878 1.107465499815951
72.35048678720446 -2.888338115931291 1.1121565657892318
72.85118219749651 -2.917088946240684 1.116795584228386
73.3518776077886 -2.945777956414776 1.1213827075134726
73.85257301808068 -2.97440484065428 1.125918088024548
74.35326842837273 -3.002969293159912 1.1304018781416703
74.85396383866481 -3.031471008132391 1.1348342302448968
75.35465924895689 -3.05990967977243 1.139215296714285
75.85535465924895 -3.088285002280744 1.1435452299298923
76.35605006954103 -3.1165966698580516 1.1478241822717765
76.85674547983308 -3.1448443767050667 1.1520523061199954
77.35744089012519 -3.173027817022508 1.156229753854606
77.85813630041724 -3.201146685011086 1.1603566778556662
78.3588317107093 -3.2292006748715205 1.1644332305032328
78.8595271210014 -3.2571894808045285 1.1684595641773647
79.36022253129346 -3.285112797010822 1.1724358312581182
79.86091794158551 -3.3129703176911174 1.1763621841255512
80.36161335187762 -3.3407617370461353 1.1802387751597219
80.86230876216968 -3.368486749276586 1.1840657567406871
81.36300417246173 -3.3961450485831866 1.1878432812485042
81.86369958275384 -3.423736329166656 1.1915715010632315
82.36439499304589 -3.4512602852277054 1.1952505685649255
82.86509040333794 -3.478716610967053 1.1988806361336446
83.36578581363005 -3.5061050005854173 1.2024618561494467
83.86648122392211 -3.533425148283508 1.205994380992388
84.36717663421416 -3.5606767482620456 1.2094783630425268
84.86787204450627 -3.5878594947217475 1.212913954679921
85.36856745479832 -3.6149730818633237 1.2163013082846275
85.86926286509038 -3.6420172038874923 1.2196405762367035
86.36995827538249 -3.668991554994973 1.222931910916208
86.87065368567454 -3.6958958293864765 1.226175464703197
87.3713490959666 -3.7227297212627213 1.2293713899777292
87.8720445062587 -3.7494929248244246 1.2325198391198617
88.37273991655076 -3.7761851342722967 1.2356209645096514
88.87343532684281 -3.8028060438070574 1.2386749185271566
89.37413073713492 -3.8293553476294258 1.241681853552435
89.87482614742697 -3.855832739940111 1.2446419219655431
90.37552155771903 -3.882237914939832 1.2475552761465398
90.87621696801114 -3.9085705668293067 1.2504220684754817
91.37691237830319 -3.9348303898092465 1.2532424513324267
91.87760778859524 -3.9610170780803684 1.2560165770974316
92.37830319888735 -3.987130325843394 1.2587445981505554
92.8789986091794 -4.013169827299031 1.2614266668718546
93.37969401947146 -4.039135276647999 1.2640629356413866
93.88038942976357 -4.065026368091017 1.2666535568392097
94.38108484005562 -4.090842795828793 1.269198682845381
94.88178025034773 -4.116584254062051 1.271698466039958
95.38247566063978 -4.1422504369915 1.2741530588029983
95.88317107093184 -4.16784103881786 1.276562613514559
96.38386648122395 -4.193355753741846 1.2789272825546987
96.884561891516 -4.218794275964173 1.2812472183034738
97.38525730180805 -4.244156299685557 1.283522573140943
97.88595271210016 -4.269441519106717 1.2857534994471624
98.38664812239222 -4.294649628428363 1.287940149602191
98.88734353268427 -4.319780321851214 1.290082675986085
99.38803894297638 -4.34483329357599 1.2921812309789036
99.88873435326843 -4.369808237803399 1.2942359669607024
100.38942976356049 -4.394704848734159 1.2962470363115408
100.8901251738526 -4.419522820568991 1.2982145914114747
101.39082058414465 -4.444261847508605 1.3001387846405625
101.8915159944367 -4.468921623753719 1.3020197683788615
102.39221140472881 -4.493501843505053 1.30385769500643
102.89290681502086 -4.518002200963313 1.305652716903324
103.39360222531292 -4.542422390329222 1.3074049864496022
103.89429763560503 -4.566762105803496 1.3091146560253224
104.39499304589708 -4.591021041586847 1.3107818780105414
104.89568845618913 -4.615198891879993 1.3124068047853166
105.39638386648124 -4.639295350883653 1.3139895887297062
105.8970792767733 -4.663310112798536 1.3155303822237672
106.39777468706535 -4.687242871825363 1.317029337647557
106.89847009735746 -4.711093322164851 1.318486607381134
107.39916550764951 -4.734861158017708 1.3199023438045552
107.89986091794157 -4.758546073584657 1.3212766992978782
108.40055632823368 -4.7821477630664155 1.3226098262411607
108.90125173852573 -4.8056659206636905 1.3239018770144595
109.40194714881778 -4.829100240577205 1.3251530039978328
109.90264255910989 -4.852450417007676 1.3263633595713387
110.40333796940195 -4.8757161441558114 1.3275330961150331
110.904033379694 -4.898897116222333 1.3286623660089754
111.40472878998611 -4.921993027407957 1.329751321633222
111.90542420027816 -4.9450035719133965 1.33080011536783
112.40611961057022 -4.967928443939369 1.3318088995928576
112.90681502086233 -4.9907673376865915 1.3327778266883632
113.40751043115438 -5.013519947355775 1.333707049034403
113.90820584144643 -5.03618596714764 1.3345967190110357
114.40890125173854 -5.058765091262902 1.3354469889983172
114.9095966620306 -5.081257013902276 1.3362580113763067
115.41029207232265 -5.103661429266474 1.3370299385250608
115.91098748261476 -5.125978031556221 1.3377629228246373
116.41168289290681 -5.148206514972223 1.3384571166550934
116.91237830319886 -5.1703465737152 1.339112672396488
117.41307371349097 -5.192397901985871 1.3397297424288763
117.91376912378303 -5.214360193984946 1.3403084791323179
118.41446453407508 -5.236233143913143 1.3408490348868696
118.91515994436719 -5.258016445971181 1.3413515620725887
119.41585535465924 -5.279709794359771 1.341816213069533
119.9165507649513 -5.301312883279632 1.3422431402577597
120.4172461752434 -5.322825406931482 1.3426324960173268
120.91794158553546 -5.3442470595160305 1.3429844327282923
121.41863699582751 -5.365577535233996 1.3432991027707124
121.91933240611962 -5.386816528286097 1.3435766585246456
122.42002781641168 -5.4079637328730445 1.343817252370149
122.92072322670373 -5.429018843195559 1.3440210366872802
123.42141863699584 -5.449981553454355 1.3441881638560977
123.92211404728789 -5.470851557850148 1.3443187862566572
124.42280945757994 -5.491628550583652 1.3444130562690184
124.92350486787205 -5.512312225855588 1.344471126273237
125.42420027816411 -5.532902277866665 1.3444931486493712
125.92489568845616 -5.553398400817603 1.3444792757774782
126.42559109874827 -5.573800288909117 1.3444296600376167
126.92628650904032 -5.594107636341921 1.3443444538098428
127.42698191933238 -5.614320137316733 1.3442238094742152
127.92767732962449 -5.6344374860342725 1.344067879410791
128.42837273991654 -5.6544593766952485 1.343876815999627
128.9290681502086 -5.674385503500378 1.3436507716207815
129.4297635605007 -5.694215560650383 1.3433898986543122
129.93045897079276 -5.713949242345972 1.3430943494802758
130.4311543810848 -5.733586242787862 1.342764276478731
130.93184979137692 -5.753126256176774 1.342399832029735
131.43254520166897 -5.772568976713417 1.342001168513345
131.93324061196108 -5.7919140985985145 1.3415684383096178
132.43393602225314 -5.8111613160327735 1.3411017937986125
132.9346314325452 -5.830310323216917 1.3406013873603857
133.4353268428373 -5.849360814351659 1.3400673713749953
133.93602225312935 -5.8683124836377125 1.3394998982224984
134.4367176634214 -5.887165025275795 1.3388991202829532
134.93741307371351 -5.905918133466626 1.3382651899364164
135.43810848400557 -5.924571502410913 1.3375982595629463
135.93880389429762 -5.943124826309379 1.3368984815426
136.43949930458973 -5.96157779936274 1.3361660082554356
136.94019471488178 -5.979930115771708 1.3354009920815095
137.44089012517384 -5.998181469737 1.3346035854008809
137.94158553546595 -6.016331555459333 1.3337739405936053
138.442280945758 -6.034380067139422 1.3329122100397417
138.94297635605005 -6.05232669897798 1.3320185461193474
139.44367176634216 -6.070171145175729 1.3310931012124796
139.94436717663422 -6.087913099933381 1.3301360276991965
140.44506258692627 -6.105552257451652 1.3291474779595542
140.94575799721838 -6.1230883119312605 1.3281276043736125
141.44645340751043 -6.140520957572917 1.3270765593214275
141.94714881780249 -6.157849888577342 1.3259944951830567
142.4478442280946 -6.17507479914525 1.3248815643385574
142.94853963838665 -6.192195383477355 1.323737919167988
143.4492350486787 -6.2092113357743735 1.3225637120514049
143.9499304589708 -6.226122350237025 1.3213590953688665
144.45062586926286 -6.242928121066022 1.3201242215004318
144.95132127955492 -6.259628342462081 1.3188592428261552
145.45201668984703 -6.276222708625918 1.3175643117260958
145.95271210013908 -6.292710913758247 1.3162395805803107
146.45340751043113 -6.309092652059787 1.3148852017688595
146.95410292072324 -6.3253676177312546 1.313501327671797
147.4547983310153 -6.341535504973358 1.3120881106691813
147.95549374130735 -6.357596007986819 1.3106457031410714
148.45618915159946 -6.373548820972358 1.3091742574675236
148.9568845618915 -6.389393638130681 1.3076739260285961
149.45757997218357 -6.40513015366251 1.306144861204346
149.95827538247568 -6.420758061768559 1.3045872153748304
150.45897079276773 -6.436277056649546 1.3030011409201074
150.95966620305978 -6.45168683250618 1.3013867902202343
151.4603616133519 -6.466987083539189 1.2997443156552693
151.96105702364395 -6.482177503949275 1.2980738696052694
152.461752433936 -6.497257787937164 1.2963756044502925
152.9624478442281 -6.512227629703569 1.2946496725703953
153.46314325452016 -6.527086723449203 1.2928962263456365
153.96383866481222 -6.541834763374785 1.2911154181560731
154.46453407510432 -6.55647144368103 1.2893074003817613
154.96522948539638 -6.570996458568652 1.2874723254027611
155.46592489568843 -6.5854095022383685 1.2856103455991288
155.96662030598054 -6.599710268890899 1.2837216133509208
156.4673157162726 -6.6138984527269535 1.2818062810381974
156.96801112656465 -6.62797374794725 1.2798645010410132
157.46870653685676 -6.641935848752505 1.277896425739428
157.9694019471488 -6.655784449343432 1.275902207513498
158.47009735744086 -6.66951924392075 1.273881998743282
158.97079276773297 -6.683139926685174 1.2718359518088354
159.47148817802503 -6.6966461918374165 1.269764219090218
159.97218358831708 -6.710037733578197 1.2676669529674862
160.4728789986092 -6.723314246108233 1.2655443058206977
160.97357440890124 -6.736475423628235 1.2633964300299103
161.4742698191933 -6.749520960338922 1.2612234779751803
161.9749652294854 -6.762450550441011 1.2590256020365673
162.47566063977746 -6.775263888135216 1.256802954594127
162.9763560500695 -6.787960667622253 1.2545556880279187
163.47705146036162 -6.800540583102835 1.2522839547179985
163.97774687065368 -6.8130033287776826 1.2499879070444242
164.47844228094573 -6.82534859884751 1.2476676973872534
164.97913769123784 -6.837576087513034 1.2453234781265439
165.4798331015299 -6.849685488974968 1.2429554016423536
165.98052851182194 -6.861676497434027 1.2405636203147397
166.48122392211405 -6.873548807090932 1.238148286523758
166.9819193324061 -6.885302112146396 1.23570955264947
167.48261474269816 -6.896936106801132 1.2332475710719286
167.98331015299027 -6.908450485255861 1.2307624941711948
168.48400556328232 -6.919844941711295 1.2282544743273236
168.98470097357443 -6.931119170368152 1.2257236639203766
169.4853963838665 -6.942272865427146 1.2231702153304063
169.98609179415854 -6.953305721088993 1.2205942809374737
170.48678720445065 -6.964217431554413 1.2179960131216354
170.9874826147427 -6.975007691024116 1.2153755642629471
171.48817802503476 -6.98567619369882 1.2127330867414698
171.98887343532687 -6.996222633779242 1.210068732937258
172.48956884561892 -7.006646705466094 1.207382655230371
172.99026425591097 -7.016948102960098 1.2046750060008662
173.49095966620308 -7.027126520461968 1.2019459376287995
173.99165507649514 -7.037181652172416 1.1991956024942307
174.4923504867872 -7.04711319229216 1.1964241529772155
174.9930458970793 -7.056920835021918 1.193631741457813
175.49374130737135 -7.066604274562403 1.190818520316079
175.9944367176634 -7.07616320511433 1.1879846419320745
176.49513212795551 -7.085597320878419 1.1851302586858512
176.99582753824757 -7.0949063160553845 1.1822555229574723
177.49652294853962 -7.104089884845939 1.179360587126993
177.99721835883173 -7.113147721450803 1.17644560357447
178.49791376912378 -7.122079520070688 1.1735107246799619
178.99860917941584 -7.130884974906312 1.1705561028235258
179.49930458970795 -7.139563780158392 1.1675818903852202
180.0 -7.148115630027641 1.1645882397451024
