Polar data for 2 at Re = 294285.7142857143
Alpha (deg) Cl Cd
-180.0 -7.625320917800012 -0.25846805867999967
-179.49930458970792 -7.629703317842774 -0.25708624676016045
-178.99860917941587 -7.63394714953008 -0.25569959734863246
-178.49791376912378 -7.63805230012813 -0.2543081814344361
-177.9972183588317 -7.642018656903133 -0.2529120700065941
-177.49652294853965 -7.6458461071212955 -0.2515113340541264
-176.99582753824757 -7.649534538048819 -0.2501060445660548
-176.4951321279555 -7.653083836951911 -0.2486962725314008
-175.99443671766343 -7.656493891096773 -0.2472820889391849
-175.49374130737135 -7.659764587749613 -0.2458635647784293
-174.99304589707927 -7.662895814176636 -0.2444407710381551
-174.49235048678722 -7.665887457644045 -0.24301377870738272
-173.99165507649514 -7.668739405418044 -0.24158265877513463
-173.49095966620305 -7.671451544764841 -0.24014748223043125
-172.990264255911 -7.67402376295064 -0.23870832006229392
-172.48956884561892 -7.676455947241642 -0.23726524325974485
-171.98887343532684 -7.678747984904062 -0.23581832281180426
-171.48817802503476 -7.680899763204092 -0.23436762970749325
-170.9874826147427 -7.682911169407948 -0.2329132349358347
-170.48678720445062 -7.684782090781825 -0.23145520948584752
-169.98609179415854 -7.686512414591935 -0.22999362434655568
-169.4853963838665 -7.688102028104483 -0.22852855050697785
-168.9847009735744 -7.689550818585667 -0.22706005895613735
-168.48400556328232 -7.690858673301705 -0.2255882206830544
-167.98331015299027 -7.692025479518787 -0.22411310667675033
-167.4826147426982 -7.693051124503128 -0.2226347879262467
-166.9819193324061 -7.693935495520925 -0.2211533354205648
-166.48122392211405 -7.694678479838393 -0.21966882014872535
-165.98052851182197 -7.695279964721728 -0.21818131309975097
-165.4798331015299 -7.695739837437136 -0.2166908852626619
-164.97913769123784 -7.696057985250828 -0.21519760762647855
-164.47844228094576 -7.696234295429003 -0.21370155118022383
-163.97774687065368 -7.696268655237871 -0.21220278691291838
-163.47705146036162 -7.696160951943629 -0.21070138581358333
-162.97635605006954 -7.695911072812493 -0.20919741887124044
-162.47566063977746 -7.6955189051106565 -0.2076909570749108
-161.9749652294854 -7.6949843361043335 -0.20618207141361533
-161.47426981919332 -7.694307253059719 -0.2046708328763749
-160.97357440890124 -7.6934875432430285 -0.20315731245221236
-160.4728789986092 -7.692525093920462 -0.20164158113014752
-159.9721835883171 -7.691419792358223 -0.20012370989920236
-159.47148817802503 -7.690171525822523 -0.19860376974839777
-158.97079276773297 -7.688780181579558 -0.19708183166675597
-158.4700973574409 -7.687245646895539 -0.19555796664329672
-157.9694019471488 -7.685567809036666 -0.19403224566704225
-157.46870653685676 -7.683746555269149 -0.19250473972701365
-156.96801112656468 -7.681781772859191 -0.19097551981223249
-156.4673157162726 -7.679673349072994 -0.1894446569117192
-155.96662030598054 -7.6774211711767695 -0.18791222201449598
-155.46592489568846 -7.675025126436717 -0.18637828610958396
-154.96522948539638 -7.672485102119044 -0.184842920186004
-154.46453407510432 -7.66980098548995 -0.18330619523277814
-153.96383866481224 -7.666972663815649 -0.18176818223892655
-153.46314325452016 -7.664000024362339 -0.18022895219347146
-152.9624478442281 -7.660882954396229 -0.17868857608543331
-152.46175243393603 -7.6576213411835194 -0.17714712490383322
-151.96105702364395 -7.654215071990418 -0.17560466963769406
-151.4603616133519 -7.650664034083132 -0.17406128127603648
-150.9596662030598 -7.64696811472786 -0.17251703080788072
-150.45897079276773 -7.643127201190813 -0.170971989222249
-149.95827538247568 -7.639141180738193 -0.16942622750816216
-149.4575799721836 -7.635009940636207 -0.16787981665464136
-148.9568845618915 -7.630733368151056 -0.16633282765070856
-148.45618915159943 -7.6263113505489475 -0.16478533148538488
-147.95549374130738 -7.621743775096089 -0.16323739914769098
-147.4547983310153 -7.617030529058679 -0.16168910162664885
-146.95410292072324 -7.61217149970293 -0.16014050991127915
-146.45340751043116 -7.607166574295039 -0.15859169499060322
-145.95271210013908 -7.602015640101218 -0.15704272785364237
-145.452016689847 -7.596718584387666 -0.1554936794894186
-144.95132127955495 -7.591275294420594 -0.15394462088695304
-144.45062586926286 -7.5856856574662 -0.15239562303526588
-143.94993045897078 -7.579949560790693 -0.15084675692337934
-143.44923504867873 -7.57406689166028 -0.1492980935403141
-142.94853963838665 -7.568037537341162 -0.147749703875093
-142.44784422809457 -7.561861385099547 -0.14620165891673498
-141.9471488178025 -7.555538322201635 -0.1446540296542631
-141.44645340751043 -7.549068235913637 -0.1431068870766976
-140.94575799721835 -7.542451013501754 -0.14156030217306026
-140.44506258692627 -7.535686542232188 -0.14001434593237216
-139.94436717663422 -7.528774709371154 -0.13846908934365443
-139.44367176634213 -7.521715402184849 -0.13692460339592905
-138.94297635605005 -7.51450850793948 -0.13538095907821668
-138.442280945758 -7.507153913901249 -0.13383822737953865
-137.94158553546592 -7.499651507336367 -0.13229647928891697
-137.44089012517384 -7.492001175511033 -0.13075578579537184
-136.94019471488178 -7.4842028056914565 -0.1292162178879248
-136.4394993045897 -7.476256285143837 -0.12767784655559722
-135.93880389429762 -7.468161501134382 -0.12614074278741083
-135.43810848400557 -7.459918340929301 -0.1246049775723861
-134.9374130737135 -7.451526691794793 -0.12307062189954544
-134.4367176634214 -7.442986440997066 -0.12153774675790842
-133.93602225312935 -7.434297475802325 -0.1200064231364988
-133.43532684283727 -7.425459683476772 -0.11847672202433525
-132.9346314325452 -7.416472951286613 -0.11694871441044043
-132.43393602225314 -7.4073371664980545 -0.11542247128383566
-131.93324061196105 -7.398052216377298 -0.11389806363354095
-131.43254520166897 -7.388617988190552 -0.1123755624485794
-130.93184979137692 -7.379034369204023 -0.11085503871797232
-130.43115438108484 -7.369301246683911 -0.10933656343073885
-129.93045897079276 -7.359418507896425 -0.10782020757590206
-129.4297635605007 -7.349386040107767 -0.10630604214248242
-128.92906815020862 -7.339203730584142 -0.10479413811950124
-128.42837273991654 -7.328871466591757 -0.10328456649598074
-127.92767732962449 -7.318389135396817 -0.10177739826094136
-127.4269819193324 -7.307756624265522 -0.10027270440340487
-126.92628650904032 -7.296973820464082 -0.09877055591239127
-126.42559109874827 -7.286040611258704 -0.09727102377692366
-125.92489568845619 -7.274956883915586 -0.09577417898602116
-125.42420027816411 -7.263722525700938 -0.09428009252870774
-124.92350486787205 -7.252337423880961 -0.09278883539400253
-124.42280945757997 -7.240801465721864 -0.09130047857092773
-123.92211404728789 -7.229114538489851 -0.08981509304850467
-123.42141863699584 -7.217276529451125 -0.08833274981575336
-122.92072322670376 -7.20528732587189 -0.08685351986169733
-122.42002781641168 -7.193146815018352 -0.0853774741753557
-121.91933240611961 -7.180854884156723 -0.08390468374575157
-121.41863699582754 -7.168411420553197 -0.08243521956190493
-120.91794158553546 -7.155816311473986 -0.08096915261283712
-120.41724617524339 -7.14306944418529 -0.07950655388756946
-119.91655076495132 -7.130170705953319 -0.07804749437512461
-119.41585535465924 -7.1171199840442725 -0.07659204506452168
-118.91515994436718 -7.103917165724361 -0.07514027694478333
-118.41446453407511 -7.090562138259784 -0.07369226100493088
-117.91376912378303 -7.077054788916751 -0.07224806823398523
-117.41307371349096 -7.063395004961466 -0.0708077696209677
-116.91237830319889 -7.0495826736601295 -0.06937143615489917
-116.41168289290681 -7.035617682278952 -0.06793913882480186
-115.91098748261474 -7.021499918084135 -0.06651094861969577
-115.41029207232268 -7.007229268341888 -0.06508693652860355
-114.9095966620306 -6.992805620318409 -0.0636671735405452
-114.40890125173853 -6.978228861279909 -0.06225173064454294
-113.90820584144646 -6.963498878492588 -0.06084067882961809
-113.40751043115438 -6.948615559222652 -0.0594340890847911
-112.90681502086231 -6.933578790736313 -0.058032032399083736
-112.40611961057024 -6.918388460299765 -0.056634579761517326
-111.90542420027816 -6.90304445517922 -0.055241802161112755
-111.4047287899861 -6.887546662640883 -0.05385377058689268
-110.90403337969401 -6.871894969950951 -0.05247055602787622
-110.40333796940195 -6.856089264375642 -0.05109222947308646
-109.90264255910988 -6.840129433181151 -0.04971886191154297
-109.4019471488178 -6.824015363633684 -0.04835052433226929
-108.90125173852573 -6.807746942999447 -0.04698728772428408
-108.40055632823366 -6.7913240585446495 -0.04562922307661134
-107.89986091794158 -6.774746597535486 -0.044276401378269284
-107.39916550764951 -6.758014447238175 -0.04292889361828324
-106.89847009735745 -6.74112749491891 -0.041586770785670094
-106.39777468706536 -6.724085627843898 -0.04025010386945384
-105.8970792767733 -6.706888733279353 -0.038918963858655356
-105.39638386648123 -6.6895366984914695 -0.03759342174229553
-104.89568845618915 -6.672029410746452 -0.03627354850939525
-104.39499304589708 -6.6543667573105125 -0.03495941514897673
-103.89429763560501 -6.636548625449857 -0.033651092650060846
-103.39360222531293 -6.618574902430677 -0.032348652001668934
-102.89290681502086 -6.600445475519193 -0.031052164192821433
-102.3922114047288 -6.5821602319816 -0.029761700212541
-101.89151599443672 -6.563719059084107 -0.028477331049847635
-101.39082058414465 -6.5451218440929235 -0.027199127693764882
-100.89012517385257 -6.526368474274243 -0.02592716113331052
-100.3894297635605 -6.50745883689428 -0.02466150235750854
-99.88873435326843 -6.488392819219232 -0.023402222355378935
-99.38803894297635 -6.469170308515309 -0.022149392115944813
-98.88734353268428 -6.449791192048718 -0.020903082628224393
-98.38664812239222 -6.430255357085663 -0.01966336488124122
-97.88595271210013 -6.410562690892341 -0.018430309864015296
-97.38525730180807 -6.390713080734962 -0.017203988565570164
-96.884561891516 -6.370706413879738 -0.015984471974924933
-96.38386648122392 -6.350542577592858 -0.01477183108110093
-95.88317107093185 -6.330221459140546 -0.013566136873120818
-95.38247566063978 -6.30974294578899 -0.012367460340004147
-94.8817802503477 -6.289106924804404 -0.011175872470773576
-94.38108484005564 -6.268313283452997 -0.009991444254449547
-93.88038942976357 -6.247361909000961 -0.008814246680053386
-93.37969401947149 -6.22625268871451 -0.007644350736606423
-92.87899860917942 -6.204985509859846 -0.006481827413131316
-92.37830319888734 -6.1835602597031745 -0.005326747698647175
-91.87760778859527 -6.161976825510703 -0.004179182582177102
-91.3769123783032 -6.140235094548633 -0.0030392030527419817
-90.87621696801112 -6.118334954083171 -0.001906880099361366
-90.37552155771905 -6.096276291380516 -0.0007822847110583592
-89.87482614742699 -6.074058993706885 0.0003345121231461551
-89.3741307371349 -6.051682948328477 0.0014434394142312928
-88.87343532684284 -6.0291480425114905 0.002544426173175282
-88.37273991655077 -6.006454163522136 0.003637401410957683
-87.87204450625869 -5.983601198626626 0.004722294138554947
-87.37134909596662 -5.96058903509115 0.0057990333669497435
-86.87065368567455 -5.9374175601819275 0.006867548107115859
-86.36995827538247 -5.91408666116515 0.00792776737003685
-85.8692628650904 -5.8905962253070285 0.008979620166688282
-85.36856745479834 -5.866946139873779 0.010023035508049269
-84.86787204450626 -5.843136292131586 0.011057942405100704
-84.36717663421419 -5.819166569346667 0.012084269868819483
-83.86648122392211 -5.795036858785224 0.013101946910183834
-83.36578581363004 -5.7707470477134635 0.014110902540172873
-82.86509040333797 -5.746297023397588 0.015111065769765716
-82.36439499304589 -5.721686673103804 0.01610236560994148
-81.86369958275382 -5.696915884098317 0.017084731071678835
-81.36300417246176 -5.671984543647326 0.018058091165955567
-80.86230876216968 -5.6468925390170455 0.019022374903751235
-80.36161335187761 -5.62163975747368 0.019977511296043624
-79.86091794158554 -5.596226086283423 0.020923429353811848
-79.36022253129346 -5.570651412712486 0.0218600580880368
-78.85952712100139 -5.544915624027077 0.022787326509693603
-78.35883171070932 -5.519018607493393 0.023705163629763146
-77.85813630041724 -5.492960250377653 0.024613498459223657
-77.35744089012518 -5.466740439946051 0.02551226000905292
-76.85674547983311 -5.440359063464786 0.026401377290231384
-76.35605006954103 -5.413816008200083 0.02728077931373772
-75.85535465924896 -5.3871111614181295 0.02815039509054927
-75.35465924895689 -5.360244410385135 0.029010153631644706
-74.85396383866481 -5.333215642367303 0.02985998394800536
-74.35326842837274 -5.306024744630847 0.03069981505060547
-73.85257301808066 -5.278671604441957 0.03152957595042903
-73.3518776077886 -5.251156109066859 0.03234919565844939
-72.85118219749653 -5.2234781457717325 0.0331586031856501
-72.35048678720445 -5.195637601822799 0.033957727543006286
-71.84979137691238 -5.167634364486261 0.03474649774149928
-71.34909596662031 -5.139468321028328 0.03552484279210509
-70.84840055632823 -5.111139358715192 0.03629269170580461
-70.34770514603616 -5.082647364813067 0.03704997349357607
-69.8470097357441 -5.053992226588154 0.03779661716639858
-69.34631432545201 -5.02517383130666 0.03853255173525037
-68.84561891515995 -4.996192066234791 0.03925770621110923
-68.34492350486788 -4.9670468186387495 0.039972009604954714
-67.8442280945758 -4.937737975784742 0.04067539092776727
-67.34353268428373 -4.908265424938975 0.041367779190522466
-66.84283727399166 -4.87862905336765 0.0420491034042003
-66.34214186369958 -4.848828748336974 0.042719292579780785
-65.84144645340751 -4.818864397113149 0.04337827572824081
-65.34075104311543 -4.788735886962385 0.04402598186056082
-64.84005563282336 -4.758443105150878 0.044662339987718166
-64.3393602225313 -4.727985938944844 0.04528727912069107
-63.838664812239216 -4.697364275610482 0.045900728270459976
-63.33796940194715 -4.666578002413999 0.04650261644800223
-62.83727399165508 -4.635627006621597 0.04709287266429828
-62.336578581363 -4.604511175499486 0.04767142593032546
-61.83588317107093 -4.5732303963138605 0.048238205257062
-61.335187760778865 -4.5417845563309385 0.04879313965548614
-60.834492350486784 -4.510173542816915 0.04933615813657964
-60.333796940194716 -4.478397243038 0.049867189711318524
-59.83310152990265 -4.446455544260402 0.05038616339068368
-59.33240611961057 -4.414348333750311 0.05089300818565155
-58.8317107093185 -4.382075498773947 0.0513876531072026
-58.33101529902643 -4.349636926597515 0.0518700271663146
-57.83031988873435 -4.317032504487209 0.05234005937396534
-57.329624478442284 -4.28426211970924 0.05279767874113482
-56.82892906815022 -4.251325659529812 0.053242814278802605
-56.328233657858135 -4.218223011215137 0.05367539499794603
-55.82753824756607 -4.184954062031405 0.054095349909543775
-55.326842837273986 -4.151518699244836 0.05450260802457495
-54.82614742698192 -4.117916810121624 0.05489709835401867
-54.32545201668985 -4.084148281927973 0.055278749908854494
-53.82475660639777 -4.0502130019301035 0.05564749170005799
-53.3240611961057 -4.01611085739421 0.05600325273861094
-52.823365785813635 -3.981841735586493 0.05634596203549068
-52.322670375521554 -3.9474055237731602 0.056675548601676326
-51.82197496522949 -3.912802109220426 0.05699194144814655
-51.321279554937405 -3.878031379194479 0.05729506958588003
-50.82058414464535 -3.8430932209615354 0.05758486202585454
-50.31988873435327 -3.8079875217877945 0.057861247779051425
-49.81919332406119 -3.7727141689394696 0.0581241558564458
-49.318497913769136 -3.7372730496827598 0.058373515269019446
-48.817802503477054 -3.701664051283871 0.05860925502775015
-48.31710709318497 -3.665887061008999 0.05883130414361658
-47.81641168289292 -3.6299419661243637 0.05903959162759652
-47.31571627260084 -3.5938286538961646 0.059234046490669975
-46.81502086230876 -3.5575470115906005 0.05941459774381562
-46.3143254520167 -3.5210969264738847 0.05958117439801079
-45.81363004172462 -3.48447828581222 0.059733705464235495
-45.31293463143254 -3.4476909768718014 0.059872119953467515
-44.81223922114049 -3.410734886918853 0.05999634687668774
-44.311543810848406 -3.373609903219567 0.06010631524487174
-43.810848400556324 -3.336315913040146 0.06020195406900129
-43.31015299026427 -3.298852803646803 0.060283192360052404
-42.80945757997219 -3.2612204623057406 0.06034995912900641
-42.30876216968011 -3.2234187762831543 0.06040218338683977
-41.808066759388026 -3.1854476328452574 0.060439794144532474
-41.30737134909597 -3.1473069192582668 0.06046272041306276
-40.80667593880389 -3.10899652278836 0.0604708912034093
-40.30598052851181 -3.0705163307017647 0.06046423552655032
-39.80528511821976 -3.031866230264687 0.06044268239346583
-39.304589707927676 -2.9930461087433113 0.060406160815134044
-38.803894297635594 -2.954055853403855 0.060354599802533646
-38.30319888734354 -2.9148953515125275 0.060287928366642415
-37.80250347705146 -2.8755644903355244 0.060206075518441246
-37.30180806675938 -2.836063157139048 0.06010897026890703
-36.801112656467325 -2.7963912391893264 0.05999654162901889
-36.30041724617524 -2.756548623752533 0.05986871860975461
-35.79972183588316 -2.7165351980948924 0.05972543022209641
-35.29902642559111 -2.676350849482614 0.05956660547701896
-34.79833101529903 -2.6359954651818787 0.059392173385503164
-34.297635605006946 -2.595468932458911 0.059202062958526355
-33.79694019471489 -2.55477113857992 0.05899620320706854
-33.29624478442281 -2.5139019708110877 0.05877452314210839
-32.79554937413073 -2.472861316418641 0.05853695177462369
-32.294853963838676 -2.4316490626687757 0.05828341811559355
-31.794158553546595 -2.390265096827694 0.058013851175997985
-31.293463143254513 -2.3487093061616027 0.05772817996681388
-30.79276773296246 -2.3069815779367215 0.05742633349901992
-30.29207232267038 -2.2650817994192356 0.05710824078359654
-29.791376912378297 -2.223009857875351 0.05677383083152153
-29.290681502086244 -2.1807656405712916 0.05642303265377356
-28.789986091794162 -2.1383490347732352 0.056055775261331306
-28.28929068150208 -2.0957599277473986 0.05567198766517255
-27.788595271210028 -2.0529982067600057 0.05527159887627685
-27.287899860917946 -2.0100637590772306 0.0548545379056251
-26.787204450625865 -1.96695647196529 0.05442073376419197
-26.28650904033381 -1.9236762326904011 0.053970115462958365
-25.78581363004173 -1.880222928518759 0.053502612012903836
-25.28511821974965 -1.8365964467165594 0.05301815242500528
-24.784422809457595 -1.7927966745500261 0.0525166657102427
-24.283727399165514 -1.7488234992853404 0.05199808087959522
-23.783031988873432 -1.7046768081887298 0.051462326944038836
-23.28233657858135 -1.6603564885263897 0.050909332914556224
-22.781641168289298 -1.6158624275645193 0.050339027802122946
-22.280945757997216 -1.5711945125693316 0.04975134061771812
-21.780250347705135 -1.5263526308070365 0.04914620037232263
-21.27955493741308 -1.4813366695438295 0.048523536076913384
-20.778859527121 -1.436146516045913 0.04788327674246949
-20.27816411682892 -1.390782057579504 0.04722535137996829
-19.777468706536865 -1.345243181410798 0.046549689000392455
-19.276773296244784 -1.2995297748059937 0.045856218614715324
-18.776077885952702 -1.2536417250313154 0.04514486923392001
-18.27538247566065 -1.2075789193529585 0.04441556986898297
-17.774687065368568 -1.1613412450371183 0.043668249530883316
-17.273991655076486 -1.1149285893500047 0.042902837230601495
-16.773296244784433 -1.0683408395578309 0.04211926197911352
-16.27260083449235 -1.0215778829267959 0.04131745278739983
-15.77190542420027 -0.97463960672312 0.04049733866643822
-15.271210013908217 -0.9275258982129775 0.039658848627207796
-14.770514603616135 -0.8802366446625887 0.03880191168068857
-14.269819193324054 -0.8327717333381632 0.0379264568378561
-13.769123783032 -0.7851310515059109 0.03703241310969217
-13.268428372739919 -0.7373144864320165 0.036119709507174566
-12.767732962447838 -0.6893219253826968 0.03518827504128151
-12.267037552155784 -0.6411532556241579 0.03423803872299301
-11.766342141863703 -0.592808364422599 0.03326892956328552
-11.265646731571621 -0.5442871390442403 0.03228087657314037
-10.764951321279568 -0.49558946675527027 0.031273808763533126
-10.264255910987487 -0.446715234821895 0.03024765514544646
-9.763560500695405 -0.3976643305103207 0.029202344729854154
-9.262865090403352 -0.34843664108676764 0.028137806527740214
-8.76216968011127 -0.29903205381741715 0.027053969550080645
-8.261474269819189 -0.24945045596848603 0.025950762807853675
-7.760778859527136 -0.19969173480617686 0.02482811531204064
-7.260083449235054 -0.14975577759669934 0.023685956073616662
-6.759388038942973 -0.09964247160625961 0.02252421410356263
-6.25869262865092 -0.04935170410105316 0.02134281841285722
-5.757997218358838 0.0011166376527174116 0.020141698012477324
-5.257301808066757 0.051762666388828205 0.018920781913404724
-4.756606397774675 0.10258649484108728 0.01767999912661676
-4.255910987482622 0.1535882357432956 0.016419278663090772
-3.7552155771905404 0.20476800182923993 0.015138549533807208
-3.254520166898459 0.25612590583271766 0.013837740749743407
-2.753824756606406 0.3076620604875262 0.012516781321880707
-2.2531293463143243 0.35937657852744165 0.011175600261193783
-1.7524339360222427 0.4112695726862863 0.00981412657866619
-1.2517385257301896 0.4633191933240603 0.008434798331015323
-0.7510431154381081 0.5174827538247566 0.007590625869262865
-0.25034770514602656 0.573411404728791 0.007435006954102921
0.25034770514602656 0.6284378303198876 0.007485076495132126
0.7510431154381081 0.6829134909596661 0.007650458970792768
1.2517385257301896 0.7370870653685684 0.00790600834492351
1.7524339360222427 0.7907094575799711 0.008226703755215569
2.2531293463143243 0.8436785813630041 0.008612628650904033
2.753824756606406 0.8950840055632832 0.009109360222531303
3.254520166898459 0.944742976356049 0.009781961057023628
3.7552155771905404 0.9906464534075103 0.010843977746870648
4.255910987482622 1.0314586926286515 0.012605535465924926
4.756606397774675 1.0697481223922105 0.01493276773296239
5.257301808066757 1.1085297635605005 0.017287566063977737
5.757997218358838 1.1475625869262869 0.019525827538247595
6.258692628650891 1.1851915159944357 0.021867246175243334
6.759388038942973 1.2217796940194714 0.02477271210013906
7.260083449235054 1.2597986091794162 0.02868433936022258
7.760778859527107 1.2959070931849783 0.03399671766342125
8.261474269819189 1.2879627260083453 0.03458764951321284
8.76216968011127 1.2427135503356819 0.030125450892253117
9.262865090403324 1.1975529480096276 0.0256891215894421
9.763560500695405 1.152492359081109 0.02128190802359685
10.264255910987487 1.1075318962839238 0.016903739205696308
10.76495132127954 1.0626716723518692 0.012554544146719457
11.265646731571621 1.0179118000187355 0.008234251857644523
11.766342141863703 0.9732523920183205 0.003942791349450456
12.267037552155784 0.9286935610844191 -0.00031990836688398916
12.767732962447838 0.8842354199508287 -0.004553918280379862
13.268428372739919 0.8398780813513396 -0.00875930938005895
13.769123783032 0.7956216580197495 -0.012936152654942232
14.269819193324054 0.7514662626898558 -0.01708451909405083
14.770514603616135 0.7074120080954487 -0.02120447968640639
15.271210013908217 0.6634590069703257 -0.025296105421030016
15.77190542420027 0.6196073720482842 -0.02935946728694279
16.27260083449235 0.5758572160631148 -0.03339463627316637
16.773296244784433 0.5322086517486144 -0.037401683368721864
17.273991655076486 0.48866179183858116 -0.04138067956263029
17.774687065368568 0.44521674906680486 -0.04533169584391343
18.27538247566065 0.4018736361670836 -0.04925480320159224
18.776077885952702 0.3586325658732141 -0.053150072624687864
19.276773296244784 0.31549365091898696 -0.05701757510222198
19.777468706536865 0.2724570040381997 -0.06085738162321565
20.27816411682892 0.22952273796465006 -0.06466956317668997
20.778859527121 0.18669096543212804 -0.06845419075166657
21.27955493741308 0.14396179917443086 -0.07221133533716663
21.780250347705135 0.10133535192535681 -0.07594106792221107
22.280945757997216 0.058811736418695304 -0.07964345949582173
22.781641168289298 0.016391065388244197 -0.08331858104701957
23.28233657858135 -0.02592654843219888 -0.08696650356482573
23.783031988873432 -0.06814099230884407 -0.09058729803826189
24.283727399165514 -0.11025215350789352 -0.09418103545634905
24.784422809457567 -0.15225991929554983 -0.0977477868081084
25.28511821974965 -0.19416417693802268 -0.10128762308256158
25.78581363004173 -0.2359648137015138 -0.1048006152687296
26.286509040333783 -0.2776617168522275 -0.10828683435563359
26.787204450625865 -0.3192547736563722 -0.11174635133229523
27.287899860917946 -0.36074387138015096 -0.11517923718773564
27.78859527121 -0.40212889728976586 -0.11858556291097581
28.28929068150208 -0.4434097386514271 -0.12196539949103745
28.789986091794162 -0.48458628273133675 -0.12531881791694166
29.290681502086215 -0.5256584167956975 -0.12864588917770947
29.791376912378297 -0.5666260281107185 -0.13194668426236267
30.29207232267038 -0.6074890039426033 -0.1352212741599222
30.79276773296246 -0.6482472315575563 -0.13846972985940936
31.293463143254513 -0.6889005982217804 -0.14169212234984535
31.794158553546595 -0.7294489912014845 -0.1448885226202517
32.294853963838676 -0.7698922977628717 -0.14805900165964958
32.79554937413073 -0.8102304051721445 -0.1512036304570601
33.29624478442281 -0.8504632006955122 -0.15432248000150472
33.79694019471489 -0.8905905715991778 -0.15741562128200476
34.297635605006946 -0.9306124051493434 -0.1604831252875813
34.79833101529903 -0.9705285886122192 -0.16352506300725578
35.29902642559111 -1.0103390092540074 -0.16654150543004947
35.79972183588316 -1.050043554340911 -0.16953252354498344
36.30041724617524 -1.0896421111391388 -0.17249818834107927
36.801112656467325 -1.1291345669148938 -0.1754385708073582
37.30180806675938 -1.1685208089343786 -0.17835374193284115
37.80250347705146 -1.207800724463803 -0.1812437727065498
38.30319888734354 -1.246974200769369 -0.18410873411750533
38.803894297635594 -1.2860411251172796 -0.18694869715472884
39.304589707927676 -1.3250013847737443 -0.1897637328072418
39.80528511821976 -1.363854867004966 -0.19255391206406547
40.30598052851181 -1.4026014590771467 -0.19531930591422092
40.80667593880389 -1.4412410482564963 -0.19805998534672975
41.30737134909597 -1.4797735218092174 -0.20077602135061312
41.808066759388026 -1.518198767001513 -0.20346748491489208
42.30876216968011 -1.5565166710995912 -0.20613444702858819
42.80945757997219 -1.5947271213696563 -0.20877697868072265
43.31015299026424 -1.6328300050779094 -0.21139515086031663
43.810848400556324 -1.670825209490562 -0.21398903455639162
44.311543810848406 -1.7087126218738145 -0.2165587007579688
44.81223922114046 -1.7464921294938702 -0.2191042204540692
45.31293463143254 -1.7841636196169404 -0.22162566463371447
45.81363004172462 -1.8217269795092252 -0.2241231042859258
46.314325452016675 -1.8591820964369288 -0.22659661039972423
46.81502086230876 -1.8965288576662593 -0.2290462539641313
47.31571627260084 -1.9337671504634217 -0.23147210596816825
47.81641168289289 -1.9708968620946163 -0.2338742374008561
48.31710709318497 -2.0079178798260533 -0.2362527192512166
48.817802503477054 -2.0448300909239348 -0.23860762250827067
49.318497913769136 -2.081633382654467 -0.2409390181610397
49.81919332406119 -2.118327642283853 -0.24324697719854482
50.31988873435327 -2.1549127570782995 -0.24553157060980757
50.82058414464535 -2.1913886143040116 -0.2477928693838491
51.321279554937405 -2.227755101227191 -0.25003094450969054
51.82197496522949 -2.264012105114048 -0.25224586697635343
52.32267037552157 -2.3001595132307835 -0.2544377077728589
52.82336578581362 -2.336197212843602 -0.25660653788822807
53.3240611961057 -2.372125091218711 -0.2587524283114826
53.824756606397784 -2.407943035622315 -0.2608754500316437
54.32545201668984 -2.4436509333206167 -0.26297567403773214
54.82614742698192 -2.4792486715798234 -0.2650531713187698
55.326842837274 -2.5147361376661395 -0.2671080128637777
55.82753824756605 -2.5501132188457674 -0.2691402696617772
56.328233657858135 -2.5853798023849177 -0.2711500127017895
56.82892906815022 -2.6205357755497896 -0.2731373129728359
57.32962447844227 -2.65558102560659 -0.27510224146393764
57.83031988873435 -2.690515439821525 -0.2770448691641161
58.33101529902643 -2.725338905460798 -0.27896526706239244
58.831710709318486 -2.760051309790614 -0.280863506147788
59.33240611961057 -2.7946525400771782 -0.28273965740932405
59.83310152990265 -2.8291424835866974 -0.28459379183602196
60.3337969401947 -2.863521027585372 -0.2864259804169027
60.834492350486784 -2.897788059339413 -0.28823629414098806
61.335187760778865 -2.9319434661150203 -0.2900248039972988
61.83588317107092 -2.965987135178399 -0.29179158097485636
62.336578581363 -2.9999189537957585 -0.29353669606268223
62.83727399165508 -3.033738809233299 -0.29526022024979764
63.337969401947134 -3.067446588757227 -0.2969622245252235
63.838664812239216 -3.101042179633748 -0.2986427798779815
64.3393602225313 -3.1345254691290685 -0.30030195729709275
64.84005563282335 -3.1678963445093875 -0.3019398277715786
65.34075104311543 -3.2011546930409165 -0.3035564622904602
65.84144645340751 -3.234300401989858 -0.3051519318427589
66.34214186369957 -3.267333358622414 -0.306726307417496
66.84283727399165 -3.3002534502047944 -0.3082796600036928
67.34353268428373 -3.3330605640032016 -0.3098120605903704
67.84422809457581 -3.3657545872838415 -0.3113235801665504
68.34492350486786 -3.398335407312915 -0.31281428972125375
68.84561891515995 -3.430802911356633 -0.31428426024350187
69.34631432545203 -3.4631569866811973 -0.31573356272231606
69.84700973574408 -3.4953975205528125 -0.3171622681467176
70.34770514603616 -3.527524400237684 -0.3185704475057277
70.84840055632824 -3.559537513002017 -0.31995817178836766
71.3490959666203 -3.591436746112016 -0.3213255119836588
71.84979137691238 -3.623221986833887 -0.3226725390806224
72.35048678720446 -3.6548931224338355 -0.32399932406827975
72.85118219749651 -3.686450040178061 -0.3253059379356519
73.3518776077886 -3.7178926273327764 -0.32659245167176043
73.85257301808068 -3.749220771164181 -0.3278589362656265
74.35326842837273 -3.78043435893848 -0.3291054627062714
74.85396383866481 -3.8115332779218822 -0.3303321019827164
75.35465924895689 -3.842517415380589 -0.33153892508398275
75.85535465924895 -3.8733866585808054 -0.3327260029990918
76.35605006954103 -3.9041408947887386 -0.3338934067170648
76.85674547983308 -3.934780011270591 -0.3350412072269229
77.35744089012519 -3.9653038952925717 -0.3361694755176876
77.85813630041724 -3.9957124341208794 -0.33727828257838005
78.3588317107093 -4.026005515021721 -0.3383676993980213
78.8595271210014 -4.056183025261307 -0.33943779696563325
79.36022253129346 -4.086244852105834 -0.34048864627023656
79.86091794158551 -4.1161908828215115 -0.3415203183008528
80.36161335187762 -4.146021004674546 -0.3425328840465032
80.86230876216968 -4.175735104931139 -0.3435264144962091
81.36300417246173 -4.205333070857495 -0.3445009806389915
81.86369958275384 -4.234814789719824 -0.3454566534638721
82.36439499304589 -4.264180148784325 -0.34639350395987173
82.86509040333794 -4.293429035317203 -0.3473116031160121
83.36578581363005 -4.32256133658467 -0.34821102192131437
83.86648122392211 -4.351576939852924 -0.3490918313647995
84.36717663421416 -4.38047573238817 -0.34995410243548913
84.86787204450627 -4.40925760145662 -0.3507979061224043
85.36856745479832 -4.43792243432447 -0.35162331341456654
85.86926286509038 -4.466470118257929 -0.35243039530099685
86.36995827538249 -4.494900540523204 -0.35321922277071677
86.87065368567454 -4.5232135883864935 -0.3539898668127474
87.3713490959666 -4.551409149114008 -0.35474239841610994
87.8720445062587 -4.579487109971955 -0.35547688856982607
88.37273991655076 -4.607447358226532 -0.3561934082629166
88.87343532684281 -4.635289781143946 -0.356892028484403
89.37413073713492 -4.663014265990407 -0.3575728202233067
89.87482614742697 -4.690620700032115 -0.35823585446864853
90.37552155771903 -4.718108970535274 -0.3588812022094503
90.87621696801114 -4.745478964766093 -0.3595089344347332
91.37691237830319 -4.772730569990774 -0.36011912213351804
91.87760778859524 -4.799863673475521 -0.3607118362948265
92.37830319888735 -4.826878162486546 -0.3612871479076799
92.8789986091794 -4.853773924290042 -0.36184512796109924
93.37969401947146 -4.880550846152223 -0.36238584744410596
93.88038942976357 -4.907208815339294 -0.3629093773457214
94.38108484005562 -4.933747719117456 -0.3634157886549669
94.88178025034773 -4.960167444752916 -0.3639051523608634
95.38247566063978 -4.986467879511876 -0.36437753945243245
95.88317107093184 -5.012648910660541 -0.3648330209186952
96.38386648122395 -5.038710425465123 -0.3652716677486729
96.884561891516 -5.064652311191821 -0.36569355093138717
97.38525730180805 -5.090474455106838 -0.3660987414558589
97.88595271210016 -5.116176744476386 -0.3664873103111094
98.38664812239222 -5.14175906656666 -0.36685932848616015
98.88734353268427 -5.1672213086438745 -0.36721486697003236
99.38803894297638 -5.192563357974231 -0.36755399675174716
99.88873435326843 -5.217785101823932 -0.36787678882032615
100.38942976356049 -5.242886427459183 -0.3681833141647902
100.8901251738526 -5.267867222146194 -0.3684736437741607
101.39082058414465 -5.292727373151164 -0.36874784863745913
101.8915159944367 -5.317466767740299 -0.36900599974370674
102.39221140472881 -5.34208529317981 -0.36924816808192473
102.89290681502086 -5.3665828367358905 -0.3694744246411342
103.39360222531292 -5.3909592856747555 -0.36968484041035665
103.89429763560503 -5.4152145272626075 -0.36987948637861334
104.39499304589708 -5.439348448765646 -0.3700584335349255
104.89568845618913 -5.46336093745008 -0.3702217528683144
105.39638386648124 -5.487251880582118 -0.37036951536780127
105.8970792767733 -5.511021165427961 -0.37050179202240763
106.39777468706535 -5.534668679253812 -0.37061865382115444
106.89847009735746 -5.558194309325881 -0.37072017175306304
107.39916550764951 -5.581597942910367 -0.370806416807155
107.89986091794157 -5.604879467273481 -0.37087745997245125
108.40055632823368 -5.6280387696814245 -0.3709333722379732
108.90125173852573 -5.651075737400401 -0.3709742245927421
109.40194714881778 -5.673990257696616 -0.37100008802577933
109.90264255910989 -5.6967822178362795 -0.3710110335261061
110.40333796940195 -5.719451505085592 -0.3710071320827437
110.904033379694 -5.741998006710757 -0.3709884546847133
111.40472878998611 -5.764421609977983 -0.3709550723210362
111.90542420027816 -5.786722202153472 -0.3709070559807339
112.40611961057022 -5.808899670503431 -0.37084447665282716
112.90681502086233 -5.830953902294066 -0.3707674053263381
113.40751043115438 -5.852884784791577 -0.37067591299028735
113.90820584144643 -5.874692205262173 -0.37057007063369607
114.40890125173854 -5.896376050972059 -0.37044994924558616
114.9095966620306 -5.917936209187438 -0.3703156198149786
115.41029207232265 -5.939372567174516 -0.37016715333089434
115.91098748261476 -5.960685012199498 -0.3700046207823553
116.41168289290681 -5.981873431528587 -0.36982809315838194
116.91237830319886 -6.00293771242799 -0.36963764144799627
117.41307371349097 -6.023877742163915 -0.3694333366402194
117.91376912378303 -6.0446934080025585 -0.36921524972407227
118.41446453407508 -6.065384597210132 -0.3689834516885766
118.91515994436719 -6.0859511970528395 -0.36873801352275315
119.41585535465924 -6.106393094796886 -0.3684790062156238
119.9165507649513 -6.126710177708471 -0.36820650075620953
120.4172461752434 -6.146902333053809 -0.36792056813353147
120.91794158553546 -6.1669694480990955 -0.36762127933661115
121.41863699582751 -6.186911410110541 -0.3673087053544698
121.91933240611962 -6.206728106354353 -0.3669829171761283
122.42002781641168 -6.226419424096729 -0.36664398579060864
122.92072322670373 -6.245985250603876 -0.3662919821869317
123.42141863699584 -6.2654254731420025 -0.3659269773541186
123.92211404728789 -6.2847399789773135 -0.365549042281191
124.42280945757994 -6.3039286553760085 -0.36515824795717
124.92350486787205 -6.322991389604297 -0.3647546653710766
125.42420027816411 -6.341928068928381 -0.36433836551193266
125.92489568845616 -6.360738580614466 -0.36390941936875887
126.42559109874827 -6.379422811928764 -0.36346789793057677
126.92628650904032 -6.397980650137468 -0.3630138721864078
127.42698191933238 -6.416411982506789 -0.36254741312527305
127.92767732962449 -6.434716696302935 -0.36206859173619377
128.42837273991654 -6.452894678792106 -0.36157747900819137
128.9290681502086 -6.470945817240507 -0.3610741459302871
129.4297635605007 -6.488869998914346 -0.3605586634915017
129.93045897079276 -6.506667111079825 -0.3600311026808576
130.4311543810848 -6.5243370410031485 -0.35949153448737503
130.93184979137692 -6.541879675950529 -0.358940029900076
131.43254520166897 -6.55929490318816 -0.35837665990798095
131.93324061196108 -6.576582609982255 -0.35780149550011175
132.43393602225314 -6.5937426835990145 -0.35721460766548974
132.9346314325452 -6.610775011304646 -0.356616067393136
133.4353268428373 -6.627679480365352 -0.3560059456720721
133.93602225312935 -6.644455978047338 -0.3553843134913188
134.4367176634214 -6.66110439161681 -0.3547512418398975
134.93741307371351 -6.677624608339972 -0.35410680170682973
135.43810848400557 -6.694016515483032 -0.3534510640811369
135.93880389429762 -6.7102800003121885 -0.35278409995183946
136.43949930458973 -6.726414950093652 -0.3521059803079597
136.94019471488178 -6.742421252093624 -0.3514167761385183
137.44089012517384 -6.758298793578314 -0.3507165584325367
137.94158553546595 -6.7740474618139235 -0.35000539817903653
138.442280945758 -6.789667144066655 -0.3492833663670384
138.94297635605005 -6.805157727602717 -0.3485505339855638
139.44367176634216 -6.820519099688315 -0.3478069720236341
139.94436717663422 -6.835751147589654 -0.34705275147027104
140.44506258692627 -6.850853758572935 -0.3462879433144951
140.94575799721838 -6.865826819904367 -0.3455126185453279
141.44645340751043 -6.880670218850151 -0.3447268481517909
141.94714881780249 -6.895383842676495 -0.3439307031229051
142.4478442280946 -6.909967578649606 -0.3431242544476917
142.94853963838665 -6.924421314035682 -0.34230757311517235
143.4492350486787 -6.938744936100932 -0.3414807301143681
143.9499304589708 -6.9529383321115645 -0.3406437964343002
144.45062586926286 -6.967001389333779 -0.33979684306399016
144.95132127955492 -6.980933995033782 -0.33893994099245894
145.45201668984703 -6.994736036477779 -0.33807316120872777
145.95271210013908 -7.008407400931972 -0.3371965747018183
146.45340751043113 -7.021947975662572 -0.33631025246075197
146.95410292072324 -7.035357647935779 -0.33541426547454933
147.4547983310153 -7.048636305017798 -0.33450868473223183
147.95549374130735 -7.061783834174836 -0.33359358122282146
148.45618915159946 -7.074800122673098 -0.33266902593533887
148.9568845618915 -7.087685057778788 -0.3317350898588054
149.45757997218357 -7.100438526758111 -0.3307918439822426
149.95827538247568 -7.113060416877271 -0.3298393592946711
150.45897079276773 -7.125550615402474 -0.32887770678511274
150.95966620305978 -7.137909009599923 -0.3279069574425886
151.4603616133519 -7.150135486735829 -0.32692718225612016
151.96105702364395 -7.1622299340763895 -0.32593845221472884
152.461752433936 -7.174192238887812 -0.32494083830743525
152.9624478442281 -7.186022288436302 -0.3239344115232614
153.46314325452016 -7.197719969988066 -0.32291924285122797
153.96383866481222 -7.209285170809306 -0.3218954032803565
154.46453407510432 -7.220717778166229 -0.3208629637996687
154.96522948539638 -7.232017679325036 -0.3198219953981847
155.46592489568843 -7.243184761551936 -0.318772569064927
155.96662030598054 -7.254218912113137 -0.3177147557889164
156.4673157162726 -7.2651200182748354 -0.3166486265591739
156.96801112656465 -7.275887967303241 -0.31557425236472114
157.46870653685676 -7.286522646464558 -0.31449170419457917
157.9694019471488 -7.297023943024994 -0.3134010530377698
158.47009735744086 -7.307391744250749 -0.3123023698833136
158.97079276773297 -7.317625937408032 -0.311195725720232
159.47148817802503 -7.327726409763045 -0.31008119153754654
159.97218358831708 -7.337693048581993 -0.3089588383242785
160.4728789986092 -7.347525741131083 -0.3078287370694488
160.97357440890124 -7.35722437467652 -0.30669095876207897
161.4742698191933 -7.366788836484506 -0.30554557439119057
161.9749652294854 -7.376219013821249 -0.30439265494580425
162.47566063977746 -7.385514793952954 -0.3032322714149418
162.9763560500695 -7.394676064145823 -0.3020644947876243
163.47705146036162 -7.403702711666062 -0.3008893960528727
163.97774687065368 -7.412594623779878 -0.2997070461997091
164.47844228094573 -7.4213516877534715 -0.29851751621715383
164.97913769123784 -7.4299737908530545 -0.29732087709422905
165.4798331015299 -7.438460820344826 -0.29611719981995543
165.98052851182194 -7.446812663494992 -0.29490655538335475
166.48122392211405 -7.455029207569758 -0.29368901477344744
166.9819193324061 -7.46311033983533 -0.2924646489792555
167.48261474269816 -7.471055947557911 -0.29123352898980004
167.98331015299027 -7.478865918003706 -0.28999572579410215
168.48400556328232 -7.4865401384389205 -0.2887513103811834
168.98470097357443 -7.494078496129761 -0.2875003537400651
169.4853963838665 -7.501480878342431 -0.2862429268597684
169.98609179415854 -7.508747172343135 -0.2849791007293143
170.48678720445065 -7.515877265398078 -0.28370894633772425
170.9874826147427 -7.522871044773467 -0.28243253467401996
171.48817802503476 -7.5297283977355 -0.2811499367272221
171.98887343532687 -7.5364492115503925 -0.27986122348635245
172.48956884561892 -7.543033373484343 -0.27856646594043166
172.99026425591097 -7.549480770803559 -0.27726573507848173
173.49095966620308 -7.555791290774241 -0.2759591018895231
173.99165507649514 -7.561964820662595 -0.274646637362578
174.4923504867872 -7.568001247734831 -0.27332841248666706
174.9930458970793 -7.57390045925715 -0.27200449825081185
175.49374130737135 -7.579662342495757 -0.27067496564403326
175.9944367176634 -7.585286784716855 -0.2693398856553533
176.49513212795551 -7.5907736731866535 -0.26799932927379255
176.99582753824757 -7.596122895171357 -0.26665336748837243
177.49652294853962 -7.601334337937168 -0.26530207128811445
177.99721835883173 -7.60640788875029 -0.26394551166203994
178.49791376912378 -7.611343434876931 -0.2625837595991698
178.99860917941584 -7.6161408635832935 -0.26121688608852534
179.49930458970795 -7.6208000621355865 -0.25984496211912833
180.0 -7.625320917800012 -0.25846805867999967
