Polar data for 2 at Re = 111428.57142857143
Alpha (deg) Cl Cd
-180.0 -11.735772903329087 1.0700739439453202
-179.49930458970792 -11.749296551196817 1.067582670384285
-178.99860917941587 -11.762616572385706 1.0650740257848132
-178.49791376912378 -11.775732442324529 1.0625481351844657
-177.9972183588317 -11.78864363644204 1.0600051236207981
-177.49652294853965 -11.801349630167016 1.057445116131371
-176.99582753824757 -11.813849898928213 1.054868237753743
-176.4951321279555 -11.826143918154402 1.0522746135254735
-175.99443671766343 -11.838231163274346 1.0496643684841194
-175.49374130737135 -11.850111109716812 1.047037627667241
-174.99304589707927 -11.861783232910566 1.0443945161123989
-174.49235048678722 -11.873247008284372 1.0417351588571486
-173.99165507649514 -11.884501911266993 1.0390596809390507
-173.49095966620305 -11.895547417287199 1.0363682073956626
-172.990264255911 -11.906383001773753 1.0336608632645443
-172.48956884561892 -11.917008140155422 1.0309377735832552
-171.98887343532684 -11.92742230786097 1.0281990633893539
-171.48817802503476 -11.937624980319166 1.0254448577203978
-170.9874826147427 -11.947615632958767 1.0226752816139466
-170.48678720445062 -11.957393741208547 1.0198904601075587
-169.98609179415854 -11.966958780497269 1.0170905182387948
-169.4853963838665 -11.976310226253696 1.0142755810452113
-168.9847009735744 -11.985447553906598 1.011445773564368
-168.48400556328232 -11.994370238884732 1.0086012208338244
-167.98331015299027 -12.003077756616877 1.0057420478911385
-167.4826147426982 -12.011569582531784 1.0028683797738684
-166.9819193324061 -12.01984519205823 0.9999803415195749
-166.48122392211405 -12.027904060624973 0.9970780581658152
-165.98052851182197 -12.035745663660785 0.9941616547501491
-165.4798331015299 -12.043369476594423 0.9912312563101346
-164.97913769123784 -12.050774974854662 0.9882869878833309
-164.47844228094576 -12.057961633870258 0.9853289745072977
-163.97774687065368 -12.064928929069984 0.9823573412195918
-163.47705146036162 -12.071676335882598 0.9793722130577727
-162.97635605006954 -12.078203329736878 0.9763737150594005
-162.47566063977746 -12.084509386061574 0.9733619722620339
-161.9749652294854 -12.090593980285464 0.9703371097032318
-161.47426981919332 -12.096456587837304 0.9672992524205497
-160.97357440890124 -12.102096684145868 0.96424852545155
-160.4728789986092 -12.107513744639911 0.9611850538337914
-159.9721835883171 -12.112707244748213 0.9581089626048314
-159.47148817802503 -12.117676659899525 0.955020376802229
-158.97079276773297 -12.122421465522622 0.951919421463544
-158.4700973574409 -12.126941137046265 0.9488062216263338
-157.9694019471488 -12.131235149899222 0.9456809023281572
-157.46870653685676 -12.135302979510255 0.9425435886065745
-156.96801112656468 -12.139144101308133 0.9393944054991443
-156.4673157162726 -12.142757990721618 0.9362334780434238
-155.96662030598054 -12.14614412317948 0.9330609312769746
-155.46592489568846 -12.14930197411048 0.9298768902373522
-154.96522948539638 -12.152231018943384 0.9266814799621172
-154.46453407510432 -12.154930733106964 0.9234748254888288
-153.96383866481224 -12.157400592029976 0.9202570518550457
-153.46314325452016 -12.159640071141192 0.9170282840983262
-152.9624478442281 -12.161648645869374 0.9137886472562291
-152.46175243393603 -12.163425791643292 0.9105382663663131
-151.96105702364395 -12.164970983891704 0.9072772664661375
-151.4603616133519 -12.166283698043381 0.9040057725932604
-150.9596662030598 -12.167363409527088 0.9007239097852417
-150.45897079276773 -12.168209593771591 0.89743180307964
-149.95827538247568 -12.16882172620565 0.8941295775140137
-149.4575799721836 -12.16919928225804 0.8908173581259209
-148.9568845618915 -12.169341737357515 0.8874952699529219
-148.45618915159943 -12.169248566932852 0.8841634380325754
-147.95549374130738 -12.168919246412806 0.8808219874024388
-147.4547983310153 -12.16835325122615 0.8774710431000725
-146.95410292072324 -12.167550056801646 0.8741107301630338
-146.45340751043116 -12.166509138568063 0.8707411736288824
-145.95271210013908 -12.16522997195416 0.8673624985351773
-145.452016689847 -12.16371203238871 0.8639748299194776
-144.95132127955495 -12.16195479530047 0.8605782928193422
-144.45062586926286 -12.159957736118217 0.8571730122723273
-143.94993045897078 -12.157720330270704 0.8537591133159947
-143.44923504867873 -12.155242053186706 0.8503367209879025
-142.94853963838665 -12.15252238029498 0.8469059603256104
-142.44784422809457 -12.149560787024297 0.8434669563666748
-141.9471488178025 -12.146356748803425 0.8400198341486564
-141.44645340751043 -12.142909741061123 0.8365647187091125
-140.94575799721835 -12.139219239226163 0.8331017350856038
-140.44506258692627 -12.135284718727304 0.8296310083156875
-139.94436717663422 -12.131105654993316 0.8261526634369252
-139.44367176634213 -12.12668152345296 0.8226668254868723
-138.94297635605005 -12.122011799535008 0.8191736195030888
-138.442280945758 -12.11709595866822 0.8156731705231344
-137.94158553546592 -12.111933476281365 0.8121656035845672
-137.44089012517384 -12.106523827803203 0.8086510437249455
-136.94019471488178 -12.100866488662506 0.805129615981828
-136.4394993045897 -12.094960934288036 0.8016014453927756
-135.93880389429762 -12.08880664010856 0.7980666569953445
-135.43810848400557 -12.08240308155284 0.7945253758270956
-134.9374130737135 -12.07574973404965 0.7909777269255869
-134.4367176634214 -12.068846073027743 0.7874238353283773
-133.93602225312935 -12.061691573915894 0.7838638260730251
-133.43532684283727 -12.054285712142866 0.7802978241970899
-132.9346314325452 -12.046627963137423 0.77672595473813
-132.43393602225314 -12.03871780232833 0.7731483427337043
-131.93324061196105 -12.030554705144358 0.7695651132213717
-131.43254520166897 -12.022138147014262 0.7659763912386912
-130.93184979137692 -12.01346760336682 0.7623823018232219
-130.43115438108484 -12.004542549630786 0.7587829700125208
-129.93045897079276 -11.995362461234933 0.7551785208441506
-129.4297635605007 -11.985926813608026 0.7515690793556666
-128.92906815020862 -11.976235082178826 0.7479547705846261
-128.42837273991654 -11.966286742376104 0.7443357195685942
-127.92767732962449 -11.95608126962862 0.7407120513451237
-127.4269819193324 -11.945618139365145 0.7370838909517763
-126.92628650904032 -11.934896827014436 0.7334513634261108
-126.42559109874827 -11.923916808005272 0.7298145938056855
-125.92489568845619 -11.912677557766404 0.7261737071280574
-125.42420027816411 -11.901178551726607 0.72252882843079
-124.92350486787205 -11.889419265314642 0.718880082751437
-124.42280945757997 -11.877399173959278 0.7152275951275591
-123.92211404728789 -11.865117753089274 0.7115714905967179
-123.42141863699584 -11.852574478133405 0.7079118941964688
-122.92072322670376 -11.839768824520426 0.7042489309643709
-122.42002781641168 -11.826700267679113 0.700582725937984
-121.91933240611961 -11.813368283038223 0.6969134041548688
-121.41863699582754 -11.799772346026527 0.6932410906525799
-120.91794158553546 -11.785911932072786 0.689565910468678
-120.41724617524339 -11.77178651660577 0.685887988640723
-119.91655076495132 -11.757395575054238 0.682207450206272
-119.41585535465924 -11.742738582846965 0.6785244202028851
-118.91515994436718 -11.727815015412705 0.6748390236681219
-118.41446453407511 -11.712624348180235 0.6711513856395388
-117.91376912378303 -11.69716605657831 0.6674616311546957
-117.41307371349096 -11.681439616035703 0.6637698852511515
-116.91237830319889 -11.665444501981176 0.6600762729664662
-116.41168289290681 -11.649180189843493 0.6563809193381978
-115.91098748261474 -11.632646155051427 0.6526839494039034
-115.41029207232268 -11.615841873033734 0.6489854882011448
-114.9095966620306 -11.598766819219188 0.6452856607674764
-114.40890125173853 -11.581420469036546 0.6415845921404626
-113.90820584144646 -11.563802297914581 0.6378824073576597
-113.40751043115438 -11.545911781282053 0.6341792314566248
-112.90681502086231 -11.52774839456773 0.6304751894749188
-112.40611961057024 -11.509311613200376 0.6267704064501005
-111.90542420027816 -11.490600912608762 0.6230650074197281
-111.4047287899861 -11.471615768221644 0.6193591174213615
-110.90403337969401 -11.452355655467795 0.6156528614925569
-110.40333796940195 -11.432820049775977 0.611946364670876
-109.90264255910988 -11.413008426574956 0.6082397519938751
-109.4019471488178 -11.392920261293497 0.6045331484991159
-108.90125173852573 -11.372555029360372 0.6008266792241546
-108.40055632823366 -11.351912206204334 0.5971204692065519
-107.89986091794158 -11.33099126725416 0.5934146434838643
-107.39916550764951 -11.309791687938606 0.5897093270936551
-106.89847009735745 -11.28831294368645 0.5860046450734779
-106.39777468706536 -11.266554509926438 0.5823007224608927
-105.8970792767733 -11.244515862087358 0.5785976842934619
-105.39638386648123 -11.222196475597956 0.574895655608741
-104.89568845618915 -11.199595825887009 0.5711947614442889
-104.39499304589708 -11.176713388383284 0.5674951268376673
-103.89429763560501 -11.15354863851554 0.5637968768264308
-103.39360222531293 -11.13010105171254 0.5601001364481408
-102.89290681502086 -11.106370103403057 0.5564050307403565
-102.3922114047288 -11.082355269015855 0.5527116847406377
-101.89151599443672 -11.058056023979695 0.5490202234865353
-101.39082058414465 -11.033471843723346 0.54533077201562
-100.89012517385257 -11.008602203675574 0.5416434553654426
-100.3894297635605 -10.983446579265145 0.5379583985735639
-99.88873435326843 -10.958004445920817 0.5342757266775429
-99.38803894297635 -10.932275279071366 0.5305955647149403
-98.88734353268428 -10.90625855414555 0.5269180377233116
-98.38664812239222 -10.879953746572141 0.5232432707402184
-97.88595271210013 -10.853360331779895 0.5195713888032152
-97.38525730180807 -10.826477785197588 0.5159025169498672
-96.884561891516 -10.799305582253977 0.5122367802177308
-96.38386648122392 -10.771843198377834 0.5085743036443595
-95.88317107093185 -10.744090108997918 0.5049152122673222
-95.38247566063978 -10.716045789543003 0.5012596311241679
-94.8817802503477 -10.687709715441843 0.4976076852524602
-94.38108484005564 -10.659081362123215 0.4939594996897598
-93.88038942976357 -10.630160205015878 0.4903151994736194
-93.37969401947149 -10.600945719548596 0.4866749096416016
-92.87899860917942 -10.57143738115014 0.483038755231268
-92.37830319888734 -10.541634665249275 0.479406861280174
-91.87760778859527 -10.511537047274759 0.4757793528258795
-91.3769123783032 -10.48114400265536 0.4721563549059408
-90.87621696801112 -10.450455006819857 0.4685379925579178
-90.37552155771905 -10.419469535196995 0.4649243908193729
-89.87482614742699 -10.388187063215554 0.46131567472786256
-89.3741307371349 -10.356607066304296 0.457711969320943
-88.87343532684284 -10.324729019891977 0.45411339963617586
-88.37273991655077 -10.292552399407375 0.45052009071111926
-87.87204450625869 -10.260076680279257 0.44693216758333393
-87.37134909596662 -10.227301337936376 0.4433497552903753
-86.87065368567455 -10.194225847807507 0.4397729788698059
-86.36995827538247 -10.160849685321407 0.4362019633591793
-85.8692628650904 -10.12717232590685 0.4326368337960608
-85.36856745479834 -10.093193244992596 0.42907771521800403
-84.86787204450626 -10.05891191800742 0.4255247326625697
-84.36717663421419 -10.024327820380071 0.42197801116731765
-83.86648122392211 -9.98944042753933 0.4184376757698069
-83.36578581363004 -9.954249214913952 0.41490385150759374
-82.86509040333797 -9.918753657932706 0.41137666341823803
-82.36439499304589 -9.882953232024361 0.40785623653929876
-81.86369958275382 -9.846847412617683 0.4043426959083349
-81.36300417246176 -9.810435675141425 0.40083616656290627
-80.86230876216968 -9.773717495024366 0.39733677354056746
-80.36161335187761 -9.73669234769527 0.3938446418788863
-79.86091794158554 -9.699359708582891 0.39035989661541287
-79.36022253129346 -9.661719053116014 0.38688266278770794
-78.85952712100139 -9.623769856723387 0.38341306543333137
-78.35883171070932 -9.58551159483378 0.379951229589843
-77.85813630041724 -9.546943742875966 0.37649728029480095
-77.35744089012518 -9.5080657762787 0.37305134258576506
-76.85674547983311 -9.46887717047075 0.36961354150028897
-76.35605006954103 -9.42937740088089 0.36618400207593876
-75.85535465924896 -9.38956594293788 0.3627628493502672
-75.35465924895689 -9.349442272070474 0.3593502083608368
-74.85396383866481 -9.309005863707457 0.35594620414520656
-74.35326842837274 -9.268256193277585 0.35255096174093453
-73.85257301808066 -9.227192736209618 0.34916460618557527
-73.3518776077886 -9.185814967932336 0.3457872625166966
-72.85118219749653 -9.144122363874493 0.3424190557718478
-72.35048678720445 -9.10211439946485 0.33906011098859307
-71.84979137691238 -9.059790550132186 0.33571055320449056
-71.34909596662031 -9.017150291305265 0.3323705074571001
-70.84840055632823 -8.974193098412838 0.32904009878397983
-70.34770514603616 -8.93091844688369 0.3257194522226869
-69.8470097357441 -8.88732581214657 0.3224086928107776
-69.34631432545201 -8.843414669630251 0.3191079455858172
-68.84561891515995 -8.7991844947635 0.3158173355853628
-68.34492350486788 -8.754634762975078 0.31253698784697076
-67.8442280945758 -8.709764949693751 0.30926702740820095
-67.34353268428373 -8.664574530348292 0.3060075793066141
-66.84283727399166 -8.619062980367454 0.30275876857976564
-66.34214186369958 -8.573229775180009 0.2995207202652172
-65.84144645340751 -8.527074390214727 0.2962935594005251
-65.34075104311543 -8.480596300900372 0.2930774110232501
-64.84005563282336 -8.433794982665697 0.2898724001709511
-64.3393602225313 -8.386669910939483 0.2866786518811854
-63.838664812239216 -8.339220561150489 0.2834962911915128
-63.33796940194715 -8.291446408727472 0.2803254431394941
-62.83727399165508 -8.24334692909922 0.27716623276268376
-62.336578581363 -8.19492159769448 0.27401878509864347
-61.83588317107093 -8.146169889942014 0.2708832251849313
-61.335187760778865 -8.097091281270602 0.2677596780591089
-60.834492350486784 -8.047685247109007 0.2646482687587299
-60.333796940194716 -7.997951262885982 0.2615491223213559
-59.83310152990265 -7.947888804030308 0.25846236378454684
-59.33240611961057 -7.897497345970743 0.2553881181858599
-58.8317107093185 -7.8467763641360495 0.2523265105628522
-58.33101529902643 -7.795725333954996 0.24927766595308637
-57.83031988873435 -7.744343730856356 0.24624170939412043
-57.329624478442284 -7.692631030268872 0.24321876592350894
-56.82892906815022 -7.64058670762134 0.24020896057881708
-56.328233657858135 -7.588210238342503 0.23721241839759938
-55.82753824756607 -7.535501097861131 0.2342292644174166
-55.326842837273986 -7.4824587616060025 0.2312596236758277
-54.82614742698192 -7.429082705005866 0.22830362121038988
-54.32545201668985 -7.375372403489495 0.22536138205866035
-53.82475660639777 -7.32132733248565 0.22243303125820252
-53.3240611961057 -7.266946967423108 0.2195186938465718
-52.823365785813635 -7.21223078373062 0.21661849486132895
-52.322670375521554 -7.157178256836962 0.21373255934003382
-51.82197496522949 -7.10178886217089 0.21086101232024096
-51.321279554937405 -7.046062075161176 0.20800397883951288
-50.82058414464535 -6.989997371236589 0.20516158393540768
-50.31988873435327 -6.933594225825894 0.20233395264548254
-49.81919332406119 -6.8768521143578365 0.1995212100073
-49.318497913769136 -6.819770512261213 0.1967234810584137
-48.817802503477054 -6.762348894964768 0.19394089083638616
-48.31710709318497 -6.704586737897264 0.1911735643787737
-47.81641168289292 -6.646483516487484 0.18842162672313795
-47.31571627260084 -6.588038706164189 0.185685202907037
-46.81502086230876 -6.529251782356136 0.18296441796802715
-46.3143254520167 -6.470122220492092 0.18025939694367094
-45.81363004172462 -6.410649496000827 0.17757026487152644
-45.31293463143254 -6.350833084311104 0.17489714678915086
-44.81223922114049 -6.290672460851697 0.17224016773410228
-44.311543810848406 -6.230167101051352 0.16959945274394056
-43.810848400556324 -6.169316480338848 0.16697512685622556
-43.31015299026427 -6.108120074142951 0.16436731510851715
-42.80945757997219 -6.04657735789243 0.16177614253836808
-42.30876216968011 -5.984687807016028 0.15920173418334532
-41.808066759388026 -5.922450896942534 0.15664421508100163
-41.30737134909597 -5.859866103100719 0.15410371026889863
-40.80667593880389 -5.796932900919325 0.15158034478459353
-40.30598052851181 -5.733650765827116 0.14907424366564886
-39.80528511821976 -5.670019173252895 0.14658553194961915
-39.304589707927676 -5.606037598625386 0.14411433467406604
-38.803894297635594 -5.541705517373368 0.14166077687654494
-38.30319888734354 -5.477022404925625 0.13922498359461838
-37.80250347705146 -5.411987736710893 0.13680707986584356
-37.30180806675938 -5.346600988157951 0.13440719072777768
-36.801112656467325 -5.280861634695581 0.13202544121798504
-36.30041724617524 -5.214769151752504 0.12966195637401928
-35.79972183588316 -5.148323014757532 0.12731686123343583
-35.29902642559111 -5.0815226991394145 0.1249902808338052
-34.79833101529903 -5.014367680326901 0.12268234021267482
-34.297635605006946 -4.946857433748777 0.12039316440761078
-33.79694019471489 -4.878991434833813 0.11812287845616848
-33.29624478442281 -4.810769159010748 0.1158716073959069
-32.79554937413073 -4.742190081708356 0.11363947626438503
-32.294853963838676 -4.673253678355428 0.1114266100991636
-31.794158553546595 -4.603959424380696 0.10923313393779804
-31.293463143254513 -4.534306795212943 0.1070591728178491
-30.79276773296246 -4.464295266280937 0.10490485177687664
-30.29207232267038 -4.393924313013427 0.10277029585243874
-29.791376912378297 -4.323193410839197 0.1006556300820926
-29.290681502086244 -4.252102035187013 0.0985609795033981
-28.789986091794162 -4.180649661485612 0.09648646915391418
-28.28929068150208 -4.108835765163784 0.09443222407120161
-27.788595271210028 -4.036659821650305 0.0923983692928167
-27.287899860917946 -3.964121306373914 0.09038502985631752
-26.787204450625865 -3.891219694763381 0.08839233079926573
-26.28650904033381 -3.817954462247491 0.0864203971592194
-25.78581363004173 -3.744325084254991 0.08446935397373484
-25.28511821974965 -3.6703310362146397 0.08253932628037458
-24.784422809457595 -3.595971793555242 0.08063043911669493
-24.283727399165514 -3.521246831705517 0.0787428175202522
-23.783031988873432 -3.4461556260942516 0.07687658652861334
-23.28233657858135 -3.3706976521502114 0.07503187117932936
-22.781641168289298 -3.2948723853021655 0.07320879650996098
-22.280945757997216 -3.2186793009788652 0.07140748755807075
-21.780250347705135 -3.142117874609094 0.06962806936121319
-21.27955493741308 -3.065187581621599 0.06787066695694904
-20.778859527121 -2.987887897445154 0.06613540538283641
-20.27816411682892 -2.9102182975085307 0.06442240967643514
-19.777468706536865 -2.8321782572404914 0.06273180487530156
-19.276773296244784 -2.7537672520697805 0.06106371601699728
-18.776077885952702 -2.674984757425206 0.059418268139078634
-18.27538247566065 -2.5958302487355014 0.057795586279108135
-17.774687065368568 -2.5163032014294324 0.05619579547464387
-17.273991655076486 -2.4364030909357717 0.054619020763241266
-16.773296244784433 -2.3561293926832954 0.05306538718245929
-16.27260083449235 -2.2754815821007477 0.05153501976986047
-15.77190542420027 -2.194459134616919 0.05002804356300289
-15.271210013908217 -2.113061525660543 0.04854458359944197
-14.770514603616135 -2.031288230660414 0.04708476491674024
-14.269819193324054 -1.949138725045286 0.045648712552454895
-13.769123783032 -1.866612484243929 0.044236551544142244
-13.268428372739919 -1.7837089836850937 0.04284840692936659
-12.767732962447838 -1.7004276987975602 0.04148440374568335
-12.267037552155784 -1.616768105010094 0.04014466703065328
-11.766342141863703 -1.5327296777514463 0.0388293218218318
-11.265646731571621 -1.4483118924504041 0.03753849315677965
-10.764951321279568 -1.363514224535726 0.03627230607305937
-10.264255910987487 -1.278336149436163 0.03503088560822104
-9.763560500695405 -1.1927771425804807 0.03381435679983252
-9.262865090403352 -1.1068366793974733 0.032622844685445684
-8.76216968011127 -1.0205142353158778 0.031456474302624826
-8.261474269819189 -0.933809285764474 0.03031537068892537
-7.760778859527136 -0.8467213061720202 0.029199658881906287
-7.260083449235054 -0.7592497719672822 0.02810946391912833
-6.759388038942973 -0.6713941585790395 0.027044910838148695
-6.25869262865092 -0.5831539414360365 0.026006124676529907
-5.757997218358838 -0.4945285959670387 0.02499323047182206
-5.257301808066757 -0.40551759760084005 0.024006353261593005
-4.756606397774675 -0.3161204217661777 0.023045618083399944
-4.255910987482622 -0.22633654389181723 0.02211114997479474
-3.7552155771905404 -0.13616543940654546 0.02120307397334703
-3.254520166898459 -0.04560658373911375 0.02032151511660868
-2.753824756606406 0.04534054768171947 0.01946659844213333
-2.2531293463143243 0.13667647942717442 0.018638448987495948
-1.7524339360222427 0.22835410292072514 0.01783389429763559
-1.2517385257301896 0.3107965229485383 0.016888789986091814
-0.7510431154381081 0.3918143254520168 0.016424645340751044
-0.25034770514602656 0.47464687065368716 0.01652497913769124
0.25034770514602656 0.5550084840055617 0.016424840055632828
0.7510431154381081 0.6354598052851181 0.01607401947148818
1.2517385257301896 0.7095986091794171 0.0154422531293463
1.7524339360222427 0.776502781641167 0.014837955493741317
2.2531293463143243 0.8370680111265645 0.014508497913769125
2.753824756606406 0.8930054242002791 0.014430611961057025
3.254520166898459 0.9453155771905413 0.014566717663421415
3.7552155771905404 0.9944881780250346 0.014772294853963837
4.255910987482622 1.0387429763560507 0.015217802503477061
4.756606397774675 1.0731107093184973 0.01660748261474265
5.257301808066757 1.0949938803894297 0.020038636995827513
5.757997218358838 1.115741863699583 0.024507816411682946
6.258692628650891 1.1482954102920713 0.02846397774687056
6.759388038942973 1.1929681502086227 0.03318664812239217
7.260083449235054 1.2388671766342148 0.03916584144645348
7.760778859527107 1.2727997218358824 0.04562314325451999
8.261474269819189 1.2887129346314325 0.05357974965229478
8.76216968011127 1.2855981919332404 0.06292122392211413
9.262865090403324 1.2522043115438124 0.07307057023643919
9.763560500695405 1.1998349747610513 0.08378714606237661
10.264255910987487 1.1474876505546838 0.09445045285462958
10.76495132127954 1.0951655988074143 0.10505387583844583
11.265646731571621 1.042869344090472 0.1155975400513855
11.766342141863703 0.990599410975094 0.12608157053100683
12.267037552155784 0.9383563240325155 0.1365060923148685
12.767732962447838 0.8861406078339733 0.1468712304405288
13.268428372739919 0.8339527869506962 0.1571771099455478
13.769123783032 0.7817933859539219 0.1674238558674837
14.269819193324054 0.7296629294148878 0.1776115932438947
14.770514603616135 0.6775619419048222 0.18774044711234084
15.271210013908217 0.6254909479949631 0.19781054251038027
15.77190542420027 0.5734504722565479 0.20782200447557136
16.27260083449235 0.5214410392608049 0.21777495804547403
16.773296244784433 0.4694631735789716 0.22766952825764653
17.273991655076486 0.41751739978228586 0.2375058401496471
17.774687065368568 0.3656042424419761 0.24728401875903577
18.27538247566065 0.31372422612927964 0.2570041891233707
18.776077885952702 0.2618778754154345 0.2666664762802102
19.276773296244784 0.2100657148716687 0.2762710052671141
19.777468706536865 0.15828826906921956 0.28581790112164085
20.27816411682892 0.10654606257932597 0.29530728888134866
20.778859527121 0.054839619973214404 0.30473929358379737
21.27955493741308 0.0031694658221246286 0.3141140402665454
21.780250347705135 -0.048463875302708015 0.3234316539671508
22.280945757997216 -0.10005987883005307 0.33269225972317373
22.781641168289298 -0.15161802018867432 0.3418959825721723
23.28233657858135 -0.2031377748073333 0.35104294755170495
23.783031988873432 -0.2546186181148027 0.36013327969933134
24.283727399165514 -0.30606002553984357 0.36916710405261005
24.784422809457567 -0.3574614725112193 0.3781445456490991
25.28511821974965 -0.4088224344577007 0.3870657295263586
25.78581363004173 -0.4601423868080512 0.3959307807219468
26.286509040333783 -0.5114208049910327 0.40473982427342176
26.787204450625865 -0.5626571644354161 0.4134929852183437
27.287899860917946 -0.6138509405699648 0.42219038859427055
27.78859527121 -0.6650016088234412 0.430832159438761
28.28929068150208 -0.7161086446246161 0.43941842278937465
28.789986091794162 -0.767171523402252 0.44794930368366986
29.290681502086215 -0.8181897205851123 0.45642492715920496
29.791376912378297 -0.8691627116019673 0.4648454182535399
30.29207232267038 -0.9200899718815805 0.4732109020042327
30.79276773296246 -0.9709709768527164 0.48152150344884254
31.293463143254513 -1.0218052019441384 0.4897773476249275
31.794158553546595 -1.072592122584617 0.4979785595700475
32.294853963838676 -1.1233312142029157 0.5061252643217609
32.79554937413073 -1.174021952227796 0.5142175869176258
33.29624478442281 -1.2246638120880307 0.5222556523952022
33.79694019471489 -1.2752562692123801 0.5302395857920486
34.297635605006946 -1.325798799029609 0.5381695121457231
34.79833101529903 -1.3762908769684872 0.5460455564937854
35.29902642559111 -1.426731978457778 0.5538678438737941
35.79972183588316 -1.4771215789262442 0.5616364993233072
36.30041724617524 -1.5274591538026558 0.5693516478798848
36.801112656467325 -1.5777441785157764 0.5770134145810852
37.30180806675938 -1.6279761284943688 0.5846219244644668
37.80250347705146 -1.6781544791672034 0.5921773025675892
38.30319888734354 -1.7282787059630431 0.5996796739280108
38.803894297635594 -1.7783482843106504 0.60712916358329
39.304589707927676 -1.8283626896387974 0.6145258965709863
39.80528511821976 -1.8783213973762458 0.6218699979286586
40.30598052851181 -1.9282238829517584 0.6291615926938647
40.80667593880389 -1.978069621794106 0.6364008059041648
41.30737134909597 -2.0278580893320517 0.6435877625971169
41.808066759388026 -2.077588760994358 0.6507225878102796
42.30876216968011 -2.1272611122097964 0.6578054065812124
42.80945757997219 -2.1768746184071284 0.664836343947474
43.31015299026424 -2.226428755015118 0.6718155249466227
43.810848400556324 -2.275922997462535 0.678743074616218
44.311543810848406 -2.325356821178144 0.6856191179938183
44.81223922114046 -2.3747297015907054 0.6924437801169823
45.31293463143254 -2.424041114128992 0.6992171860232692
45.81363004172462 -2.4732905342217655 0.7059394607502378
46.314325452016675 -2.522477437297789 0.7126107293354462
46.81502086230876 -2.571601298785833 0.7192311168164545
47.31571627260084 -2.620661594114661 0.7258007482308206
47.81641168289289 -2.6696577987130348 0.7323197486161033
48.31710709318497 -2.7185893880097267 0.7387882430098618
48.817802503477054 -2.767455837433498 0.7452063564496552
49.318497913769136 -2.8162566224131145 0.7515742139730417
49.81919332406119 -2.8649912183773396 0.7578919406175799
50.31988873435327 -2.9136591007549435 0.7641596614208297
50.82058414464535 -2.962259744974689 0.7703775014203489
51.321279554937405 -3.010792626465339 0.7765455856536967
51.82197496522949 -3.0592572206556654 0.7826640391584321
52.32267037552157 -3.10765300297443 0.788732986972114
52.82336578581362 -3.155979448850395 0.7947525541323002
53.3240611961057 -3.204236033712332 0.800722865676551
53.824756606397784 -3.252422232989004 0.8066440466424245
54.32545201668984 -3.3005375221091726 0.8125162220674793
54.82614742698192 -3.34858137650161 0.8183395169892747
55.326842837274 -3.3965532715950775 0.8241140564453691
55.82753824756605 -3.44445268281834 0.8298399654733213
56.328233657858135 -3.4922790856001664 0.8355173691106907
56.82892906815022 -3.540031955369321 0.8411463923950357
57.32962447844227 -3.5877107675545665 0.846727160363915
57.83031988873435 -3.6353149975846715 0.8522597980548878
58.33101529902643 -3.6828441208884004 0.8577444305055129
58.831710709318486 -3.7302976128945162 0.8631811827533487
59.33240611961057 -3.77767494903179 0.8685701798359544
59.83310152990265 -3.824975604728984 0.8739115467908887
60.3337969401947 -3.87219905541486 0.8792054086557102
60.834492350486784 -3.9193447765181912 0.8844518904679783
61.335187760778865 -3.966412243467738 0.8896511172652515
61.83588317107092 -4.013400931692264 0.8948032140850881
62.336578581363 -4.060310316620541 0.8999083059650477
62.83727399165508 -4.10713987368133 0.9049665179426891
63.337969401947134 -4.153889078303397 0.9099779750555705
63.838664812239216 -4.200557405915507 0.9149428023412511
64.3393602225313 -4.24714433194643 0.9198611248372901
64.84005563282335 -4.293649331824923 0.9247330675812455
65.34075104311543 -4.34007188097976 0.9295587556106768
65.84144645340751 -4.386411454839704 0.9343383139631427
66.34214186369957 -4.432667528833514 0.9390718676762013
66.84283727399165 -4.478839578389966 0.9437595417874125
67.34353268428373 -4.52492707893782 0.9484014613343348
67.84422809457581 -4.5709295059058395 0.9529977513545267
68.34492350486786 -4.616846334722791 0.957548536885547
68.84561891515995 -4.662677040817442 0.9620539429649548
69.34631432545203 -4.70842109961856 0.9665140946303092
69.84700973574408 -4.754077986554904 0.9709291169191683
70.34770514603616 -4.799647177055244 0.9752991348690914
70.84840055632824 -4.845128146548346 0.979624273517637
71.3490959666203 -4.890520370462971 0.9839046579023643
71.84979137691238 -4.93582332422789 0.988140413060832
72.35048678720446 -4.981036483271865 0.992331664030599
72.85118219749651 -5.026159323023661 0.9964785358492236
73.3518776077886 -5.071191318912048 1.0005811535542655
73.85257301808068 -5.116131946365787 1.0046396421832828
74.35326842837273 -5.160980680813642 1.0086541267738345
74.85396383866481 -5.205736997684383 1.0126247323634794
75.35465924895689 -5.250400372406775 1.0165515839897767
75.85535465924895 -5.294970280409581 1.0204348066902849
76.35605006954103 -5.339446197121568 1.0242745255025627
76.85674547983308 -5.383827597971498 1.028070865464169
77.35744089012519 -5.4281139583881455 1.0318239516126633
77.85813630041724 -5.472304753800268 1.0355339089856035
78.3588317107093 -5.516399459636629 1.0392008626205482
78.8595271210014 -5.5603975513260036 1.0428249375550578
79.36022253129346 -5.604298504297148 1.0464062588266891
79.86091794158551 -5.64810179397883 1.0499449514730024
80.36161335187762 -5.691806895799822 1.0534411405315562
80.86230876216968 -5.735413285188878 1.056894951039909
81.36300417246173 -5.7789204375747705 1.0603065080356195
81.86369958275384 -5.822327828386268 1.0636759365562474
82.36439499304589 -5.865634933052126 1.0670033616393504
82.86509040333794 -5.9088412270011155 1.0702889083224882
83.36578581363005 -5.95194618566201 1.0735327016432195
83.86648122392211 -5.99494928446356 1.0767348666391023
84.36717663421416 -6.037849998834538 1.0798955283476965
84.86787204450627 -6.080647804203716 1.0830148118065603
85.36856745479832 -6.123342175999847 1.0860928420532525
85.86926286509038 -6.165932589651701 1.0891297441253323
86.36995827538249 -6.208418520588053 1.0921256430603583
86.87065368567454 -6.250799444237652 1.095080663895889
87.3713490959666 -6.293074836029273 1.0979949316694841
87.8720445062587 -6.335244171391688 1.1008685714187019
88.37273991655076 -6.377306925753647 1.1037017081811011
88.87343532684281 -6.419262574543923 1.1064944669942403
89.37413073713492 -6.4611105931912896 1.1092469728956789
89.87482614742697 -6.502850457124497 1.1119593509229757
90.37552155771903 -6.544481641772318 1.1146317261136887
90.87621696801114 -6.586003622563522 1.1172642235053785
91.37691237830319 -6.62741587492687 1.1198569681356016
91.87760778859524 -6.668717874291124 1.122410085041918
92.37830319888735 -6.70990909608506 1.1249236992618872
92.8789986091794 -6.750989015737433 1.1273979358330668
93.37969401947146 -6.7919571086770105 1.129832919793016
93.88038942976357 -6.832812850332566 1.1322287761792944
94.38108484005562 -6.873555716132854 1.13458563002946
94.88178025034773 -6.9141851815066495 1.1369036063810718
95.38247566063978 -6.954700721882707 1.1391828302716884
95.88317107093184 -6.9951018126898 1.1414234267388685
96.38386648122395 -7.035387929356698 1.1436255208201724
96.884561891516 -7.075558547312154 1.145789237553157
97.38525730180805 -7.115613141984941 1.1479147019753824
97.88595271210016 -7.155551188803829 1.1500020391244066
98.38664812239222 -7.195372163197574 1.1520513740377885
98.88734353268427 -7.235075540594943 1.1540628317530877
99.38803894297638 -7.27466079642471 1.1560365373078623
99.88873435326843 -7.314127406115631 1.1579726157396715
100.38942976356049 -7.353474845096473 1.1598711920860736
100.8901251738526 -7.392702588796011 1.1617323913846282
101.39082058414465 -7.431810112642994 1.1635563386728935
101.8915159944367 -7.470796892066199 1.1653431589884284
102.39221140472881 -7.509662402494392 1.1670929773687921
102.89290681502086 -7.5484061193563345 1.1688059188515432
103.39360222531292 -7.58702751808079 1.1704821084742403
103.89429763560503 -7.6255260740965305 1.1721216712744429
104.39499304589708 -7.663901262832315 1.1737247322897089
104.89568845618913 -7.702152559716911 1.1752914165575972
105.39638386648124 -7.740279440179089 1.176821849115668
105.8970792767733 -7.778281379647604 1.1783161550014787
106.39777468706535 -7.816157853551232 1.1797744592525885
106.89847009735746 -7.8539083373187335 1.1811968869065559
107.39916550764951 -7.891532306378872 1.1825835630009403
107.89986091794157 -7.929029236160419 1.1839346125733006
108.40055632823368 -7.966398602092136 1.185250160661195
108.90125173852573 -8.003639879602787 1.1865303323021827
109.40194714881778 -8.040752544121137 1.1877752525338228
109.90264255910989 -8.077736071075961 1.1889850463936735
110.40333796940195 -8.114589935896012 1.1901598389192944
110.904033379694 -8.15131361401006 1.1912997551482432
111.40472878998611 -8.187906580846876 1.1924049201180793
111.90542420027816 -8.224368311835217 1.1934754588663623
112.40611961057022 -8.260698282403851 1.1945114964306496
112.90681502086233 -8.296895967981552 1.1955131578485014
113.40751043115438 -8.332960843997071 1.1964805681574755
113.90820584144643 -8.36889238587918 1.197413852395131
114.40890125173854 -8.40469006905665 1.198313135599027
114.9095966620306 -8.44035336895824 1.1991785428067219
115.41029207232265 -8.475881761012714 1.200010199055775
115.91098748261476 -8.511274720648846 1.200808229383745
116.41168289290681 -8.54653172329539 1.20157275882819
116.91237830319886 -8.581652244381118 1.2023039124266703
117.41307371349097 -8.6166357593348 1.2030018152167432
117.91376912378303 -8.651481743585192 1.2036665922359682
118.41446453407508 -8.686189672561063 1.2042983685219046
118.91515994436719 -8.720759021691183 1.2048972691121103
119.41585535465924 -8.75518926640431 1.205463419044145
119.9165507649513 -8.789479882129216 1.2059969433555662
120.4172461752434 -8.823630344294664 1.206497967083934
120.91794158553546 -8.857640128329416 1.206966615266807
121.41863699582751 -8.891508709662242 1.2074030129417437
121.91933240611962 -8.925235563721907 1.2078072851463026
122.42002781641168 -8.958820165937174 1.2081795569180438
122.92072322670373 -8.99226199173681 1.2085199532945248
123.42141863699584 -9.025560516549584 1.2088285993133054
123.92211404728789 -9.058715215804254 1.2091056200119434
124.42280945757994 -9.091725564929588 1.2093511404279982
124.92350486787205 -9.124591039354359 1.209565285599029
125.42420027816411 -9.157311114507321 1.209748180562594
125.92489568845616 -9.189885265817244 1.2098999503562522
126.42559109874827 -9.2223129687129 1.2100207200175623
126.92628650904032 -9.254593698623044 1.2101106145840834
127.42698191933238 -9.286726930976446 1.2101697590933742
127.92767732962449 -9.318712141201877 1.210198278582994
128.42837273991654 -9.35054880472809 1.2101962980905006
128.9290681502086 -9.38223639698386 1.2101639426534536
129.4297635605007 -9.413774393397954 1.2101013373094114
129.93045897079276 -9.445162269399129 1.2100086070959333
130.4311543810848 -9.476399500416155 1.2098858770505776
130.93184979137692 -9.5074855618778 1.2097332722109033
131.43254520166897 -9.538419929212827 1.2095509176144699
131.93324061196108 -9.569202077849999 1.2093389382988347
132.43393602225314 -9.599831483218084 1.2090974593015582
132.9346314325452 -9.63030762074585 1.2088266056601984
133.4353268428373 -9.660629965862059 1.2085265024123137
133.93602225312935 -9.690797993995474 1.2081972745954639
134.4367176634214 -9.720811180574865 1.2078390472472067
134.93741307371351 -9.750669001029 1.2074519454051018
135.43810848400557 -9.780370930786635 1.207036094106708
135.93880389429762 -9.809916445276542 1.2065916183895837
136.43949930458973 -9.83930501992749 1.2061186432912885
136.94019471488178 -9.868536130168236 1.2056172938493799
137.44089012517384 -9.89760925142755 1.2050876951014178
137.94158553546595 -9.926523859134202 1.2045299720849607
138.442280945758 -9.955279428716945 1.2039442498375672
138.94297635605005 -9.983875435604554 1.2033306533967967
139.44367176634216 -10.012311355225796 1.2026893078002072
139.94436717663422 -10.04058666300943 1.2020203380853582
140.44506258692627 -10.068700834384222 1.2013238692898087
140.94575799721838 -10.096653344778945 1.2006000264511163
141.44645340751043 -10.124443669622357 1.1998489346068417
141.94714881780249 -10.152071284343224 1.1990707187945422
142.4478442280946 -10.179535664370315 1.1982655040517762
142.94853963838665 -10.206836285132391 1.197433415416105
143.4492350486787 -10.233972622058223 1.1965745779250845
143.9499304589708 -10.260944150576572 1.1956891166162749
144.45062586926286 -10.287750346116207 1.1947771565272365
144.95132127955492 -10.31439068410589 1.1938388226955252
145.45201668984703 -10.340864639974388 1.1928742401587014
145.95271210013908 -10.367171689150465 1.1918835339543243
146.45340751043113 -10.39331130706289 1.1908668291199518
146.95410292072324 -10.419282969140427 1.1898242506931436
147.4547983310153 -10.445086150811838 1.1887559237114573
147.95549374130735 -10.47072032750589 1.187661973212453
148.45618915159946 -10.496184974651356 1.1865425242336889
148.9568845618915 -10.521479567676991 1.1853977018127233
149.45757997218357 -10.546603582011565 1.1842276309871165
149.95827538247568 -10.571556493083845 1.1830324367944256
150.45897079276773 -10.596337776322592 1.1818122442722105
150.95966620305978 -10.620946907156574 1.1805671784580303
151.4603616133519 -10.645383361014561 1.1792973643894424
151.96105702364395 -10.669646613325309 1.1780029271040078
152.461752433936 -10.69373613951759 1.176683991639283
152.9624478442281 -10.71765141502017 1.1753406830328281
153.46314325452016 -10.741391915261811 1.1739731263222024
153.96383866481222 -10.76495711567128 1.172581446544963
154.46453407510432 -10.788346491677343 1.1711657687386705
154.96522948539638 -10.81155951870876 1.1697262179408823
155.46592489568843 -10.834595672194306 1.1682629191891583
155.96662030598054 -10.857454427562741 1.1667759975210574
156.4673157162726 -10.880135260242833 1.165265577974137
156.96801112656465 -10.90263764566334 1.1637317855859572
157.46870653685676 -10.924961059253041 1.1621747453940767
157.9694019471488 -10.947104976440686 1.1605945824360544
158.47009735744086 -10.969068872655052 1.1589914217494488
158.97079276773297 -10.990852223324902 1.157365388371818
159.47148817802503 -11.012454503878997 1.155716607340722
159.97218358831708 -11.033875189746103 1.1540452036937194
160.4728789986092 -11.055113756354997 1.1523513024683683
160.97357440890124 -11.076169679134427 1.1506350287022287
161.4742698191933 -11.09704243351317 1.1488965074328583
161.9749652294854 -11.117731494919989 1.1471358636978162
162.47566063977746 -11.13823633878365 1.145353222534662
162.9763560500695 -11.15855644053291 1.1435487089809537
163.47705146036162 -11.178691275596547 1.14172244807425
163.97774687065368 -11.198640319403323 1.139874564852111
164.47844228094573 -11.218403047382001 1.1380051843520935
164.97913769123784 -11.237978934961346 1.1361144316117577
165.4798331015299 -11.257367457570126 1.1342024316686625
165.98052851182194 -11.2765680906371 1.1322693095603669
166.48122392211405 -11.295580309591044 1.1303151903244284
166.9819193324061 -11.314403589860715 1.128340198998407
167.48261474269816 -11.333037406874885 1.1263444606198607
167.98331015299027 -11.351481236062313 1.124328100226349
168.48400556328232 -11.369734552851765 1.1222912428554304
168.98470097357443 -11.387796832672015 1.1202340135446638
169.4853963838665 -11.405667550951817 1.1181565373316082
169.98609179415854 -11.423346183119945 1.1160589392538218
170.48678720445065 -11.44083220460516 1.1139413443488644
170.9874826147427 -11.458125090836228 1.111803877654295
171.48817802503476 -11.475224317241915 1.1096466642076706
171.98887343532687 -11.492129359250992 1.1074698290465517
172.48956884561892 -11.508839692292211 1.1052734972084963
172.99026425591097 -11.525354791794351 1.1030577937310635
173.49095966620308 -11.541674133186172 1.1008228436518122
173.99165507649514 -11.557797191896439 1.0985687720083013
174.4923504867872 -11.573723443353913 1.096295703838089
174.9930458970793 -11.58945236298737 1.094003764178735
175.49374130737135 -11.604983426225568 1.0916930780677976
175.9944367176634 -11.620316108497276 1.089363770542837
176.49513212795551 -11.635449885231257 1.0870159666414085
176.99582753824757 -11.650384231856277 1.084649791401074
177.49652294853962 -11.665118623801101 1.0822653698593923
177.99721835883173 -11.679652536494496 1.0798628270539201
178.49791376912378 -11.693985445365227 1.0774422880222192
178.99860917941584 -11.70811682584206 1.0750038778018458
179.49930458970795 -11.722046153353759 1.072547721430359
180.0 -11.735772903329087 1.0700739439453202
