Polar data for 2 at Re = 225714.28571428574
Alpha (deg) Cl Cd
-180.0 -4.036201493242647 0.7439646398688579
-179.49930458970792 -4.060427859142074 0.742337100165189
-178.99860917941587 -4.084577781709902 0.7406975667932904
-178.49791376912378 -4.108650159862735 0.7390461208242763
-177.9972183588317 -4.132643892517182 0.737382843329263
-177.49652294853965 -4.1565578785898545 0.7357078153793649
-176.99582753824757 -4.180391016997353 0.7340211180456965
-176.4951321279555 -4.204142206656297 0.732322832399375
-175.99443671766343 -4.227810346483285 0.730613039511513
-175.49374130737135 -4.251394335394933 0.7288918204532274
-174.99304589707927 -4.274893072307841 0.7271592562956338
-174.49235048678722 -4.298305456138625 0.7254154281098452
-173.99165507649514 -4.3216303858038865 0.7236604169669784
-173.49095966620305 -4.344866760220243 0.7218943039381477
-172.990264255911 -4.368013478304298 0.7201171700944692
-172.48956884561892 -4.391069438972655 0.718329096507058
-171.98887343532684 -4.414033541141923 0.716530164247028
-171.48817802503476 -4.436904683728721 0.7147204543854947
-170.9874826147427 -4.459681765649644 0.7129000479935746
-170.48678720445062 -4.482363685821311 0.7110690261423808
-169.98609179415854 -4.504949343160325 0.7092274699030309
-169.4853963838665 -4.5274376365832945 0.7073754603466375
-168.9847009735744 -4.549827465006832 0.7055130785443174
-168.48400556328232 -4.572117727347534 0.7036404055671851
-167.98331015299027 -4.59430732252202 0.701757522486356
-167.4826147426982 -4.616395149446898 0.6998645103729454
-166.9819193324061 -4.6383801070387705 0.6979614502980679
-166.48122392211405 -4.660261094214251 0.6960484233328391
-165.98052851182197 -4.682037009889942 0.6941255105483742
-165.4798331015299 -4.703706752982457 0.6921927930157884
-164.97913769123784 -4.725269222408405 0.6902503518061959
-164.47844228094576 -4.746723317084392 0.6882982679907127
-163.97774687065368 -4.768067935927026 0.686336622640454
-163.47705146036162 -4.789301977852919 0.6843654968265341
-162.97635605006954 -4.810424341778671 0.68238497162007
-162.47566063977746 -4.831433926620895 0.6803951280921748
-161.9749652294854 -4.8523296312962 0.6783960473139649
-161.47426981919332 -4.873110354721201 0.6763878103565538
-160.97357440890124 -4.893774995812493 0.6743704982910591
-160.4728789986092 -4.914322453486689 0.672344192188595
-159.9721835883171 -4.934751626660405 0.6703089731202748
-159.47148817802503 -4.955061414250239 0.6682649221572169
-158.97079276773297 -4.975250715172803 0.6662121203705346
-158.4700973574409 -4.995318428344707 0.6641506488313421
-157.9694019471488 -5.015263452682561 0.6620805886107565
-157.46870653685676 -5.0350846871029695 0.6600020207798915
-156.96801112656468 -5.054781030522539 0.6579150264098635
-156.4673157162726 -5.074351381857886 0.6558196865717861
-155.96662030598054 -5.0937946400256084 0.6537160823367766
-155.46592489568846 -5.113109703942319 0.6516042947759478
-154.96522948539638 -5.132295472524634 0.6494844049604164
-154.46453407510432 -5.151350844689146 0.6473564939612974
-153.96383866481224 -5.170274719352479 0.6452206428497046
-153.46314325452016 -5.189065995431223 0.643076932696755
-152.9624478442281 -5.2077235718420045 0.6409254445735629
-152.46175243393603 -5.22624634750143 0.6387662595512434
-151.96105702364395 -5.244633221326097 0.6365994587009117
-151.4603616133519 -5.26288309223262 0.6344251230936825
-150.9596662030598 -5.280994859137607 0.6322433338006727
-150.45897079276773 -5.298967420957663 0.6300541718929947
-149.95827538247568 -5.316799676609399 0.6278577184417661
-149.4575799721836 -5.33449052500943 0.6256540545180996
-148.9568845618915 -5.3520388650743556 0.6234432611931132
-148.45618915159943 -5.369443595720782 0.6212254195379211
-147.95549374130738 -5.386703615865326 0.6190006106236362
-147.4547983310153 -5.403817824424589 0.6167689155213768
-146.95410292072324 -5.420785120315184 0.6145304153022558
-146.45340751043116 -5.4376044024537205 0.6122851910373902
-145.95271210013908 -5.454274569756802 0.6100333237978933
-145.452016689847 -5.470794521141036 0.6077748946548817
-144.95132127955495 -5.487163155523035 0.6055099846794699
-144.45062586926286 -5.503379371819406 0.603238674942772
-143.94993045897078 -5.519442068946761 0.6009610465159051
-143.44923504867873 -5.535350145821699 0.5986771804699841
-142.94853963838665 -5.55110250136083 0.5963871578761232
-142.44784422809457 -5.566698034480771 0.594091059805438
-141.9471488178025 -5.582135644098127 0.5917889673290432
-141.44645340751043 -5.5974142291295035 0.5894809615180544
-140.94575799721835 -5.612532688491509 0.5871671234435859
-140.44506258692627 -5.627489921100755 0.5848475341767546
-139.94436717663422 -5.642284825873846 0.5825222747886739
-139.44367176634213 -5.6569163017273905 0.5801914263504603
-138.94297635605005 -5.671383247577998 0.5778550699332293
-138.442280945758 -5.68568456234228 0.5755132866080931
-137.94158553546592 -5.699819144936837 0.5731661574461698
-137.44089012517384 -5.71378589427829 0.5708137635185734
-136.94019471488178 -5.7275837092832305 0.5684561858964193
-136.4394993045897 -5.741211488868281 0.5660935056508224
-135.93880389429762 -5.754668131950046 0.5637258038528973
-135.43810848400557 -5.7679525374451295 0.5613531615737614
-134.9374130737135 -5.7810636042701375 0.5589756598845276
-134.4367176634214 -5.7940002313417 0.5565933798563111
-133.93602225312935 -5.80676131757639 0.5542064025602288
-133.43532684283727 -5.819345761890844 0.5518148090673941
-132.9346314325452 -5.831752463201658 0.5494186804489235
-132.43393602225314 -5.84398032042545 0.5470180977759299
-131.93324061196105 -5.856028232478813 0.5446131421195312
-131.43254520166897 -5.867895098278376 0.5422038945508411
-130.93184979137692 -5.879579816740721 0.5397904361409743
-130.43115438108484 -5.891081286782484 0.5373728479610475
-129.93045897079276 -5.902398407320243 0.5349512110821742
-129.4297635605007 -5.913530077270638 0.5325256065754717
-128.92906815020862 -5.924475195550258 0.5300961155120526
-128.42837273991654 -5.935232661075711 0.527662818963034
-127.92767732962449 -5.945801372763613 0.5252257979995297
-127.4269819193324 -5.956180229530574 0.5227851336926553
-126.92628650904032 -5.9663681302931995 0.5203409071135255
-126.42559109874827 -5.976363973968082 0.5178931993332577
-125.92489568845619 -5.986166659471859 0.5154420914229644
-125.42420027816411 -5.995775085721119 0.5129876644537615
-124.92350486787205 -6.005188151632476 0.5105299994967635
-124.42280945757997 -6.014404756122534 0.5080691776230871
-123.92211404728789 -6.023423798107899 0.5056052799038481
-123.42141863699584 -6.032244176505197 0.5031383874101584
-122.92072322670376 -6.040864790231014 0.5006685812131363
-122.42002781641168 -6.049284538201977 0.4981959423838943
-121.91933240611961 -6.057502319334679 0.4957205519935498
-121.41863699582754 -6.065517032545747 0.49324249111321705
-120.91794158553546 -6.073327576751769 0.49076184081401075
-120.41724617524339 -6.08093285086936 0.4882786821670465
-119.91655076495132 -6.088331753815131 0.48579309624344036
-119.41585535465924 -6.095523184505694 0.4833051641143066
-118.91515994436718 -6.102506041857648 0.4808149668507594
-118.41446453407511 -6.1092792247876115 0.47832258552391493
-117.91376912378303 -6.1158416322121845 0.4758281012048883
-117.41307371349096 -6.122192163047977 0.47333159496479504
-116.91237830319889 -6.128329716211601 0.47083314787474906
-116.41168289290681 -6.134253190619656 0.4683328410058677
-115.91098748261474 -6.139961485188763 0.4658307554292639
-115.41029207232268 -6.145453498835517 0.46332697221605323
-114.9095966620306 -6.150728130476548 0.46082157243735133
-114.40890125173853 -6.155784279028442 0.45831463716427423
-113.90820584144646 -6.160620843407811 0.45580624746793486
-113.40751043115438 -6.165236722531272 0.45329648441945014
-112.90681502086231 -6.169630815315426 0.45078542908993435
-112.40611961057024 -6.173802020676879 0.44827316255050353
-111.90542420027816 -6.177749237532254 0.4457597658722715
-111.4047287899861 -6.181471364798142 0.4432453201263561
-110.90403337969401 -6.184967301391163 0.4407299063838689
-110.40333796940195 -6.1882359462279215 0.4382136057159255
-109.90264255910988 -6.191276198225022 0.4356964991936437
-109.4019471488178 -6.194086956299076 0.43317866788813786
-108.90125173852573 -6.196667119366696 0.43066019287052126
-108.40055632823366 -6.199015586344489 0.4281411552119109
-107.89986091794158 -6.2011312561490595 0.42562163598342095
-107.39916550764951 -6.2030130276970095 0.42310171625616666
-106.89847009735745 -6.204659799904958 0.42058147710126315
-106.39777468706536 -6.20607047168952 0.418060999589826
-105.8970792767733 -6.207243941967283 0.4155403647929713
-105.39638386648123 -6.208179109654866 0.4130196537818115
-104.89568845618915 -6.208874873668885 0.41049894762746353
-104.39499304589708 -6.2093301329259365 0.407978327401043
-103.89429763560501 -6.209543786342634 0.40545787417366463
-103.39360222531293 -6.2095147328355775 0.4029376690164431
-102.89290681502086 -6.209241871321401 0.40041779300049274
-102.3922114047288 -6.208724100716678 0.39789832719692997
-101.89151599443672 -6.2079603199380475 0.3953793526768695
-101.39082058414465 -6.2069494279020905 0.3928609505114288
-100.89012517385257 -6.205690323525431 0.39034320177171933
-100.3894297635605 -6.204181905724685 0.38782618752885634
-99.88873435326843 -6.202423073416439 0.38530998885395895
-99.38803894297635 -6.200412725517317 0.3827946868181392
-98.88734353268428 -6.198149760943927 0.38028036249251096
-98.38664812239222 -6.195633078612872 0.3777670969481933
-97.88595271210013 -6.1928615774407625 0.3752549712562979
-97.38525730180807 -6.189834156344201 0.37274406648794256
-96.884561891516 -6.186549714239799 0.3702344637142406
-96.38386648122392 -6.18300715004418 0.36772624400630816
-95.88317107093185 -6.17920536267393 0.3652194884352603
-95.38247566063978 -6.1751432510456645 0.36271427807221046
-94.8817802503477 -6.170819714076007 0.36021069398827466
-94.38108484005564 -6.166233650681544 0.35770881725457027
-93.88038942976357 -6.161383959778892 0.35520872894221067
-93.37969401947149 -6.1562695402846614 0.35271051012230925
-92.87899860917942 -6.150889291115458 0.3502142418659838
-92.37830319888734 -6.145242111187894 0.3477200052443482
-91.87760778859527 -6.13932689941857 0.34522788132851934
-91.3769123783032 -6.1331425547241025 0.3427379511896115
-90.87621696801112 -6.126687976021099 0.3402502958987367
-90.37552155771905 -6.119962062226156 0.33776499652701497
-89.87482614742699 -6.1129637122558975 0.3352821341455584
-89.3741307371349 -6.105691825026934 0.3328017898254835
-88.87343532684284 -6.098145299455849 0.33032404463790443
-88.37273991655077 -6.09032303445928 0.32784897965393556
-87.87204450625869 -6.082223928953809 0.32537667594469555
-87.37134909596662 -6.073846881856076 0.3229072145812951
-86.87065368567455 -6.065190792082655 0.3204406766348543
-86.36995827538247 -6.056254558550176 0.3179771431764834
-85.8692628650904 -6.0470370801752455 0.3155166952772993
-85.36856745479834 -6.037537255874456 0.31305941400841986
-84.86787204450626 -6.027753984564443 0.31060538044095576
-84.36717663421419 -6.0176861651617894 0.30815467564602483
-83.86648122392211 -6.007332696583115 0.3057073806947427
-83.36578581363004 -5.996692477745027 0.30326357665822223
-82.86509040333797 -5.985764407564135 0.3008233446075804
-82.36439499304589 -5.97454738495704 0.2983867656139324
-81.86369958275382 -5.963040308840364 0.29595392074839155
-81.36300417246176 -5.9512420781307025 0.2935248910820748
-80.86230876216968 -5.939151591744681 0.29109975768609553
-80.36161335187761 -5.926767748598879 0.28867860163157066
-79.86091794158554 -5.91408944760993 0.28626150398961625
-79.36022253129346 -5.901115587694433 0.2838485458313439
-78.85952712100139 -5.887845067768998 0.2814398082278723
-78.35883171070932 -5.874276786750226 0.27903537225031216
-77.85813630041724 -5.860409643554734 0.2766353189697849
-77.35744089012518 -5.8462425370991244 0.27423972945740205
-76.85674547983311 -5.831774366300024 0.27184868478427704
-76.35605006954103 -5.817004030074015 0.2694622660215277
-75.85535465924896 -5.801930427337721 0.2670805542402682
-75.35465924895689 -5.7865524570077405 0.2647036305116156
-74.85396383866481 -5.770869018000699 0.2623315759066823
-74.35326842837274 -5.754879009233173 0.2599644714965853
-73.85257301808066 -5.738581329621816 0.25760239835243703
-73.3518776077886 -5.721974878083195 0.2552454375453571
-72.85118219749653 -5.705058553533943 0.25289367014645536
-72.35048678720445 -5.68783125489065 0.25054717722685227
-71.84979137691238 -5.6702918810699465 0.24820603985765943
-71.34909596662031 -5.652439330988425 0.245870339109992
-70.84840055632823 -5.634272503562684 0.24354015605496782
-70.34770514603616 -5.615790297709353 0.24121557176370112
-69.8470097357441 -5.59699161234505 0.23889666730730352
-69.34631432545201 -5.577875346386353 0.23658352375689373
-68.84561891515995 -5.558440398749877 0.2342762221835869
-68.34492350486788 -5.53868566835224 0.2319748436584982
-67.8442280945758 -5.518610054110049 0.22967946925274008
-67.34353268428373 -5.49821245493991 0.22739018003743128
-66.84283727399166 -5.477491769758444 0.22510705708368428
-66.34214186369958 -5.456446897482227 0.22283018146261424
-65.84144645340751 -5.435076737027888 0.2205596342453381
-65.34075104311543 -5.413380187312054 0.2182954965029701
-64.84005563282336 -5.391356147251303 0.2160378493066254
-64.3393602225313 -5.369003515762245 0.21378677372741917
-63.838664812239216 -5.346321191761511 0.21154235083646655
-63.33796940194715 -5.323308074165686 0.2093046617048845
-62.83727399165508 -5.299963061891393 0.20707378740378457
-62.336578581363 -5.2762850538552435 0.20484980900428373
-61.83588317107093 -5.252272948973827 0.20263280757749536
-61.335187760778865 -5.227925646163756 0.20042286419453992
-60.834492350486784 -5.203242044341664 0.19822005992652636
-60.333796940194716 -5.178221042424125 0.19602447584457428
-59.83310152990265 -5.152861539327764 0.19383619301979615
-59.33240611961057 -5.127162433969193 0.19165529252330715
-58.8317107093185 -5.101122625265022 0.1894818554262242
-58.33101529902643 -5.074741012131854 0.18731596279966067
-57.83031988873435 -5.048016493486289 0.1851576957147344
-57.329624478442284 -5.020947968244931 0.18300713524255785
-56.82892906815022 -4.993534335324425 0.1808643624542453
-56.328233657858135 -4.965774493641332 0.1787294584209146
-55.82753824756607 -4.937667342112286 0.17660250421368084
-55.326842837273986 -4.909211779653903 0.17448358090365745
-54.82614742698192 -4.880406705182766 0.17237276956196046
-54.32545201668985 -4.851251017615516 0.17027015125970324
-53.82475660639777 -4.821743615868732 0.1681758070680054
-53.3240611961057 -4.79188339885904 0.16608981805797762
-52.823365785813635 -4.761669265503025 0.16401226530073687
-52.322670375521554 -4.731100114717316 0.1619432298673983
-51.82197496522949 -4.700174845418532 0.15988279282907703
-51.321279554937405 -4.6688923565232585 0.15783103525688735
-50.82058414464535 -4.637251546948113 0.1557880382219462
-50.31988873435327 -4.6052513156096975 0.15375388279536695
-49.81919332406119 -4.572890561424618 0.15172865004826563
-49.318497913769136 -4.540168183309506 0.14971242105175653
-48.817802503477054 -4.5070830801809425 0.14770527687695656
-48.31710709318497 -4.4736341509555615 0.1457072985949791
-47.81641168289292 -4.439820294549953 0.1437185672769402
-47.31571627260084 -4.405640409880716 0.14173916399395414
-46.81502086230876 -4.371093395864488 0.13976916981713605
-46.3143254520167 -4.336178151417851 0.13780866581760465
-45.81363004172462 -4.300893575457424 0.13585773306646975
-45.31293463143254 -4.265238566899811 0.13391645263485008
-44.81223922114049 -4.229212024661635 0.131984905593859
-44.311543810848406 -4.192812847659496 0.13006317301461257
-43.810848400556324 -4.156039934809993 0.12815133596822414
-43.31015299026427 -4.11889218502974 0.12624947552581245
-42.80945757997219 -4.081368497235356 0.12435767275848908
-42.30876216968011 -4.043467770343419 0.12247600873737097
-41.808066759388026 -4.005188903270584 0.12060456453357238
-41.30737134909597 -3.9665307949334263 0.11874342121820936
-40.80667593880389 -3.927492344248545 0.11689265986239794
-40.30598052851181 -3.8880724501325847 0.11505236153725151
-39.80528511821976 -3.8482700115021267 0.11322260731388434
-39.304589707927676 -3.8080839272737776 0.11140347826341512
-38.803894297635594 -3.7675130963641745 0.10959505545695547
-38.30319888734354 -3.726556417689892 0.10779741996562409
-37.80250347705146 -3.6852127901675527 0.1060106528605308
-37.30180806675938 -3.643481112713774 0.1042348352127952
-36.801112656467325 -3.6013602842451498 0.10247004809353155
-36.30041724617524 -3.558849203678287 0.10071637257385413
-35.79972183588316 -3.51594676992981 0.09897388972487808
-35.29902642559111 -3.4726518819163203 0.09724268061771946
-34.79833101529903 -3.428963438554417 0.0955228263234934
-34.297635605006946 -3.384880338760704 0.09381440791331419
-33.79694019471489 -3.34040148145181 0.09211750645829697
-33.29624478442281 -3.295525765544335 0.09043220302955868
-32.79554937413073 -3.2502520899548895 0.0887585786982118
-32.294853963838676 -3.2045793536000833 0.08709671453537415
-31.794158553546595 -3.1585064553965037 0.08544669161215912
-31.293463143254513 -3.112032294260775 0.08380859099968097
-30.79276773296246 -3.0651557691095217 0.08218249376905751
-30.29207232267038 -3.017875778859315 0.08056848099140212
-29.791376912378297 -2.9701912224268057 0.07896663373782908
-29.290681502086244 -2.922100998728583 0.07737703307945532
-28.789986091794162 -2.873604006681232 0.07579976008739686
-28.28929068150208 -2.8246991452013823 0.07423489583276621
-27.788595271210028 -2.7753853132056516 0.0726825213866803
-27.287899860917946 -2.7256614096106393 0.07114271782025339
-26.787204450625865 -2.6755263333329466 0.06961556620459974
-26.28650904033381 -2.624978983289198 0.06810114761083808
-25.78581363004173 -2.574018258395986 0.0665995431100791
-25.28511821974965 -2.522643057569919 0.06511083377344151
-24.784422809457595 -2.4708522797276142 0.06363510067204048
-24.283727399165514 -2.41864482378568 0.06217242487698582
-23.783031988873432 -2.36601958866072 0.0607228874593998
-23.28233657858135 -2.312975473269347 0.05928656949039135
-22.781641168289298 -2.2595113765281596 0.05786355204108096
-22.280945757997216 -2.2056261973537765 0.05645391618258022
-21.780250347705135 -2.1513188346628134 0.05505774298600519
-21.27955493741308 -2.0965881873718466 0.053675113522472784
-20.778859527121 -2.0414331543975166 0.052306108863093725
-20.27816411682892 -1.9858526346564245 0.050950810078989384
-19.777468706536865 -1.9298455270651826 0.049609298241268696
-19.276773296244784 -1.8734107305403602 0.04828165442105303
-18.776077885952702 -1.8165471439986296 0.04696795968945133
-18.27538247566065 -1.7592536663565388 0.0456682951175823
-17.774687065368568 -1.70152919653073 0.04438274177656021
-17.273991655076486 -1.6433726334378134 0.04311138073750109
-16.773296244784433 -1.5847828759943992 0.041854293071518334
-16.27260083449235 -1.525758823117071 0.04061155984972886
-15.77190542420027 -1.466299373722446 0.039383262143246944
-15.271210013908217 -1.4064034267271415 0.03816948102318951
-14.770514603616135 -1.3460698810477696 0.03697029756066905
-14.269819193324054 -1.285297635600921 0.03578579282680161
-13.769123783032 -1.2240855893032359 0.03461604789270145
-13.268428372739919 -1.162432641071289 0.03346114382948462
-12.767732962447838 -1.1003376898216908 0.03232116170826804
-12.267037552155784 -1.037799634471069 0.031196182600163325
-11.766342141863703 -0.9748173739360213 0.030086287576289172
-11.265646731571621 -0.9113898071331634 0.028991557707757187
-10.764951321279568 -0.8475158329790788 0.027912074065686965
-10.264255910987487 -0.783194350390408 0.02684791772118922
-9.763560500695405 -0.718424258283745 0.02579916974538088
-9.262865090403352 -0.653204455575702 0.02476591120937799
-8.76216968011127 -0.5875338411828765 0.023748223184293926
-8.261474269819189 -0.5214113140218843 0.022746186741245622
-7.760778859527136 -0.4548357730093515 0.021759882951346454
-7.260083449235054 -0.3878061170618403 0.020789392885712465
-6.759388038942973 -0.320321245096016 0.019834797615460587
-6.25869262865092 -0.2523800560284408 0.01889617821170242
-5.757997218358838 -0.18398144877574096 0.017973615745554894
-5.257301808066757 -0.11512432225453906 0.017067191288134054
-4.756606397774675 -0.04580757538140445 0.016176985910554165
-4.255910987482622 0.023969892927020675 0.015303080683930381
-3.7552155771905404 0.09420918375413323 0.014445556679376081
-3.254520166898459 0.16491139818333012 0.01360449496801086
-2.753824756606406 0.23607763729799935 0.012779976620944544
-2.2531293463143243 0.3077090021815361 0.011972082709297616
-1.7524339360222427 0.37974951321279704 0.011178845618915143
-1.2517385257301896 0.4455934631432535 0.010035215577190568
-0.7510431154381081 0.5082129346314326 0.009150542420027816
-0.25034770514602656 0.5702595271210026 0.008920139082058411
0.25034770514602656 0.6276392211404719 0.008774937413073716
0.7510431154381081 0.6829628650904033 0.008775187760778859
1.2517385257301896 0.7371381084840065 0.008920695410292076
1.7524339360222427 0.7909599443671755 0.009176509040333791
2.2531293463143243 0.8440292072322669 0.009522378303198886
2.753824756606406 0.8957885952712108 0.009933365785813636
3.254520166898459 0.9456411682892896 0.010475785813630026
3.7552155771905404 0.9923141863699582 0.011290222531293458
4.255910987482622 1.031757858136301 0.012936954102920756
4.756606397774675 1.0689232267037543 0.015112350486787154
5.257301808066757 1.1038439499304589 0.01791596662030596
5.757997218358838 1.1385173852573023 0.020719388038943003
6.258692628650891 1.1735493741307363 0.023669151599443577
6.759388038942973 1.2103292072322667 0.027182712100139058
7.260083449235054 1.2526151599443678 0.03145325452016696
7.760778859527107 1.2899941585535457 0.03750874826147409
8.261474269819189 1.3129827538247565 0.044606606397774626
8.76216968011127 1.3274615743674305 0.05187124377529129
9.262865090403324 1.3416734332326152 0.05910060272301498
9.763560500695405 1.3555851649094466 0.06629024168112882
10.264255910987487 1.3691978704813152 0.07344024172074759
10.76495132127954 1.3825126510316126 0.08055068391298595
11.265646731571621 1.3955306076437313 0.08762164932895994
11.766342141863703 1.4082528414010624 0.09465321903978421
12.267037552155784 1.4206804533869977 0.10164547411657393
12.767732962447838 1.4328145446849283 0.10859849563044394
13.268428372739919 1.444656216378247 0.11551236465251008
13.769123783032 1.456206569550345 0.12238716225388713
14.269819193324054 1.4674667052846133 0.12922296950568984
14.770514603616135 1.478437724664445 0.13601986747903416
15.271210013908217 1.4891207287732309 0.14277793724503485
15.77190542420027 1.499516818694362 0.14949725987480658
16.27260083449235 1.5096270955112314 0.1561779164394654
16.773296244784433 1.51945266030723 0.16281998801012604
17.273991655076486 1.5289946141657493 0.16942355565790318
17.774687065368568 1.5382540581701818 0.1759887004539128
18.27538247566065 1.5472320934039185 0.1825155034692697
18.776077885952702 1.5559298209503512 0.18900404577508856
19.276773296244784 1.564348341892872 0.1954544084424853
19.777468706536865 1.572488757314872 0.2018666725425748
20.27816411682892 1.5803521682997428 0.20824091914647164
20.778859527121 1.587939675930877 0.21457722932529188
21.27955493741308 1.5952523812916657 0.2208756841501502
21.780250347705135 1.6022913854655 0.22713636469216147
22.280945757997216 1.6090577895357727 0.2333593520224414
22.781641168289298 1.6155526945858751 0.23954472721210496
23.28233657858135 1.621777201699198 0.2456925713322669
23.783031988873432 1.6277324119591345 0.25180296545404296
24.283727399165514 1.6334194264490756 0.25787599064854805
24.784422809457567 1.6388393462524125 0.263911727986897
25.28511821974965 1.643993272452538 0.26991025854020545
25.78581363004173 1.6488823061328426 0.2758716633795884
26.286509040333783 1.6535075483767188 0.28179602357616057
26.787204450625865 1.6578701002675582 0.2876834202010378
27.287899860917946 1.6619710628887523 0.2935339343253349
27.78859527121 1.6658115373236926 0.29934764702016675
28.28929068150208 1.669392624655771 0.305124639356649
28.789986091794162 1.6727154259683794 0.31086499240589666
29.290681502086215 1.675781042344909 0.31656878723902443
29.791376912378297 1.678590574868752 0.32223610492714805
30.29207232267038 1.6811451246233 0.3278670265413825
30.79276773296246 1.683445792691944 0.33346163315284283
31.293463143254513 1.6854936801580764 0.33902000583264386
31.794158553546595 1.6872898881050888 0.3445422256519015
32.294853963838676 1.688835517616373 0.35002837368173034
32.79554937413073 1.69013166977532 0.3554785309932454
33.29624478442281 1.691179445665322 0.3608927786575625
33.79694019471489 1.691979946369771 0.3662711977457962
34.297635605006946 1.6925342729720578 0.37161386932906165
34.79833101529903 1.692843526555575 0.37692087447847444
35.29902642559111 1.6929088082037138 0.38219229426514945
35.79972183588316 1.6927312189998656 0.3874282097602015
36.30041724617524 1.6923118600274227 0.3926287020347464
36.801112656467325 1.691651832369777 0.39779385215989893
37.30180806675938 1.6907522371103192 0.402923741206774
37.80250347705146 1.6896141753324416 0.40801845024648736
38.30319888734354 1.688238748119536 0.4130780603501537
38.803894297635594 1.6866270565549937 0.41810265258888807
39.304589707927676 1.6847802017222064 0.42309230803380615
39.80528511821976 1.682699284704566 0.4280471077560227
40.30598052851181 1.6803854065854646 0.43296713282665267
40.80667593880389 1.6778396684482928 0.4378524643168118
41.30737134909597 1.6750631713764434 0.4427031832976148
41.808066759388026 1.6720570164533073 0.4475193708401767
42.30876216968011 1.6688223047622766 0.4523011080156132
42.80945757997219 1.6653601373867428 0.45704847589503905
43.31015299026424 1.6616716154100977 0.4617615555495692
43.810848400556324 1.657757839915733 0.4664404280503195
44.311543810848406 1.6536199119870398 0.4710851744684045
44.81223922114046 1.6492589327074108 0.4756958758749391
45.31293463143254 1.6446760031602372 0.48027261334103943
45.81363004172462 1.6398722244289103 0.4848154679378198
46.314325452016675 1.6348486975968226 0.48932452073639543
46.81502086230876 1.629606523747365 0.4937998528078821
47.31571627260084 1.6241468039639295 0.49824154522339426
47.81641168289289 1.6184706393299082 0.502649679054047
48.31710709318497 1.612579130928692 0.5070243353709564
48.817802503477054 1.606473379843673 0.5113655952452366
49.318497913769136 1.6001544871582432 0.5156735397480033
49.81919332406119 1.5936235539557937 0.5199482499503713
50.31988873435327 1.5868816813197164 0.524189806923456
50.82058414464535 1.579929970333403 0.5283982917383725
51.321279554937405 1.5727695220802451 0.5325737854662357
51.82197496522949 1.565401437643635 0.5367163691781611
52.32267037552157 1.557826818106963 0.5408261239452639
52.82336578581362 1.5500467645536224 0.5449031308386586
53.3240611961057 1.5420623780670037 0.5489474709294612
53.824756606397784 1.5338747597304994 0.5529592252887864
54.32545201668984 1.525485010627501 0.5569384749877492
54.82614742698192 1.5168942318413994 0.5608853010974649
55.326842837274 1.508103524455587 0.564799784689049
55.82753824756605 1.4991139895534558 0.568682006833616
56.328233657858135 1.4899267282183961 0.5725320486022816
56.82892906815022 1.4805428415338013 0.5763499910661608
57.32962447844227 1.4709634305830628 0.5801359152963683
57.83031988873435 1.461189596449571 0.5838899023640199
58.33101529902643 1.4512224402167182 0.5876120333402306
58.831710709318486 1.4410630629678969 0.591302389296115
59.33240611961057 1.4307125657864985 0.5949610513027889
59.83310152990265 1.4201720497559132 0.5985881004313672
60.3337969401947 1.409442615959535 0.602183617752965
60.834492350486784 1.3985253654807532 0.6057476843386976
61.335187760778865 1.387421399402961 0.60928038125968
61.83588317107092 1.3761318188095506 0.6127817895870272
62.336578581363 1.3646577247839125 0.6162519903918549
62.83727399165508 1.353000218409438 0.6196910647452777
63.337969401947134 1.3411604007695208 0.6230990937184108
63.838664812239216 1.3291393729475505 0.6264761583823696
64.3393602225313 1.3169382360269195 0.6298223398082692
64.84005563282335 1.3045580910910204 0.6331377190672246
65.34075104311543 1.2920000392232434 0.6364223772303511
65.84144645340751 1.2792651815069809 0.6396763953687638
66.34214186369957 1.266354619025625 0.6428998545535775
66.84283727399165 1.2532694528625663 0.6460928358559078
67.34353268428373 1.2400107841011974 0.6492554203468698
67.84422809457581 1.2265797138249093 0.6523876890975787
68.34492350486786 1.212977343117095 0.6554897231791492
68.84561891515995 1.1992047730611441 0.6585616036626968
69.34631432545203 1.1852631047404498 0.6616034116193367
69.84700973574408 1.1711534392384049 0.6646152281201837
70.34770514603616 1.1568768776383986 0.6675971342363535
70.84840055632824 1.1424345210238223 0.6705492110389609
71.3490959666203 1.1278274704780713 0.6734715395991209
71.84979137691238 1.1130568270845334 0.6763642009879488
72.35048678720446 1.0981236919266026 0.67922727627656
72.85118219749651 1.0830291660876694 0.6820608465360691
73.3518776077886 1.0677743506511261 0.6848649928375917
73.85257301808068 1.052360346700364 0.6876397962522431
74.35326842837273 1.0367882553187757 0.6903853378511378
74.85396383866481 1.0210591775897508 0.6931016987053914
75.35465924895689 1.005174214596684 0.695788959886119
75.85535465924895 0.9891344674229654 0.6984472024644356
76.35605006954103 0.9729410371519853 0.7010765075114564
76.85674547983308 0.956595024867138 0.7036769560982968
77.35744089012519 0.9400975316518123 0.7062486292960718
77.85813630041724 0.9234496585894025 0.7087916081758963
78.3588317107093 0.9066525067632998 0.7113059738088855
78.8595271210014 0.8897071772568934 0.713791807266155
79.36022253129346 0.8726147711535799 0.7162491896188193
79.86091794158551 0.8553763895367468 0.7186782019379941
80.36161335187762 0.8379931334897852 0.7210789252947943
80.86230876216968 0.8204661040960912 0.7234514407603351
81.36300417246173 0.8027964024390528 0.7257958294057313
81.86369958275384 0.7849851296020625 0.7281121723020986
82.36439499304589 0.7670333866685126 0.7304005505205519
82.86509040333794 0.7489422747217953 0.7326610451322063
83.36578581363005 0.730712894845299 0.7348937372081772
83.86648122392211 0.7123463481224201 0.7370987078195792
84.36717663421416 0.6938437356365481 0.739276038037528
84.86787204450627 0.6752061584710727 0.7414258089331386
85.36856745479832 0.656434717709389 0.7435481015775258
85.86926286509038 0.6375305144348877 0.7456429970418054
86.36995827538249 0.6184946497309578 0.747710576397092
86.87065368567454 0.5993282246809948 0.7497509207145008
87.3713490959666 0.5800323403683889 0.7517641110651471
87.8720445062587 0.5606080978765291 0.7537502285201463
88.37273991655076 0.5410565982888123 0.7557093541506129
88.87343532684281 0.5213789426886273 0.7576415690276627
89.37413073713492 0.501576232159364 0.7595469542224106
89.87482614742697 0.4816495677844175 0.7614255908059714
90.37552155771903 0.4616000506471789 0.7632775598494606
90.87621696801114 0.44142878183103673 0.7651029424239935
91.37691237830319 0.4211368624193874 0.766901819600685
91.87760778859524 0.40072539349561853 0.76867427245065
92.37830319888735 0.38019547614312255 0.7704203820450043
92.8789986091794 0.3595482114452946 0.7721402294548625
93.37969401947146 0.3387847004855222 0.7738338957513398
93.88038942976357 0.3179060443471975 0.7755014620055517
94.38108484005562 0.29691334411371506 0.7771430092886134
94.88178025034773 0.27580770086846207 0.7787586186716394
95.38247566063978 0.25459021569483764 0.7803483712257452
95.88317107093184 0.2332619896762267 0.7819123480220459
96.38386648122395 0.21182412389602034 0.7834506301316568
96.884561891516 0.1902777194376173 0.784963298625693
97.38525730180805 0.16862387738440332 0.7864504345752698
97.88595271210016 0.14686369881976824 0.7879121190515019
98.38664812239222 0.12499828482711162 0.7893484331255046
98.88734353268427 0.1030287364898197 0.7907594578683933
99.38803894297638 0.0809561548912836 0.7921452743512831
99.88873435326843 0.05878164111489759 0.7935059636452887
100.38942976356049 0.03650629624405366 0.7948416068215259
100.8901251738526 0.014131221362139401 0.7961522849511097
101.39082058414465 -0.008342482447450505 0.7974380791051545
101.8915159944367 -0.03091371410132182 0.7986990703547763
102.39221140472881 -0.05358137251608919 0.7999353397710901
102.89290681502086 -0.0763443566083557 0.8011469684252106
103.39360222531292 -0.09920156529473068 0.8023340373882537
103.89429763560503 -0.12215189749182609 0.8034966277313339
104.39499304589708 -0.14519425211624237 0.8046348205255665
104.89568845618913 -0.16832752808459595 0.8057486968420666
105.39638386648124 -0.19155062431349346 0.8068383377519497
105.8970792767733 -0.214862439719538 0.8079038243263306
106.39777468706535 -0.23826187321934333 0.8089452376363245
106.89847009735746 -0.2617478237295179 0.8099626587530467
107.39916550764951 -0.2853191901666656 0.8109561687476121
107.89986091794157 -0.30897487144739677 0.8119258486911359
108.40055632823368 -0.3327137664883233 0.8128717796547336
108.90125173852573 -0.3565347742060483 0.8137940427095199
109.40194714881778 -0.38043679351718285 0.8146927189266103
109.90264255910989 -0.4044187233383345 0.8155678893771198
110.40333796940195 -0.4284794625861099 0.8164196351321632
110.904033379694 -0.45261791017712105 0.8172480372628561
111.40472878998611 -0.47683296502797634 0.8180531768403136
111.90542420027816 -0.5011235260552789 0.8188351349356506
112.40611961057022 -0.5254884921756415 0.8195939926199824
112.90681502086233 -0.5499267623056745 0.8203298309644244
113.40751043115438 -0.5744372353619773 0.8210427310400913
113.90820584144643 -0.5990188102611638 0.8217327739180984
114.40890125173854 -0.6236703859198485 0.822400040669561
114.9095966620306 -0.6483908612546301 0.8230446123655943
115.41029207232265 -0.6731791351821188 0.823666570077313
115.91098748261476 -0.6980341066189275 0.8242659948758325
116.41168289290681 -0.7229546744816611 0.8248429678322682
116.91237830319886 -0.7479397376869261 0.8253975700177347
117.41307371349097 -0.7729881951513355 0.8259298825033479
117.91376912378303 -0.7980989457914933 0.8264399863602222
118.41446453407508 -0.8232708885240105 0.8269279626594732
118.91515994436719 -0.8485029222654956 0.8273938924722161
119.41585535465924 -0.8737939459325561 0.8278378568695655
119.9165507649513 -0.8991428584417978 0.828259936922637
120.4172461752434 -0.9245485587098334 0.8286602137025455
120.91794158553546 -0.950009945653268 0.8290387682804069
121.41863699582751 -0.9755259181887108 0.8293956817273352
121.91933240611962 -1.0010953752327738 0.8297310351144461
122.42002781641168 -1.0267172157020592 0.8300449095128547
122.92072322670373 -1.0523903385131772 0.8303373859936763
123.42141863699584 -1.0781136425827398 0.8306085456280258
123.92211404728789 -1.10388602682735 0.830858469487019
124.42280945757994 -1.129706390163619 0.8310872386417701
124.92350486787205 -1.1555736315081562 0.831294934163395
125.42420027816411 -1.1814866497775662 0.8314816371230082
125.92489568845616 -1.2074443438884612 0.8316474285917251
126.42559109874827 -1.2334456127574487 0.8317923896406608
126.92628650904032 -1.2594893553011344 0.831916601340931
127.42698191933238 -1.2855744704361267 0.8320201447636498
127.92767732962449 -1.3116998570790386 0.8321031009799337
128.42837273991654 -1.3378644141464757 0.8321655510608971
128.9290681502086 -1.364067040555044 0.8322075760776543
129.4297635605007 -1.390306635221357 0.8322292571013218
129.93045897079276 -1.416582097062016 0.8322306752030139
130.4311543810848 -1.442892324993635 0.8322119114538465
130.93184979137692 -1.4692362179328204 0.8321730469249341
131.43254520166897 -1.49561267479618 0.8321141626873924
131.93324061196108 -1.5220205945003256 0.832035339812336
132.43393602225314 -1.5484588759618612 0.8319366593708798
132.9346314325452 -1.5749264180973943 0.8318182024341406
133.4353268428373 -1.6014221198235379 0.8316800500732312
133.93602225312935 -1.6279448800568959 0.8315222833592685
134.4367176634214 -1.654493597714081 0.8313449833633669
134.93741307371351 -1.6810671717116985 0.8311482311566415
135.43810848400557 -1.7076645009663556 0.8309321078102082
135.93880389429762 -1.7342844843946617 0.8306966943951807
136.43949930458973 -1.7609260209132287 0.8304420719826761
136.94019471488178 -1.7875880094386616 0.8301683216438079
137.44089012517384 -1.8142693488875652 0.8298755244496919
137.94158553546595 -1.8409689381765577 0.8295637614714434
138.442280945758 -1.867685676222236 0.8292331137801768
138.94297635605005 -1.8944184619412174 0.8288836624470083
139.44367176634216 -1.9211661942501086 0.8285154885430518
139.94436717663422 -1.9479277720655108 0.8281286731394241
140.44506258692627 -1.9747020943040379 0.8277232973072391
140.94575799721838 -2.001488059882302 0.8272994421176122
141.44645340751043 -2.028284567716903 0.8268571886416586
141.94714881780249 -2.055090516724454 0.8263966179504932
142.4478442280946 -2.0819048058215657 0.8259178111152318
142.94853963838665 -2.1087263339248423 0.8254208492069893
143.4492350486787 -2.135553999950889 0.8249058132968802
143.9499304589708 -2.1623867028163257 0.8243727844560201
144.45062586926286 -2.1892233414377493 0.8238218437555244
144.95132127955492 -2.21606281473177 0.8232530722665085
145.45201668984703 -2.2429040216150042 0.8226665510600858
145.95271210013908 -2.2697458610040506 0.822062361207374
146.45340751043113 -2.296587231815522 0.8214405837794868
146.95410292072324 -2.323427032966028 0.8208012998475388
147.4547983310153 -2.35026416337217 0.8201445904826464
147.95549374130735 -2.3770975219505637 0.819470536755924
148.45618915159946 -2.403926007617817 0.8187792197384872
148.9568845618915 -2.4307485192905327 0.8180707205014514
149.45757997218357 -2.4575639558853233 0.8173451201159302
149.95827538247568 -2.4843712163187996 0.8166024996530402
150.45897079276773 -2.511169199507564 0.8158429401838961
150.95966620305978 -2.5379568043682266 0.8150665227796136
151.4603616133519 -2.5647329298174 0.8142733285113063
151.96105702364395 -2.5914964747716853 0.8134634384500913
152.461752433936 -2.6182463381476966 0.812636933667083
152.9624478442281 -2.6449814188620397 0.8117938952333955
153.46314325452016 -2.671700615831324 0.8109344042201455
153.96383866481222 -2.6984028279721555 0.8100585416984473
154.46453407510432 -2.7250869542011475 0.8091663887394162
154.96522948539638 -2.7517518934349043 0.8082580264141673
155.46592489568843 -2.778396544590035 0.8073335357938157
155.96662030598054 -2.8050198065831466 0.8063929979494769
156.4673157162726 -2.831620578330849 0.8054364939522657
156.96801112656465 -2.8581977587497507 0.8044641048732978
157.46870653685676 -2.884750246756461 0.803475911783687
157.9694019471488 -2.911276941267582 0.8024719957545504
158.47009735744086 -2.9377767411997295 0.8014524378570017
158.97079276773297 -2.9642485454695136 0.8004173191621556
159.47148817802503 -2.99069125299353 0.7993667207411291
159.97218358831708 -3.0171037626884036 0.7983007236650358
160.4728789986092 -3.043484973470732 0.7972194090049917
160.97357440890124 -3.0698337842571224 0.7961228578321119
161.4742698191933 -3.096149093964188 0.7950111512175105
161.9749652294854 -3.1224298015085337 0.7938843702323038
162.47566063977746 -3.148674805806775 0.7927425959476065
162.9763560500695 -3.174883005775511 0.791585909434534
163.47705146036162 -3.201053300331359 0.7904143917642011
163.97774687065368 -3.227184588390915 0.7892281240077231
164.47844228094573 -3.2532757688707985 0.7880271872362153
164.97913769123784 -3.27932574068761 0.786811662520792
165.4798331015299 -3.3053334027579657 0.7855816309325704
165.98052851182194 -3.331297653998468 0.7843371735426631
166.48122392211405 -3.357217393325733 0.7830783714221871
166.9819193324061 -3.3830915196563565 0.7818053056422568
167.48261474269816 -3.408918931906954 0.7805180572739873
167.98331015299027 -3.4346985289941365 0.7792167073884938
168.48400556328232 -3.4604292098345075 0.7779013370568914
168.98470097357443 -3.4861098733446783 0.7765720273502955
169.4853963838665 -3.511739418441252 0.7752288593398217
169.98609179415854 -3.5373167440408473 0.7738719140965836
170.48678720445065 -3.5628407490600624 0.7725012726916979
170.9874826147427 -3.5883103324155066 0.7711170161962794
171.48817802503476 -3.6137243930237926 0.7697192256814426
171.98887343532687 -3.639081829801527 0.7683079822183027
172.48956884561892 -3.664381541665322 0.7668833668779759
172.99026425591097 -3.6896224275317735 0.7654454607315769
173.49095966620308 -3.7148033863175067 0.7639943448502194
173.99165507649514 -3.739923316939117 0.7625301003050208
174.4923504867872 -3.764981118313216 0.7610528081670948
174.9930458970793 -3.789975689356422 0.7595625495075568
175.49374130737135 -3.814905928985323 0.7580594053975224
175.9944367176634 -3.8397707361165425 0.7565434569081061
176.49513212795551 -3.86456900966669 0.7550147851104235
176.99582753824757 -3.889299648552364 0.7534734710755896
177.49652294853962 -3.9139615516901793 0.7519195958747197
177.99721835883173 -3.938553617996744 0.7503532405789285
178.49791376912378 -3.9630747463886644 0.7487744862593319
178.99860917941584 -3.9875238357825475 0.7471834139870447
179.49930458970795 -4.011899785095004 0.7455801048331815
180.0 -4.036201493242647 0.7439646398688579
