Polar data for 2 at Re = 128571.42857142858
Alpha (deg) Cl Cd
-180.0 -7.647955161033619 1.114646345978546
-179.49930458970792 -7.668066714218157 1.1120196914839402
-178.99860917941587 -7.688042858055291 1.1093748922145064
-178.49791376912378 -7.707882717969448 1.1067120800523373
-177.9972183588317 -7.727585419385039 1.1040313868795277
-177.49652294853965 -7.74715008772649 1.1013329445781663
-176.99582753824757 -7.7665758484182215 1.0986168850303486
-176.4951321279555 -7.785861826884653 1.0958833401181647
-175.99443671766343 -7.805007148550204 1.0931324417237105
-175.49374130737135 -7.824010938839298 1.0903643217290757
-174.99304589707927 -7.842872323176356 1.0875791120163536
-174.49235048678722 -7.861590426985797 1.0847769444676356
-173.99165507649514 -7.880164375692041 1.0819579509650168
-173.49095966620305 -7.89859329471951 1.0791222633905864
-172.990264255911 -7.916876309492625 1.0762700136264385
-172.48956884561892 -7.9350125454358045 1.0734013335546664
-171.98887343532684 -7.953001127973471 1.0705163550573624
-171.48817802503476 -7.970841182530045 1.0676152100166167
-170.9874826147427 -7.988531834529948 1.0646980303145253
-170.48678720445062 -8.0060722093976 1.0617649478331772
-169.98609179415854 -8.023461432557419 1.0588160944546672
-169.4853963838665 -8.04069862943383 1.055851602061087
-168.9847009735744 -8.057782925451251 1.0528716025345284
-168.48400556328232 -8.074713446034107 1.0498762277570866
-167.98331015299027 -8.091489316606808 1.0468656096108522
-167.4826147426982 -8.108109662593789 1.043839879977915
-166.9819193324061 -8.12457360941946 1.0407991707403725
-166.48122392211405 -8.140880282508247 1.0377436137803129
-165.98052851182197 -8.157028807284568 1.0346733409798332
-165.4798331015299 -8.173018309172845 1.0315884842210223
-164.97913769123784 -8.188847913597499 1.0284891753859722
-164.47844228094576 -8.204516745982946 1.0253755463567782
-163.97774687065368 -8.220023931753618 1.02224772901553
-163.47705146036162 -8.235368596333926 1.0191058552443224
-162.97635605006954 -8.25054986514829 1.015950056925247
-162.47566063977746 -8.265566863621135 1.012780465940397
-161.9749652294854 -8.280418717176882 1.0095972141718639
-161.47426981919332 -8.295104551239952 1.006400433501738
-160.97357440890124 -8.30962349123476 1.0031902558121166
-160.4728789986092 -8.323974662585734 0.9999668129850898
-159.9721835883171 -8.33815719071729 0.9967302369027486
-159.47148817802503 -8.352170201053847 0.9934806594471886
-158.97079276773297 -8.36601281901983 0.9902182125005001
-158.4700973574409 -8.37968417003966 0.9869430279447762
-157.9694019471488 -8.393183379537756 0.9836552376621077
-157.46870653685676 -8.406509572938539 0.9803549735345907
-156.96801112656468 -8.419661875666428 0.977042367444316
-156.4673157162726 -8.432639413145846 0.9737175512733736
-155.96662030598054 -8.445441310801211 0.9703806569038596
-155.46592489568846 -8.45806669405695 0.9670318162178655
-154.96522948539638 -8.470514688337477 0.9636711610974811
-154.46453407510432 -8.482784419067212 0.9602988234248031
-153.96383866481224 -8.494875011670583 0.9569149350819208
-153.46314325452016 -8.506785591572001 0.9535196279509288
-152.9624478442281 -8.518515284195896 0.9501130339139181
-152.46175243393603 -8.530063214966688 0.9466952848529815
-151.96105702364395 -8.54142850930879 0.9432665126502127
-151.4603616133519 -8.552610292646627 0.9398268491877018
-150.9596662030598 -8.56360769040462 0.9363764263475434
-150.45897079276773 -8.574419828007187 0.9329153760118285
-149.95827538247568 -8.585045830878755 0.9294438300626517
-149.4575799721836 -8.59548482444374 0.9259619203821032
-148.9568845618915 -8.605735934126564 0.9224697788522758
-148.45618915159943 -8.615798285351646 0.9189675373552648
-147.95549374130738 -8.62567100354341 0.9154553277731579
-147.4547983310153 -8.63535321412627 0.9119332819880521
-146.95410292072324 -8.644844042524657 0.9084015318820369
-146.45340751043116 -8.654142614162982 0.9048602093372058
-145.95271210013908 -8.663248054465674 0.9013094462356508
-145.452016689847 -8.672159488857144 0.8977493744594656
-144.95132127955495 -8.68087604276182 0.894180125890742
-144.45062586926286 -8.689396841604122 0.8906018324115721
-143.94993045897078 -8.697721010808468 0.8870146259040477
-143.44923504867873 -8.705847675799285 0.8834186382502633
-142.94853963838665 -8.71377596200098 0.879814001332311
-142.44784422809457 -8.721504994837986 0.8762008470322817
-141.9471488178025 -8.729033899734723 0.8725793072322692
-141.44645340751043 -8.73636180211561 0.8689495138143652
-140.94575799721835 -8.743487827405065 0.8653115986606637
-140.44506258692627 -8.750411101027506 0.8616656936532545
-139.94436717663422 -8.757130748407361 0.8580119306742324
-139.44367176634213 -8.763645894969049 0.8543504416056902
-138.94297635605005 -8.769955666136987 0.8506813583297188
-138.442280945758 -8.776059187335601 0.8470048127284102
-137.94158553546592 -8.781955583989305 0.8433209366838581
-137.44089012517384 -8.787643981522525 0.8396298620781562
-136.94019471488178 -8.79312350535968 0.8359317207933945
-136.4394993045897 -8.798393280925191 0.8322266447116669
-135.93880389429762 -8.803452433643482 0.8285147657150651
-135.43810848400557 -8.808300088938967 0.8247962156856821
-134.9374130737135 -8.812935372236065 0.8210711265056105
-134.4367176634214 -8.81735740895921 0.8173396300569407
-133.93602225312935 -8.821565324532811 0.8136018582217706
-133.43532684283727 -8.825558244381291 0.8098579428821868
-132.9346314325452 -8.829335293929072 0.8061080159202849
-132.43393602225314 -8.832895598600574 0.8023522092181559
-131.93324061196105 -8.836238283820219 0.7985906546578925
-131.43254520166897 -8.839362475012429 0.7948234841215884
-130.93184979137692 -8.84226729760162 0.7910508294913365
-130.43115438108484 -8.844951877012218 0.787272822649226
-129.93045897079276 -8.847415338668633 0.7834895954773542
-129.4297635605007 -8.849656807995299 0.7797012798578085
-128.92906815020862 -8.851675410416629 0.7759080076726852
-128.42837273991654 -8.853470271357049 0.7721099108040745
-127.92767732962449 -8.855040516240976 0.7683071211340702
-127.4269819193324 -8.85638527049283 0.764499770544764
-126.92628650904032 -8.857503659537034 0.760687990918248
-126.42559109874827 -8.858394808798005 0.7568719141366176
-125.92489568845619 -8.859057843700171 0.7530516720819611
-125.42420027816411 -8.859491889667943 0.749227396636374
-124.92350486787205 -8.859696072125754 0.7453992196819466
-124.42280945757997 -8.859669516498009 0.7415672731007723
-123.92211404728789 -8.85941134820914 0.7377316887749459
-123.42141863699584 -8.858920692683569 0.7338925985865574
-122.92072322670376 -8.858196675345704 0.730050134417698
-122.42002781641168 -8.85723842161998 0.7262044281504629
-121.91933240611961 -8.856045056930814 0.7223556116669425
-121.41863699582754 -8.854615706702617 0.7185038168492313
-120.91794158553546 -8.852949496359829 0.7146491755794193
-120.41724617524339 -8.85104555132685 0.7107918197396021
-119.91655076495132 -8.848902997028109 0.7069318812118717
-119.41585535465924 -8.846520958888032 0.7030694918783171
-118.91515994436718 -8.84389856233103 0.6992047836210349
-118.41446453407511 -8.841034932781533 0.6953378883221151
-117.91376912378303 -8.837929195663957 0.6914689378636505
-117.41307371349096 -8.83458047640272 0.6875980641277348
-116.91237830319889 -8.830987900422254 0.6837253989964582
-116.41168289290681 -8.827150593146962 0.6798510743519162
-115.91098748261474 -8.82306768000128 0.6759752220761979
-115.41029207232268 -8.818738286409616 0.6720979740513997
-114.9095966620306 -8.814161537796407 0.6682194621596109
-114.40890125173853 -8.809336559586058 0.6643398182829243
-113.90820584144646 -8.804262477202997 0.6604591743034354
-113.40751043115438 -8.798938416071644 0.6565776621032307
-112.90681502086231 -8.793363501616419 0.652695413564411
-112.40611961057024 -8.787536859261744 0.6488125605690611
-111.90542420027816 -8.781457614432036 0.6449292349992775
-111.4047287899861 -8.77512489255172 0.6410455687371519
-110.90403337969401 -8.768537819045218 0.6371616936647755
-110.40333796940195 -8.761695519336943 0.6332777416642446
-109.90264255910988 -8.754597118851326 0.6293938446176475
-109.4019471488178 -8.747241743012774 0.6255101344070761
-108.90125173852573 -8.739628517245723 0.6216267429146287
-108.40055632823366 -8.731756566974584 0.6177438020223918
-107.89986091794158 -8.723625017623784 0.613861443612459
-107.39916550764951 -8.715232994617732 0.6099797995669267
-106.89847009735745 -8.706579623380863 0.6060990017678833
-106.39777468706536 -8.697664029337592 0.6022191820974216
-105.8970792767733 -8.688485337912336 0.5983404724376371
-105.39638386648123 -8.67904267452952 0.594463004670619
-104.89568845618915 -8.669335164613564 0.59058691067846
-104.39499304589708 -8.659361933588887 0.5867123223432558
-103.89429763560501 -8.649122106879904 0.5828393715470972
-103.39360222531293 -8.63861480991105 0.5789681901720745
-102.89290681502086 -8.62783916810674 0.5750989101002804
-102.3922114047288 -8.61679430689139 0.5712316632138121
-101.89151599443672 -8.605479351689429 0.5673665813947555
-101.39082058414465 -8.593893427925257 0.5635037965252094
-100.89012517385257 -8.582035661023323 0.5596434404872623
-100.3894297635605 -8.569905176408035 0.555785645163007
-99.88873435326843 -8.557501099503806 0.5519305424345371
-99.38803894297635 -8.544822555735067 0.5480782641839463
-98.88734353268428 -8.53186867052624 0.5442289422933213
-98.38664812239222 -8.518638569301736 0.5403827086447628
-97.88595271210013 -8.50513137748598 0.5365396951203565
-97.38525730180807 -8.491346220503397 0.5327000336022005
-96.884561891516 -8.477282223778406 0.5288638559723815
-96.38386648122392 -8.462938512735427 0.5250312941129958
-95.88317107093185 -8.448314212798875 0.5212024799061352
-95.38247566063978 -8.433408449393177 0.5173775452338927
-94.8817802503477 -8.418220347942757 0.5135566219783574
-94.38108484005564 -8.40274903387202 0.5097398420216257
-93.88038942976357 -8.38699363260541 0.5059273372457904
-93.37969401947149 -8.370953269567334 0.502119239532939
-92.87899860917942 -8.354627070182204 0.4983156807651697
-92.37830319888734 -8.338014159874461 0.49451679282457156
-91.87760778859527 -8.321113664068507 0.4907227075932384
-91.3769123783032 -8.303924708188774 0.48693355695326296
-90.87621696801112 -8.286446417659684 0.4831494727867372
-90.37552155771905 -8.26867791790565 0.479370586975753
-89.87482614742699 -8.250618334351092 0.4755970314024041
-89.3741307371349 -8.232266792420448 0.4718289379487815
-88.87343532684284 -8.213622417538108 0.468066438496978
-88.37273991655077 -8.194684335128525 0.46430966492908815
-87.87204450625869 -8.175451670616095 0.4605587491272021
-87.37134909596662 -8.155923549425257 0.45681382297341094
-86.87065368567455 -8.13609909698042 0.45307501834981273
-86.36995827538247 -8.115977438706008 0.4493424671384941
-85.8692628650904 -8.09555770002644 0.4456163012215513
-85.36856745479834 -8.074839006366137 0.4418966524810764
-84.86787204450626 -8.053820483149522 0.43818365279915766
-84.36717663421419 -8.03250125580102 0.43447743405789324
-83.86648122392211 -8.010880449745036 0.4307781281393733
-83.36578581363004 -7.988957190406009 0.4270858669256897
-82.86509040333797 -7.966730603208352 0.42340078229893346
-82.36439499304589 -7.944199813576481 0.4197230061412028
-81.86369958275382 -7.921363946934826 0.4160526703345842
-81.36300417246176 -7.898222128707801 0.4123899067611732
-80.86230876216968 -7.874773484319829 0.4087348473030608
-80.36161335187761 -7.851017139195329 0.4050876238423407
-79.86091794158554 -7.826952218758724 0.4014483682611048
-79.36022253129346 -7.802577848434436 0.3978172124414459
-78.85952712100139 -7.77789315364688 0.39419428826545505
-78.35883171070932 -7.7528972598204815 0.390579727615225
-77.85813630041724 -7.727589292379659 0.3869736623728513
-77.35744089012518 -7.701968376748833 0.3833762244204249
-76.85674547983311 -7.676033638352428 0.379787545640036
-76.35605006954103 -7.649784202614861 0.3762077579137782
-75.85535465924896 -7.623219194960554 0.37263699312374704
-75.35465924895689 -7.596337740813923 0.3690753831520291
-74.85396383866481 -7.5691389655993975 0.36552305988072337
-74.35326842837274 -7.541621994741388 0.3619801551919191
-73.85257301808066 -7.513785953664326 0.3584468009677047
-73.3518776077886 -7.485629967792623 0.3549231290901836
-72.85118219749653 -7.4571531625507115 0.35140927144143613
-72.35048678720445 -7.428354663362996 0.3479053599035605
-71.84979137691238 -7.39923359565391 0.3444115263586512
-71.34909596662031 -7.369789084847871 0.34092790268879664
-70.84840055632823 -7.34002025636929 0.3374546207760914
-70.34770514603616 -7.309926235642602 0.33399181250263005
-69.8470097357441 -7.279506148092229 0.3305396097504974
-69.34631432545201 -7.248759119142577 0.32709814440179424
-68.84561891515995 -7.217684274218073 0.3236675483386107
-68.34492350486788 -7.186280738743137 0.32024795344303786
-67.8442280945758 -7.154547638142195 0.31683949159716757
-67.34353268428373 -7.122484097839664 0.3134422946830971
-66.84283727399166 -7.090089243259972 0.31005649458291124
-66.34214186369958 -7.0573621998275184 0.306682223178709
-65.84144645340751 -7.024302092966747 0.3033196123525806
-65.34075104311543 -6.990908048102074 0.2999687939866161
-64.84005563282336 -6.957179190657906 0.29662989996291184
-64.3393602225313 -6.923114646058679 0.2933030621635589
-63.838664812239216 -6.8887135397288075 0.28998841247064916
-63.33796940194715 -6.8539749970927035 0.2866860827662772
-62.83727399165508 -6.818898143574814 0.2833962049325314
-62.336578581363 -6.783482104599536 0.28011891085150903
-61.83588317107093 -6.747726005591294 0.2768543324052975
-61.335187760778865 -6.7116289719745135 0.27360260147599585
-60.834492350486784 -6.675190129173612 0.2703638499456907
-60.333796940194716 -6.638408602613006 0.26713820969647745
-59.83310152990265 -6.601283517717133 0.2639258126104472
-59.33240611961057 -6.563813999910399 0.2607267905696918
-58.8317107093185 -6.525999174617227 0.25754127545630495
-58.33101529902643 -6.48783816726204 0.2543693991523795
-57.83031988873435 -6.449330103269248 0.2512112935400091
-57.329624478442284 -6.410474108063291 0.24806709050128478
-56.82892906815022 -6.371269307068579 0.24493692191829403
-56.328233657858135 -6.33171482570953 0.2418209196731403
-55.82753824756607 -6.291809789410568 0.23871921564790838
-55.326842837273986 -6.251553323596115 0.23563194172469198
-54.82614742698192 -6.210944553690595 0.23255922978558302
-54.32545201668985 -6.169982605118413 0.2295012117126734
-53.82475660639777 -6.128666603304017 0.22645801938806037
-53.3240611961057 -6.086995673671797 0.2234297846938323
-52.823365785813635 -6.044968941646199 0.22041663951208107
-52.322670375521554 -6.002585532651623 0.21741871572490395
-51.82197496522949 -5.959844572112515 0.21443614521438664
-51.321279554937405 -5.916745185453272 0.21146905986262637
-50.82058414464535 -5.873286498098321 0.2085175915517133
-50.31988873435327 -5.829467635472088 0.20558187216374196
-49.81919332406119 -5.785287722998982 0.2026620335808043
-49.318497913769136 -5.74074588610344 0.19975820768499225
-48.817802503477054 -5.695841250209865 0.1968705263583977
-48.31710709318497 -5.650572940742704 0.19399912148311343
-47.81641168289292 -5.604940083126348 0.19114412494123229
-47.31571627260084 -5.558941802785236 0.18830566861484793
-46.81502086230876 -5.5125772251437875 0.1854838843860505
-46.3143254520167 -5.465845475626415 0.1826789041369355
-45.81363004172462 -5.418745679657545 0.179890859749593
-45.31293463143254 -5.371276962661587 0.17711988310611498
-44.81223922114049 -5.323438450062983 0.1743661060885951
-44.311543810848406 -5.275229267286144 0.17162966057912615
-43.810848400556324 -5.22664853975548 0.1689106784597983
-43.31015299026427 -5.177695392895421 0.16620929161271053
-42.80945757997219 -5.128368952130405 0.163525631919945
-42.30876216968011 -5.078668342884814 0.16085983126360343
-41.808066759388026 -5.028592690583085 0.15821202152577235
-41.30737134909597 -4.978141120649674 0.15558233458854814
-40.80667593880389 -4.927312758508939 0.15297090233402272
-40.30598052851181 -4.876106729585344 0.1503778566442871
-39.80528511821976 -4.824522159303302 0.14780332940143498
-39.304589707927676 -4.772558173087229 0.1452474524875565
-38.803894297635594 -4.720213896361544 0.14271035778474533
-38.30319888734354 -4.6674884545506705 0.14019217717509697
-37.80250347705146 -4.614380973079028 0.13769304254070153
-37.30180806675938 -4.560890577371039 0.13521308576364915
-36.801112656467325 -4.5070163928511295 0.1327524387260371
-36.30041724617524 -4.45275754494371 0.1303112333099528
-35.79972183588316 -4.398113159073199 0.12788960139749
-35.29902642559111 -4.34308236066404 0.1254876748707459
-34.79833101529903 -4.287664275140619 0.12310558561180712
-34.297635605006946 -4.231858027927378 0.1207434655027691
-33.79694019471489 -4.175662744448745 0.11840144642572376
-33.29624478442281 -4.119077550129128 0.1160796602627639
-32.79554937413073 -4.062101570392934 0.11377823889598232
-32.294853963838676 -4.004733930664632 0.11149731420746917
-31.794158553546595 -3.9469737563685827 0.1092370180793199
-31.293463143254513 -3.8888201729292327 0.10699748239362378
-30.79276773296246 -3.830272305771026 0.10477883903247537
-30.29207232267038 -3.7713292803183407 0.10258121987796837
-29.791376912378297 -3.7119902219956344 0.1004047568121938
-29.290681502086244 -3.6522542562273124 0.09824958171724446
-28.789986091794162 -3.592120508437784 0.0961158264752105
-28.28929068150208 -3.531588104051475 0.09400362296818915
-27.788595271210028 -3.470656168492823 0.09191310307827055
-27.287899860917946 -3.409323827186241 0.08984439868754218
-26.787204450625865 -3.347590205556144 0.08779764167810394
-26.28650904033381 -3.2854544290269514 0.08577296393204864
-25.78581363004173 -3.222915623023087 0.08377049733146374
-25.28511821974965 -3.1599729129689633 0.08179037375844206
-24.784422809457595 -3.0966254242890363 0.07983272509507994
-24.283727399165514 -3.0328722824076797 0.07789768322346485
-23.783031988873432 -2.968712612749326 0.07598538002569494
-23.28233657858135 -2.904145540738422 0.07409594738385944
-22.781641168289298 -2.8391701917993695 0.07222951718004939
-22.280945757997216 -2.7737856913565873 0.07038622129635935
-21.780250347705135 -2.7079911648345023 0.06856619161488037
-21.27955493741308 -2.641785737657533 0.06676956001770878
-20.778859527121 -2.57516853525009 0.06499645838693208
-20.27816411682892 -2.5081386830366084 0.0632470186046466
-19.777468706536865 -2.440695306441506 0.061521372552943376
-19.276773296244784 -2.3728375308891936 0.059819652113913435
-18.776077885952702 -2.304564481804113 0.058141989169651354
-18.27538247566065 -2.2358752846106684 0.056488515602249934
-17.774687065368568 -2.166769064733269 0.0548593632938002
-17.273991655076486 -2.0972449475963595 0.05325466412639318
-16.773296244784433 -2.0273020586243566 0.05167454998212345
-16.27260083449235 -1.9569395232416642 0.05011915274308737
-15.77190542420027 -1.886156466872724 0.04858860429137063
-15.271210013908217 -1.814952014941947 0.047083036509066034
-14.770514603616135 -1.7433252928737513 0.045602581278271714
-14.269819193324054 -1.671275426092557 0.04414737048107514
-13.769123783032 -1.5988015400227968 0.04271753599956912
-13.268428372739919 -1.5259027600888746 0.04131320971584823
-12.767732962447838 -1.4525782117152104 0.03993452351200705
-12.267037552155784 -1.378827020326251 0.038581609270133044
-11.766342141863703 -1.3046483113463843 0.0372545988723208
-11.265646731571621 -1.2300412102000553 0.035953624200663115
-10.764951321279568 -1.1550048423116805 0.03467881713725457
-10.264255910987487 -1.0795383331056712 0.03343030956418086
-9.763560500695405 -1.0036408080064472 0.03220823336354367
-9.262865090403352 -0.9273113924384482 0.03101272041742692
-8.76216968011127 -0.8505492118260711 0.029843902607926964
-8.261474269819189 -0.7733533915937432 0.02870191181713838
-7.760778859527136 -0.695723057165911 0.027586879927148644
-7.260083449235054 -0.6176573339669431 0.02649893882005766
-6.759388038942973 -0.5391553474213093 0.02543822037794935
-6.25869262865092 -0.4602162229534066 0.024404856482925397
-5.757997218358838 -0.38083908598765315 0.023398979017067945
-5.257301808066757 -0.3010230619484833 0.02242071986247335
-4.756606397774675 -0.22076727626032233 0.021470210901241515
-4.255910987482622 -0.1400708543475513 0.02054758401545459
-3.7552155771905404 -0.058932921634643476 0.019652971087208926
-3.254520166898459 0.022647396454013036 0.018786503998599102
-2.753824756606406 0.10467097449398577 0.017948314631714368
-2.2531293463143243 0.18713868706086179 0.017138534868649302
-1.7524339360222427 0.2699969401947166 0.0163537969401947
-1.2517385257301896 0.34680486787204323 0.015408859527121021
-0.7510431154381081 0.42407496522948546 0.01480518776077886
-0.25034770514602656 0.5082414464534091 0.014615201668984695
0.25034770514602656 0.585999443671765 0.014344826147426987
0.7510431154381081 0.6589556328233658 0.013843435326842837
1.2517385257301896 0.7262079276773307 0.013278678720445055
1.7524339360222427 0.7849299026425579 0.013009221140472883
2.2531293463143243 0.8409404728789985 0.012955312934631433
2.753824756606406 0.8946038942976364 0.013091682892906818
3.254520166898459 0.9462556328233647 0.013347621696801107
3.7552155771905404 0.9949902642559108 0.013694172461752432
4.255910987482622 1.0382681502086237 0.014365994436717676
4.756606397774675 1.071097496522948 0.016174881780250283
5.257301808066757 1.0939347705146034 0.01980659248956882
5.757997218358838 1.1193442280945762 0.023795020862308808
6.258692628650891 1.1532880389429754 0.027431237830319793
6.759388038942973 1.195693741307371 0.03158374130737132
7.260083449235054 1.242059527121002 0.03735036161335196
7.760778859527107 1.2792945757997212 0.04465383866481203
8.261474269819189 1.2960578581363005 0.052227802503476986
8.76216968011127 1.2903824756606397 0.06174503477051471
9.262865090403324 1.27523887279902 0.07305202825478635
9.763560500695405 1.2599501087551102 0.08430291867101761
10.264255910987487 1.244498523786059 0.09549069251888509
10.76495132127954 1.2288849924674472 0.10661548168048068
11.265646731571621 1.2131103893748518 0.11767741803789811
11.766342141863703 1.197175589083853 0.12867663347322927
12.267037552155784 1.1810814661700304 0.13961325986856654
12.767732962447838 1.1648288952089643 0.15048742910600188
13.268428372739919 1.1484187507762318 0.16129927306762892
13.769123783032 1.1318519074474134 0.17204892363553964
14.269819193324054 1.1151292397980894 0.18273651269182584
14.770514603616135 1.0982516224038368 0.19336217211858114
15.271210013908217 1.0812199298402363 0.2039260337978976
15.77190542420027 1.064035036682868 0.21442822961186697
16.27260083449235 1.0466978175073092 0.22486889144258299
16.773296244784433 1.0292091468891402 0.2352481511721375
17.273991655076486 1.0115698994039417 0.24556614068262245
17.774687065368568 0.9937809496272905 0.2558229918561314
18.27538247566065 0.975843172134767 0.2660188365747564
18.776077885952702 0.9577574415019517 0.27615380672058915
19.276773296244784 0.9395246323044218 0.2862280341757235
19.777468706536865 0.9211456191177576 0.2962416508222512
20.27816411682892 0.9026212765175394 0.30619478854226423
20.778859527121 0.8839524790793447 0.3160875792178562
21.27955493741308 0.8651401013787534 0.32592015473111896
21.780250347705135 0.8461850179913463 0.3356926469641446
22.280945757997216 0.8270881034927002 0.3454051877990265
22.781641168289298 0.8078502324583957 0.3550579091178569
23.28233657858135 0.7884722794640132 0.3646509428027274
23.783031988873432 0.7689551190851298 0.3741844207357317
24.283727399165514 0.7492996258973259 0.3836584747989617
24.784422809457567 0.7295066744761819 0.3930732368745095
25.28511821974965 0.709577139397275 0.4024288388444685
25.78581363004173 0.6895118952361854 0.4117254125909307
26.286509040333783 0.6693118165684936 0.420963089995988
26.787204450625865 0.6489777779697768 0.43014200294173405
27.287899860917946 0.6285106540156153 0.4392622833102608
27.78859527121 0.6079113192815896 0.44832406298365995
28.28929068150208 0.5871806483432767 0.45732747384402544
28.789986091794162 0.566319515776257 0.46627264777344896
29.290681502086215 0.5453287961561113 0.4751597166540225
29.791376912378297 0.524209364058416 0.4839888123678396
30.29207232267038 0.5029620940587518 0.4927600667969922
30.79276773296246 0.48158786073269844 0.501473611823573
31.293463143254513 0.46008753865583585 0.5101295793296736
31.794158553546595 0.43846200240374134 0.5187281011973877
32.294853963838676 0.4167121265519953 0.5272693093088074
32.79554937413073 0.3948387856761779 0.5357533355460244
33.29624478442281 0.3728428543518667 0.5441803117911324
33.79694019471489 0.3507252071546414 0.5525503699262233
34.297635605006946 0.3284867186600835 0.5608636418333892
34.79833101529903 0.306128263443769 0.5691202593947233
35.29902642559111 0.2836507160812787 0.5773203544923178
35.79972183588316 0.26105495114819344 0.5854640590082647
36.30041724617524 0.23834184322008967 0.5935515048246573
36.801112656467325 0.2155122668725482 0.6015828238235881
37.30180806675938 0.19256709668114946 0.6095581478871483
37.80250347705146 0.16950720722147028 0.6174776088974319
38.30319888734354 0.14633347306909106 0.6253413387365307
38.803894297635594 0.12304676879959286 0.6331494692865369
39.304589707927676 0.09964796898855188 0.6409021324295436
39.80528511821976 0.07613794821154918 0.648599460047643
40.30598052851181 0.05251758104416493 0.6562415840229272
40.80667593880389 0.028787742061975985 0.6638286362374897
41.30737134909597 0.0049493058405631896 0.6713607485734221
41.808066759388026 -0.018996853044493056 0.6788380529128168
42.30876216968011 -0.043049860017616126 0.686260681137767
42.80945757997219 -0.0672088405032254 0.6936287651303648
43.31015299026424 -0.0914729199257398 0.7009424367727024
43.810848400556324 -0.11584122370958316 0.7082018279468727
44.311543810848406 -0.14031287727917463 0.7154070705349682
44.81223922114046 -0.1648870060589338 0.7225582964190809
45.31293463143254 -0.18956273547328384 0.7296556374813039
45.81363004172462 -0.21433919094664433 0.7366992256037292
46.314325452016675 -0.23921549790343444 0.7436891926684495
46.81502086230876 -0.2641907817680773 0.7506256705575574
47.31571627260084 -0.2892641679649921 0.7575087911531453
47.81641168289289 -0.3144347819185993 0.7643386863373052
48.31710709318497 -0.3397017490533212 0.7711154879921303
48.817802503477054 -0.36506419479357755 0.7778393279997129
49.318497913769136 -0.39052124456378867 0.7845103382421454
49.81919332406119 -0.4160720237883746 0.7911286506015198
50.31988873435327 -0.4417156578917585 0.7976943969599295
50.82058414464535 -0.46745127229835925 0.8042077091994664
51.321279554937405 -0.49327799243259673 0.8106687192022228
51.82197496522949 -0.5191949437188941 0.8170775588502919
52.32267037552157 -0.5452012515816704 0.8234343600257656
52.82336578581362 -0.5712960414453454 0.8297392546107363
53.3240611961057 -0.5974784387343426 0.835992374487297
53.824756606397784 -0.6237475688730811 0.84219385153754
54.32545201668984 -0.6501025572859802 0.8483438176435574
54.82614742698192 -0.6765425293974634 0.8544424046874419
55.326842837274 -0.7030666106319499 0.8604897445512865
55.82753824756605 -0.7296739264138592 0.8664859691171827
56.328233657858135 -0.7563636021676146 0.872431210267224
56.82892906815022 -0.7831347633176355 0.8783255998835022
57.32962447844227 -0.8099865352883409 0.8841692698481098
57.83031988873435 -0.836918043504155 0.8899623520431399
58.33101529902643 -0.8639284133894962 0.8957049783506843
58.831710709318486 -0.891016770368785 0.9013972806528356
59.33240611961057 -0.9181822398664437 0.9070393908316867
59.83310152990265 -0.9454239473068922 0.9126314407693299
60.3337969401947 -0.9727410181145488 0.9181735623478569
60.834492350486784 -1.0001325777138381 0.9236658874493617
61.335187760778865 -1.0275977515291796 0.9291085479559356
61.83588317107092 -1.0551356649849921 0.9345016757496711
62.336578581363 -1.0827454435056987 0.9398454027126615
62.83727399165508 -1.1104262125157194 0.9451398607269987
63.337969401947134 -1.138177097439473 0.9503851816747748
63.838664812239216 -1.1659972237013834 0.9555814974380834
64.3393602225313 -1.1938857167258694 0.9607289398990162
64.84005563282335 -1.2218417019373502 0.9658276409396656
65.34075104311543 -1.2498643047602498 0.9708777324421243
65.84144645340751 -1.2779526506189878 0.9758793462884849
66.34214186369957 -1.3061058649379824 0.9808326143608397
66.84283727399165 -1.3343230731416582 0.9857376685412811
67.34353268428373 -1.3626034006544339 0.990594640711902
67.84422809457581 -1.3909459729007299 0.9954036627547946
68.34492350486786 -1.4193499153049662 1.0001648665520513
68.84561891515995 -1.4478143532915662 1.0048783839857647
69.34631432545203 -1.4763384122849483 1.0095443469380276
69.84700973574408 -1.5049212177095332 1.0141628872909314
70.34770514603616 -1.5335618949897432 1.01873413692657
70.84840055632824 -1.5622595695499986 1.023258227727035
71.3490959666203 -1.5910133668147173 1.027735291574419
71.84979137691238 -1.6198224122083242 1.0321654603508146
72.35048678720446 -1.6486858311552381 1.0365488659383144
72.85118219749651 -1.6776027490798777 1.0408856402190108
73.3518776077886 -1.706572291406667 1.045175915074996
73.85257301808068 -1.735593583560026 1.0494198223883628
74.35326842837273 -1.764665750964373 1.0536174940412033
74.85396383866481 -1.7937879190441313 1.0577690619156106
75.35465924895689 -1.8229592132237211 1.0618746578936766
75.85535465924895 -1.8521787589275613 1.0659344138574942
76.35605006954103 -1.881445681580075 1.0699484616891557
76.85674547983308 -1.9107591066056802 1.0739169332707534
77.35744089012519 -1.9401181594288033 1.0778399604843807
77.85813630041724 -1.9695219654738565 1.081717675212129
78.3588317107093 -1.998969650165266 1.0855502093360905
78.8595271210014 -2.028460338927454 1.089337694738359
79.36022253129346 -2.0579931571848356 1.0930802633010261
79.86091794158551 -2.0875672303618344 1.0967780469061845
80.36161335187762 -2.117181683882875 1.1004311774359268
80.86230876216968 -2.1468356431723707 1.1040397867723455
81.36300417246173 -2.1765282336547456 1.1076040067975323
81.86369958275384 -2.2062585807544233 1.1111239693935813
82.36439499304589 -2.2360258098958194 1.1145998064425828
82.86509040333794 -2.265829046503357 1.1180316498266314
83.36578581363005 -2.295667416001459 1.1214196314278184
83.86648122392211 -2.3255400438145406 1.1247638831282367
84.36717663421416 -2.355446055367027 1.1280645368099782
84.86787204450627 -2.3853845760833394 1.1313217243551363
85.36856745479832 -2.415354731387894 1.134535577645803
85.86926286509038 -2.4453556467051145 1.1377062285640702
86.36995827538249 -2.4753864474594245 1.140833808992032
86.87065368567454 -2.5054462590752387 1.1439184508117788
87.3713490959666 -2.5355342069769797 1.1469602859054044
87.8720445062587 -2.565649416589072 1.1499594461550013
88.37273991655076 -2.5957910133359308 1.1529160634426616
88.87343532684281 -2.625958122641979 1.1558302696504776
89.37413073713492 -2.6561498699316415 1.1587021966605426
89.87482614742697 -2.686365380629332 1.1615319763549479
90.37552155771903 -2.716603780159473 1.1643197406157872
90.87621696801114 -2.7468641939464904 1.167065621325152
91.37691237830319 -2.7771457474147976 1.1697697503651356
91.87760778859524 -2.80744756598882 1.1724322596178294
92.37830319888735 -2.8377687750929796 1.1750532809653271
92.8789986091794 -2.86810850015169 1.1776329462897204
93.37969401947146 -2.898465866589377 1.1801713874731021
93.88038942976357 -2.9288399998304646 1.1826687363975645
94.38108484005562 -2.959230025299366 1.1851251249452008
94.88178025034773 -2.989635068420509 1.1875406849981025
95.38247566063978 -3.020054254618306 1.1899155484383621
95.88317107093184 -3.050486709317185 1.1922498471480727
96.38386648122395 -3.0809315579415655 1.1945437130093264
96.884561891516 -3.1113879259158628 1.1967972779042162
97.38525730180805 -3.141854938664503 1.1990106737148334
97.88595271210016 -3.1723317216119087 1.2011840323232719
98.38664812239222 -3.202817400182494 1.203317485611623
98.88734353268427 -3.233311099800682 1.2054111654619801
99.38803894297638 -3.2638119458908976 1.2074652037564353
99.88873435326843 -3.2943190638775564 1.2094797323770812
100.38942976356049 -3.324831579185079 1.2114548832060097
100.8901251738526 -3.3553486172378912 1.2133907881253145
101.39082058414465 -3.3858693034604093 1.2152875790170865
101.8915159944367 -3.416392763277053 1.2171453877634195
102.39221140472881 -3.4469181221122502 1.2189643462464055
102.89290681502086 -3.4774445053904124 1.220744586348137
103.39360222531292 -3.507971038535964 1.2224862399507062
103.89429763560503 -3.53849684697333 1.2241894389362062
104.39499304589708 -3.5690210561269238 1.225854315186729
104.89568845618913 -3.599542791421169 1.227481000584367
105.39638386648124 -3.6300611782804912 1.2290696270112134
105.8970792767733 -3.6605753421293015 1.2306203263493598
106.39777468706535 -3.691084408392027 1.2321332304808992
106.89847009735746 -3.7215875024930902 1.2336084712879236
107.39916550764951 -3.7520837498569053 1.2350461806525261
107.89986091794157 -3.7825722759078966 1.2364464904567987
108.40055632823368 -3.8130522060704886 1.2378095325828347
108.90125173852573 -3.843522665769094 1.2391354389127252
109.40194714881778 -3.873982780428137 1.2404243413285638
109.90264255910989 -3.9044316754720416 1.2416763717124426
110.40333796940195 -3.9348684763252244 1.2428916619464545
110.904033379694 -3.9652923084121054 1.244070343912691
111.40472878998611 -3.995702297157112 1.2452125494932458
111.90542420027816 -4.026097567984656 1.24631841057021
112.40611961057022 -4.056477246319164 1.2473880590256772
112.90681502086233 -4.086840457585056 1.2484216267417396
113.40751043115438 -4.11718632720675 1.2494192456004898
113.90820584144643 -4.147513980608666 1.2503810474840198
114.40890125173854 -4.177822543215233 1.2513071642744225
114.9095966620306 -4.208111140450861 1.2521977278537906
115.41029207232265 -4.238378897739977 1.2530528701042156
115.91098748261476 -4.268624940507001 1.253872722907791
116.41168289290681 -4.298848394176351 1.2546574181466086
116.91237830319886 -4.329048384172449 1.2554070877027617
117.41307371349097 -4.35922403591972 1.2561218634583418
117.91376912378303 -4.389374474842577 1.2568018772954421
118.41446453407508 -4.4194988263654436 1.2574472610961547
118.91515994436719 -4.449596215912746 1.2580581467425727
119.41585535465924 -4.479665768908897 1.2586346661167873
119.9165507649513 -4.509706610778321 1.2591769511008921
120.4172461752434 -4.53971786694544 1.2596851335769794
120.91794158553546 -4.569698662834672 1.2601593454271416
121.41863699582751 -4.599648123870438 1.2605997185334707
121.91933240611962 -4.629565375477163 1.2610063847780602
122.42002781641168 -4.659449543079259 1.2613794760430017
122.92072322670373 -4.689299752101152 1.2617191242103882
123.42141863699584 -4.719115127967267 1.2620254611623114
123.92211404728789 -4.748894796102017 1.2622986187808651
124.42280945757994 -4.778637881929826 1.2625387289481402
124.92350486787205 -4.808343510875116 1.262745923546231
125.42420027816411 -4.838010808362305 1.2629203344572288
125.92489568845616 -4.867638899815813 1.2630620935632255
126.42559109874827 -4.897226910660067 1.263171332746315
126.92628650904032 -4.926773966319479 1.263248183888589
127.42698191933238 -4.956279192218477 1.2632927788721398
127.92767732962449 -4.985741713781479 1.2633052495790602
128.42837273991654 -5.015160656432903 1.2632857278914436
128.9290681502086 -5.044535145597172 1.2632343456913802
129.4297635605007 -5.07386430669871 1.2631512348609646
129.93045897079276 -5.103147265161932 1.2630365272822888
130.4311543810848 -5.132383146411261 1.2628903548374446
130.93184979137692 -5.16157107587112 1.2627128494085251
131.43254520166897 -5.190710178965925 1.2625041428776227
131.93324061196108 -5.219799581120104 1.262264367126829
132.43393602225314 -5.248838407758068 1.2619936540382377
132.9346314325452 -5.277825784304242 1.2616921354939412
133.4353268428373 -5.306760836183051 1.2613599433760314
133.93602225312935 -5.3356426888189095 1.2609972095666009
134.4367176634214 -5.364470467636241 1.2606040659477424
134.93741307371351 -5.393243298059468 1.260180644401548
135.43810848400557 -5.421960305513006 1.2597270768101103
135.93880389429762 -5.45062061542128 1.2592434950555225
136.43949930458973 -5.4792233532087105 1.2587300310198761
136.94019471488178 -5.507767644299716 1.2581868165852643
137.44089012517384 -5.536252614118717 1.2576139836337787
137.94158553546595 -5.564677388090138 1.257011664047513
138.442280945758 -5.593041091638397 1.2563799897085588
138.94297635605005 -5.621342850187912 1.2557190924990087
139.44367176634216 -5.649581789163112 1.2550291043009552
139.94436717663422 -5.677757033988407 1.2543101569964918
140.44506258692627 -5.705867710088225 1.2535623824677085
140.94575799721838 -5.733912942886987 1.2527859125967005
141.44645340751043 -5.761891857809108 1.251980879265559
141.94714881780249 -5.789803580279012 1.2511474143563766
142.4478442280946 -5.817647235721123 1.250285649751245
142.94853963838665 -5.845421949559856 1.249395717332258
143.4492350486787 -5.873126847219633 1.248477748981508
143.9499304589708 -5.90076105412488 1.2475318765810866
144.45062586926286 -5.928323695700009 1.2465582320130866
144.95132127955492 -5.955813897369446 1.2455569471596013
145.45201668984703 -5.983230784557615 1.2445281539027213
145.95271210013908 -6.010573482688929 1.2434719841245407
146.45340751043113 -6.037841117187811 1.2423885697071528
146.95410292072324 -6.0650328134786875 1.2412780425326473
147.4547983310153 -6.092147696985972 1.2401405344831187
147.95549374130735 -6.119184893134086 1.238976177440659
148.45618915159946 -6.146143527347456 1.2377851032873608
148.9568845618915 -6.173022725050495 1.2365674439053167
149.45757997218357 -6.1998216116676295 1.2353233311766185
149.95827538247568 -6.22653931262328 1.234052896983359
150.45897079276773 -6.253174953341863 1.2327562732076311
150.95966620305978 -6.2797276592478 1.231433591731527
151.4603616133519 -6.306196555765518 1.2300849844371393
151.96105702364395 -6.332580768319429 1.2287105832065601
152.461752433936 -6.358879422333957 1.2273105199218823
152.9624478442281 -6.385091643233526 1.2258849264651979
153.46314325452016 -6.411216556442551 1.2244339347186004
153.96383866481222 -6.437253287385456 1.222957676564181
154.46453407510432 -6.463200961486666 1.2214562838840333
154.96522948539638 -6.489058704170593 1.2199298885602483
155.46592489568843 -6.514825640861662 1.2183786224749207
155.96662030598054 -6.540500896984297 1.216802617510141
156.4673157162726 -6.566083597962911 1.215202005548002
156.96801112656465 -6.591572869221928 1.2135769184705973
157.46870653685676 -6.616967836185773 1.2119274881600177
157.9694019471488 -6.642267624278861 1.2102538464983585
158.47009735744086 -6.6674713589256145 1.2085561253677086
158.97079276773297 -6.692578165550457 1.2068344566501625
159.47148817802503 -6.717587169577805 1.205088972227813
159.97218358831708 -6.7424974964320805 1.2033198039827522
160.4728789986092 -6.767308271537709 1.2015270837970708
160.97357440890124 -6.792018620319102 1.1997109435528641
161.4742698191933 -6.816627668200685 1.1978715151322235
161.9749652294854 -6.841134540606881 1.1960089304172408
162.47566063977746 -6.865538362962108 1.1941233212900093
162.9763560500695 -6.889838260690786 1.19221481963262
163.47705146036162 -6.914033359217339 1.1902835573271682
163.97774687065368 -6.938122783966183 1.1883296662557437
164.47844228094573 -6.962105660361742 1.1863532783004402
164.97913769123784 -6.985981113828438 1.1843545253433512
165.4798331015299 -7.009748269790687 1.1823335392665661
165.98052851182194 -7.033406253672912 1.1802904519521806
166.48122392211405 -7.056954190899536 1.1782253952822848
166.9819193324061 -7.0803912068949755 1.1761385011389731
167.48261474269816 -7.103716427083655 1.1740299014043367
167.98331015299027 -7.126928976889993 1.1718997279604688
168.48400556328232 -7.150027981738412 1.1697481126894609
168.98470097357443 -7.173012567053331 1.1675751874734066
169.4853963838665 -7.1958818582591695 1.1653810841943983
169.98609179415854 -7.218634980780352 1.163165934734528
170.48678720445065 -7.241271060041297 1.1609298709758875
170.9874826147427 -7.26378922146642 1.1586730248005714
171.48817802503476 -7.286188590480152 1.1563955280906695
171.98887343532687 -7.308468292506908 1.154097512728277
172.48956884561892 -7.330627452971108 1.1517791105954835
172.99026425591097 -7.352665197297175 1.1494404535743843
173.49095966620308 -7.37458065090953 1.14708167354707
173.99165507649514 -7.396372939232589 1.144702902395634
174.4923504867872 -7.418041187690776 1.1423042720021683
174.9930458970793 -7.4395845217085155 1.1398859142487654
175.49374130737135 -7.461002066710221 1.1374479610175185
175.9944367176634 -7.482292948120315 1.1349905441905193
176.49513212795551 -7.503456291363226 1.1325137956498594
176.99582753824757 -7.524491221863365 1.1300178472776337
177.49652294853962 -7.545396865045157 1.1275028309559338
177.99721835883173 -7.56617234633302 1.1249688785668506
178.49791376912378 -7.586816791151377 1.122416121992478
178.99860917941584 -7.607329324924648 1.1198446931149075
179.49930458970795 -7.6277090730772565 1.1172547238162338
180.0 -7.647955161033619 1.114646345978546
