Polar data for 2 at Re = 65714.28571428571
Alpha (deg) Cl Cd
-180.0 -1.3650205540040186 1.103451629915513
-179.49930458970792 -1.3877191844321497 1.1008999273538718
-178.99860917941587 -1.4103928805553738 1.0983304907818405
-178.49791376912378 -1.4330405757927926 1.0957434472931362
-177.9972183588317 -1.4556612035635257 1.0931389239814744
-177.49652294853965 -1.4782536972866782 1.0905170479405706
-176.99582753824757 -1.5008169903813697 1.0878779462641404
-176.4951321279555 -1.5233500162667108 1.0852217460459028
-175.99443671766343 -1.5458517083618104 1.0825485743795713
-175.49374130737135 -1.5683210000857861 1.0798585583588627
-174.99304589707927 -1.5907568248577415 1.0771518250774947
-174.49235048678722 -1.613158116096796 1.0744285016291817
-173.99165507649514 -1.6355238072220568 1.0716887151076404
-173.49095966620305 -1.657852831652645 1.068932592606587
-172.990264255911 -1.6801441228076661 1.0661602612197372
-172.48956884561892 -1.7023966141062306 1.063371848040808
-171.98887343532684 -1.7246092389674508 1.0605674801635165
-171.48817802503476 -1.7467809308104445 1.0577472846815763
-170.9874826147427 -1.768910623054317 1.054911388688706
-170.48678720445062 -1.7909972491181931 1.05205991927862
-169.98609179415854 -1.8130397424211657 1.0491930035450354
-169.4853963838665 -1.835037036382365 1.0463107685816675
-168.9847009735744 -1.8569880644208907 1.043413341482234
-168.48400556328232 -1.8788917599558537 1.04050084934045
-167.98331015299027 -1.9007470564063786 1.0375734192500328
-167.4826147426982 -1.9225528871915727 1.034631178304697
-166.9819193324061 -1.9443081857305464 1.0316742535981593
-166.48122392211405 -1.9660118854424105 1.0287027722241364
-165.98052851182197 -1.9876629197462754 1.0257168612763452
-165.4798331015299 -2.009260222061257 1.0227166478485
-164.97913769123784 -2.030802725806472 1.0197022590343165
-164.47844228094576 -2.0522893644010263 1.0166738219275142
-163.97774687065368 -2.073719071264033 1.0136314636218058
-163.47705146036162 -2.0950907798146026 1.0105753112109104
-162.97635605006954 -2.1164034234718545 1.0075054917885422
-162.47566063977746 -2.1376559356548905 1.0044221324484182
-161.9749652294854 -2.15884724978283 1.0013253602842542
-161.47426981919332 -2.1799762992747875 0.998215302389765
-160.97357440890124 -2.201042017549866 0.9950920858586697
-160.4728789986092 -2.2220433380271873 0.991955837784683
-159.9721835883171 -2.2429791941258546 0.9888066852615208
-159.47148817802503 -2.2638485192649855 0.9856447553829005
-158.97079276773297 -2.284650246863684 0.9824701752425377
-158.4700973574409 -2.3053833103410812 0.9792830719341464
-157.9694019471488 -2.3260466431162725 0.9760835725514468
-157.46870653685676 -2.346639178608377 0.9728718041881518
-156.96801112656468 -2.367159850236502 0.9696478939379786
-156.4673157162726 -2.387607591419767 0.9664119688946441
-155.96662030598054 -2.4079813355772752 0.9631641561518643
-155.46592489568846 -2.4282800161281464 0.959904582803354
-154.96522948539638 -2.448502566491493 0.9566333759428299
-154.46453407510432 -2.4686479200864127 0.9533506626640104
-153.96383866481224 -2.4887150103320415 0.9500565700606091
-153.46314325452016 -2.5087027706474685 0.9467512252263434
-152.9624478442281 -2.5286101344518186 0.9434347552549293
-152.46175243393603 -2.548436035164206 0.9401072872400805
-151.96105702364395 -2.568179406203743 0.9367689482755176
-151.4603616133519 -2.5878391809895276 0.9334198654549543
-150.9596662030598 -2.6074142929406867 0.9300601658721074
-150.45897079276773 -2.626903675476331 0.926689976620693
-149.95827538247568 -2.646306262015558 0.9233094247944266
-149.4575799721836 -2.665620985977504 0.9199186374870246
-148.9568845618915 -2.684846780781267 0.916517741792204
-148.45618915159943 -2.703982579845952 0.9131068648036799
-147.95549374130738 -2.723027316590684 0.909686133615169
-147.4547983310153 -2.74197992443457 0.9062556753203884
-146.95410292072324 -2.7608393367967223 0.9028156170130531
-146.45340751043116 -2.779604487096266 0.8993660857868792
-145.95271210013908 -2.7982743087522954 0.8959072087355825
-145.452016689847 -2.8168477351839214 0.8924391129528809
-144.95132127955495 -2.8353236998102616 0.8889619255324895
-144.45062586926286 -2.853701136050437 0.8854757735681243
-143.94993045897078 -2.871978977323559 0.8819807841535022
-143.44923504867873 -2.890156157048723 0.8784770843823383
-142.94853963838665 -2.9082316086450475 0.8749648013483512
-142.44784422809457 -2.9262042655316605 0.8714440621452543
-141.9471488178025 -2.944073061127655 0.8679149938667644
-141.44645340751043 -2.9618369288521555 0.8643777236065967
-140.94575799721835 -2.979494802124266 0.8608323784584716
-140.44506258692627 -2.9970456143631075 0.8572790855161007
-139.94436717663422 -3.0144882989877835 0.8537179718732025
-139.44367176634213 -3.031821789417401 0.8501491646234932
-138.94297635605005 -3.049045019071085 0.8465727908606869
-138.442280945758 -3.0661569213679534 0.8429889776785023
-137.94158553546592 -3.0831564297270915 0.8393978521706554
-137.44089012517384 -3.100042477567649 0.8357995414308595
-136.94019471488178 -3.1168139983087015 0.8321941725528342
-136.4394993045897 -3.1334699253693805 0.8285818726302946
-135.93880389429762 -3.1500091921687967 0.8249627687569548
-135.43810848400557 -3.1664307321260607 0.8213369880265345
-134.9374130737135 -3.1827334786602868 0.8177046575327479
-134.4367176634214 -3.1989163651905783 0.81406590436931
-133.93602225312935 -3.2149783251360637 0.8104208556299405
-133.43532684283727 -3.2309182919158395 0.8067696384083517
-132.9346314325452 -3.246735198949016 0.8031123797982632
-132.43393602225314 -3.262427979654722 0.7994492068933884
-131.93324061196105 -3.277995567452057 0.795780246787445
-131.43254520166897 -3.293436895760139 0.7921056265741481
-130.93184979137692 -3.308750897998079 0.7884254733472164
-130.43115438108484 -3.3239365075849903 0.7847399142003623
-129.93045897079276 -3.33899265793997 0.7810490762273053
-129.4297635605007 -3.353918282482153 0.7773530865217598
-128.92906815020862 -3.368712314630647 0.7736520721774426
-128.42837273991654 -3.3833736878045513 0.7699461602880705
-127.92767732962449 -3.397901335422991 0.7662354779473578
-127.4269819193324 -3.4122941909050666 0.7625201522490214
-126.92628650904032 -3.4265511876699057 0.7588003102867781
-126.42559109874827 -3.4406712591366015 0.7550760791543457
-125.92489568845619 -3.4546533387242824 0.7513475859454358
-125.42420027816411 -3.4684963598520553 0.7476149577537688
-124.92350486787205 -3.482199255939031 0.7438783216730599
-124.42280945757997 -3.49576096040432 0.7401378047970223
-123.92211404728789 -3.5091804066670362 0.7363935342193783
-123.42141863699584 -3.5224565281462943 0.7326456370338358
-122.92072322670376 -3.535588258261201 0.7288942403341189
-122.42002781641168 -3.5485745304308813 0.7251394712139408
-121.91933240611961 -3.5614142780744245 0.721381456767015
-121.41863699582754 -3.5741064346109694 0.7176203240870628
-120.91794158553546 -3.586649933459609 0.7138562002677956
-120.41724617524339 -3.5990437080394684 0.7100892124029322
-119.91655076495132 -3.611286691769647 0.7063194875861886
-119.41585535465924 -3.6233778180692595 0.7025471529112798
-118.91515994436718 -3.6353160203574233 0.6987723354719227
-118.41446453407511 -3.6471002320532526 0.6949951623618352
-117.91376912378303 -3.6587293865758475 0.6912157606747297
-117.41307371349096 -3.670202417344336 0.6874342575043274
-116.91237830319889 -3.6815182577778223 0.6836507799443391
-116.41168289290681 -3.6926758412954164 0.6798654550884834
-115.91098748261474 -3.703674101316236 0.6760784100304781
-115.41029207232268 -3.7145119712593853 0.6722897718640374
-114.9095966620306 -3.725188384543985 0.6684996676828764
-114.40890125173853 -3.735702274589142 0.6647082245807147
-113.90820584144646 -3.746052574813978 0.6609155696512664
-113.40751043115438 -3.756238218637589 0.6571218299882459
-112.90681502086231 -3.7662581394791004 0.6533271326853735
-112.40611961057024 -3.776111270757615 0.6495316048363625
-111.90542420027816 -3.7857965458922584 0.6457353735349308
-111.4047287899861 -3.795312898302123 0.6419385658747926
-110.90403337969401 -3.804659261406337 0.6381413089496638
-110.40333796940195 -3.813834568624008 0.634343729853264
-109.90264255910988 -3.822837753374253 0.6305459556793066
-109.4019471488178 -3.8316677490761726 0.6267481135215084
-108.90125173852573 -3.8403234891488878 0.6229503304735845
-108.40055632823366 -3.8488039070115057 0.6191527336292536
-107.89986091794158 -3.8571079360831475 0.615355450082229
-107.39916550764951 -3.8652345097829097 0.6115586069262312
-106.89847009735745 -3.8731825615299242 0.6077623312549699
-106.39777468706536 -3.880951024743291 0.6039667501621656
-105.8970792767733 -3.8885388328421207 0.600171990741536
-105.39638386648123 -3.8959449192455273 0.5963781800867954
-104.89568845618915 -3.903168217372625 0.5925854452916562
-104.39499304589708 -3.9102076606425284 0.5887939134498416
-103.89429763560501 -3.917062182474344 0.5850037116550629
-103.39360222531293 -3.9237307162871864 0.5812149670010373
-102.89290681502086 -3.93021219550018 0.5774278065814805
-102.3922114047288 -3.936505553532411 0.5736423574901105
-101.89151599443672 -3.9426097238030144 0.5698587468206405
-101.39082058414465 -3.9485236397310834 0.5660771016667928
-100.89012517385257 -3.9542462347357534 0.5622975491222754
-100.3894297635605 -3.9597764422361172 0.5585202162808104
-99.88873435326843 -3.9651131956512926 0.554745230236113
-99.38803894297635 -3.97025542840039 0.5509727180818965
-98.88734353268428 -3.975202073902538 0.5472028069118787
-98.38664812239222 -3.979952065576819 0.5434356238197783
-97.88595271210013 -3.9845043368423716 0.5396712958993067
-97.38525730180807 -3.988857821118296 0.5359099502441845
-96.884561891516 -3.9930114518236954 0.5321517139481277
-96.38386648122392 -3.9969641623777057 0.5283967141048468
-95.88317107093185 -4.0007148861994235 0.5246450778080659
-95.38247566063978 -4.004262556707959 0.5208969321514966
-94.8817802503477 -4.00760610732244 0.5171524042288521
-94.38108484005564 -4.0107444714619565 0.5134116211338556
-93.88038942976357 -4.01367658254563 0.5096747099602178
-93.37969401947149 -4.016401373992588 0.5059417978016582
-92.87899860917942 -4.018917779221921 0.5022130117518936
-92.37830319888734 -4.021224731652749 0.4984884789046357
-91.87760778859527 -4.02332116470418 0.49476832635360485
-91.3769123783032 -4.025206011795335 0.49105268119251705
-90.87621696801112 -4.026878206345325 0.48734167051508476
-90.37552155771905 -4.028336681773252 0.48363542141502663
-89.87482614742699 -4.029580371498239 0.47993406098606045
-89.3741307371349 -4.0306082089394035 0.47623771632189865
-88.87343532684284 -4.0314191275158375 0.4725465145162617
-88.37273991655077 -4.03201206064667 0.46886058266286107
-87.87204450625869 -4.032385941750997 0.46518004785541994
-87.37134909596662 -4.032539704247961 0.4615050371876454
-86.87065368567455 -4.032472281556638 0.45783567775326145
-86.36995827538247 -4.032182607096166 0.45417209664597785
-85.8692628650904 -4.031669614285642 0.4505144209595177
-85.36856745479834 -4.03093223654418 0.4468627777875917
-84.86787204450626 -4.029969407290901 0.4432172942239176
-84.36717663421419 -4.0287800599449195 0.4395780973622087
-83.86648122392211 -4.027363127925325 0.4359453142961908
-83.36578581363004 -4.025717544651249 0.43231907211957105
-82.86509040333797 -4.023842243541809 0.4286994979260654
-82.36439499304589 -4.021736158016095 0.4250867188093978
-81.86369958275382 -4.019398221493239 0.42148086186327544
-81.36300417246176 -4.0168273673923505 0.4178820541814196
-80.86230876216968 -4.014022529132548 0.41429042285754275
-80.36161335187761 -4.0109826401329105 0.410706094985368
-79.86091794158554 -4.0077066338125835 0.40712919765860506
-79.36022253129346 -4.004193443590671 0.40355985797097266
-78.85952712100139 -4.000442002886283 0.3999982030161859
-78.35883171070932 -3.9964512451185263 0.3964443598879625
-77.85813630041724 -3.9922201037065235 0.39289845568001674
-77.35744089012518 -3.9877475120693666 0.38936061748606815
-76.85674547983311 -3.9830324036261984 0.3858309723998274
-76.35605006954103 -3.978073711796115 0.38230964751501667
-75.85535465924896 -3.9728703699982346 0.37879676992534667
-75.35465924895689 -3.9674213116516497 0.3752924667245387
-74.85396383866481 -3.961725470175496 0.3717968650063043
-74.35326842837274 -3.955781778988866 0.36831009186436486
-73.85257301808066 -3.949589171510899 0.3648322743924292
-73.3518776077886 -3.9431465811606627 0.361363539684224
-72.85118219749653 -3.936452941357325 0.35790401483345374
-72.35048678720445 -3.9295071855199644 0.3544538269338415
-71.84979137691238 -3.9223082470676913 0.3510131030791032
-71.34909596662031 -3.9148550594196307 0.3475819703629541
-70.84840055632823 -3.9071465559948826 0.34416055587911004
-70.34770514603616 -3.899181670212561 0.34074898672128623
-69.8470097357441 -3.8909593354918015 0.3373473899831995
-69.34631432545201 -3.8824784852516863 0.3339558927585686
-68.84561891515995 -3.873738052911347 0.3305746221411076
-68.34492350486788 -3.86473697188987 0.32720370522453085
-67.8442280945758 -3.855474175606408 0.32384326910255695
-67.34353268428373 -3.8459485974800365 0.3204934408689037
-66.84283727399166 -3.836159170929894 0.3171543476172826
-66.34214186369958 -3.826104829375067 0.3138261164414124
-65.84144645340751 -3.815784506234683 0.3105088744350117
-65.34075104311543 -3.8051971349278637 0.30720274869179115
-64.84005563282336 -3.794341648873695 0.30390786630547123
-64.3393602225313 -3.7832169814913192 0.30062435436976614
-63.838664812239216 -3.7718220661998223 0.29735233997839455
-63.33796940194715 -3.7601558364183183 0.29409195022507156
-62.83727399165508 -3.74821722556595 0.2908433122035096
-62.336578581363 -3.7360051670618026 0.28760655300743004
-61.83588317107093 -3.723518594324991 0.2843817997305453
-61.335187760778865 -3.7107564407746216 0.2811691794665749
-60.834492350486784 -3.6977176398298304 0.27796881930923306
-60.333796940194716 -3.6844011249096993 0.2747808463522358
-59.83310152990265 -3.6708058294333603 0.27160538768930004
-59.33240611961057 -3.656930686819924 0.2684425704141417
-58.8317107093185 -3.6427746304885047 0.26529252162047684
-58.33101529902643 -3.62833659385822 0.2621553684020205
-57.83031988873435 -3.613615510348152 0.2590312378524932
-57.329624478442284 -3.598610313377422 0.25592025706560556
-56.82892906815022 -3.583319936365187 0.25282255313507623
-56.328233657858135 -3.56774331273049 0.2497382531546239
-55.82753824756607 -3.5518793758924985 0.2466674842179583
-55.326842837273986 -3.5357270592702945 0.24361037341880437
-54.82614742698192 -3.5192852962829924 0.24056704785087096
-54.32545201668985 -3.502553020349738 0.23753763460787408
-53.82475660639777 -3.4855291648896 0.23452226078353505
-53.3240611961057 -3.4682126633217094 0.23152105347156898
-52.823365785813635 -3.450602449065181 0.22853413976568743
-52.322670375521554 -3.4326974555391074 0.2255616467596135
-51.82197496522949 -3.4144966161626313 0.22260370154705605
-51.321279554937405 -3.3959988643548455 0.21966043122173645
-50.82058414464535 -3.3772031335348713 0.2167319628773698
-50.31988873435327 -3.3581083571218158 0.21381842360767117
-49.81919332406119 -3.3387134685347646 0.21091994050635926
-49.318497913769136 -3.319017401192889 0.20803664066714828
-48.817802503477054 -3.299019088515253 0.20516865118375244
-48.31710709318497 -3.2787174639209993 0.20231609914988863
-47.81641168289292 -3.2581114608292068 0.1994791116592773
-47.31571627260084 -3.237200012659025 0.19665781580563263
-46.81502086230876 -3.2159820528295398 0.19385233868266533
-46.3143254520167 -3.1944565147598722 0.19106280738409936
-45.81363004172462 -3.1726223318691296 0.18828934900364896
-45.31293463143254 -3.1504784375764223 0.18553209063502746
-44.81223922114049 -3.1280237653008753 0.1827911593719535
-44.311543810848406 -3.105257248461592 0.18006668230814132
-43.810848400556324 -3.082177820477687 0.1773587865373069
-43.31015299026427 -3.05878441476827 0.1746675991531716
-42.80945757997219 -3.0350759647524668 0.1719932472494416
-42.30876216968011 -3.0110514038493554 0.16933585791984446
-41.808066759388026 -2.9867096654780787 0.16669555825808907
-41.30737134909597 -2.9620496830577507 0.1640724753578932
-40.80667593880389 -2.937070390007468 0.16146673631297553
-40.30598052851181 -2.911770719746341 0.15887846821704849
-39.80528511821976 -2.886149605693484 0.15630779816383072
-39.304589707927676 -2.8602059812680287 0.15375485324703736
-38.803894297635594 -2.8339387798890825 0.1512197605603844
-38.30319888734354 -2.807346934975724 0.1487026471975878
-37.80250347705146 -2.780429379947092 0.14620364025236715
-37.30180806675938 -2.7531850482223077 0.143722866818434
-36.801112656467325 -2.725612873220468 0.14126045398950698
-36.30041724617524 -2.697711788360676 0.13881652885930035
-35.79972183588316 -2.669480727062067 0.13639121852153097
-35.29902642559111 -2.640918622743738 0.13398465006991928
-34.79833101529903 -2.6120244088248135 0.13159695059817506
-34.297635605006946 -2.5827970187243934 0.12922824720001785
-33.79694019471489 -2.5532353858615955 0.12687866696916456
-33.29624478442281 -2.5233384436555233 0.12454833699932759
-32.79554937413073 -2.493105125525305 0.1222373843842292
-32.294853963838676 -2.4625343648900446 0.11994593621758003
-31.794158553546595 -2.431625095168856 0.11767411959309786
-31.293463143254513 -2.400376249780828 0.11542206160449868
-30.79276773296246 -2.3687867621451253 0.11318988934550205
-30.29207232267038 -2.3368555656808083 0.11097772990981951
-29.791376912378297 -2.304581593807009 0.10878571039116795
-29.290681502086244 -2.271963779942856 0.10661395788326693
-28.789986091794162 -2.2390010575074384 0.1044625994798271
-28.28929068150208 -2.205692359919867 0.10233176227457157
-27.788595271210028 -2.1720366205992625 0.10022157336121278
-27.287899860917946 -2.1380327729647575 0.09813215983346317
-26.787204450625865 -2.1036797504354268 0.09606364878504496
-26.28650904033381 -2.068976486430413 0.09401616730967503
-25.78581363004173 -2.033921914368791 0.09198984250106405
-25.28511821974965 -1.9985149676697112 0.0899848014529298
-24.784422809457595 -1.962754579752287 0.08800117125899358
-24.283727399165514 -1.9266396840356008 0.08603907901296164
-23.783031988873432 -1.890169213938767 0.0840986518085615
-23.28233657858135 -1.8533421028809385 0.0821800167395003
-22.781641168289298 -1.8161572842811764 0.08028330089949758
-22.280945757997216 -1.7786136915586161 0.07840863138227198
-21.780250347705135 -1.7407102581323861 0.07655613528153686
-21.27955493741308 -1.702445917421572 0.0747259396910082
-20.778859527121 -1.6638196028452987 0.072918171704402
-20.27816411682892 -1.6248302478226768 0.07113295841543692
-19.777468706536865 -1.5854767857728134 0.06937042691782717
-19.276773296244784 -1.545758150114826 0.06763070430528965
-18.776077885952702 -1.5056732742678256 0.06591391767153769
-18.27538247566065 -1.4652210916509225 0.06422019411029349
-17.774687065368568 -1.424400535683224 0.06254966071526862
-17.273991655076486 -1.383210539783851 0.060902444580179946
-16.773296244784433 -1.3416500373719322 0.05927867279874614
-16.27260083449235 -1.299717961866532 0.05767847246467876
-15.77190542420027 -1.2574132466868 0.05610197067169824
-15.271210013908217 -1.2147348252518504 0.05454929451352146
-14.770514603616135 -1.1716816309807832 0.053020571083856424
-14.269819193324054 -1.1282525972926982 0.05151592747642712
-13.769123783032 -1.0844466576067453 0.050035490784948664
-13.268428372739919 -1.0402627453419817 0.04857938810313793
-12.767732962447838 -0.9956997939175715 0.04714774652470825
-12.267037552155784 -0.9507567367526072 0.04574069314337652
-11.766342141863703 -0.9054325072661961 0.04435835505285783
-11.265646731571621 -0.8597260388774522 0.04300085934687263
-10.764951321279568 -0.813636265005497 0.04166833311913602
-10.264255910987487 -0.7671621190694268 0.040360903463357786
-9.763560500695405 -0.7203025344883663 0.03907869747326191
-9.262865090403352 -0.6730564446814263 0.03782184224255995
-8.76216968011127 -0.6254227830677138 0.03659046486497235
-8.261474269819189 -0.5774004830663394 0.03538469243421065
-7.760778859527136 -0.528988478096435 0.03420465204399174
-7.260083449235054 -0.4801857015770793 0.033050470788036065
-6.759388038942973 -0.43099108692741483 0.031922275760053395
-6.25869262865092 -0.3814035675665345 0.030820194053769498
-5.757997218358838 -0.33142207691356307 0.0297443527628906
-5.257301808066757 -0.281045548387597 0.028694878981133584
-4.756606397774675 -0.23027291540776462 0.027671899802224217
-4.255910987482622 -0.17910311139316948 0.0266755423198705
-3.7552155771905404 -0.1275350697629435 0.025705933627787544
-3.254520166898459 -0.07556772393616173 0.024763200819695783
-2.753824756606406 -0.023200007331973915 0.02384747098930677
-2.2531293463143243 0.029569146630555543 0.022958871230342723
-1.7524339360222427 0.08269151599443782 0.022094186369958257
-1.2517385257301896 0.13631223922113953 0.021342225312934643
-0.7510431154381081 0.1849600834492351 0.019994297635605007
-0.25034770514602656 0.22812002781641252 0.01953420027816414
0.25034770514602656 0.27143018080667514 0.0208410152990264
0.7510431154381081 0.3188068150208623 0.022408484005563282
1.2517385257301896 0.3928351877607805 0.02397004172461755
1.7524339360222427 0.4842700973574391 0.025285744089012494
2.2531293463143243 0.5675513212795548 0.026371196105702363
2.753824756606406 0.6460874826147439 0.027255966620305994
3.254520166898459 0.724521418636994 0.02777744089012517
3.7552155771905404 0.8124461752433932 0.026965702364395
4.255910987482622 0.9012205841446466 0.025046592489568816
4.756606397774675 0.9733757997218344 0.023325577190542457
5.257301808066757 1.0311254520166895 0.021750611961057036
5.757997218358838 1.072431432545202 0.020857440890125173
6.258692628650891 1.0870517385257301 0.02356353268428359
6.759388038942973 1.1058796940194713 0.02890432545201665
7.260083449235054 1.1514930458970798 0.034144464534075165
7.760778859527107 1.202743393602224 0.03960809457579957
8.261474269819189 1.2450922114047285 0.046220278164116765
8.76216968011127 1.2715662030598054 0.05400714881780258
9.262865090403324 1.2791742698191932 0.06248116828929043
9.763560500695405 1.2692645340751045 0.07196337969401938
10.264255910987487 1.2435176634214182 0.08177200278164125
10.76495132127954 1.179772878998612 0.0930103616133515
11.265646731571621 1.1036941585535474 0.11105567454798304
11.766342141863703 1.0444631432545197 0.1421763838664815
12.267037552155784 1.0117910987482612 0.1648986091794161
12.767732962447838 1.0041116828929069 0.17374603616133508
13.268428372739919 1.0049305980528513 0.18230812239221145
13.769123783032 1.010160361613352 0.19052904033379714
14.269819193324054 1.0199311543810845 0.1991275382475659
14.770514603616135 1.040870097357441 0.20881472878998614
15.271210013908217 1.068160033417683 0.21905019575560858
15.77190542420027 1.0951573601683107 0.22923226499521826
16.27260083449235 1.1218287161117613 0.23935478639181468
16.773296244784433 1.1481751678289207 0.24941788703911338
17.273991655076486 1.1741977819006761 0.2594216940308301
17.774687065368568 1.1998976249079187 0.2693663344606821
18.27538247566065 1.2252757634315334 0.2792519354223849
18.776077885952702 1.2503332640524079 0.2890786240096543
19.276773296244784 1.2750711933514318 0.2988465273162075
19.777468706536865 1.299490617909492 0.30855577243576005
20.27816411682892 1.3235926043074753 0.3182064864620277
20.778859527121 1.3473782191262713 0.3277987964887277
21.27955493741308 1.3708485289467678 0.3373328296095757
21.780250347705135 1.3940046003498496 0.34680871291828724
22.280945757997216 1.416847499916409 0.35622657350857967
22.781641168289298 1.439378294227331 0.3655865384741687
23.28233657858135 1.461598049863503 0.37488873490876984
23.783031988873432 1.483507833405815 0.38413328990610046
24.283727399165514 1.5051087114351533 0.3933203305598762
24.784422809457567 1.526401750532405 0.40244998396381243
25.28511821974965 1.5473880172784602 0.4115223772116268
25.78581363004173 1.5680685782542056 0.4205376373970347
26.286509040333783 1.5884445000405276 0.42949589161375185
26.787204450625865 1.6085168492183164 0.4383972669554957
27.287899860917946 1.6282866923684587 0.44724189051598157
27.78859527121 1.6477550960718412 0.45602988938892525
28.28929068150208 1.6669231269093543 0.46476139066804395
28.789986091794162 1.6857918514618841 0.47343652144705334
29.290681502086215 1.704362336310317 0.4820554088196691
29.791376912378297 1.7226356480355443 0.4906181798796085
30.29207232267038 1.740612853218452 0.4991249617205871
30.79276773296246 1.7582950184399273 0.507575881436321
31.293463143254513 1.7756832102808584 0.5159710661205263
31.794158553546595 1.7927784953221337 0.5243106428669196
32.294853963838676 1.8095819401446414 0.5325947387692171
32.79554937413073 1.8260946113292666 0.5408234809211342
33.29624478442281 1.8423175754569008 0.5489969964163882
33.79694019471489 1.85825189910843 0.5571154123486945
34.297635605006946 1.8738986488647411 0.5651788558117693
34.79833101529903 1.8892588913067234 0.5731874538993292
35.29902642559111 1.904333693015265 0.5811413337050904
35.79972183588316 1.9191241205712517 0.5890406223227681
36.30041724617524 1.9336312405555733 0.59688544684608
36.801112656467325 1.9478561195491175 0.6046759343687412
37.30180806675938 1.96179982413277 0.612412211984468
37.80250347705146 1.9754634208874213 0.6200944067869771
38.30319888734354 1.988847976393958 0.6277226458699845
38.803894297635594 2.001954557233267 0.6352970563272057
39.304589707927676 2.0147842299862377 0.6428177652523578
39.80528511821976 2.0273380612337575 0.6502848997391566
40.30598052851181 2.0396171175567135 0.657698586881318
40.80667593880389 2.0516224655359947 0.6650589537725586
41.30737134909597 2.0633551717524874 0.6723661275065947
41.808066759388026 2.0748163027870805 0.6796202351771419
42.30876216968011 2.086006925220662 0.6868214038779169
42.80945757997219 2.0969281056341194 0.6939697607026357
43.31015299026424 2.107580910608339 0.701065432745014
43.810848400556324 2.117966406724211 0.7081085470987691
44.311543810848406 2.1280856605626233 0.7150992308576164
44.81223922114046 2.137939738704461 0.7220376111152719
45.31293463143254 2.1475297077306137 0.7289238149654523
45.81363004172462 2.15685663422197 0.7357579695018739
46.314325452016675 2.1659215847594155 0.742540201818252
46.81502086230876 2.17472562592384 0.7492706390083036
47.31571627260084 2.183269824296131 0.7559494081657446
47.81641168289289 2.1915552464571753 0.7625766363842912
48.31710709318497 2.1995829589878615 0.7691524507576598
48.817802503477054 2.207354028469077 0.7756769783795662
49.318497913769136 2.214869521481711 0.7821503463437268
49.81919332406119 2.222130504606649 0.7885726817438578
50.31988873435327 2.2291380444247797 0.7949441116736751
50.82058414464535 2.2358932075169924 0.8012647632268953
51.321279554937405 2.2423970604641728 0.807534763497234
51.82197496522949 2.24865066984721 0.8137542395784083
52.32267037552157 2.2546551022469914 0.8199233185641337
52.82336578581362 2.260411424244405 0.8260421275481261
53.3240611961057 2.265920702420338 0.8321107936241025
53.824756606397784 2.2711840033556796 0.8381294438857789
54.32545201668984 2.276202393631316 0.8440982054268708
54.82614742698192 2.2809769398281357 0.850017205341095
55.326842837274 2.2855087085270265 0.8558865707221677
55.82753824756605 2.2897987663088766 0.8617064286638048
56.328233657858135 2.293848179754574 0.8674769062597226
56.82892906815022 2.297658015445005 0.8731981306036373
57.32962447844227 2.301229339961059 0.8788702287892648
57.83031988873435 2.304563219883623 0.8844933279103221
58.33101529902643 2.3076607217935847 0.8900675550605245
58.831710709318486 2.3105229122718316 0.8955930373335882
59.33240611961057 2.3131508578992546 0.9010699018232301
59.83310152990265 2.3155456252567372 0.9064982756231662
60.3337969401947 2.3177082809251695 0.9118782858271121
60.834492350486784 2.3196398914854384 0.9172100595287843
61.335187760778865 2.3213415235184334 0.9224937238218992
61.83588317107092 2.32281424360504 0.9277294058001725
62.336578581363 2.324059118326148 0.9329172325573211
62.83727399165508 2.3250772142626435 0.9380573311870605
63.337969401947134 2.325869597995416 0.9431498287831069
63.838664812239216 2.3264373361053514 0.9481948524391771
64.3393602225313 2.3267814951733397 0.953192529248987
64.84005563282335 2.3269031417802677 0.9581429863062524
65.34075104311543 2.3268033425070227 0.9630463507046897
65.84144645340751 2.3264831639344923 0.9679027495380158
66.34214186369957 2.325943672643566 0.9727123098999454
66.84283727399165 2.325185935215131 0.977475158884196
67.34353268428373 2.324211018230073 0.9821914235844834
67.84422809457581 2.3230199882692824 0.9868612310945234
68.34492350486786 2.321613911913646 0.9914847085080324
68.84561891515995 2.3199938557440514 0.9960619829187266
69.34631432545203 2.3181608863413876 1.0005931814203228
69.84700973574408 2.316116070286542 1.0050784311065362
70.34770514603616 2.3138604741604007 1.0095178590710834
70.84840055632824 2.3113951645438524 1.0139115924076803
71.3490959666203 2.308721208017787 1.0182597582100439
71.84979137691238 2.3058396711630897 1.0225624835718894
72.35048678720446 2.3027516205606493 1.0268198955869337
72.85118219749651 2.299458122791354 1.0310321213488922
73.3518776077886 2.2959602444360905 1.0351992879514822
73.85257301808068 2.2922590520757473 1.0393215224884191
74.35326842837273 2.288355612291212 1.0433989520534188
74.85396383866481 2.2842509916633733 1.0474317037401983
75.35465924895689 2.279946256773119 1.0514199046424737
75.85535465924895 2.275442474201335 1.05536368185396
76.35605006954103 2.270740710528911 1.059263162468375
76.85674547983308 2.2658420323367334 1.063118473579434
77.35744089012519 2.260747506205692 1.0669297422808535
77.85813630041724 2.255458198716673 1.0706970956663493
78.3588317107093 2.249975176450564 1.0744206608296374
78.8595271210014 2.2442995059882533 1.078100564864435
79.36022253129346 2.2384322539106294 1.0817369348644577
79.86091794158551 2.2323744867985797 1.0853298979234212
80.36161335187762 2.2261272712329916 1.0888795811350425
80.86230876216968 2.219691673794754 1.0923861115930371
81.36300417246173 2.213068761064753 1.0958496163911216
81.86369958275384 2.2062595996238774 1.0992702226230122
82.36439499304589 2.1992652560530153 1.1026480573824247
82.86509040333794 2.192086796933054 1.1059832477630758
83.36578581363005 2.184725288844881 1.1092759208586813
83.86648122392211 2.1771817983693853 1.1125262037629573
84.36717663421416 2.169457392087454 1.1157342235696206
84.86787204450627 2.161553136579974 1.1189001073723865
85.36856745479832 2.1534700984278357 1.122023982264972
85.86926286509038 2.1452093442119238 1.1251059753410924
86.36995827538249 2.136771940513127 1.128146213694465
86.87065368567454 2.1281589539123353 1.1311448244188054
87.3713490959666 2.119371450990434 1.134101934607829
87.8720445062587 2.1104104983283123 1.1370176713552538
88.37273991655076 2.101277162506858 1.1398921617547944
88.87343532684281 2.0919725101069573 1.1427255329001673
89.37413073713492 2.082497607709499 1.1455179118850893
89.87482614742697 2.072853521895372 1.1482694258032757
90.37552155771903 2.0630413192454626 1.1509802017484436
90.87621696801114 2.0530620663406594 1.1536503668143092
91.37691237830319 2.0429168297618507 1.1562800480945872
91.87760778859524 2.0326066760899226 1.158869372682995
92.37830319888735 2.0221326719057635 1.1614184676732493
92.8789986091794 2.011495883790263 1.1639274601590646
93.37969401947146 2.000697378324307 1.1663964772341584
93.88038942976357 1.9897382220887825 1.1688256459922468
94.38108484005562 1.9786194816645817 1.1712150935270458
94.88178025034773 1.9673422236325862 1.1735649469322715
95.38247566063978 1.9559075145736897 1.1758753333016394
95.88317107093184 1.9443164210687773 1.1781463797288672
96.38386648122395 1.932570009698734 1.18037821330767
96.884561891516 1.9206693470444534 1.1825709611317639
97.38525730180805 1.9086154996868196 1.1847247502948657
97.88595271210016 1.8964095342067195 1.1868397078906912
98.38664812239222 1.8840525171850442 1.1889159610129563
98.88734353268427 1.8715455152026803 1.190953636755378
99.38803894297638 1.8588895948405146 1.1929528622116716
99.88873435326843 1.8460858226794357 1.1949137644755543
100.38942976356049 1.8331352653003319 1.1968364706407415
100.8901251738526 1.8200389892840891 1.1987211078009494
101.39082058414465 1.806798061211596 1.2005678030498943
101.8915159944367 1.7934135476637434 1.2023766834812923
102.39221140472881 1.7798865152214147 1.2041478761888602
102.89290681502086 1.7662180304654993 1.2058815082663137
103.39360222531292 1.7524091599768865 1.2075777068073685
103.89429763560503 1.7384609703364604 1.2092365989057419
104.39499304589708 1.724374528125114 1.2108583116551492
104.89568845618913 1.7101508999237311 1.2124429721493064
105.39638386648124 1.6957911523132005 1.2139907074819307
105.8970792767733 1.6812963518744133 1.2155016447467377
106.39777468706535 1.6666675651882525 1.2169759110374427
106.89847009735746 1.651905858835606 1.2184136334477638
107.39916550764951 1.6370122993973646 1.2198149390714152
107.89986091794157 1.621987953454417 1.2211799550021147
108.40055632823368 1.6068338875876447 1.2225088083335778
108.90125173852573 1.5915511683779422 1.2238016261595202
109.40194714881778 1.5761408624061954 1.225058535573659
109.90264255910989 1.5606040362532902 1.2262796636697104
110.40333796940195 1.5449417565001178 1.2274651375413892
110.904033379694 1.529155089727562 1.2286150842824128
111.40472878998611 1.5132451025165117 1.2297296309864971
111.90542420027816 1.4972128614478595 1.2308089047473585
112.40611961057022 1.4810594331024851 1.2318530326587127
112.90681502086233 1.4647858840612824 1.232862141814276
113.40751043115438 1.4483932809051372 1.2338363593077653
113.90820584144643 1.431882690214938 1.2347758122328956
114.40890125173854 1.4152551785715715 1.235680627683384
114.9095966620306 1.3985118125559262 1.2365509327529465
115.41029207232265 1.3816536587488923 1.2373868545352988
115.91098748261476 1.3646817837313496 1.2381885201241576
116.41168289290681 1.3475972540841963 1.2389560566132387
116.91237830319886 1.330401136388312 1.2396895910962589
117.41307371349097 1.3130944972245886 1.2403892506669336
117.91376912378303 1.2956784031739166 1.2410551624189796
118.41446453407508 1.2781539208171782 1.2416874534461126
118.91515994436719 1.2605221167352618 1.2422862508420494
119.41585535465924 1.2427840575090596 1.2428516817005053
119.9165507649513 1.2249408097194547 1.2433838731151974
120.4172461752434 1.2069934399473374 1.2438829521798416
120.91794158553546 1.1889430147735944 1.2443490459881532
121.41863699582751 1.170790600779116 1.2447822816338496
121.91933240611962 1.1525372645447853 1.2451827862106468
122.42002781641168 1.1341840726514936 1.24555068681226
122.92072322670373 1.1157320916801319 1.2458861105324066
123.42141863699584 1.097182388211579 1.2461891844648019
123.92211404728789 1.0785360288267296 1.2464600357031628
124.42280945757994 1.0597940801064714 1.246698791341205
124.92350486787205 1.0409576086316883 1.2469055784726448
125.42420027816411 1.0220276809832733 1.2470805241911984
125.92489568845616 1.0030053637421088 1.247223755590582
126.42559109874827 0.9838917234890857 1.2473353997645116
126.92628650904032 0.9646878268050919 1.2474155838067038
127.42698191933238 0.9453947402710167 1.2474644348108737
127.92767732962449 0.9260135304677405 1.2474820798707393
128.42837273991654 0.9065452639761616 1.2474686460800155
128.9290681502086 0.8869910073771589 1.2474242605324182
129.4297635605007 0.8673518272516233 1.2473490503216647
129.93045897079276 0.8476287901804461 1.2472431425414705
130.4311543810848 0.8278229627445132 1.2471066642855517
130.93184979137692 0.8079354115247085 1.2469397426476252
131.43254520166897 0.7879672031019233 1.246742504721406
131.93324061196108 0.7679194040570433 1.2465150776006113
132.43393602225314 0.7477930809709615 1.2462575883789568
132.9346314325452 0.7275893004245638 1.2459701641501588
133.4353268428373 0.7073091289987324 1.245652932007934
133.93602225312935 0.6869536332743585 1.2453060190459977
134.4367176634214 0.6665238798323315 1.244929552358066
134.93741307371351 0.6460209352535372 1.2445236590378561
135.43810848400557 0.6254458661188703 1.2440884661790834
135.93880389429762 0.6047997390092043 1.2436241008754643
136.43949930458973 0.5840836205054408 1.2431306902207153
136.94019471488178 0.5632985771884623 1.2426083613085515
137.44089012517384 0.5424456756391546 1.2420572412326905
137.94158553546595 0.521525982438407 1.2414774570868476
138.442280945758 0.5005405641671089 1.2408691359647395
138.94297635605005 0.47949048740614975 1.240232404960082
139.44367176634216 0.45837681873641 1.239567391166591
139.94436717663422 0.4372006247387844 1.2388742216779833
140.44506258692627 0.41596297199415877 1.238153023587975
140.94575799721838 0.39466492708341894 1.2374039239902814
141.44645340751043 0.37330755658745607 1.2366270499786205
141.94714881780249 0.3518919270871578 1.2358225286467068
142.4478442280946 0.33041910516340456 1.2349904870882569
142.94853963838665 0.3088901573970947 1.2341310523969875
143.4492350486787 0.287306150369114 1.2332443516666143
143.9499304589708 0.2656681506603412 1.2323305119908528
144.45062586926286 0.24397722485167284 1.2313896604634216
144.95132127955492 0.22223443952399824 1.230421924178034
145.45201668984703 0.20044086125819438 1.2294274302284076
145.95271210013908 0.1785975566351613 1.2284063057082586
146.45340751043113 0.15670559223578306 1.2273586777113035
146.95410292072324 0.13476603464094017 1.2262846733312578
147.4547983310153 0.11277995043153088 1.225184419661837
147.95549374130735 0.09074840618843927 1.2240580437967592
148.45618915159946 0.06867246849254938 1.2229056728297396
148.9568845618915 0.046553203924755926 1.2217274338544934
149.45757997218357 0.024391679065935867 1.220523453964739
149.95827538247568 0.0021889604969856924 1.2192938602541898
150.45897079276773 -0.020053885201199884 1.2180387798165644
150.95966620305978 -0.04233579144774924 1.2167583397455781
151.4603616133519 -0.06465569166176943 1.2154526671349466
151.96105702364395 -0.08701251926236753 1.2141218890783863
152.461752433936 -0.10940520766865236 1.212766132669614
152.9624478442281 -0.13183269029975053 1.2113855250023453
153.46314325452016 -0.15429390057476022 1.2099801931702971
153.96383866481222 -0.17678777191279915 1.208550264267185
154.46453407510432 -0.19931323773298504 1.207095865386724
154.96522948539638 -0.22186923145442494 1.205617123622633
155.46592489568843 -0.24445468649622593 1.2041141660686254
155.96662030598054 -0.2670685362775057 1.2025871198184197
156.4673157162726 -0.2897097142173749 1.2010361119657305
156.96801112656465 -0.3123771537349477 1.1994612696042746
157.46870653685676 -0.3350697882493382 1.197862719827768
157.9694019471488 -0.3577865511796482 1.1962405897299282
158.47009735744086 -0.38052637594500427 1.1945950064044693
158.97079276773297 -0.40328819596450993 1.1929260969451077
159.47148817802503 -0.42607094465727935 1.1912339884455612
159.97218358831708 -0.44887355544242313 1.189518807999544
160.4728789986092 -0.4716949617390537 1.1877806827007744
160.97357440890124 -0.4945340969662869 1.186019739642967
161.4742698191933 -0.5173898945432299 1.1842361059198383
161.9749652294854 -0.5402612878890004 1.182429908625105
162.47566063977746 -0.5631472104226983 1.180601274852483
162.9763560500695 -0.5860465955634556 1.178750331695688
163.47705146036162 -0.6089583767303705 1.1768772062484365
163.97774687065368 -0.6318814873425534 1.1749820256044454
164.47844228094573 -0.6548148608191259 1.1730649168574299
164.97913769123784 -0.6777574305791966 1.1711260071011063
165.4798331015299 -0.7007081300418762 1.1691654234291915
165.98052851182194 -0.7236658926262752 1.1671832929354011
166.48122392211405 -0.7466296517515115 1.1651797427134511
166.9819193324061 -0.7695983408366921 1.1631548998570584
167.48261474269816 -0.7925708933009311 1.1611088914599381
167.98331015299027 -0.8155462425633445 1.1590418446158075
168.48400556328232 -0.8385233220430358 1.1569538864183821
168.98470097357443 -0.8615010651591245 1.154845143961378
169.4853963838665 -0.8844784053307176 1.1527157443385125
169.98609179415854 -0.9074542759769312 1.1505658146435007
170.48678720445065 -0.9304276105168775 1.1483954819700586
170.9874826147427 -0.9533973423696654 1.1462048734119035
171.48817802503476 -0.9763624049544092 1.1439941160627505
171.98887343532687 -0.9993217316902211 1.141763337016316
172.48956884561892 -1.0222742559962152 1.1395126633663166
172.99026425591097 -1.0452189112915007 1.137242222206469
173.49095966620308 -1.0681546309951933 1.1349521406304868
173.99165507649514 -1.0910803485264 1.1326425457320897
174.4923504867872 -1.1139949973042351 1.1303135646049915
174.9930458970793 -1.1368975107478128 1.1279653243429089
175.49374130737135 -1.15978682227624 1.125597952039559
175.9944367176634 -1.1826618653086345 1.1232115747886569
176.49513212795551 -1.2055215732641087 1.1208063196839182
176.99582753824757 -1.2283648795617714 1.1183823138190607
177.49652294853962 -1.251190717620735 1.1159396842878004
177.99721835883173 -1.2739980208601138 1.1134785581838524
178.49791376912378 -1.2967857226990218 1.1109990626009336
178.99860917941584 -1.3195527565565643 1.108501324632759
179.49930458970795 -1.3422980558518591 1.1059854713730484
180.0 -1.3650205540040186 1.103451629915513
