Polar data for a18sm at Re = 1588275.8620689656
Alpha (deg) Cl Cd
-180.0 -11.206024067206297 0.7164603905541191
-179.49930458970792 -11.208094382905376 0.7041789954390338
-178.99860917941587 -11.209953256735922 0.6918831502211045
-178.49791376912378 -11.21160083339361 0.6795735199747852
-177.9972183588317 -11.21303725757415 0.6672507697745356
-177.49652294853965 -11.21426267397321 0.6549155646947955
-176.99582753824757 -11.215277227286485 0.6425685698100263
-176.4951321279555 -11.216081062209675 0.6302104501946839
-175.99443671766343 -11.216674323438461 0.6178418709232083
-175.49374130737135 -11.217057155668535 0.6054634970700572
-174.99304589707927 -11.217229703595585 0.5930759937096883
-174.49235048678722 -11.217192111915296 0.580680025916547
-173.99165507649514 -11.21694452532337 0.5682762587650927
-173.49095966620305 -11.216487088515471 0.5558653573297672
-172.990264255911 -11.215819946187327 0.5434479866850299
-172.48956884561892 -11.21494324303459 0.5310248119053316
-171.98887343532684 -11.213857123752977 0.5185964980651263
-171.48817802503476 -11.21256173303816 0.506163710238863
-170.9874826147427 -11.21105721558584 0.4937271135009975
-170.48678720445062 -11.209343716091698 0.481287372925977
-169.98609179415854 -11.207421379251429 0.4688451535882645
-169.4853963838665 -11.205290349760713 0.4564011205622982
-168.9847009735744 -11.202950772315244 0.4439559389225376
-168.48400556328232 -11.200402791610724 0.43151027374343864
-167.98331015299027 -11.197646552342828 0.41906479009944486
-167.4826147426982 -11.19468219920725 0.40662015306501753
-166.9819193324061 -11.191509876899683 0.39417702771460017
-166.48122392211405 -11.188129730115808 0.3817360791226523
-165.98052851182197 -11.184541903551324 0.3692979723636227
-165.4798331015299 -11.180746541901911 0.35686337251196387
-164.97913769123784 -11.176743789863263 0.34443294464212637
-164.47844228094576 -11.172533792131066 0.33200735382856617
-163.97774687065368 -11.168116693401018 0.3195872651457339
-163.47705146036162 -11.163492638368801 0.3071733436680819
-162.97635605006954 -11.15866177173011 0.29476625447006266
-162.47566063977746 -11.15362423818063 0.28236666262612853
-161.9749652294854 -11.148380182416052 0.2699752332107337
-161.47426981919332 -11.142929749132058 0.25759263129832166
-160.97357440890124 -11.137273083024354 0.24521952196335728
-160.4728789986092 -11.131410328788618 0.23285657028028406
-159.9721835883171 -11.12534163112053 0.2205044413235544
-159.47148817802503 -11.119067134715802 0.20816380016762603
-158.97079276773297 -11.11258698427011 0.1958353118869549
-158.4700973574409 -11.105901324479149 0.18351964155597922
-157.9694019471488 -11.0990103000386 0.17121745424916202
-157.46870653685676 -11.091914055644153 0.15892941504094682
-156.96801112656468 -11.084612735991513 0.1466561890057967
-156.4673157162726 -11.077106485776355 0.13439844121815692
-155.96662030598054 -11.069395449694369 0.12215683675248346
-155.46592489568846 -11.061479772441242 0.10993204068322515
-154.96522948539638 -11.053359598712674 0.0977247180848344
-154.46453407510432 -11.04503507320435 0.08553553403176894
-153.96383866481224 -11.036506340611961 0.07336515359847406
-153.46314325452016 -11.027773545631192 0.06121424185940927
-152.9624478442281 -11.018836832957735 0.0490834638890163
-152.46175243393603 -11.009696347287278 0.036973484761752884
-151.96105702364395 -11.00035223331551 0.02488496955207853
-151.4603616133519 -10.990804635738122 0.012818583334438527
-150.9596662030598 -10.981053699250808 0.0007749911832835021
-150.45897079276773 -10.971099568549242 -0.01124514182693237
-149.95827538247568 -10.960942388329133 -0.02324115062175669
-149.4575799721836 -10.950582303286158 -0.03521237012673528
-148.9568845618915 -10.940019458116009 -0.0471581352674193
-148.45618915159943 -10.929253997514383 -0.05907778096935279
-147.95549374130738 -10.918286066176954 -0.07097064215808513
-147.4547983310153 -10.907115808799428 -0.0828360537591657
-146.95410292072324 -10.895743370077483 -0.09467335069814031
-146.45340751043116 -10.884168894706814 -0.10648186790055836
-145.95271210013908 -10.872392527383099 -0.11826094029196743
-145.452016689847 -10.860414412802047 -0.13000990279791158
-144.95132127955495 -10.848234695659336 -0.14172809034394018
-144.45062586926286 -10.835853520650655 -0.15341483785560617
-143.94993045897078 -10.823271032471695 -0.16506948025845003
-143.44923504867873 -10.810487375818148 -0.17669135247802648
-142.94853963838665 -10.797502695385703 -0.1882797894398689
-142.44784422809457 -10.78431713587004 -0.19983412606954087
-141.9471488178025 -10.770930841966862 -0.21135369729258824
-141.44645340751043 -10.757343958371848 -0.22283783803455504
-140.94575799721835 -10.743556629780695 -0.2342858832209871
-140.44506258692627 -10.729569000889093 -0.24569716777743023
-139.94436717663422 -10.715381216392721 -0.25707102662943915
-139.44367176634213 -10.700993420987281 -0.26840679470255613
-138.94297635605005 -10.686405759368455 -0.2797038069223341
-138.442280945758 -10.671618376231933 -0.2909613982143189
-137.94158553546592 -10.656631416273399 -0.3021789035040545
-137.44089012517384 -10.64144502418856 -0.3133556577170922
-136.94019471488178 -10.626059344673088 -0.3244909957789741
-136.4394993045897 -10.610474522422685 -0.3355842526152568
-135.93880389429762 -10.594690702133029 -0.3466347631514861
-135.43810848400557 -10.578708028499818 -0.3576418623132043
-134.9374130737135 -10.562526646218735 -0.368604885025966
-134.4367176634214 -10.546146699985474 -0.3795231662153118
-133.93602225312935 -10.529568334495725 -0.390396040806791
-133.43532684283727 -10.512791694445177 -0.4012228437259602
-132.9346314325452 -10.495816924529507 -0.4120029098983544
-132.43393602225314 -10.478644169444422 -0.42273557424952846
-131.93324061196105 -10.461273573885606 -0.4334201717050281
-131.43254520166897 -10.443705282548745 -0.4440560371904063
-130.93184979137692 -10.42593944012954 -0.45464250563119823
-130.43115438108484 -10.407976191323659 -0.4651789119529639
-129.93045897079276 -10.389815680826814 -0.4756645910812438
-129.4297635605007 -10.371458053334678 -0.4860988779415891
-128.92906815020862 -10.352903453542947 -0.496481107459551
-128.42837273991654 -10.3341520261473 -0.5068106145606699
-127.92767732962449 -10.315203915843448 -0.5170867341704934
-127.4269819193324 -10.296059267327067 -0.5273088012145764
-126.92628650904032 -10.276718225293848 -0.5374761506184662
-126.42559109874827 -10.257180934439482 -0.5475881173077
-125.92489568845619 -10.237447539459659 -0.5576440362078359
-125.42420027816411 -10.21751818505006 -0.567643242244418
-124.92350486787205 -10.197393015906385 -0.5775850703429939
-124.42280945757997 -10.17707217672432 -0.5874688554291183
-123.92211404728789 -10.15655581219955 -0.5972939324283175
-123.42141863699584 -10.135844067027765 -0.6070596362661675
-122.92072322670376 -10.114937085904668 -0.6167653018681911
-122.42002781641168 -10.093835013525933 -0.6264102641599607
-121.91933240611961 -10.072537994587258 -0.6359938580670026
-121.41863699582754 -10.051046173784325 -0.645515418514875
-120.91794158553546 -10.029359695812829 -0.6549742804291221
-120.41724617524339 -10.007478705368456 -0.6643697787352949
-119.91655076495132 -9.9854033471469 -0.6737012483589375
-119.41585535465924 -9.963133765843839 -0.6829680242256011
-118.91515994436718 -9.940670106154979 -0.6921694412608261
-118.41446453407511 -9.918012512776002 -0.7013048343901709
-117.91376912378303 -9.895161130402599 -0.7103735385391794
-117.41307371349096 -9.872116103730455 -0.7193748886333922
-116.91237830319889 -9.848877577455262 -0.7283082195983639
-116.41168289290681 -9.825445696272709 -0.7371728663596457
-115.91098748261474 -9.80182060487849 -0.7459681638427746
-115.41029207232268 -9.778002447968284 -0.7546934469733089
-114.9095966620306 -9.753991370237785 -0.7633480506767889
-114.40890125173853 -9.729787516382686 -0.7719313098787659
-113.90820584144646 -9.705391031098682 -0.7804425595047839
-113.40751043115438 -9.680802059081447 -0.7888811344804083
-112.90681502086231 -9.656020745026684 -0.7972463697311547
-112.40611961057024 -9.631047233630067 -0.8055376001825956
-111.90542420027816 -9.605881669587305 -0.8137541607602679
-111.4047287899861 -9.580524197594084 -0.8218953863897227
-110.90403337969401 -9.55497496234607 -0.8299606119965148
-110.40333796940195 -9.52923410853898 -0.8379491725061776
-109.90264255910988 -9.503301780868497 -0.8458604028442764
-109.4019471488178 -9.477178124030296 -0.8536936379363376
-108.90125173852573 -9.450863282720082 -0.8614482127079264
-108.40055632823366 -9.424357401633543 -0.8691234620845762
-107.89986091794158 -9.397660625466354 -0.8767187209918561
-107.39916550764951 -9.370773098914224 -0.8842333243552887
-106.89847009735745 -9.343694966672832 -0.8916666071004358
-106.39777468706536 -9.316426373437864 -0.8990179041528485
-105.8970792767733 -9.28896746390502 -0.9062865504380639
-105.39638386648123 -9.261318382769993 -0.9134718808816367
-104.89568845618915 -9.233479274728449 -0.9205732304091108
-104.39499304589708 -9.205450284476097 -0.9275899339460338
-103.89429763560501 -9.17723155670862 -0.934521326417957
-103.39360222531293 -9.148823236121714 -0.9413667427504244
-102.89290681502086 -9.120225467411053 -0.9481255178689871
-102.3922114047288 -9.091438395272348 -0.9547969866991892
-101.89151599443672 -9.06246216440126 -0.9613804841665925
-101.39082058414465 -9.033296919493516 -0.9678753451967197
-100.89012517385257 -9.00394280524478 -0.9742809047151362
-100.3894297635605 -8.974399966350731 -0.980596497647386
-99.88873435326843 -8.944668547507092 -0.9868214589190167
-99.38803894297635 -8.914748693409535 -0.9929551234555725
-98.88734353268428 -8.884640548753737 -0.9989968261826079
-98.38664812239222 -8.854344258235407 -1.00494590202566
-97.88595271210013 -8.823859966550216 -1.0108016859102833
-97.38525730180807 -8.793187818393875 -1.0165635127620256
-96.884561891516 -8.762327958462059 -1.022230717506438
-96.38386648122392 -8.731280531450459 -1.0278026350690717
-95.88317107093185 -8.700045682054771 -1.0332786003754564
-95.38247566063978 -8.66862355497068 -1.038657948351154
-94.8817802503477 -8.637014294893874 -1.043940013921712
-94.38108484005564 -8.605218046520044 -1.0491241320126676
-93.88038942976357 -8.573234954544873 -1.054209637549586
-93.37969401947149 -8.54106516366405 -1.059195865457997
-92.87899860917942 -8.508708818573282 -1.0640821506634623
-92.37830319888734 -8.47616606396825 -1.0688678280915227
-91.87760778859527 -8.443437044544645 -1.0735522326677185
-91.3769123783032 -8.410521904998141 -1.078134699317608
-90.87621696801112 -8.377420790024445 -1.0826145629667494
-90.37552155771905 -8.344133844319245 -1.0869911585406655
-89.87482614742699 -8.310661212578218 -1.0912638209649146
-89.3741307371349 -8.27700303949706 -1.0954318851650584
-88.87343532684284 -8.243159469771456 -1.0994946860666162
-88.37273991655077 -8.209130648097108 -1.1034515585951674
-87.87204450625869 -8.174916719169708 -1.1073018376762243
-87.37134909596662 -8.140517827684917 -1.1110448582353805
-86.87065368567455 -8.10593411833846 -1.114679955198141
-86.36995827538247 -8.071165735826 -1.1182064634900748
-85.8692628650904 -8.03621282484324 -1.1216237180367188
-85.36856745479834 -8.001075530085863 -1.1249310537636312
-84.86787204450626 -7.96575399624956 -1.1281278055963597
-84.36717663421419 -7.930248368030013 -1.1312133084604412
-83.86648122392211 -7.894558790122935 -1.1341868972814269
-83.36578581363004 -7.858685407224001 -1.137047906984875
-82.86509040333797 -7.822628364028893 -1.1397956724963223
-82.36439499304589 -7.78638780523331 -1.1424295287413202
-81.86369958275382 -7.7499638755329405 -1.1449488106454198
-81.36300417246176 -7.7133567196234685 -1.147352853134165
-80.86230876216968 -7.676566482200584 -1.1496409911331036
-80.36161335187761 -7.639593307959983 -1.151812559567776
-79.86091794158554 -7.602437341597343 -1.1538668933637404
-79.36022253129346 -7.565098727808375 -1.1558033274465445
-78.85952712100139 -7.527577611288755 -1.1576211967417358
-78.35883171070932 -7.489874136734158 -1.159319836174855
-77.85813630041724 -7.451988448840303 -1.1608985806714565
-77.35744089012518 -7.413920692302859 -1.1623567651570739
-76.85674547983311 -7.375671011817523 -1.1636937245572831
-76.35605006954103 -7.337239552079985 -1.1649087937976106
-75.85535465924896 -7.298626457785921 -1.1660013078036109
-75.35465924895689 -7.259831873631035 -1.1669706015008245
-74.85396383866481 -7.220855944311011 -1.1678160098148027
-74.35326842837274 -7.1816988145215594 -1.1685368676710894
-73.85257301808066 -7.142360628958328 -1.1691325099952607
-73.3518776077886 -7.102841532317043 -1.169602271712818
-72.85118219749653 -7.063141669293372 -1.169945487749348
-72.35048678720445 -7.023261184583013 -1.1701614930303734
-71.84979137691238 -6.983200222881655 -1.1702496224814525
-71.34909596662031 -6.94295892888499 -1.1702092110281328
-70.84840055632823 -6.902537447288686 -1.1700395935959584
-70.34770514603616 -6.861935922788482 -1.1697401051104805
-69.8470097357441 -6.821154500080012 -1.1693100804972574
-69.34631432545201 -6.780193323858994 -1.1687488546818117
-68.84561891515995 -6.739052538821119 -1.1680557625897088
-68.34492350486788 -6.69773228966207 -1.1672301391464892
-67.8442280945758 -6.6562327210775285 -1.1662713192777112
-67.34353268428373 -6.614553977763207 -1.1651786379089082
-66.84283727399166 -6.572696204414767 -1.1639514299656384
-66.34214186369958 -6.5306595457279135 -1.1625890303734459
-65.84144645340751 -6.488444146398343 -1.1610907740578782
-65.34075104311543 -6.446050151121731 -1.1594559959444795
-64.84005563282336 -6.403477704593761 -1.157684030958815
-64.3393602225313 -6.360726951510137 -1.155774214026404
-63.838664812239216 -6.3177980365665425 -1.1537258800728154
-63.33796940194715 -6.274691104458689 -1.1515383640235826
-62.83727399165508 -6.23140629988223 -1.149211000804278
-62.336578581363 -6.187943767532864 -1.1467431253404243
-61.83588317107093 -6.144303652106287 -1.1441340725575728
-61.335187760778865 -6.100486098298211 -1.141383177381271
-60.834492350486784 -6.056491250804291 -1.138489774737088
-60.333796940194716 -6.012319254320224 -1.1354531995505426
-59.83310152990265 -5.9679702535417 -1.1322727867471933
-59.33240611961057 -5.923444393164423 -1.128947871252602
-58.8317107093185 -5.878741817884062 -1.1254777879922948
-58.33101529902643 -5.833862672396321 -1.1218618718918407
-57.83031988873435 -5.78880710139689 -1.1180994578767625
-57.329624478442284 -5.743575249581439 -1.1141898808726147
-56.82892906815022 -5.698167261645685 -1.1101324758049664
-56.328233657858135 -5.652583282285305 -1.1059265775993439
-55.82753824756607 -5.606823456195982 -1.1015715211812982
-55.326842837273986 -5.560887928073405 -1.097066641476377
-54.82614742698192 -5.514776842613279 -1.0924112734101314
-54.32545201668985 -5.468490344511273 -1.0876047519081233
-53.82475660639777 -5.422028578463098 -1.0826464118958719
-53.3240611961057 -5.37539168916443 -1.0775355882989424
-52.823365785813635 -5.328579821310959 -1.0722716160428825
-52.322670375521554 -5.281593119598383 -1.066853830053229
-51.82197496522949 -5.2344317287223765 -1.061281565255537
-51.321279554937405 -5.187095793378631 -1.0555541565753572
-50.82058414464535 -5.139585458262856 -1.0496709389382375
-50.31988873435327 -5.091900868070723 -1.0436312472697218
-49.81919332406119 -5.044042167497927 -1.0374344164953435
-49.318497913769136 -4.996009501240159 -1.0310797815406822
-48.817802503477054 -4.947803013993101 -1.0245666773312607
-48.31710709318497 -4.899422850452438 -1.0178944387926407
-47.81641168289292 -4.850869155313879 -1.0110624008503593
-47.31571627260084 -4.802142073273102 -1.0040698984299639
-46.81502086230876 -4.753241749025789 -0.9969162664570164
-46.3143254520167 -4.704168327267644 -0.9896008398570537
-45.81363004172462 -4.654921952694351 -0.98212295355562
-45.31293463143254 -4.605502770001606 -0.9744819424782627
-44.81223922114049 -4.555910923885086 -0.9666771415505437
-44.311543810848406 -4.50614655904048 -0.958707885698
-43.810848400556324 -4.456209820163486 -0.9505735098461792
-43.31015299026427 -4.406100851949801 -0.9422733489206323
-42.80945757997219 -4.355819799095079 -0.9338067378469177
-42.30876216968011 -4.305366806295047 -0.9251730115505545
-41.808066759388026 -4.25474201824538 -0.9163715049571117
-41.30737134909597 -4.203945579641775 -0.9074015529921369
-40.80667593880389 -4.152977635179915 -0.8982624905811705
-40.30598052851181 -4.101838329555476 -0.8889536526497601
-39.80528511821976 -4.050527807464184 -0.8794743741234534
-39.304589707927676 -3.9990462136016935 -0.8698239899278086
-38.803894297635594 -3.9473936926637014 -0.8600018349883627
-38.30319888734354 -3.8955703893459264 -0.8500072442306632
-37.80250347705146 -3.8435764483440016 -0.8398395525802649
-37.30180806675938 -3.791412014353667 -0.8294980949627082
-36.801112656467325 -3.739077232070591 -0.8189822063035515
-36.30041724617524 -3.6865722461904573 -0.8082912215283315
-35.79972183588316 -3.6338972014089626 -0.7974244755626032
-35.29902642559111 -3.581052242421811 -0.7863813033319034
-34.79833101529903 -3.528037513924672 -0.7751610397617974
-34.297635605006946 -3.474853160613235 -0.763763019777808
-33.79694019471489 -3.421499327183212 -0.7521865783055148
-33.29624478442281 -3.367976158330257 -0.7404310502704405
-32.79554937413073 -3.314283798750089 -0.7284957705981363
-32.294853963838676 -3.2604223931383904 -0.7163800742141639
-31.794158553546595 -3.2063920861908377 -0.7040832960440533
-31.293463143254513 -3.152193022603128 -0.6916047710133626
-30.79276773296246 -3.097825347070965 -0.678943834047643
-30.29207232267038 -3.0432892042900255 -0.666099820072428
-29.791376912378297 -2.9885847389559776 -0.6530720640132828
-29.290681502086244 -2.9337120957645615 -0.6398599007957408
-28.789986091794162 -2.8786714194114174 -0.626462665345364
-28.28929068150208 -2.8234628545922567 -0.6128796925876749
-27.788595271210028 -2.7680865460027766 -0.5991103174482426
-27.287899860917946 -2.712542638338646 -0.5851538748526288
-26.787204450625865 -2.656831276295562 -0.5710096997263456
-26.28650904033381 -2.600952604569243 -0.5566771269949478
-25.78581363004173 -2.5449067678553368 -0.5421554915840041
-25.28511821974965 -2.488693910849533 -0.5274441284190516
-24.784422809457595 -2.432314178247565 -0.5125423724256308
-24.283727399165514 -2.3757677147450726 -0.49744955852931416
-23.783031988873432 -2.3190546650377817 -0.4821650216556066
-23.28233657858135 -2.262175173821354 -0.4666880967301019
-22.781641168289298 -2.2051293857915004 -0.45101811867831576
-22.280945757997216 -2.147917445643883 -0.43515442242579927
-21.780250347705135 -2.090539498074235 -0.41909634289812847
-21.27955493741308 -2.032995687778217 -0.4028432150208119
-20.778859527121 -1.9752861594515059 -0.3863943737194113
-20.27816411682892 -1.9174110577898196 -0.3697491539194886
-19.777468706536865 -1.8593705274888341 -0.3529068905465842
-19.276773296244784 -1.8011647132442326 -0.33586691852623507
-18.776077885952702 -1.7427937597517191 -0.31862857278400303
-18.27538247566065 -1.6842578117069769 -0.3011911882454321
-17.774687065368568 -1.6255570138056958 -0.2835540998360593
-17.273991655076486 -1.566691510743552 -0.2657166424814392
-16.773296244784433 -1.5076614472162566 -0.2476781511071302
-16.27260083449235 -1.4484669679194857 -0.22943796063866562
-15.77190542420027 -1.3891082175489364 -0.21099540600159306
-15.271210013908217 -1.3295853408002918 -0.19234982212146723
-14.770514603616135 -1.2698984823692419 -0.1735005439238393
-14.269819193324054 -1.2100477869514839 -0.15444690633424263
-13.769123783032 -1.1500333992427008 -0.1351882442782426
-13.268428372739919 -1.0898554639385756 -0.11572389268137617
-12.767732962447838 -1.0295141257348055 -0.09605318646919803
-12.267037552155784 -0.9690095293270806 -0.07617546056724511
-11.766342141863703 -0.9083418194110768 -0.056090049901072137
-11.265646731571621 -0.8475111406825127 -0.035796289396219594
-10.764951321279568 -0.7865176378370569 -0.015293513978249296
-10.264255910987487 -0.7253614555704067 0.00541894142729471
-9.763560500695405 -0.6640427385782379 0.026341741894879034
-9.262865090403352 -0.6025798331015316 0.04745183588317048
-8.76216968011127 -0.5401431154381091 0.06273581363004163
-8.261474269819189 -0.4761301808066754 0.04180866481223876
-7.760778859527136 -0.4119232267037571 0.012570834492350564
-7.260083449235054 -0.3473189151599451 0.010725771905424212
-6.759388038942973 -0.281009874826147 0.009771335187760773
-6.25869262865092 -0.21449221140473085 0.008991821974965251
-5.757997218358838 -0.15175006954102996 0.008243115438108494
-5.257301808066757 -0.0921703755215574 0.0075773018080667566
-4.756606397774675 -0.03443463143254387 0.007169095966620299
-4.255910987482622 0.02148678720444982 0.006814728789986097
-3.7552155771905404 0.07761585535465948 0.006453337969401946
-3.254520166898459 0.1336937413073726 0.00617216968011126
-2.753824756606406 0.18996856745479743 0.00594660639777469
-2.2531293463143243 0.24639763560500708 0.005780751043115438
-1.7524339360222427 0.302825452016691 0.005670486787204449
-1.2517385257301896 0.3593038942976346 0.005595173852573019
-0.7510431154381081 0.4157823365785814 0.005550083449235049
-0.25034770514602656 0.47226077885952816 0.005510027816411682
0.25034770514602656 0.5281884561891504 0.005540069541029206
0.7510431154381081 0.5835151599443671 0.005625146036161335
1.2517385257301896 0.636224200278165 0.005237079276773281
1.7524339360222427 0.6893221140472867 0.004956314325452011
2.2531293463143243 0.7450467315716272 0.005246940194714881
2.753824756606406 0.7999146036161344 0.005648748261474278
3.254520166898459 0.8533755215577179 0.006246328233657843
3.7552155771905404 0.9036496522948538 0.0072994993045897025
4.255910987482622 0.9534076495132136 0.0083996940194715
4.756606397774675 1.004673852573017 0.009225966620305961
5.257301808066757 1.0554874826147425 0.01006226703755215
5.757997218358838 1.1062641168289298 0.010841515994436727
6.258692628650891 1.1569762169680098 0.011572865090403318
6.759388038942973 1.2073425591098745 0.012287955493741301
7.260083449235054 1.2570922114047294 0.013020528511821984
7.760778859527107 1.3043787204450614 0.014021084840055601
8.261474269819189 1.350940055632823 0.015013129346314318
8.76216968011127 1.3974574408901257 0.015898609179415865
9.262865090403324 1.4419166898470084 0.016933045897079245
9.763560500695405 1.4789461752433932 0.018683463143254496
10.264255910987487 1.5154218358831715 0.020334367176634224
10.76495132127954 1.5548303198887332 0.021461182197496487
11.265646731571621 1.5910358831710705 0.022710055632823353
11.766342141863703 1.6227478442280947 0.02407173852573019
12.267037552155784 1.645859944367177 0.025685312934631478
12.767732962447838 1.6478279554937414 0.02880179415855349
13.268428372739919 1.6418168289290682 0.03285689847009737
13.769123783032 1.6452753824756607 0.03650233657858144
14.269819193324054 1.6492475660639778 0.040490598052851115
14.770514603616135 1.6467161335187759 0.04561927677329626
15.271210013908217 1.635746731571627 0.05238408901251755
15.77190542420027 1.6161379694019475 0.06114408901251722
16.27260083449235 1.5877719054242 0.07234776077885954
16.773296244784433 1.5477567454798322 0.08684293463143287
17.273991655076486 1.4945689847009747 0.10543105702364358
17.774687065368568 1.4249938803894298 0.12976735744089013
18.27538247566065 1.3468243367212658 0.15716063758118093
18.776077885952702 1.2688869508384348 0.18434731147356254
19.276773296244784 1.1912077435318276 0.21130471621501878
19.777468706536865 1.1137865701057588 0.23803351688000052
20.27816411682892 1.0366232858645428 0.26453437854295814
20.778859527121 0.9597177461124828 0.2908079662783474
21.27955493741308 0.8830698061538924 0.31685494516061863
21.780250347705135 0.8066793212930872 0.3426759802642232
22.280945757997216 0.7305461468343686 0.3682717366636157
22.781641168289298 0.6546701380820519 0.3936428794332474
23.28233657858135 0.5790511503404518 0.41879007364756893
23.783031988873432 0.5036890389138708 0.4437139843810358
24.283727399165514 0.4285836591066232 0.46841527670809824
24.784422809457567 0.3537348662230233 0.4928946157032075
25.28511821974965 0.2791425155673748 0.5171526664408186
25.78581363004173 0.20480646244399026 0.5411900939953822
26.286509040333783 0.1307265621571867 0.5650075634413498
26.787204450625865 0.056902670011264256 0.5886057398531759
27.287899860917946 -0.016665358689460952 0.6119852883053116
27.78859527121 -0.08997766864067458 0.6351468738722079
28.28929068150208 -0.16303440453807383 0.6580911616283196
28.789986091794162 -0.23583571107734524 0.6808188166480977
29.290681502086215 -0.3083817329541727 0.703330504005993
29.791376912378297 -0.3806726148642552 0.7256268887764605
30.29207232267038 -0.45270850150327746 0.7477086360339513
30.79276773296246 -0.5244895375669287 0.769576410852918
31.293463143254513 -0.5960158677508955 0.7912308783078112
31.794158553546595 -0.6672876367508733 0.8126727034730854
32.294853963838676 -0.7383049892625495 0.8339025514231921
32.79554937413073 -0.8090680699816071 0.8549210872325819
33.29624478442281 -0.8795770236037468 0.8757289759757108
33.79694019471489 -0.9498319948246516 0.8963268827270281
34.297635605006946 -1.0198331283400073 0.9167154725609858
34.79833101529903 -1.0895805688455118 0.9368954105520386
35.29902642559111 -1.1590744610368509 0.9568673617746373
35.79972183588316 -1.22831494960971 0.9766319913032335
36.30041724617524 -1.297302179259785 0.9961899642122811
36.801112656467325 -1.3660362946827638 1.015541945576232
37.30180806675938 -1.4345174405743286 1.0346886004695361
37.80250347705146 -1.5027457616301811 1.0536305939666495
38.30319888734354 -1.5707214025460026 1.072368591142023
38.803894297635594 -1.6384445080174812 1.0909032570701063
39.304589707927676 -1.7059152227403134 1.1092352568253554
39.80528511821976 -1.7731336914101838 1.127365255482221
40.30598052851181 -1.84010005872278 1.1452939181151554
40.80667593880389 -1.9068144693737983 1.163021909798611
41.30737134909597 -1.9732770680589224 1.18054989560704
41.808066759388026 -2.039487999473841 1.1978785406148937
42.30876216968011 -2.105447408314249 1.2150085098966266
42.80945757997219 -2.1711554392758323 1.23194046852669
43.31015299026424 -2.2366122370542776 1.2486750815795344
43.810848400556324 -2.301817946345281 1.2652130141296147
44.311543810848406 -2.366772711844529 1.2815549312513823
44.81223922114046 -2.431476678247706 1.2977014980192878
45.31293463143254 -2.4959299902505103 1.3136533795077872
45.81363004172462 -2.560132792548627 1.3294112407913297
46.314325452016675 -2.624085229837741 1.3449757469443673
46.81502086230876 -2.6877874468135516 1.3603475630413542
47.31571627260084 -2.7512395881717415 1.3755273541567419
47.81641168289289 -2.814441798607997 1.3905157853649823
48.31710709318497 -2.8773942228180163 1.4053135217405284
48.817802503477054 -2.940097005497485 1.4199212283578324
49.318497913769136 -3.002550291342094 1.434339570291346
49.81919332406119 -3.0647542250475244 1.4485692126155214
50.31988873435327 -3.1267089513094755 1.462610820404812
50.82058414464535 -3.1884146148236345 1.4764650587336694
51.321279554937405 -3.2498713602856872 1.490132592676544
51.82197496522949 -3.311079332391328 1.5036140873078911
52.32267037552157 -3.3720386758362437 1.5169102077021626
52.82336578581362 -3.4327495353161197 1.530021618933809
53.3240611961057 -3.493212055526654 1.5429489860772836
53.824756606397784 -3.5534263811635327 1.555692974207039
54.32545201668984 -3.6133926569224393 1.5682542483975264
54.82614742698192 -3.673111027499071 1.5806334737231993
55.326842837274 -3.7325816375891145 1.5928313152585092
55.82753824756605 -3.791804631888259 1.604848438077909
56.328233657858135 -3.8507801550921945 1.6166855072558508
56.82892906815022 -3.9095083518966094 1.628343187866786
57.32962447844227 -3.96798936699719 1.6398221449851673
57.83031988873435 -4.026223345089638 1.651123043685449
58.33101529902643 -4.084210430869629 1.6622465490420797
58.831710709318486 -4.141950769032856 1.6731933261295147
59.33240611961057 -4.1994445042750135 1.6839640400222045
59.83310152990265 -4.256691781291786 1.6945593557946033
60.3337969401947 -4.313692744778865 1.7049799385211608
60.834492350486784 -4.37044753943194 1.7152264532763308
61.335187760778865 -4.426956309946699 1.7252995651345662
61.83588317107092 -4.483219201018833 1.7351999391703175
62.336578581363 -4.5392363573440315 1.7449282404580388
62.83727399165508 -4.595007923617984 1.754485134072181
63.337969401947134 -4.650534044536374 1.7638712850871976
63.838664812239216 -4.7058148647949 1.7730873585775393
64.3393602225313 -4.760850529089249 1.7821340196176607
64.84005563282335 -4.8156411821151055 1.7910119332820116
65.34075104311543 -4.870186968568166 1.7997217646450447
65.84144645340751 -4.924488033144114 1.8082641787812144
66.34214186369957 -4.978544520538642 1.8166398407649706
66.84283727399165 -5.03235657544744 1.8248494156707673
67.34353268428373 -5.0859243425661935 1.832893568573055
67.84422809457581 -5.139247966590598 1.8407729645462882
68.34492350486786 -5.192327592216334 1.848488268664917
68.84561891515995 -5.245163364139104 1.8560401460033946
69.34631432545203 -5.297755427054585 1.8634292616361734
69.84700973574408 -5.350103925658471 1.8706562806377052
70.34770514603616 -5.402209004646454 1.8777218680824437
70.84840055632824 -5.45407080871422 1.8846266890448387
71.3490959666203 -5.50568948255746 1.8913714085993456
71.84979137691238 -5.557065170871865 1.8979566918204138
72.35048678720446 -5.608198018353121 1.904383203782498
72.85118219749651 -5.6590881696969175 1.9106516095600476
73.3518776077886 -5.7097357695989475 1.9167625742275167
73.85257301808068 -5.760140962754899 1.9227167628593589
74.35326842837273 -5.810303893860456 1.928514840530023
74.85396383866481 -5.8602247076113185 1.934157472313965
75.35465924895689 -5.909903548703169 1.9396453232856345
75.85535465924895 -5.959340561831696 1.944979058519486
76.35605006954103 -6.008535891692593 1.9501593430899689
76.85674547983308 -6.057489682981543 1.9551868420715375
77.35744089012519 -6.106202080394248 1.960062220538645
77.85813630041724 -6.154673228626385 1.964786143565741
78.3588317107093 -6.2029032723736455 1.9693592762272794
78.8595271210014 -6.250892356331726 1.9737822835977121
79.36022253129346 -6.298640625196307 1.9780558307514922
79.86091794158551 -6.346148223663085 1.9821805827630705
80.36161335187762 -6.393415296427748 1.9861572047069005
80.86230876216968 -6.44044198818598 1.989986361657434
81.36300417246173 -6.487228443633476 1.9936687186891227
81.86369958275384 -6.533774807465927 1.9972049408764205
82.36439499304589 -6.580081224379014 2.0005956932937776
82.86509040333794 -6.626147839068431 2.003841641015648
83.36578581363005 -6.6719747962298745 2.0069434491164833
83.86648122392211 -6.717562240559025 2.0099017826707364
84.36717663421416 -6.762910316751571 2.012717306752858
84.86787204450627 -6.808019169503212 2.0153906864373026
85.36856745479832 -6.852888943509625 2.0179225867985204
85.86926286509038 -6.897519783466508 2.020313672910963
86.36995827538249 -6.941911834069551 2.022564609849087
86.87065368567454 -6.986065240014436 2.02467606268734
87.3713490959666 -7.029980145996855 2.0266486965001773
87.8720445062587 -7.073656696712505 2.02848317636205
88.37273991655076 -7.117095036857065 2.0301801673474102
88.87343532684281 -7.160295311126229 2.03174033453071
89.37413073713492 -7.203257664215692 2.033164342986402
89.87482614742697 -7.245982240821131 2.0344528577889394
90.37552155771903 -7.288469185638244 2.035606544012772
90.87621696801114 -7.330718643362725 2.0366260667323566
91.37691237830319 -7.37273075869025 2.0375120910221396
91.87760778859524 -7.414505676316517 2.038265281956578
92.37830319888735 -7.456043540937219 2.038886304610121
92.8789986091794 -7.497344497248034 2.039375824057225
93.37969401947146 -7.538408689944657 2.039734505372337
93.88038942976357 -7.579236263722787 2.0399630136299134
94.38108484005562 -7.619827363278097 2.0400620139044046
94.88178025034773 -7.66018213330629 2.040032171270262
95.38247566063978 -7.700300718503047 2.03987415080194
95.88317107093184 -7.740183263564059 2.039588617573889
96.38386648122395 -7.779829913185021 2.0391762366605635
96.884561891516 -7.819240812061612 2.0386376731364138
97.38525730180805 -7.858416104889529 2.0379735920758932
97.88595271210016 -7.897355936364463 2.0371846585534534
98.38664812239222 -7.9360604511820965 2.0362715376435476
98.88734353268427 -7.974529794038122 2.0352348944206264
99.38803894297638 -8.012764109628236 2.034075393959144
99.88873435326843 -8.050763542648117 2.032793701333551
100.38942976356049 -8.088528237793462 2.0313904816183017
100.8901251738526 -8.126058339759958 2.0298663998878457
101.39082058414465 -8.163353993243287 2.0282221212166363
101.8915159944367 -8.200415342939152 2.0264583106791276
102.39221140472881 -8.237242533543235 2.0245756333497704
102.89290681502086 -8.273835709751225 2.022574754303017
103.39360222531292 -8.31019501625881 2.02045633861332
103.89429763560503 -8.346320597761686 2.0182210513551304
104.39499304589708 -8.382212598955537 2.015869557602902
104.89568845618913 -8.417871164536056 2.013402522431086
105.39638386648124 -8.453296439198933 2.010820610914136
105.8970792767733 -8.488488567639848 2.0081244881265032
106.39777468706535 -8.523447694554498 2.00531481914264
106.89847009735746 -8.55817396463858 2.002392269037
107.39916550764951 -8.592667522587767 1.9993575028840336
107.89986091794157 -8.626928513097756 1.9962111857581941
108.40055632823368 -8.660957080864243 1.992953982733934
108.90125173852573 -8.694753370582912 1.9895865588857047
109.40194714881778 -8.728317526949446 1.9861095792879577
109.90264255910989 -8.76164969465955 1.982523709015149
110.40333796940195 -8.794750018408894 1.9788296131417258
110.904033379694 -8.827618642893178 1.9750279567421447
111.40472878998611 -8.860255712808094 1.9711194048908556
111.90542420027816 -8.892661372849329 1.9671046226623108
112.40611961057022 -8.924835767712565 1.9629842751309627
112.90681502086233 -8.956779042093508 1.9587590273712665
113.40751043115438 -8.988491340687833 1.954429544457671
113.90820584144643 -9.019972808191234 1.9499964914646284
114.40890125173854 -9.0512235892994 1.9454605334665913
114.9095966620306 -9.08224382870802 1.9408223355380148
115.41029207232265 -9.113033671112785 1.936082562753351
115.91098748261476 -9.143593261209386 1.9312418801870466
116.41168289290681 -9.173922743693502 1.9263009529135589
116.91237830319886 -9.204022263260836 1.9212604460073395
117.41307371349097 -9.233891964607075 1.91612102454284
117.91376912378303 -9.263531992427904 1.9108833535945127
118.41446453407508 -9.292942491419012 1.90554809823681
118.91515994436719 -9.322123606276094 1.9001159235441818
119.41585535465924 -9.351075481694831 1.8945874945910857
119.9165507649513 -9.379798262370915 1.8889634764519705
120.4172461752434 -9.408292093000046 1.8832445342012887
120.91794158553546 -9.4365571182779 1.8774313329134926
121.41863699582751 -9.46459348290017 1.8715245376630338
121.91933240611962 -9.49240133156255 1.8655248135243674
122.42002781641168 -9.519980808960728 1.859432825571943
122.92072322670373 -9.547332059790389 1.853249238880213
123.42141863699584 -9.574455228747226 1.84697471852363
123.92211404728789 -9.601350460526927 1.8406099295766472
124.42280945757994 -9.628017899825181 1.8341555371137186
124.92350486787205 -9.65445769133768 1.8276122062092914
125.42420027816411 -9.680669979760111 1.8209806019378216
125.92489568845616 -9.706654909788167 1.814261389373759
126.42559109874827 -9.732412626117537 1.8074552335915601
126.92628650904032 -9.757943273443903 1.8005627996656741
127.42698191933238 -9.783246996462957 1.7935847526705524
127.92767732962449 -9.808323939870398 1.7865217576806474
128.42837273991654 -9.833174248361907 1.779374479770415
128.9290681502086 -9.857798066633169 1.7721435840143058
129.4297635605007 -9.88219553937989 1.764829735486768
129.93045897079276 -9.90636681129774 1.757433599262258
130.4311543810848 -9.930312027082422 1.7499558404152287
130.93184979137692 -9.954031331429626 1.7423971240201312
131.43254520166897 -9.977524869035026 1.7347581151514173
131.93324061196108 -10.000792784594328 1.7270394788835375
132.43393602225314 -10.02383522280321 1.719241880290946
132.9346314325452 -10.046652328357371 1.7113659844480977
133.4353268428373 -10.069244245952497 1.7034124564294417
133.93602225312935 -10.09161112028427 1.695381961309432
134.4367176634214 -10.113753096048391 1.6872751641625177
134.93741307371351 -10.135670317940544 1.6790927300631509
135.43810848400557 -10.157362930656422 1.670835324085792
135.93880389429762 -10.178831078891704 1.6625036113048848
136.43949930458973 -10.200074907342092 1.6540982567948832
136.94019471488178 -10.221094560703268 1.6456199256302406
137.44089012517384 -10.241890183670922 1.6370692828854103
137.94158553546595 -10.262461920940748 1.628446993634843
138.442280945758 -10.282809917208429 1.6197537229529917
138.94297635605005 -10.302934317169658 1.610990135914309
139.44367176634216 -10.322835265520126 1.6021568975932439
139.94436717663422 -10.342512906955527 1.5932546730642547
140.44506258692627 -10.361967386171532 1.5842841274017887
140.94575799721838 -10.381198847863853 1.5752459256802982
141.44645340751043 -10.400207436728163 1.566140732974241
141.94714881780249 -10.418993297460158 1.556969214358064
142.4478442280946 -10.43755657475553 1.5477320349062198
142.94853963838665 -10.455897413309962 1.5384298596931625
143.4492350486787 -10.474015957819152 1.5290633537933445
143.9499304589708 -10.491912352978776 1.5196331822812146
144.45062586926286 -10.50958674348454 1.5101400102312323
144.95132127955492 -10.52703927403212 1.500584502717843
145.45201668984703 -10.544270089317209 1.4909673248155009
145.95271210013908 -10.5612793340355 1.4812891415986573
146.45340751043113 -10.578067152882682 1.4715506181417684
146.95410292072324 -10.594633690554442 1.4617524195192846
147.4547983310153 -10.610979091746469 1.4518952108056549
147.95549374130735 -10.627103501154455 1.4419796570753387
148.45618915159946 -10.64300706347409 1.4320064234027796
148.9568845618915 -10.65868992340106 1.4219761748624353
149.45757997218357 -10.674152225631055 1.4118895765287582
149.95827538247568 -10.689394114859766 1.4017472934761972
150.45897079276773 -10.70441573578288 1.3915499907792082
150.95966620305978 -10.719217233096089 1.3812983335122417
151.4603616133519 -10.733798751495083 1.3709929867497486
151.96105702364395 -10.748160435675551 1.3606346155661864
152.461752433936 -10.762302430333182 1.3502238850360004
152.9624478442281 -10.776224880163667 1.339761460233645
153.46314325452016 -10.789927929862689 1.3292480062335776
153.96383866481222 -10.803411724125944 1.3186841881102473
154.46453407510432 -10.816676407649119 1.308070670938103
154.96522948539638 -10.829722125127901 1.2974081197916003
155.46592489568843 -10.842549021257984 1.2866971997451901
155.96662030598054 -10.85515724073506 1.2759385758733266
156.4673157162726 -10.86754692825481 1.265132913250462
156.96801112656465 -10.879718228512928 1.2542808769510454
157.46870653685676 -10.891671286205106 1.243383132049529
157.9694019471488 -10.903406246027028 1.2324403436203724
158.47009735744086 -10.914923252674384 1.2214531767380226
158.97079276773297 -10.926222450842868 1.2104222964769267
159.47148817802503 -10.93730398522817 1.1993483679115478
159.97218358831708 -10.948168000525968 1.1882320561163293
160.4728789986092 -10.958814641431967 1.177074026165729
160.97357440890124 -10.969244052641848 1.165874943134196
161.4742698191933 -10.9794563788513 1.154635472096184
161.9749652294854 -10.989451764756012 1.143356278126144
162.47566063977746 -10.99923035505168 1.13203802629853
162.9763560500695 -11.008792294433984 1.1206813816877925
163.47705146036162 -11.01813772759862 1.1092870093683842
163.97774687065368 -11.027266799241279 1.0978555744147627
164.47844228094573 -11.036179654057637 1.0863877419013714
164.97913769123784 -11.044876436743404 1.0748841769026665
165.4798331015299 -11.05335729199426 1.063345544493102
165.98052851182194 -11.06162236450589 1.0517725097471284
166.48122392211405 -11.069671798973985 1.0401657377391966
166.9819193324061 -11.077505740094235 1.0285258935437607
167.48261474269816 -11.085124332562334 1.0168536422352747
167.98331015299027 -11.092527721073967 1.0051496488881877
168.48400556328232 -11.099716050324826 0.9934145785769537
168.98470097357443 -11.1066894650106 0.9816490963760252
169.4853963838665 -11.113448109826976 0.9698538673598527
169.98609179415854 -11.119992129469647 0.9580295566028905
170.48678720445065 -11.126321668634297 0.9461768291795873
170.9874826147427 -11.132436872016623 0.934296350164401
171.48817802503476 -11.138337884312307 0.9223887846317804
171.98887343532687 -11.144024850217043 0.9104547976561796
172.48956884561892 -11.149497914426519 0.8984950543120476
172.99026425591097 -11.154757221636423 0.8865102196738401
173.49095966620308 -11.159802916542446 0.8745009588160044
173.99165507649514 -11.164635143840279 0.8624679368130035
174.4923504867872 -11.16925404822561 0.8504118187392773
174.9930458970793 -11.173659774394128 0.83833326966928
175.49374130737135 -11.177852467041525 0.8262329546774729
175.9944367176634 -11.181832270863485 0.8141115388383013
176.49513212795551 -11.185599330555704 0.8019696872262176
176.99582753824757 -11.189153790813865 0.789808064915676
177.49652294853962 -11.19249579633366 0.7776273369811306
177.99721835883173 -11.19562549181078 0.765428168497025
178.49791376912378 -11.198543021940917 0.7532112245378204
178.99860917941584 -11.201248531419754 0.7409771701779693
179.49930458970795 -11.203742164942987 0.7287266704919186
180.0 -11.206024067206297 0.7164603905541191
