Polar data for a18sm at Re = 231428.57142857145
Alpha (deg) Cl Cd
-180.0 -9.537243952490629 0.9320538217512628
-179.49930458970792 -9.54894111159266 0.9298734851701465
-178.99860917941587 -9.560468876420783 0.927677732689935
-178.49791376912378 -9.571826814645506 0.9254666757445005
-177.9972183588317 -9.583014493937327 0.9232404257677209
-177.49652294853965 -9.594031481966732 0.92099909419347
-176.99582753824757 -9.604877346404232 0.9187427924556237
-176.4951321279555 -9.615551654920315 0.9164716319880557
-175.99443671766343 -9.62605397518548 0.9141857242246427
-175.49374130737135 -9.636383874870226 0.9118851805992598
-174.99304589707927 -9.646540921645054 0.9095701125457833
-174.49235048678722 -9.656524683180452 0.9072406314980852
-173.99165507649514 -9.666334727146923 0.904896848890044
-173.49095966620305 -9.675970621214969 0.9025388761555324
-172.990264255911 -9.685431933055076 0.9001668247284269
-172.48956884561892 -9.69471823033775 0.8977808060426029
-171.98887343532684 -9.70382908073349 0.8953809315319359
-171.48817802503476 -9.712764051912783 0.8929673126302999
-170.9874826147427 -9.721522711546134 0.8905400607715714
-170.48678720445062 -9.730104627304042 0.8880992873896236
-169.98609179415854 -9.738509366856999 0.8856451039183346
-169.4853963838665 -9.746736497875501 0.8831776217915772
-168.9847009735744 -9.754785588030057 0.8806969524432273
-168.48400556328232 -9.762656204991151 0.8782032073071608
-167.98331015299027 -9.770347916429284 0.8756964978172528
-167.4826147426982 -9.777860290014958 0.8731769354073777
-166.9819193324061 -9.785192893418666 0.8706446315114125
-166.48122392211405 -9.792345294310906 0.8680996975632294
-165.98052851182197 -9.79931706036218 0.865542244996707
-165.4798331015299 -9.806107759242975 0.8629723852457172
-164.97913769123784 -9.812716958623795 0.8603902297441373
-164.47844228094576 -9.819144226175139 0.8577958899258435
-163.97774687065368 -9.825389129567506 0.855189477224708
-163.47705146036162 -9.831451236471382 0.8525711030746086
-162.97635605006954 -9.837330114557277 0.8499408789094183
-162.47566063977746 -9.843025331495683 0.8472989161630151
-161.9749652294854 -9.848536454957095 0.8446453262692728
-161.47426981919332 -9.853863052612015 0.8419802206620655
-160.97357440890124 -9.85900469213094 0.8393037107752708
-160.4728789986092 -9.863960941184361 0.8366159080427611
-159.9721835883171 -9.86873136744278 0.8339169238984132
-159.47148817802503 -9.8733155385767 0.8312068697761026
-158.97079276773297 -9.877713022256605 0.8284858571097047
-158.4700973574409 -9.881923386153003 0.8257539973330936
-157.9694019471488 -9.885946197936391 0.8230114018801453
-157.46870653685676 -9.889781025277259 0.8202581821847348
-156.96801112656468 -9.89342743584611 0.817494449680737
-156.4673157162726 -9.896884997313444 0.8147203158020275
-155.96662030598054 -9.90015327734975 0.8119358919824817
-155.46592489568846 -9.90323184362553 0.8091412896559746
-154.96522948539638 -9.906120263811285 0.8063366202563809
-154.46453407510432 -9.908818105577504 0.8035219952175776
-153.96383866481224 -9.91132493659469 0.8006975259734368
-153.46314325452016 -9.913640324533342 0.7978633239578383
-152.9624478442281 -9.91576383706395 0.7950195006046523
-152.46175243393603 -9.917695041857018 0.7921661673477569
-151.96105702364395 -9.919433506583045 0.7893034356210267
-151.4603616133519 -9.920978798912516 0.7864314168583366
-150.9596662030598 -9.922330486515943 0.7835502224935631
-150.45897079276773 -9.923488137063817 0.7806599639605789
-149.95827538247568 -9.924451318226632 0.7777607526932635
-149.4575799721836 -9.925219597674891 0.7748527001254866
-148.9568845618915 -9.925792543079092 0.7719359176911271
-148.45618915159943 -9.926169722109726 0.7690105168240611
-147.95549374130738 -9.926350702437292 0.7660766089581594
-147.4547983310153 -9.926335051732295 0.7631343055273012
-146.95410292072324 -9.926122337665221 0.7601837179653614
-146.45340751043116 -9.925712127906573 0.7572249577062129
-145.95271210013908 -9.925103990126853 0.7542581361837328
-145.452016689847 -9.92429749199655 0.7512833648317958
-144.95132127955495 -9.923292201186163 0.7483007550842773
-144.45062586926286 -9.922087685366195 0.7453104183750519
-143.94993045897078 -9.920683512207138 0.7423124661379941
-143.44923504867873 -9.919079249379488 0.739307009806982
-142.94853963838665 -9.917274464553746 0.7362941608158895
-142.44784422809457 -9.915268725400413 0.7332740305985901
-141.9471488178025 -9.913061599589977 0.7302467305889611
-141.44645340751043 -9.91065265479294 0.7272123722208752
-140.94575799721835 -9.908041458679804 0.724171066928212
-140.44506258692627 -9.905227578921059 0.7211229261448424
-139.94436717663422 -9.902210583187204 0.7180680613046437
-139.44367176634213 -9.89899003914874 0.7150065838414923
-138.94297635605005 -9.895565514476159 0.7119386051892596
-138.442280945758 -9.891936576839962 0.7088642367818232
-137.94158553546592 -9.888102793910647 0.7057835900530591
-137.44089012517384 -9.884063733358706 0.7026967764368415
-136.94019471488178 -9.879818962854642 0.6996039073670461
-136.4394993045897 -9.875368050068955 0.6965050942775473
-135.93880389429762 -9.870710562672132 0.6934004486022207
-135.43810848400557 -9.865846068334676 0.6902900817749424
-134.9374130737135 -9.86077413472709 0.6871741052295857
-134.4367176634214 -9.855494329519859 0.6840526304000272
-133.93602225312935 -9.85000622038349 0.6809257687201415
-133.43532684283727 -9.844309374988478 0.6777936316238051
-132.9346314325452 -9.838403361005318 0.6746563305448925
-132.43393602225314 -9.832287746104509 0.6715139769172778
-131.93324061196105 -9.825962097956554 0.6683666821748373
-131.43254520166897 -9.81942598423194 0.6652145577514457
-130.93184979137692 -9.812678972601166 0.6620577150809792
-130.43115438108484 -9.805720630734738 0.6588962655973125
-129.93045897079276 -9.798550526303144 0.6557303207343201
-129.4297635605007 -9.791168226976886 0.6525599919258793
-128.92906815020862 -9.783573300426463 0.649385390605862
-128.42837273991654 -9.775765314322365 0.646206628208148
-127.92767732962449 -9.767743836335097 0.6430238161666066
-127.4269819193324 -9.759508434135155 0.6398370659151178
-126.92628650904032 -9.751058675393033 0.6366464888875552
-126.42559109874827 -9.742394127779226 0.6334521965177942
-125.92489568845619 -9.733514358964243 0.6302543002397094
-125.42420027816411 -9.72441893661857 0.6270529114871763
-124.92350486787205 -9.715107428412706 0.6238481416940713
-124.42280945757997 -9.705579402017154 0.6206401022942671
-123.92211404728789 -9.695834425102404 0.6174289047216419
-123.42141863699584 -9.685872065338957 0.6142146604100684
-122.92072322670376 -9.675691890397315 0.610997480793424
-122.42002781641168 -9.665293467947969 0.6077774773055822
-121.91933240611961 -9.654676365661414 0.6045547613804194
-121.41863699582754 -9.643840151208154 0.6013294444518094
-120.91794158553546 -9.632784392258687 0.5981016379536293
-120.41724617524339 -9.621508656483503 0.5948714533197519
-119.91655076495132 -9.610012511553103 0.5916390019840554
-119.41585535465924 -9.59829552513799 0.5884043953804126
-118.91515994436718 -9.58635726490865 0.5851677449426989
-118.41446453407511 -9.574197298535587 0.5819291621047924
-117.91376912378303 -9.5618151936893 0.5786887583005642
-117.41307371349096 -9.549210518040283 0.5754466449638924
-116.91237830319889 -9.536382839259034 0.5722029335286498
-116.41168289290681 -9.523331725016053 0.5689577354287145
-115.91098748261474 -9.510056742981833 0.5657111620979594
-115.41029207232268 -9.496557460826871 0.5624633249702615
-114.9095966620306 -9.482833446221672 0.5592143354794947
-114.40890125173853 -9.468884266836723 0.5559643050595344
-113.90820584144646 -9.454709490342529 0.5527133451442561
-113.40751043115438 -9.440308684409585 0.549461567167536
-112.90681502086231 -9.425681416708386 0.5462090825632471
-112.40611961057024 -9.410827254909432 0.5429560027652665
-111.90542420027816 -9.395745766683222 0.5397024392074687
-111.4047287899861 -9.380436519700249 0.5364485033237294
-110.90403337969401 -9.364899081631009 0.5331943065479221
-110.40333796940195 -9.34913302014601 0.5299399603139241
-109.90264255910988 -9.333137902915736 0.52668557605561
-109.4019471488178 -9.316913297610691 0.5234312652068542
-108.90125173852573 -9.300458771901376 0.5201771392015324
-108.40055632823366 -9.28377389345828 0.5169233094735217
-107.89986091794158 -9.266858229951902 0.5136698874566941
-107.39916550764951 -9.249711349052747 0.5104169845849285
-106.89847009735745 -9.232332818431304 0.507164712292095
-106.39777468706536 -9.214722205758074 0.5039131820120719
-105.8970792767733 -9.196879078703557 0.5006625051787355
-105.39638386648123 -9.178803004938242 0.4974127932259602
-104.89568845618915 -9.160493552132632 0.4941641575876199
-104.39499304589708 -9.141950287957226 0.4909167096975917
-103.89429763560501 -9.123172780082518 0.48767056098975115
-103.39360222531293 -9.104160596179003 0.4844258228979692
-102.89290681502086 -9.084913303917187 0.481182606856124
-102.3922114047288 -9.065430470967557 0.4779410242980937
-101.89151599443672 -9.045711665000617 0.4747011866577484
-101.39082058414465 -9.025756453686865 0.47146320536896624
-100.89012517385257 -9.00556440469679 0.4682271918656209
-100.3894297635605 -8.985135085700902 0.4649932575815896
-99.88873435326843 -8.964468064369694 0.4617615139507478
-99.38803894297635 -8.943562908373648 0.4585320724069675
-98.88734353268428 -8.922419185383285 0.4553050443841249
-98.38664812239222 -8.901036463069088 0.4520805413160982
-97.88595271210013 -8.879414309101557 0.4488586746367593
-97.38525730180807 -8.857552291151196 0.4456395557799855
-96.884561891516 -8.83544997688849 0.44242329617965126
-96.38386648122392 -8.813106933983944 0.43921000726962944
-95.88317107093185 -8.790522730108059 0.43599980048379994
-95.38247566063978 -8.767696932931324 0.43279278725603554
-94.8817802503477 -8.744629110124237 0.42958907902020993
-94.38108484005564 -8.721318829357307 0.4263887872102021
-93.88038942976357 -8.697765658301014 0.42319202325988314
-93.37969401947149 -8.673969164625866 0.41999889860312933
-92.87899860917942 -8.649928916002361 0.4168095246738188
-92.37830319888734 -8.625644480100991 0.4136240129058244
-91.87760778859527 -8.601115424592257 0.41044247473302065
-91.3769123783032 -8.576341317146657 0.4072650215892848
-90.87621696801112 -8.551321725434681 0.4040917649084905
-90.37552155771905 -8.526056217126836 0.4009228161245142
-89.87482614742699 -8.500544359893615 0.39775828667123037
-89.3741307371349 -8.474785721405516 0.39459828798251273
-88.87343532684284 -8.448779869333032 0.3914429314922394
-88.37273991655077 -8.42252637134667 0.388292328634285
-87.87204450625869 -8.396024795116919 0.3851465908425231
-87.37134909596662 -8.369274708314279 0.3820058295508284
-86.87065368567455 -8.34227567860925 0.37887015619308073
-86.36995827538247 -8.315027273672323 0.37573968220314935
-85.8692628650904 -8.287529061173995 0.37261451901491416
-85.36856745479834 -8.259780608784775 0.36949477806224795
-84.86787204450626 -8.231781484175146 0.3663805707790253
-84.36717663421419 -8.203531255015614 0.36327200859912345
-83.86648122392211 -8.175029488976678 0.36016920295641786
-83.36578581363004 -8.146275753728828 0.3570722652847822
-82.86509040333797 -8.117269616942567 0.35398130701809283
-82.36439499304589 -8.08801064628839 0.3508964395902243
-81.86369958275382 -8.058498409436792 0.34781777443504946
-81.36300417246176 -8.028732474058272 0.3447454229864473
-80.86230876216968 -7.998712407823334 0.3416794966782897
-80.36161335187761 -7.968437778402466 0.33862010694445743
-79.86091794158554 -7.937908153466166 0.3355673652188198
-79.36022253129346 -7.90712310068494 0.3325213829352558
-78.85952712100139 -7.876082187729276 0.3294822715276391
-78.35883171070932 -7.8447849822696725 0.32645014242984427
-77.85813630041724 -7.813231051976635 0.323425107075745
-77.35744089012518 -7.78141996452065 0.3204072768992239
-76.85674547983311 -7.749351287572223 0.31739676333414657
-76.35605006954103 -7.717024588801847 0.31439367781439387
-75.85535465924896 -7.684439435880021 0.31139813177384124
-75.35465924895689 -7.651595396477239 0.30841023664636147
-74.85396383866481 -7.618492038264005 0.3054301038658327
-74.35326842837274 -7.585128928910811 0.3024578448661259
-73.85257301808066 -7.551505636088155 0.2994935710811184
-73.3518776077886 -7.517621727466539 0.29653739394468825
-72.85118219749653 -7.483476770716454 0.2935894248907065
-72.35048678720445 -7.449070333508397 0.2906497753530486
-71.84979137691238 -7.414401983512873 0.2877185567655953
-71.34909596662031 -7.379471288400373 0.28479588056221417
-70.84840055632823 -7.344277815841389 0.281881858176785
-70.34770514603616 -7.308821133506433 0.27897660104318334
-69.8470097357441 -7.273100809065996 0.27608022059528103
-69.34631432545201 -7.2371164101905645 0.27319282826695623
-68.84561891515995 -7.200867504550656 0.2703145354920826
-68.34492350486788 -7.164353659816749 0.26744545370453743
-67.8442280945758 -7.127574443659354 0.26458569433819346
-67.34353268428373 -7.090529423748963 0.26173536882692794
-66.84283727399166 -7.05321816775607 0.2588945886046119
-66.34214186369958 -7.015640243351173 0.256063465105127
-65.84144645340751 -6.977795218204781 0.2532421097623443
-65.34075104311543 -6.939682659987378 0.2504306340101401
-64.84005563282336 -6.901302136369461 0.247629149282389
-64.3393602225313 -6.862653215021544 0.24483776701296733
-63.838664812239216 -6.823735463614101 0.2420565986357479
-63.33796940194715 -6.784548449817644 0.23928575558461151
-62.83727399165508 -6.745091741302671 0.2365253492934256
-62.336578581363 -6.705364905739673 0.233775491196071
-61.83588317107093 -6.665367510799145 0.23103629272642046
-61.335187760778865 -6.625099124151598 0.22830786531835212
-60.834492350486784 -6.584559313467514 0.22559032040573612
-60.333796940194716 -6.543747646417396 0.22288376942245325
-59.83310152990265 -6.502663690671747 0.2201883238023763
-59.33240611961057 -6.461307013901058 0.21750409497937806
-58.8317107093185 -6.419677183775823 0.21483119438733667
-58.33101529902643 -6.377773767966554 0.21216973346012669
-57.83031988873435 -6.335596334143732 0.20951982363162536
-57.329624478442284 -6.2931444499778575 0.2068815763357046
-56.82892906815022 -6.250417683139437 0.20425510300623806
-56.328233657858135 -6.20741560129896 0.20164051507710834
-55.82753824756607 -6.164137772126919 0.19903792398218467
-55.326842837273986 -6.120583763293828 0.1964474411553443
-54.82614742698192 -6.076753142470176 0.19386917803046178
-54.32545201668985 -6.032645477326449 0.1913032460414099
-53.82475660639777 -5.988260335533157 0.1887497566220686
-53.3240611961057 -5.9435972847608 0.18620882120630888
-52.823365785813635 -5.898655892679868 0.18368055122801064
-52.322670375521554 -5.853435726960855 0.18116505812104666
-51.82197496522949 -5.80793635527427 0.17866245331928976
-51.321279554937405 -5.7621573452905945 0.17617284825661894
-50.82058414464535 -5.716098264680342 0.173696354366907
-50.31988873435327 -5.669758681114006 0.17123308308403118
-49.81919332406119 -5.623138162262075 0.16878314584186427
-49.318497913769136 -5.576236275795052 0.1663466540742844
-48.817802503477054 -5.529052589383442 0.16392371921516347
-48.31710709318497 -5.481586670697725 0.16151445269837783
-47.81641168289292 -5.433838087408409 0.1591189659578056
-47.31571627260084 -5.3858064071859975 0.15673737042731872
-46.81502086230876 -5.337491197700972 0.15436977754079084
-46.3143254520167 -5.288892026623843 0.15201629873210276
-45.81363004172462 -5.2400084616251075 0.1496770454351255
-45.31293463143254 -5.190840070375254 0.14735212908373718
-44.81223922114049 -5.1413864205447855 0.14504166111180883
-44.311543810848406 -5.091647079804199 0.14274575295321856
-43.810848400556324 -5.041621615823987 0.14046451604184185
-43.31015299026427 -4.991309596274656 0.13819806181155325
-42.80945757997219 -4.940710588826702 0.13594650169622557
-42.30876216968011 -4.889824161150605 0.13370994712973872
-41.808066759388026 -4.8386498809168845 0.13148850954596458
-41.30737134909597 -4.787187315796034 0.12928230037877864
-40.80667593880389 -4.735436033458539 0.127091431062059
-40.30598052851181 -4.683395601574899 0.12491601302967936
-39.80528511821976 -4.631065587815636 0.12275615771551251
-39.304589707927676 -4.578445559851209 0.1206119765534357
-38.803894297635594 -4.525535085352141 0.11848358097732348
-38.30319888734354 -4.472333731988927 0.11637108242105132
-37.80250347705146 -4.418841067432053 0.11427459231849646
-37.30180806675938 -4.365056659352016 0.1121942221035308
-36.801112656467325 -4.310980075419339 0.11013008321003248
-36.30041724617524 -4.256610883304484 0.10808228707187251
-35.79972183588316 -4.201948650677972 0.10605094512293078
-35.29902642559111 -4.1469929452102985 0.10403616879708011
-34.79833101529903 -4.091743334571946 0.10203806952819594
-34.297635605006946 -4.036199386433426 0.10005675875015552
-33.79694019471489 -3.9803606684652393 0.09809234789682986
-33.29624478442281 -3.9242267483378632 0.09614494840209797
-32.79554937413073 -3.8677971937218074 0.09421467169983444
-32.294853963838676 -3.8110715722875788 0.09230162922391116
-31.794158553546595 -3.754049451705652 0.09040593240820716
-31.293463143254513 -3.6967303996465417 0.08852769268659877
-30.79276773296246 -3.6391139837807507 0.08666702149295702
-30.29207232267038 -3.581199771778754 0.08482403026116003
-29.791376912378297 -3.5229873313110622 0.08299883042507972
-29.290681502086244 -3.4644762300481857 0.08119153341859597
-28.789986091794162 -3.4056660356605923 0.07940225067558071
-28.28929068150208 -3.3465563158187925 0.07763109362990939
-27.788595271210028 -3.287146638193304 0.07587817371546013
-27.287899860917946 -3.227436570454594 0.07414360236610307
-26.787204450625865 -3.1674256802731704 0.07242749101571722
-26.28650904033381 -3.107113535319543 0.07072995109817892
-25.78581363004173 -3.046499703264183 0.06905109404736098
-25.28511821974965 -2.985583751777605 0.06739103129713708
-24.784422809457595 -2.9243652485303193 0.06574987428138712
-24.283727399165514 -2.862843761192797 0.06412773443397857
-23.783031988873432 -2.8010188574355452 0.06252472318879665
-23.28233657858135 -2.7388901049290673 0.06094095197970972
-22.781641168289298 -2.676457071343856 0.059376532240595026
-22.280945757997216 -2.6137193243504036 0.057831575405328906
-21.780250347705135 -2.5506764316192174 0.056306192907781494
-21.27955493741308 -2.4873279608207937 0.054800496181835356
-20.778859527121 -2.423673479625618 0.053314596661360625
-20.27816411682892 -2.3597125557042005 0.05184860578023365
-19.777468706536865 -2.295444756727034 0.05040263497233166
-19.276773296244784 -2.230869650364608 0.04897679567152746
-18.776077885952702 -2.165986804287433 0.0475711993116974
-18.27538247566065 -2.1007957861660045 0.046185957326715155
-17.774687065368568 -2.0352961636708087 0.044821181150458855
-17.273991655076486 -1.9694875044723488 0.043476982216802185
-16.773296244784433 -1.9033693762411317 0.04215347195961883
-16.27260083449235 -1.8369413466476359 0.04085076181278513
-15.77190542420027 -1.7702029833623825 0.03956896321017922
-15.271210013908217 -1.70315385405585 0.038308187585672115
-14.770514603616135 -1.6357935263985346 0.037068546373140165
-14.269819193324054 -1.5681215680609468 0.03585015100645972
-13.769123783032 -1.500137546713583 0.03465311291950357
-13.268428372739919 -1.4318410300269249 0.033477543546149846
-12.767732962447838 -1.3632315856714832 0.032323554320274006
-12.267037552155784 -1.2943087813177612 0.031191256675748846
-11.766342141863703 -1.2250721846362302 0.03008076204644894
-11.265646731571621 -1.1555213632974186 0.028992181866253297
-10.764951321279568 -1.0856558849718083 0.027925627569034717
-10.264255910987487 -1.015475317329885 0.02688121058866777
-9.763560500695405 -0.9449792280421732 0.025859042359030582
-9.262865090403352 -0.8741671847791515 0.024859234313992395
-8.76216968011127 -0.8030387552113196 0.02388189788743489
-8.261474269819189 -0.7315935070091775 0.02292714451323352
-7.760778859527136 -0.6598310078432283 0.02199508562525665
-7.260083449235054 -0.5877508253839543 0.02108583265738595
-6.759388038942973 -0.5153525273018693 0.02019949704349333
-6.25869262865092 -0.44263568126745545 0.01933619021745603
-5.757997218358838 -0.36959985495121606 0.018496023613147727
-5.257301808066757 -0.2962446160236616 0.017679108664443888
-4.756606397774675 -0.22256953215527053 0.016885556805220858
-4.255910987482622 -0.14857417101653914 0.016115479469352323
-3.7552155771905404 -0.07425810027798496 0.015368988090715519
-3.254520166898459 0.00037911238990995244 0.014646194103182353
-2.753824756606406 0.07533789931664936 0.013947208940630063
-2.2531293463143243 0.1506186928317228 0.013272144036937661
-1.7524339360222427 0.22618247566064134 0.012618164116828916
-1.2517385257301896 0.30377357440889985 0.011907677329624493
-0.7510431154381081 0.3811435326842838 0.010837858136300416
-0.25034770514602656 0.4514045897079289 0.009705618915159926
0.25034770514602656 0.5156438108483994 0.009144840055632828
0.7510431154381081 0.5774260083449235 0.008934603616133518
1.2517385257301896 0.6358961057023654 0.008814826147426982
1.7524339360222427 0.6916172461752422 0.008820292072322669
2.2531293463143243 0.745024200278164 0.008910751043115438
2.753824756606406 0.7973531293463152 0.009122294853963844
3.254520166898459 0.8500246175243382 0.009468525730180798
3.7552155771905404 0.9018830319888732 0.009894798331015298
4.255910987482622 0.9517233657858143 0.010427093184979147
4.756606397774675 0.9990077885952702 0.011151098748261454
5.257301808066757 1.0394625869262863 0.012614937413073703
5.757997218358838 1.0737858136300422 0.015054784422809494
6.258692628650891 1.1086776077885945 0.017729332406119548
6.759388038942973 1.145035326842837 0.02019987482614741
7.260083449235054 1.180961891515995 0.022842878998609213
7.760778859527107 1.2187623087621686 0.025732517385257222
8.261474269819189 1.2599161335187756 0.030367510431154324
8.76216968011127 1.298981084840056 0.03504983310152993
9.262865090403324 1.3292906815020855 0.040011474269819006
9.763560500695405 1.3432084840055631 0.047492002781641084
10.264255910987487 1.3366966620305978 0.05572566063977754
10.76495132127954 1.3101764951321289 0.06334999999999978
11.265646731571621 1.269869958275383 0.07169759388038932
11.766342141863703 1.2257119544212192 0.08105309826182427
12.267037552155784 1.181575086411625 0.09036144405666272
12.767732962447838 1.1374623499630372 0.09961693217032996
13.268428372739919 1.093374177404954 0.10881967403670223
13.769123783032 1.0493110010668798 0.11796978108965428
14.269819193324054 1.0052732532783204 0.12706736476306074
14.770514603616135 0.9612613663687735 0.1361125364907979
15.271210013908217 0.9172757726677436 0.14510540770674052
15.77190542420027 0.8733169045047366 0.1540460898447632
16.27260083449235 0.8293851942092496 0.1629346943387423
16.773296244784433 0.7854810741107883 0.17177133262255234
17.273991655076486 0.7416049765388575 0.18055611613006828
17.774687065368568 0.697757333822955 0.18928915629516618
18.27538247566065 0.6539385782925862 0.19797056455172085
18.776077885952702 0.6101491422772556 0.20660045233360697
19.276773296244784 0.5663894581064615 0.2151789310747007
19.777468706536865 0.5226599581097087 0.22370611220887687
20.27816411682892 0.4789610746165027 0.23218210717001014
20.778859527121 0.43529323995634095 0.24060702739197676
21.27955493741308 0.39165688645872865 0.2489809843086514
21.780250347705135 0.3480524464531709 0.2573040893539088
22.280945757997216 0.3044803522691655 0.26557645396162516
22.781641168289298 0.26094103623621745 0.2737981895656753
23.28233657858135 0.21743493068383213 0.2819694075999339
23.783031988873432 0.17396246794150727 0.29009021949827707
24.283727399165514 0.13052408033874752 0.2981607366945796
24.784422809457567 0.08712020020505884 0.30618107062271627
25.28511821974965 0.04375125986993833 0.31415133271656337
25.78581363004173 0.0004176916628910732 0.3220716344099953
26.286509040333783 -0.0428800720865774 0.3299420871368871
26.787204450625865 -0.08614159904896956 0.3377628023311148
27.287899860917946 -0.12936645689477988 0.3455338914265533
27.78859527121 -0.17255421329450416 0.3532554658570771
28.28929068150208 -0.21570443591864352 0.3609276370565626
28.789986091794162 -0.2588166924376938 0.36855051645888437
29.290681502086215 -0.3018905505221494 0.3761242154979173
29.791376912378297 -0.34492557784251243 0.38364884560753754
30.29207232267038 -0.3879213420692782 0.39112451822161975
30.79276773296246 -0.43087741087294384 0.3985513447740392
31.293463143254513 -0.4737933519240043 0.40592943669867065
31.794158553546595 -0.5166687328929616 0.41325890542939026
32.294853963838676 -0.5595031214503106 0.4205398624000727
32.79554937413073 -0.6022960852665462 0.42777241904459284
33.29624478442281 -0.645047192012171 0.43495668679682675
33.79694019471489 -0.6877560093576798 0.4420927770906493
34.297635605006946 -0.7304221049735666 0.4491808013599352
34.79833101529903 -0.7730450465303349 0.45622087103856035
35.29902642559111 -0.815624401698479 0.46321309756039986
35.79972183588316 -0.8581597381484936 0.4701575923593284
36.30041724617524 -0.9006506235508813 0.4770544668692219
36.801112656467325 -0.9430966255761368 0.4839038325239553
37.30180806675938 -0.985497311894755 0.49070580075740355
37.80250347705146 -1.0278522501772378 0.4974604830034425
38.30319888734354 -1.0701610080940807 0.5041679906959469
38.803894297635594 -1.1124231533157785 0.5108284352687916
39.304589707927676 -1.1546382535128323 0.5174419281558528
39.80528511821976 -1.196805876355739 0.5240085807910052
40.30598052851181 -1.2389255895149915 0.5305285046081236
40.80667593880389 -1.2809969606610938 0.5370018110410839
41.30737134909597 -1.3230195574645394 0.5434286115237612
41.808066759388026 -1.3649929475958236 0.5498090174900302
42.30876216968011 -1.4069166987254489 0.5561431403737669
42.80945757997219 -1.4487903785239102 0.5624310916088461
43.31015299026424 -1.4906135546617016 0.5686729826291427
43.810848400556324 -1.5323857948093265 0.5748689248685326
44.311543810848406 -1.5741066666372787 0.5810190297608907
44.81223922114046 -1.6157757378160538 0.5871234087400918
45.31293463143254 -1.657392576016154 0.593182173240012
45.81363004172462 -1.6989567489080737 0.599195434694526
46.314325452016675 -1.7404678241623084 0.6051633045375087
46.81502086230876 -1.7819253694493598 0.6110858942028359
47.31571627260084 -1.8233289524397223 0.6169633151243828
47.81641168289289 -1.8646781408038922 0.6227956787360238
48.31710709318497 -1.905972502212371 0.6285830964716353
48.817802503477054 -1.9472116043356533 0.6343256797650919
49.318497913769136 -1.9883950148442362 0.6400235400502692
49.81919332406119 -2.029522301408616 0.6456767887610415
50.31988873435327 -2.070593031699294 0.6512855373312848
50.82058414464535 -2.111606773386764 0.6568498971948746
51.321279554937405 -2.1525630941415232 0.662369979785685
51.82197496522949 -2.1934615616340722 0.6678458965375922
52.32267037552157 -2.2343017435349064 0.6732777588844712
52.82336578581362 -2.27508320751452 0.6786656782601969
53.3240611961057 -2.315805521243416 0.6840097660986448
53.824756606397784 -2.3564682523920886 0.6893101338336902
54.32545201668984 -2.3970709686310347 0.6945668928992081
54.82614742698192 -2.4376132376307535 0.699780154729074
55.326842837274 -2.478094627061742 0.7049500307571628
55.82753824756605 -2.518514704594494 0.7100766324173498
56.328233657858135 -2.5588730378995126 0.7151600711435103
56.82892906815022 -2.5991691946472923 0.7202004583695195
57.32962447844227 -2.6394027425083286 0.7251979055292523
57.83031988873435 -2.679573249153122 0.7301525240565849
58.33101529902643 -2.719680282252169 0.7350644253853915
58.831710709318486 -2.759723409475964 0.7399337209495475
59.33240611961057 -2.7997021984950092 0.7447605221829285
59.83310152990265 -2.8396162169797985 0.7495449405194097
60.3337969401947 -2.879465032600829 0.7542870873928657
60.834492350486784 -2.919248213028601 0.7589870742371724
61.335187760778865 -2.9589653259336104 0.7636450124862051
61.83588317107092 -2.9986159389863514 0.768261013573838
62.336578581363 -3.0381996198573265 0.7728351889339474
62.83727399165508 -3.077715936217031 0.7773676500004081
63.337969401947134 -3.1171644557359595 0.7818585082070952
63.838664812239216 -3.1565447460846143 0.7863078749878845
64.3393602225313 -3.195856374933489 0.7907158617766505
64.84005563282335 -3.235098909953081 0.7950825800072687
65.34075104311543 -3.27427191881389 0.7994081411136145
65.84144645340751 -3.313374969186413 0.8036926565295628
66.34214186369957 -3.3524076287411435 0.807936237688989
66.84283727399165 -3.391369465148584 0.8121389960257684
67.34353268428373 -3.4302600460792294 0.816301042973776
67.84422809457581 -3.469078939203578 0.8204224899668873
68.34492350486786 -3.507825712192123 0.8245034484389773
68.84561891515995 -3.5464999327153675 0.8285440298239212
69.34631432545203 -3.5851011684438068 0.8325443455555943
69.84700973574408 -3.6236289870479355 0.8365045070678716
70.34770514603616 -3.662082956198255 0.8404246257946292
70.84840055632824 -3.700462643565261 0.8443048131697412
71.3490959666203 -3.7387676168194486 0.8481451806270832
71.84979137691238 -3.7769974436313194 0.8519458396005306
72.35048678720446 -3.815151691671369 0.8557069015239587
72.85118219749651 -3.8532299286100913 0.8594284778312424
73.3518776077886 -3.8912317221179884 0.8631106799562569
73.85257301808068 -3.9291566398655564 0.866753619332878
74.35326842837273 -3.96700424952329 0.87035740739498
74.85396383866481 -4.004774118761691 0.8739221555764389
75.35465924895689 -4.042465815251253 0.8774479753111297
75.85535465924895 -4.080078906662475 0.8809349780329274
76.35605006954103 -4.117612960665854 0.8843832751757077
76.85674547983308 -4.155067544931887 0.8877929781733451
77.35744089012519 -4.192442227131073 0.8911641984597156
77.85813630041724 -4.229736574933906 0.8944970474686937
78.3588317107093 -4.266950156010884 0.897791636634155
78.8595271210014 -4.304082538032512 0.9010480773899752
79.36022253129346 -4.341133288669274 0.9042664811700285
79.86091794158551 -4.378101975591676 0.9074469594081906
80.36161335187762 -4.414988166470218 0.9105896235383371
80.86230876216968 -4.451791428975389 0.9136945849943428
81.36300417246173 -4.488511330777689 0.9167619552100825
81.86369958275384 -4.525147439547622 0.9197918456194325
82.36439499304589 -4.5616993229556755 0.922784367656267
82.86509040333794 -4.598166548672351 0.9257396327544618
83.36578581363005 -4.63454868436815 0.9286577523478923
83.86648122392211 -4.670845297713562 0.931538837870433
84.36717663421416 -4.707055956379088 0.9343830007559597
84.86787204450627 -4.743180228035232 0.9371903524383474
85.36856745479832 -4.779217680352479 0.9399610043514712
85.86926286509038 -4.815167881001331 0.9426950679292063
86.36995827538249 -4.851030397652293 0.9453926546054288
86.87065368567454 -4.88680479797585 0.9480538758140127
87.3713490959666 -4.922490649642507 0.9506788429888338
87.8720445062587 -4.9580875203227635 0.9532676675637672
88.37273991655076 -4.993594977687108 0.9558204609726881
88.87343532684281 -5.029012589406044 0.9583373346494719
89.37413073713492 -5.0643399231500705 0.960818400027994
89.87482614742697 -5.099576546589677 0.963263768542129
90.37552155771903 -5.134722027395368 0.9656735516257524
90.87621696801114 -5.169775933237641 0.9680478607127396
91.37691237830319 -5.2047378317869875 0.9703868072369661
91.87760778859524 -5.239607290713909 0.9726905026323058
92.37830319888735 -5.274383877688905 0.9749590583326357
92.8789986091794 -5.309067160382467 0.9771925857718295
93.37969401947146 -5.343656706465094 0.9793911963837634
93.88038942976357 -5.378152083607288 0.9815550016023127
94.38108484005562 -5.412552859479542 0.9836841128613518
94.88178025034773 -5.446858601752355 0.9857786415947565
95.38247566063978 -5.48106887809622 0.9878386992364017
95.88317107093184 -5.51518325618164 0.9898643972201624
96.38386648122395 -5.549201303679112 0.9918558469799146
96.884561891516 -5.58312258825913 0.993813159949533
97.38525730180805 -5.616946677592191 0.9957364475628934
97.88595271210016 -5.650673139348799 0.9976258212538698
98.38664812239222 -5.684301541199442 0.9994813924563388
98.88734353268427 -5.7178314508146215 1.0013032726041746
99.38803894297638 -5.751262435864842 1.0030915731312533
99.88873435326843 -5.784594064020586 1.0048464054714492
100.38942976356049 -5.817825902952363 1.0065678810586378
100.8901251738526 -5.850957520330667 1.0082561113266948
101.39082058414465 -5.883988483825991 1.0099112077094954
101.8915159944367 -5.916918361108838 1.0115332816409142
102.39221140472881 -5.9497467198497045 1.0131224445548268
102.89290681502086 -5.982473127719084 1.0146788078851081
103.39360222531292 -6.015097152387478 1.0162024830656335
103.89429763560503 -6.047618361525384 1.0176935815302788
104.39499304589708 -6.080036322803293 1.0191522147129184
104.89568845618913 -6.1123506038917075 1.020578494047428
105.39638386648124 -6.14456077246113 1.0219725309676828
105.8970792767733 -6.176666396182046 1.0233344369075579
106.39777468706535 -6.20866704272496 1.0246643233009278
106.89847009735746 -6.24056227976037 1.0259623015816692
107.39916550764951 -6.27235167495877 1.027228483183656
107.89986091794157 -6.304034795990658 1.0284629795407643
108.40055632823368 -6.335611210526535 1.0296659020868688
108.90125173852573 -6.367080486236892 1.0308373622558455
109.40194714881778 -6.398442190792233 1.0319774714815684
109.90264255910989 -6.429695891863053 1.0330863411979139
110.40333796940195 -6.4608411571198445 1.034164082838756
110.904033379694 -6.49187755423311 1.0352108078379705
111.40472878998611 -6.522804650873349 1.0362266276294332
111.90542420027816 -6.553622014711053 1.0372116536470193
112.40611961057022 -6.584329213416721 1.0381659973246025
112.90681502086233 -6.614925814660854 1.0390897700960597
113.40751043115438 -6.645411386113944 1.0399830833952652
113.90820584144643 -6.67578549544649 1.0408460486560944
114.40890125173854 -6.7060477103289955 1.041678777312423
114.9095966620306 -6.736197598431946 1.0424813807981257
115.41029207232265 -6.766234727425848 1.043253970547078
115.91098748261476 -6.796158664981199 1.043996657993155
116.41168289290681 -6.82596897876849 1.0447095545702314
116.91237830319886 -6.85566523645822 1.0453927717121831
117.41307371349097 -6.885247005720894 1.0460464208528857
117.91376912378303 -6.914713854226999 1.0466706134262134
118.41446453407508 -6.944065349647039 1.047265460866042
118.91515994436719 -6.97330105965151 1.0478310746062465
119.41585535465924 -7.002420551910905 1.0483675660807028
119.9165507649513 -7.031423394095725 1.048875046723285
120.4172461752434 -7.060309153876473 1.049353627967869
120.91794158553546 -7.089077398923633 1.0498034212483298
121.41863699582751 -7.117727696907712 1.0502245379985427
121.91933240611962 -7.1462596154992095 1.0506170896523828
122.42002781641168 -7.174672722368614 1.050981187643726
122.92072322670373 -7.202966585186427 1.0513169434064469
123.42141863699584 -7.231140771623151 1.0516244683744205
123.92211404728789 -7.259194849349273 1.051903873981522
124.42280945757994 -7.287128386035297 1.0521552716616274
124.92350486787205 -7.314940949351723 1.0523787728486116
125.42420027816411 -7.34263210696904 1.0525744889763493
125.92489568845616 -7.370201426557751 1.0527425314787164
126.42559109874827 -7.397648475788355 1.052883011789588
126.92628650904032 -7.424972822331343 1.0529960413428385
127.42698191933238 -7.452174033857215 1.053081731572344
127.92767732962449 -7.479251678036473 1.0531401939119795
128.42837273991654 -7.506205322539607 1.0531715397956205
128.9290681502086 -7.5330345350371175 1.0531758806571412
129.4297635605007 -7.559738883199506 1.053153327930418
129.93045897079276 -7.586317934697263 1.053103993049326
130.4311543810848 -7.6127712572008885 1.0530279874477397
130.93184979137692 -7.6390984183808825 1.0529254225595348
131.43254520166897 -7.665298985907738 1.0527964098185862
131.93324061196108 -7.691372527451957 1.0526410606587695
132.43393602225314 -7.71731861068403 1.0524594865139596
132.9346314325452 -7.74313680327446 1.0522517988180327
133.4353268428373 -7.768826672893745 1.052018109004862
133.93602225312935 -7.7943877872123775 1.0517585285083246
134.4367176634214 -7.819819713900857 1.051473168762295
134.93741307371351 -7.845122020629685 1.0511621412006482
135.43810848400557 -7.87029427506935 1.0508255572572596
135.93880389429762 -7.895336044890357 1.0504635283660049
136.43949930458973 -7.920246897763201 1.0500761659607587
136.94019471488178 -7.945026401358378 1.049663581475397
137.44089012517384 -7.969674123346387 1.0492258863437935
137.94158553546595 -7.994189631397726 1.048763191999825
138.442280945758 -8.018572493182889 1.048275609877366
138.94297635605005 -8.042822276372375 1.047763251410292
139.44367176634216 -8.066938548636687 1.0472262280324776
139.94436717663422 -8.090920877646312 1.0466646511777986
140.44506258692627 -8.114768831071752 1.0460786322801303
140.94575799721838 -8.138481976583508 1.045468282773348
141.44645340751043 -8.162059881852072 1.044833714091326
141.94714881780249 -8.185502114547942 1.0441750376679404
142.4478442280946 -8.20880824234162 1.0434923649370664
142.94853963838665 -8.231977832903597 1.0427858073325786
143.4492350486787 -8.255010453904376 1.042055476288353
143.9499304589708 -8.277905673014452 1.0413014832382634
144.45062586926286 -8.30066305790432 1.0405239396161874
144.95132127955492 -8.32328217624448 1.0397229568559987
145.45201668984703 -8.345762595705429 1.0388986463915717
145.95271210013908 -8.368103883957664 1.038051119656783
146.45340751043113 -8.390305608671682 1.037180488085508
146.95410292072324 -8.412367337517983 1.0362868631116204
147.4547983310153 -8.43428863816706 1.0353703561689973
147.95549374130735 -8.45606907828941 1.034431078691513
148.45618915159946 -8.477708225555537 1.0334691421130424
148.9568845618915 -8.49920564763593 1.032484657867461
149.45757997218357 -8.520560912201093 1.0314777373886437
149.95827538247568 -8.54177358692152 1.0304484921104664
150.45897079276773 -8.56284323946771 1.029397033466804
150.95966620305978 -8.583769437510158 1.028323472891532
151.4603616133519 -8.604551748719363 1.0272279218185245
151.96105702364395 -8.625189740765824 1.0261104916816581
152.461752433936 -8.645682981320034 1.024971293914808
152.9624478442281 -8.666031038052493 1.0238104399518484
153.46314325452016 -8.686233478633698 1.0226280412266546
153.96383866481222 -8.706289870734148 1.0214242091731034
154.46453407510432 -8.726199782024336 1.0201990552250675
154.96522948539638 -8.745962780174763 1.0189526908164237
155.46592489568843 -8.765578432855925 1.0176852273810475
155.96662030598054 -8.785046307738321 1.016396776352814
156.4673157162726 -8.804365972492446 1.0150874491655975
156.96801112656465 -8.823536994788798 1.0137573572532732
157.46870653685676 -8.84255894229788 1.0124066120497175
157.9694019471488 -8.861431382690176 1.0110353249888053
158.47009735744086 -8.880153883636195 1.0096436075044113
158.97079276773297 -8.898726012806433 1.0082315710304108
159.47148817802503 -8.91714733787138 1.006799327000679
159.97218358831708 -8.935417426501541 1.0053469868490912
160.4728789986092 -8.953535846367412 1.003874662009523
160.97357440890124 -8.971502165139487 1.0023824639158487
161.4742698191933 -8.989315950488265 1.0008705040019459
161.9749652294854 -9.006976770084245 0.9993388937016863
162.47566063977746 -9.024484191597923 0.9977877444489476
162.9763560500695 -9.041837782699796 0.9962171676776039
163.47705146036162 -9.059037111060361 0.9946272748215308
163.97774687065368 -9.076081744350116 0.9930181773146041
164.47844228094573 -9.09297125023956 0.9913899865906979
164.97913769123784 -9.109705196399187 0.9897428140836881
165.4798331015299 -9.126283150499495 0.9880767712274507
165.98052851182194 -9.142704680210985 0.9863919694558589
166.48122392211405 -9.158969353204151 0.9846885202027895
166.9819193324061 -9.175076737149489 0.9829665349021175
167.48261474269816 -9.191026399717499 0.9812261249877166
167.98331015299027 -9.20681790857868 0.9794674018934644
168.48400556328232 -9.222450831403524 0.9776904770532351
168.98470097357443 -9.237924735862533 0.9758954619009037
169.4853963838665 -9.253239189626202 0.9740824678703457
169.98609179415854 -9.26839376036503 0.9722516063954356
170.48678720445065 -9.283388015749512 0.9704029889100498
170.9874826147427 -9.298221523450147 0.9685367268480629
171.48817802503476 -9.31289385113743 0.9666529316433499
171.98887343532687 -9.327404566481864 0.9647517147297862
172.48956884561892 -9.34175323715394 0.9628331875412472
172.99026425591097 -9.35593943082416 0.9608974615116082
173.49095966620308 -9.369962715163018 0.9589446480747434
173.99165507649514 -9.38382265784101 0.9569748586645299
174.4923504867872 -9.39751882652864 0.9549882047148412
174.9930458970793 -9.4110507888964 0.9529847976595534
175.49374130737135 -9.424418112614788 0.9509647489325417
175.9944367176634 -9.437620365354302 0.9489281699676817
176.49513212795551 -9.450657114785441 0.9468751721988471
176.99582753824757 -9.463527928578698 0.9448058670599142
177.49652294853962 -9.476232374404574 0.9427203659847581
177.99721835883173 -9.488770019933567 0.9406187804072541
178.49791376912378 -9.50114043283617 0.9385012217612774
178.99860917941584 -9.513343180782883 0.9363678014807029
179.49930458970795 -9.525377831444205 0.9342186309994065
180.0 -9.537243952490629 0.9320538217512628
