Polar data for 2 at Re = 128571.42857142858
Alpha (deg) Cl Cd
-180.0 -8.969478851905055 1.1065133678779893
-179.49930458970792 -8.978147679332213 1.1036773862751035
-178.99860917941587 -8.986657460896147 1.1008231256128835
-178.49791376912378 -8.995007913359572 1.0979507301502507
-177.9972183588317 -9.0031987534852 1.095060344146131
-177.49652294853965 -9.011229698035741 1.0921521118594473
-176.99582753824757 -9.0191004637739 1.0892261775491245
-176.4951321279555 -9.02681076746239 1.0862826854740872
-175.99443671766343 -9.034360325863922 1.0833217798932588
-175.49374130737135 -9.0417488557412 1.0803436050655624
-174.99304589707927 -9.048976073856945 1.0773483052499262
-174.49235048678722 -9.056041696973857 1.0743360247052693
-173.99165507649514 -9.062945441854648 1.0713069076905197
-173.49095966620305 -9.069687025262034 1.0682610984646004
-172.990264255911 -9.076266163958717 1.0651987412864343
-172.48956884561892 -9.082682574707412 1.062119980414949
-171.98887343532684 -9.088935974270829 1.0590249601090649
-171.48817802503476 -9.09502607941167 1.0559138246277093
-170.9874826147427 -9.100952606892655 1.052786718229805
-170.48678720445062 -9.106715273476489 1.0496437851742735
-169.98609179415854 -9.112313795925882 1.046485169720045
-169.4853963838665 -9.117747891003546 1.0433110161260382
-168.9847009735744 -9.123017275472193 1.04012146865118
-168.48400556328232 -9.128121666094525 1.0369166715543947
-167.98331015299027 -9.133060779633258 1.0336967690946064
-167.4826147426982 -9.137834332851103 1.0304619055307385
-166.9819193324061 -9.142442042510762 1.0272122251217153
-166.48122392211405 -9.146883625374954 1.0239478721264612
-165.98052851182197 -9.151158798206385 1.0206689908039015
-165.4798331015299 -9.155267277767763 1.0173757254129583
-164.97913769123784 -9.159208780821803 1.0140682202125573
-164.47844228094576 -9.162983024131215 1.010746619461622
-163.97774687065368 -9.1665897244587 1.0074110674190775
-163.47705146036162 -9.170028598566976 1.0040617083438466
-162.97635605006954 -9.173299363218753 1.0006986864948544
-162.47566063977746 -9.176401735176732 0.9973221461310267
-161.9749652294854 -9.179335431203636 0.9939322315112855
-161.47426981919332 -9.18210016806217 0.990529086894554
-160.97357440890124 -9.184695662515036 0.9871128565397587
-160.4728789986092 -9.187121631324956 0.9836836847058243
-159.9721835883171 -9.189377791254635 0.9802417156516732
-159.47148817802503 -9.191463859066776 0.97678709363623
-158.97079276773297 -9.193379551524103 0.9733199629184204
-158.4700973574409 -9.195124585389316 0.9698404677571666
-157.9694019471488 -9.196698677425122 0.9663487524113925
-157.46870653685676 -9.198101544394241 0.9628449611400247
-156.96801112656468 -9.199332903059378 0.9593292382019845
-156.4673157162726 -9.200392470183239 0.9558017278562001
-155.96662030598054 -9.201279962528542 0.952262574361592
-155.46592489568846 -9.201995096857996 0.9487119219770859
-154.96522948539638 -9.202537589934298 0.9451499149616056
-154.46453407510432 -9.202907158520173 0.9415766975740751
-153.96383866481224 -9.203103519378327 0.9379924140734202
-153.46314325452016 -9.203126389271464 0.9343972087185646
-152.9624478442281 -9.202975484962302 0.9307912257684305
-152.46175243393603 -9.20265052321355 0.9271746094819437
-151.96105702364395 -9.202151220787911 0.9235475041180281
-151.4603616133519 -9.2014772944481 0.9199100539356084
-150.9596662030598 -9.200628460956828 0.9162624031936086
-150.45897079276773 -9.199604437076797 0.9126046961509526
-149.95827538247568 -9.198404939570729 0.9089370770665652
-149.4575799721836 -9.19702968520133 0.9052596901993686
-148.9568845618915 -9.1954783907313 0.9015726798082893
-148.45618915159943 -9.193750772923362 0.897876190152253
-147.95549374130738 -9.191846548540223 0.8941703654901783
-147.4547983310153 -9.189765434344583 0.8904553500809944
-146.95410292072324 -9.187507147099165 0.8867312881836245
-146.45340751043116 -9.18507140356667 0.8829983240569914
-145.95271210013908 -9.182457920509815 0.8792566019600192
-145.452016689847 -9.179666414691308 0.8755062661516353
-144.95132127955495 -9.17669660287385 0.87174746089076
-144.45062586926286 -9.173548201820164 0.8679803304363201
-143.94993045897078 -9.170220928292956 0.8642050190472375
-143.44923504867873 -9.166714499054926 0.8604216709824388
-142.94853963838665 -9.163028630868798 0.856630430500849
-142.44784422809457 -9.159163040497276 0.8528314418613883
-141.9471488178025 -9.155117444703066 0.8490248493229824
-141.44645340751043 -9.150891560248887 0.8452107971445579
-140.94575799721835 -9.14648510389744 0.8413894295850362
-140.44506258692627 -9.141897792411438 0.8375608909033436
-139.94436717663422 -9.137129342553596 0.8337253253584034
-139.44367176634213 -9.13217947108662 0.8298828772091402
-138.94297635605005 -9.12704789477321 0.8260336907144772
-138.442280945758 -9.121734330376093 0.8221779101333382
-137.94158553546592 -9.11623849465797 0.8183156797246498
-137.44089012517384 -9.110560104381552 0.8144471437473351
-136.94019471488178 -9.104698876309548 0.8105724464603161
-136.4394993045897 -9.098654527204673 0.8066917321225213
-135.93880389429762 -9.092426773829626 0.8028051449928719
-135.43810848400557 -9.086015332947131 0.7989128293302918
-134.9374130737135 -9.079419921319886 0.7950149293937068
-134.4367176634214 -9.072640255710606 0.7911115894420397
-133.93602225312935 -9.065676052882004 0.7872029537342173
-133.43532684283727 -9.058527029596785 0.7832891665291617
-132.9346314325452 -9.051192902617661 0.7793703720857958
-132.43393602225314 -9.04367338870734 0.7754467146630455
-131.93324061196105 -9.035968204628531 0.7715183385198354
-131.43254520166897 -9.02807706714395 0.7675853879150896
-130.93184979137692 -9.019999693016306 0.7636480071077336
-130.43115438108484 -9.0117357990083 0.759706340356687
-129.93045897079276 -9.003285101882653 0.75576053192088
-129.4297635605007 -8.99464731840207 0.7518107260592328
-128.92906815020862 -8.985822165329257 0.7478570670306686
-128.42837273991654 -8.97680935942693 0.7438996990941165
-127.92767732962449 -8.967608617457799 0.7399387665084951
-127.4269819193324 -8.958219656184568 0.7359744135327329
-126.92628650904032 -8.948642192369952 0.7320067844257518
-126.42559109874827 -8.938875942776662 0.7280360234464787
-125.92489568845619 -8.9289206241674 0.7240622748538346
-125.42420027816411 -8.918775953304888 0.7200856829067444
-124.92350486787205 -8.908441646951825 0.7161063918641328
-124.42280945757997 -8.897917421870925 0.7121245459849257
-123.92211404728789 -8.8872029948249 0.7081402895280451
-123.42141863699584 -8.876298082576461 0.7041537667524149
-122.92072322670376 -8.865202401888308 0.7001651219169609
-122.42002781641168 -8.853915669523165 0.6961744992806069
-121.91933240611961 -8.842437602243734 0.6921820431022769
-121.41863699582754 -8.830767916812722 0.6881878976408939
-120.91794158553546 -8.818906329992846 0.6841922071553845
-120.41724617524339 -8.806852558546812 0.68019511590467
-119.91655076495132 -8.794606319237328 0.6761967681476777
-119.41585535465924 -8.78216732882711 0.6721973081433326
-118.91515994436718 -8.769535304078865 0.6681968801505531
-118.41446453407511 -8.756709961755295 0.6641956284282695
-117.91376912378303 -8.743691018619124 0.6601936972354021
-117.41307371349096 -8.730478191433058 0.6561912308308775
-116.91237830319889 -8.717071196959797 0.6521883734736169
-116.41168289290681 -8.703469751962064 0.6481852694225496
-115.91098748261474 -8.689673573202562 0.6441820629365951
-115.41029207232268 -8.675682377443998 0.6401788982746808
-114.9095966620306 -8.661495881449092 0.6361759196957271
-114.40890125173853 -8.647113801980545 0.6321732714586623
-113.90820584144646 -8.632535855801066 0.6281710978224069
-113.40751043115438 -8.617761759673375 0.62416954304589
-112.90681502086231 -8.602791230360175 0.6201687513880312
-112.40611961057024 -8.58762398462417 0.6161688671077552
-111.90542420027816 -8.572259739228084 0.6121700344639904
-111.4047287899861 -8.55669821093462 0.6081723977156546
-110.90403337969401 -8.540939116506479 0.6041761011216786
-110.40333796940195 -8.524982172706387 0.6001812889409812
-109.90264255910988 -8.50882709629704 0.5961881054324898
-109.4019471488178 -8.492473604041159 0.5921966948551265
-108.90125173852573 -8.47592141270145 0.5882072014678179
-108.40055632823366 -8.459170239040617 0.584219769529488
-107.89986091794158 -8.442219799821377 0.580234543299057
-107.39916550764951 -8.425069811806441 0.5762516670354552
-106.89847009735745 -8.407719991758512 0.5722712849976002
-106.39777468706536 -8.390170056440304 0.5682935414444221
-105.8970792767733 -8.37241972261453 0.5643185806348432
-105.39638386648123 -8.354468707043893 0.5603465468277855
-104.89568845618915 -8.336316726491109 0.5563775842821748
-104.39499304589708 -8.317963497718885 0.5524118372569375
-103.89429763560501 -8.299408737489927 0.5484494500109942
-103.39360222531293 -8.280652162566955 0.5444905668032731
-102.89290681502086 -8.26169348971267 0.540535331892692
-102.3922114047288 -8.242532435689785 0.5365838895381818
-101.89151599443672 -8.223168717261014 0.532636383998663
-101.39082058414465 -8.203602051189058 0.528692959533063
-100.89012517385257 -8.183832154236633 0.5247537604003012
-100.3894297635605 -8.16385874316645 0.5208189308593034
-99.88873435326843 -8.14368153474122 0.5168886151689989
-99.38803894297635 -8.123300245723641 0.5129629575883043
-98.88734353268428 -8.102714592876438 0.5090421023761473
-98.38664812239222 -8.08192429296231 0.5051261937914553
-97.88595271210013 -8.060929062743977 0.5012153760931468
-97.38525730180807 -8.039728618984142 0.49730979354015115
-96.884561891516 -8.018322678445514 0.49340959039138865
-96.38386648122392 -7.996710957890804 0.48951491090578503
-95.88317107093185 -7.974893174082729 0.4856258993422633
-95.38247566063978 -7.952869043783987 0.48174269995975094
-94.8817802503477 -7.930638283757298 0.47786545701716565
-94.38108484005564 -7.908200610765369 0.47399431477344023
-93.88038942976357 -7.885555741570903 0.47012941748749326
-93.37969401947149 -7.862703392936621 0.46627090941824867
-92.87899860917942 -7.839643281625228 0.4624189348246339
-92.37830319888734 -7.8163751243994275 0.45857363796557205
-91.87760778859527 -7.792898638021943 0.45473516309998696
-91.3769123783032 -7.769213539255474 0.4509036544868017
-90.87621696801112 -7.74531954486273 0.44707925638494195
-90.37552155771905 -7.721216371606432 0.44326211305332985
-89.87482614742699 -7.696903736249278 0.4394523687508929
-89.3741307371349 -7.6723813555539815 0.4356501677365541
-88.87343532684284 -7.647648946283254 0.43185565426923467
-88.37273991655077 -7.6227062251998055 0.42806897260786303
-87.87204450625869 -7.597552909066345 0.4242902670113631
-87.37134909596662 -7.572188714645583 0.42051968173865517
-86.87065368567455 -7.546613358700227 0.41675736104866856
-86.36995827538247 -7.520826557992989 0.41300344920032184
-85.8692628650904 -7.494828029286579 0.40925809045254335
-85.36856745479834 -7.46861748934371 0.4055214290642579
-84.86787204450626 -7.442194654927085 0.4017936092943859
-84.36717663421419 -7.415559242799421 0.39807477540185476
-83.86648122392211 -7.388710969723419 0.3943650716455884
-83.36578581363004 -7.361649552461798 0.3906646422845099
-82.86509040333797 -7.334374707777264 0.3869736315775423
-82.36439499304589 -7.306886152432528 0.38329218378361385
-81.86369958275382 -7.2791836031903 0.379620443161645
-81.36300417246176 -7.251266776813284 0.37595855397056055
-80.86230876216968 -7.223135390064196 0.3723066604692844
-80.36161335187761 -7.194789159705752 0.3686649069167458
-79.86091794158554 -7.166227802500649 0.3650334375718607
-79.36022253129346 -7.1374510352116 0.36141239669356007
-78.85952712100139 -7.1084585746013245 0.3578019285407643
-78.35883171070932 -7.079250137432523 0.35420217737239823
-77.85813630041724 -7.049825440467905 0.3506132874473875
-77.35744089012518 -7.020184200470189 0.3470354030246561
-76.85674547983311 -6.990326134202074 0.34346866836312606
-76.35605006954103 -6.960250958426282 0.33991322772172494
-75.85535465924896 -6.929958389905514 0.33636922535937397
-75.35465924895689 -6.89944814540248 0.33283680553499884
-74.85396383866481 -6.868719941679891 0.3293161125075226
-74.35326842837274 -6.837773495500463 0.3258072905358744
-73.85257301808066 -6.8066085236268945 0.32231048387896943
-73.3518776077886 -6.775224742821908 0.3188258367957404
-72.85118219749653 -6.743621869848208 0.3153534935451068
-72.35048678720445 -6.7117996214685 0.3118935983859934
-71.84979137691238 -6.6797577144455 0.30844629557732506
-71.34909596662031 -6.647495865541916 0.30501172937802745
-70.84840055632823 -6.615013791520449 0.30159004404702183
-70.34770514603616 -6.582311209143827 0.29818138384323656
-69.8470097357441 -6.549387835174751 0.29478589302558844
-69.34631432545201 -6.516243386375925 0.2914037158530085
-68.84561891515995 -6.4828775795100695 0.28803499658442067
-68.34492350486788 -6.449290131339885 0.28467987947874795
-67.8442280945758 -6.415480758628088 0.2813385087949116
-67.34353268428373 -6.3814491781373865 0.27801102879183914
-66.84283727399166 -6.3471951066304895 0.27469758372845265
-66.34214186369958 -6.312718260870105 0.27139831786367874
-65.84144645340751 -6.278018357618946 0.26811337545644043
-65.34075104311543 -6.243095113639725 0.26484290076566164
-64.84005563282336 -6.207948245695145 0.2615870380502672
-64.3393602225313 -6.172577470547924 0.2583459315691792
-63.838664812239216 -6.136982504960765 0.2551197255813251
-63.33796940194715 -6.101163065696379 0.2519085643456298
-62.83727399165508 -6.065118869517483 0.24871259212101185
-62.336578581363 -6.028849633186776 0.24553195316639956
-61.83588317107093 -5.99235507346697 0.24236679174071776
-61.335187760778865 -5.955634907120785 0.23921725210289038
-60.834492350486784 -5.918688850910924 0.23608347851183867
-60.333796940194716 -5.881516621600091 0.2329656152264901
-59.83310152990265 -5.844117935951011 0.2298638065057668
-59.33240611961057 -5.806492510726385 0.22677819660859447
-58.8317107093185 -5.768640062688912 0.22370892979389526
-58.33101529902643 -5.730560308601318 0.22065615032059574
-57.83031988873435 -5.692252965226312 0.21762000244762073
-57.329624478442284 -5.653717749326591 0.21460063043389058
-56.82892906815022 -5.614954377664879 0.21159817853833188
-56.328233657858135 -5.5759625670038835 0.20861279101987032
-55.82753824756607 -5.5367420341063065 0.20564461213742805
-55.326842837273986 -5.497292495734867 0.20269378614993075
-54.82614742698192 -5.457613668652267 0.19976045731629968
-54.32545201668985 -5.4177052696212185 0.19684476989546054
-53.82475660639777 -5.377567015404437 0.1939468681463408
-53.3240611961057 -5.337198622764631 0.19106689632785992
-52.823365785813635 -5.296599808464502 0.1882049986989445
-52.322670375521554 -5.255770289266773 0.185361319518522
-51.82197496522949 -5.214709781934142 0.18253600304550835
-51.321279554937405 -5.1734180032293215 0.17972919353883368
-50.82058414464535 -5.1318946699150265 0.1769410352574219
-50.31988873435327 -5.090139498753969 0.1741716724601934
-49.81919332406119 -5.048152206508848 0.1714212494060783
-49.318497913769136 -5.005932509942382 0.16868991035399608
-48.817802503477054 -4.96348012581728 0.1659777995628751
-48.31710709318497 -4.920794770896243 0.16328506129163392
-47.81641168289292 -4.87787616194199 0.16061183979920093
-47.31571627260084 -4.834724015717241 0.15795827934450182
-46.81502086230876 -4.79133804898468 0.15532452418645518
-46.3143254520167 -4.747717978507036 0.15271071858398846
-45.81363004172462 -4.7038635210470146 0.15011700679602738
-45.31293463143254 -4.659774393367321 0.14754353308149584
-44.81223922114049 -4.615450312230677 0.14499044169931244
-44.311543810848406 -4.570890994399785 0.14245787690841086
-43.810848400556324 -4.5260961566373465 0.13994598296770613
-43.31015299026427 -4.481065515706084 0.13745490413612751
-42.80945757997219 -4.4357987883687064 0.13498478467259625
-42.30876216968011 -4.390295691387911 0.13253576883604337
-41.808066759388026 -4.344555941526418 0.13010800088538302
-41.30737134909597 -4.2985792555469535 0.12770162507954622
-40.80667593880389 -4.25236535021219 0.12531678567745777
-40.30598052851181 -4.2059139422848615 0.12295362693803893
-39.80528511821976 -4.159224748527687 0.12061229312021451
-39.304589707927676 -4.11229748570335 0.11829292848290754
-38.803894297635594 -4.065131870574578 0.11599567728504459
-38.30319888734354 -4.017727619904085 0.1137206837855487
-37.80250347705146 -3.97008445045456 0.11146809224334467
-37.30180806675938 -3.922202078988728 0.10923804691735553
-36.801112656467325 -3.8740802222693054 0.10703069206650609
-36.30041724617524 -3.8257185970589864 0.10484617194972293
-35.79972183588316 -3.777116920120487 0.10268463082592197
-35.29902642559111 -3.728274908216526 0.10054621295404045
-34.79833101529903 -3.679192278109798 0.09843106259299253
-34.297635605006946 -3.6298687465630186 0.09633932400170478
-33.79694019471489 -3.580304030338911 0.09427114143910556
-33.29624478442281 -3.530497846200162 0.0922266591641108
-32.79554937413073 -3.4804499109094946 0.0902060214356524
-32.294853963838676 -3.430159941229628 0.08820937251265162
-31.794158553546595 -3.3796276539232464 0.08623685665403327
-31.293463143254513 -3.328852765753079 0.0842886181187186
-30.79276773296246 -3.2778349934818385 0.08236480116563774
-30.29207232267038 -3.226574053872226 0.0804655500537084
-29.791376912378297 -3.1750696636869433 0.07859100904185892
-29.290681502086244 -3.1233215396887273 0.07674132238901235
-28.789986091794162 -3.0713293986402546 0.07491663435409349
-28.28929068150208 -3.0190929573042515 0.07311708919602536
-27.788595271210028 -2.966611932443441 0.07134283117373455
-27.287899860917946 -2.913886040820514 0.06959400454614231
-26.787204450625865 -2.8609149991981786 0.06787075357217345
-26.28650904033381 -2.8076985243391652 0.06617322251075278
-25.78581363004173 -2.7542363330061645 0.06450155562080687
-25.28511821974965 -2.7005281419618887 0.06285589716125697
-24.784422809457595 -2.646573667969064 0.06123639139102613
-24.283727399165514 -2.5923726277903745 0.059643182569040915
-23.783031988873432 -2.537924738188546 0.058076414954226135
-23.28233657858135 -2.483229715926295 0.056536232805503045
-22.781641168289298 -2.428287277766315 0.055022780381798225
-22.280945757997216 -2.373097140471322 0.05353620194203826
-21.780250347705135 -2.3176590208040357 0.05207664174513907
-21.27955493741308 -2.261972635527157 0.050644244050037895
-20.778859527121 -2.206037701403388 0.04923915311564711
-20.27816411682892 -2.1498539351954546 0.04786151320089152
-19.777468706536865 -2.0934210536660585 0.04651146856470126
-19.276773296244784 -2.036738773577908 0.04518916346599758
-18.776077885952702 -1.9798068116937193 0.04389474216370884
-18.27538247566065 -1.9226248847762006 0.042628348916754516
-17.774687065368568 -1.86519270958805 0.04139012798405764
-17.273991655076486 -1.8075100028919904 0.04018022362455012
-16.773296244784433 -1.7495764814507373 0.03899878009714611
-16.27260083449235 -1.6913918620269817 0.03784594166077218
-15.77190542420027 -1.6329558613834498 0.03672185257436025
-15.271210013908217 -1.5742681962828469 0.03562665709683158
-14.770514603616135 -1.5153285834878742 0.03456049948709852
-14.269819193324054 -1.4561367397612548 0.03352352400410366
-13.769123783032 -1.3966923818656936 0.032515874906757586
-13.268428372739919 -1.3369952265638991 0.03153769645399043
-12.767732962447838 -1.2770449906185766 0.030589132904727007
-12.267037552155784 -1.2168413907924487 0.029670328517886785
-11.766342141863703 -1.1563841438482063 0.028781427552398126
-11.265646731571621 -1.095672966548583 0.027922574267180506
-10.764951321279568 -1.034707575656273 0.027093912921167612
-10.264255910987487 -0.9734876879339884 0.026295587773277146
-9.763560500695405 -0.9120130201444416 0.025527743082432136
-9.262865090403352 -0.8502832890503447 0.02479052310755739
-8.76216968011127 -0.7882982114143919 0.02408407210758126
-8.261474269819189 -0.7260575039993205 0.023408534341421455
-7.760778859527136 -0.6635608835678246 0.022764054068008105
-7.260083449235054 -0.6008080668826059 0.022150775546262463
-6.759388038942973 -0.5377987707063943 0.02156884303510756
-6.25869262865092 -0.47453271180188406 0.021018400793471753
-5.757997218358838 -0.4110096069317768 0.020499593080278072
-5.257301808066757 -0.34722917285881305 0.020012564154445994
-4.756606397774675 -0.28319112634568366 0.019557458274903877
-4.255910987482622 -0.21889518415509368 0.019134419700578303
-3.7552155771905404 -0.15434106304976591 0.018743592690386973
-3.254520166898459 -0.08952847979240186 0.018385121503258245
-2.753824756606406 -0.024457151145703016 0.018059150398115148
-2.2531293463143243 0.04087320612759715 0.017765823633887817
-1.7524339360222427 0.1064311543810862 0.017501265646731566
-1.2517385257301896 0.18329332406119456 0.017086981919332417
-0.7510431154381081 0.2672343532684284 0.01603321279554937
-0.25034770514602656 0.3487919332406135 0.015140166898470092
0.25034770514602656 0.42980445062586775 0.01501499304589708
0.7510431154381081 0.5098702364394992 0.014899541029207233
1.2517385257301896 0.5904760778859541 0.014593643949930452
1.7524339360222427 0.6643319888734339 0.014248539638386654
2.2531293463143243 0.7317662030598051 0.013907621696801114
2.753824756606406 0.7933837273991664 0.013440792767732954
3.254520166898459 0.8484318497913758 0.013144547983310153
3.7552155771905404 0.9012955493741305 0.013211877607788594
4.255910987482622 0.9523375521557726 0.013443310152990268
4.756606397774675 1.00020778859527 0.013790417246175234
5.257301808066757 1.043389986091794 0.014422267037552151
5.757997218358838 1.0737842837273994 0.016481182197496565
6.258692628650891 1.0955411682892902 0.02015127955493731
6.759388038942973 1.1235714881780248 0.02375895688456187
7.260083449235054 1.1610869262865096 0.027272642559109918
7.760778859527107 1.2056696801112643 0.031654770514603484
8.261474269819189 1.251152851182197 0.036720250347705104
8.76216968011127 1.2875728789986096 0.043084381084840126
9.262865090403324 1.3076407510431152 0.05052771905424179
9.763560500695405 1.3083086230876217 0.058966411682892815
10.264255910987487 1.2796827538247562 0.06951244784422819
10.76495132127954 1.2334273084503138 0.08117925150697466
11.265646731571621 1.1872279268407173 0.09278632998665096
11.766342141863703 1.1410918568902952 0.10432636989060803
12.267037552155784 1.0950193818363374 0.11579951547776987
12.767732962447838 1.049010784916137 0.1272059110070601
13.268428372739919 1.0030663493669787 0.13854570073740427
13.769123783032 0.9571863584261551 0.14981902892772594
14.269819193324054 0.9113710953309591 0.16102603983694866
14.770514603616135 0.865620843318675 0.17216687772399789
15.271210013908217 0.8199358856265961 0.18324168684779726
15.77190542420027 0.7743165054920147 0.19425061146727027
16.27260083449235 0.728762986152216 0.20519379584134248
16.773296244784433 0.6832756108444924 0.21607138422893743
17.273991655076486 0.6378546628061366 0.2268835208889787
17.774687065368568 0.5925004252744335 0.23763035008039177
18.27538247566065 0.5472131814866759 0.2483120160621002
18.776077885952702 0.5019932146801562 0.25892866309302764
19.276773296244784 0.45684080809215977 0.26948043543209954
19.777468706536865 0.41175624495997853 0.27996747733823923
20.27816411682892 0.3667398085209057 0.29038993307037075
20.778859527121 0.321791782012226 0.30074794688741924
21.27955493741308 0.2769124486712322 0.3110416630483084
21.780250347705135 0.232102091735217 0.32127122581196166
22.280945757997216 0.18736099444146515 0.33143677943730476
22.781641168289298 0.14268944002726913 0.34153846818326106
23.28233657858135 0.0980877117299217 0.35157643630875435
23.783031988873432 0.05355609278670803 0.3615508280727098
24.283727399165514 0.0090948664349213 0.37146178773405114
24.784422809457567 -0.03529568408814754 0.38130945955170203
25.28511821974965 -0.07961527554521197 0.3910939877845879
25.78581363004173 -0.12386362469898016 0.4008155166916323
26.286509040333783 -0.16804044831215936 0.4104741905317588
26.787204450625865 -0.21214546314746396 0.4200701535638929
27.287899860917946 -0.25617838596760256 0.42960355004695827
27.78859527121 -0.30013893353528154 0.43907452423987825
28.28929068150208 -0.34402682261321615 0.4484832204015786
28.789986091794162 -0.3878417699641141 0.4578297827909825
29.290681502086215 -0.4315834923506823 0.4671143556670141
29.791376912378297 -0.4752517065356363 0.47633708328859836
30.29207232267038 -0.5188461292816826 0.48549810991465914
30.79276773296246 -0.562366477351532 0.49459757980412045
31.293463143254513 -0.6058124675078917 0.5036356372159062
31.794158553546595 -0.6491838165134767 0.5126124264089414
32.294853963838676 -0.692480241130994 0.5215280916421501
32.79554937413073 -0.7357014581231511 0.5303827771744556
33.29624478442281 -0.7788471842526636 0.5391766272647834
33.79694019471489 -0.8219171362822388 0.5479097861720571
34.297635605006946 -0.8649110309745831 0.5565823981552005
34.79833101529903 -0.9078285850924126 0.5651946074731385
35.29902642559111 -0.9506695153984341 0.5737465583847952
35.79972183588316 -0.993433538655355 0.5822383951490941
36.30041724617524 -1.0361203716258904 0.5906702620249606
36.801112656467325 -1.0787297310727477 0.5990423032713182
37.30180806675938 -1.121261333758635 0.6073546631470907
37.80250347705146 -1.1637148964462658 0.6156074859112033
38.30319888734354 -1.2060901358983487 0.6238009158225797
38.803894297635594 -1.248386768877591 0.6319350971401436
39.304589707927676 -1.290604512146707 0.6400101741228204
39.80528511821976 -1.3327430824684048 0.6480262910295334
40.30598052851181 -1.374802196605391 0.6559835921192066
40.80667593880389 -1.4167815713203815 0.6638822216507655
41.30737134909597 -1.4586809233760833 0.6717223238831331
41.808066759388026 -1.5004999695352037 0.6795040430752337
42.30876216968011 -1.5422384265604578 0.6872275234859921
42.80945757997219 -1.5838960112145526 0.6948929093743323
43.31015299026424 -1.625472440260197 0.7025003449991781
43.810848400556324 -1.6669674304601036 0.7100499746194542
44.311543810848406 -1.7083806985769816 0.7175419424940849
44.81223922114046 -1.7497119613735377 0.7249763928819936
45.31293463143254 -1.790960935612488 0.7323534700421055
45.81363004172462 -1.8321273380565373 0.7396733182333444
46.314325452016675 -1.8732108854683958 0.746936081714634
46.81502086230876 -1.9142112946107774 0.7541419047448996
47.31571627260084 -1.9551282822463882 0.7612909315830647
47.81641168289289 -1.9959615651379377 0.7683833064880532
48.31710709318497 -2.0367108600481405 0.7754191737187902
48.817802503477054 -2.0773758837397027 0.7823986775341993
49.318497913769136 -2.1179563529753347 0.7893219621932049
49.81919332406119 -2.158451984517745 0.7961891719547309
50.31988873435327 -2.1988624951296485 0.803000451077702
50.82058414464535 -2.23918760157375 0.8097559438210422
51.321279554937405 -2.2794270206127605 0.8164557944436754
51.82197496522949 -2.3195804690093933 0.8231001472045263
52.32267037552157 -2.3596476635263546 0.8296891463625193
52.82336578581362 -2.399628320926354 0.8362229361765778
53.3240611961057 -2.439522157972105 0.8427016609056266
53.824756606397784 -2.4793288914263156 0.8491254648085897
54.32545201668984 -2.5190482380516928 0.8554944921443912
54.82614742698192 -2.558679914610952 0.8618088871719556
55.326842837274 -2.598223637866801 0.8680687941502072
55.82753824756605 -2.637679124581946 0.8742743573380696
56.328233657858135 -2.677046091519103 0.8804257209944677
56.82892906815022 -2.7163242554409797 0.8865230293783253
57.32962447844227 -2.755513333110282 0.8925664267485665
57.83031988873435 -2.7946130412897254 0.898556057364116
58.33101529902643 -2.833623096742019 0.9044920654838982
58.831710709318486 -2.872543216229867 0.9103745953668361
59.33240611961057 -2.9113731165159873 0.916203791271855
59.83310152990265 -2.950112514363087 0.921979797457879
60.3337969401947 -2.9887611265338716 0.9277027581838315
60.834492350486784 -3.0273186697910575 0.9333728177086378
61.335187760778865 -3.0657848608973515 0.9389901202912216
61.83588317107092 -3.1041594166154622 0.9445548101905068
62.336578581363 -3.142442053708103 0.9500670316654183
62.83727399165508 -3.180632488937982 0.9555269289748798
63.337969401947134 -3.218730439067807 0.9609346463778154
63.838664812239216 -3.256735620860292 0.9662903281331499
64.3393602225313 -3.294647751078145 0.9715941184998071
64.84005563282335 -3.3324665464840733 0.9768461617367115
65.34075104311543 -3.370191723840793 0.9820466021027869
65.84144645340751 -3.4078229999110095 0.9871955838569577
66.34214186369957 -3.445360091457431 0.9922932512581479
66.84283727399165 -3.482802715242774 0.9973397485652824
67.34353268428373 -3.5201505880297423 1.0023352200372846
67.84422809457581 -3.5574034265810495 1.0072798099330793
68.34492350486786 -3.594560947659402 1.0121736625115902
68.84561891515995 -3.631622868027514 1.0170169220317418
69.34631432545203 -3.668588904448092 1.0218097327524587
69.84700973574408 -3.705458773683847 1.0265522389326642
70.34770514603616 -3.7422321924974895 1.0312445848312837
70.84840055632824 -3.7789088776517294 1.03588691470724
71.3490959666203 -3.8154885459092744 1.0404793728194583
71.84979137691238 -3.8519709140328393 1.0450221034268625
72.35048678720446 -3.88835569878513 1.049515250788377
72.85118219749651 -3.924642616928855 1.0539589591629257
73.3518776077886 -3.9608313852267303 1.0583533728094328
73.85257301808068 -3.9969217204414607 1.0626986359868231
74.35326842837273 -4.032913339335756 1.06699489295402
74.85396383866481 -4.06880595867233 1.0712422879699484
75.35465924895689 -4.10459929521389 1.0754409652935324
75.85535465924895 -4.140293065723145 1.0795910691836954
76.35605006954103 -4.175886986962808 1.0836927438993629
76.85674547983308 -4.211380775695585 1.0877461336994578
77.35744089012519 -4.246774148684192 1.091751382842906
77.85813630041724 -4.282066822691331 1.0957086355886296
78.3588317107093 -4.317258514479716 1.0996180361955543
78.8595271210014 -4.352348940812061 1.1034797289226044
79.36022253129346 -4.387337818451068 1.1072938580287028
79.86091794158551 -4.4222248641594515 1.1110605677727745
80.36161335187762 -4.457009794699923 1.1147800024137444
80.86230876216968 -4.491692326835187 1.1184523062105358
81.36300417246173 -4.526272177327956 1.1220776234220728
81.86369958275384 -4.560749062940945 1.1256560983072805
82.36439499304589 -4.595122700436855 1.1291878751250821
82.86509040333794 -4.629392806578401 1.1326730981344026
83.36578581363005 -4.663559098128296 1.1361119115941662
83.86648122392211 -4.6976212918492415 1.1395044597632962
84.36717663421416 -4.731579104503953 1.1428508869007172
84.86787204450627 -4.765432252855142 1.1461513372653545
85.36856745479832 -4.799180453665514 1.149405955116131
85.86926286509038 -4.83282342369778 1.152614884711971
86.36995827538249 -4.866360879714653 1.1557782703118
86.87065368567454 -4.899792538478839 1.1588962561745402
87.3713490959666 -4.93311811675305 1.1619689865591174
87.8720445062587 -4.966337331299997 1.1649966057244552
88.37273991655076 -4.9994498988823874 1.1679792579294783
88.87343532684281 -5.03245553626293 1.1709170874331098
89.37413073713492 -5.065353960204343 1.1738102384942752
89.87482614742697 -5.098144887469325 1.1766588553718977
90.37552155771903 -5.130828034820591 1.1794630823249024
90.87621696801114 -5.163403119020856 1.182223063612213
91.37691237830319 -5.195869856832822 1.1849389434927535
91.87760778859524 -5.228227965019199 1.187610866225448
92.37830319888735 -5.260477160342706 1.190238976069222
92.8789986091794 -5.292617159566043 1.1928234172829988
93.37969401947146 -5.324647679451922 1.1953643341257016
93.88038942976357 -5.356568436763061 1.1978618708562567
94.38108484005562 -5.3883791482621595 1.2003161717335866
94.88178025034773 -5.420079530711933 1.2027273810166164
95.38247566063978 -5.451669300875089 1.2050956429642703
95.88317107093184 -5.483148175514338 1.2074211018354717
96.38386648122395 -5.514515871392391 1.2097039018891458
96.884561891516 -5.545772105271958 1.211944187384216
97.38525730180805 -5.576916593915747 1.2141421025796075
97.88595271210016 -5.60794905408647 1.2162977917342432
98.38664812239222 -5.638869202546835 1.2184113991070487
98.88734353268427 -5.669676756059552 1.2204830689569468
99.38803894297638 -5.700371431387336 1.2225129455428632
99.88873435326843 -5.7309529452928905 1.2245011731237208
100.38942976356049 -5.761421014538924 1.2264478959584446
100.8901251738526 -5.791775355888158 1.2283532583059589
101.39082058414465 -5.822015686103289 1.230217404425187
101.8915159944367 -5.852141721947032 1.2320404785750536
102.39221140472881 -5.882153180182104 1.2338226250144837
102.89290681502086 -5.912049777571203 1.2355639880024005
103.39360222531292 -5.941831230877043 1.2372647117977282
103.89429763560503 -5.9714972568623415 1.238924940659392
104.39499304589708 -6.001047572289797 1.240544818846315
104.89568845618913 -6.030481893922123 1.242124490617422
105.39638386648124 -6.059799938522038 1.2436641002316369
105.8970792767733 -6.089001422852241 1.2451637919478846
106.39777468706535 -6.118086063675443 1.246623710025088
106.89847009735746 -6.147053577754362 1.248043998722173
107.39916550764951 -6.175903681851701 1.2494248022980625
107.89986091794157 -6.204636092730168 1.2507662650116809
108.40055632823368 -6.233250527152484 1.252068531121953
108.90125173852573 -6.261746701881347 1.2533317448878025
109.40194714881778 -6.290124333679469 1.254556050568154
109.90264255910989 -6.318383139309568 1.255741592421931
110.40333796940195 -6.346522835534343 1.2568885147080586
110.904033379694 -6.374543139116514 1.2579969616854603
111.40472878998611 -6.402443766818785 1.259067077613061
111.90542420027816 -6.430224435403866 1.260099006749784
112.40611961057022 -6.457884861634468 1.2610928933545544
112.90681502086233 -6.485424762273303 1.2620488816862963
113.40751043115438 -6.5128438540830755 1.262967116003933
113.90820584144643 -6.5401418538265 1.2638477405663895
114.40890125173854 -6.567318478266288 1.2646908996325898
114.9095966620306 -6.594373444165142 1.2654967374614587
115.41029207232265 -6.62130646828578 1.2662653983119196
115.91098748261476 -6.648117267390911 1.2669970264428971
116.41168289290681 -6.674805558243237 1.267691766113315
116.91237830319886 -6.701371057605475 1.2683497615820984
117.41307371349097 -6.727813482240337 1.2689711571081703
117.91376912378303 -6.7541325489105235 1.269556096950456
118.41446453407508 -6.780327974378753 1.270104725367879
118.91515994436719 -6.806399475407734 1.270617186619364
119.41585535465924 -6.832346768760172 1.2710936249638352
119.9165507649513 -6.858169571198782 1.2715341846602157
120.4172461752434 -6.883867599486272 1.2719390099674315
120.91794158553546 -6.9094405703853505 1.2723082451444057
121.41863699582751 -6.934888200658729 1.2726420344500626
121.91933240611962 -6.96021020706912 1.272940522143326
122.42002781641168 -6.985406306379228 1.2732038524831217
122.92072322670373 -7.010476215351765 1.273432169728372
123.42141863699584 -7.035419650749442 1.2736256181380023
123.92211404728789 -7.060236329334969 1.2737843419709365
124.42280945757994 -7.084925967871055 1.2739084854860991
124.92350486787205 -7.109488283120412 1.273998192942414
125.42420027816411 -7.133922991845746 1.2740536085988048
125.92489568845616 -7.158229810809769 1.2740748767141963
126.42559109874827 -7.182408456775192 1.2740621415475133
126.92628650904032 -7.206458646504724 1.2740155473576797
127.42698191933238 -7.230380096761073 1.2739352384036184
127.92767732962449 -7.254172524306955 1.273821358944256
128.42837273991654 -7.277835645905072 1.2736740532385145
128.9290681502086 -7.301369178318139 1.2734934655453187
129.4297635605007 -7.324772838308864 1.2732797401235934
129.93045897079276 -7.348046342639958 1.2730330212322631
130.4311543810848 -7.371189408074129 1.2727534531302507
130.93184979137692 -7.394201751374092 1.2724411800764817
131.43254520166897 -7.41708308930255 1.2720963463298796
131.93324061196108 -7.439833138622219 1.2717190961493683
132.43393602225314 -7.462451616095804 1.2713095737938727
132.9346314325452 -7.484938238486017 1.270867923522317
133.4353268428373 -7.50729272255557 1.2703942895936253
133.93602225312935 -7.529514785067168 1.269888816266721
134.4367176634214 -7.551604142783526 1.2693516478005298
134.93741307371351 -7.573560512467352 1.2687829284539747
135.43810848400557 -7.595383610881355 1.26818280248598
135.93880389429762 -7.617073154788245 1.2675514141554707
136.43949930458973 -7.6386288609507345 1.2668889077213705
136.94019471488178 -7.660050446131529 1.266195427442604
137.44089012517384 -7.681337627093343 1.2654711175780948
137.94158553546595 -7.702490120598884 1.2647161223867671
138.442280945758 -7.723507643410861 1.263930586127546
138.94297635605005 -7.744389912291985 1.2631146530593547
139.44367176634216 -7.765136644004968 1.2622684674411169
139.94436717663422 -7.7857475553125175 1.2613921735317597
140.44506258692627 -7.806222362977343 1.2604859155902035
140.94575799721838 -7.826560783762157 1.2595498378753758
141.44645340751043 -7.846762534429668 1.258584084646199
141.94714881780249 -7.866827331742583 1.2575888001615974
142.4478442280946 -7.88675489246362 1.2565641286804954
142.94853963838665 -7.906544933355479 1.255510214461817
143.4492350486787 -7.926197171180875 1.2544272017644877
143.9499304589708 -7.945711322702521 1.2533152348474295
144.45062586926286 -7.96508710468312 1.2521744579695688
144.95132127955492 -7.984324233885384 1.251005015389829
145.45201668984703 -8.003422427072028 1.249807051367133
145.95271210013908 -8.02238140100576 1.2485807101604067
146.45340751043113 -8.04120087244928 1.2473261360285746
146.95410292072324 -8.059880558165315 1.2460434732305592
147.4547983310153 -8.078420174916563 1.2447328660252854
147.95549374130735 -8.096819439465733 1.2433944586716776
148.45618915159946 -8.115078068575546 1.242028395428661
148.9568845618915 -8.133195779008698 1.2406348205551587
149.45757997218357 -8.151172287527906 1.2392138783100946
149.95827538247568 -8.169007310895886 1.237765712952393
150.45897079276773 -8.186700565875338 1.2362904687409786
150.95966620305978 -8.204251769228971 1.234788289934776
151.4603616133519 -8.221660637719506 1.233259320792708
151.96105702364395 -8.238926888109642 1.2317037055737006
152.461752433936 -8.256050237162096 1.2301215885366765
152.9624478442281 -8.273030401639577 1.2285131139405607
153.46314325452016 -8.28986709830479 1.2268784260442775
153.96383866481222 -8.306560043920449 1.2252176691067505
154.46453407510432 -8.323108955249264 1.2235309873869047
154.96522948539638 -8.33951354905394 1.2218185251436633
155.46592489568843 -8.355773542097193 1.220080426635951
155.96662030598054 -8.371888651141735 1.2183168361226933
156.4673157162726 -8.387858592950263 1.2165278978628111
156.96801112656465 -8.4036830842855 1.2147137561152321
157.46870653685676 -8.419361841910156 1.2128745551388784
157.9694019471488 -8.434894582586931 1.2110104391926757
158.47009735744086 -8.450281023078542 1.2091215525355483
158.97079276773297 -8.4655208801477 1.2072080394264175
159.47148817802503 -8.480613870557107 1.2052700441242108
159.97218358831708 -8.495559711069479 1.2033077108878507
160.4728789986092 -8.510358118447531 1.2013211839762616
160.97357440890124 -8.525008809453961 1.1993106076483688
161.4742698191933 -8.539511500851486 1.1972761261630958
161.9749652294854 -8.553865909402816 1.1952178837793659
162.47566063977746 -8.568071751870662 1.193136024756105
162.9763560500695 -8.58212874501773 1.191030693352235
163.47705146036162 -8.59603660560673 1.1889020338266822
163.97774687065368 -8.609795050400376 1.1867501904383706
164.47844228094573 -8.623403796161373 1.1845753074462235
164.97913769123784 -8.636862559652435 1.1823775291091663
165.4798331015299 -8.650171057636271 1.1801569996861219
165.98052851182194 -8.663329006875589 1.1779138634360156
166.48122392211405 -8.676336124133101 1.17564826461777
166.9819193324061 -8.689192126171516 1.1733603474903112
167.48261474269816 -8.701896729753546 1.171050256312563
167.98331015299027 -8.714449651641896 1.168718135343448
168.48400556328232 -8.726850608599282 1.166364128841893
168.98470097357443 -8.739099317388408 1.1639883810668195
169.4853963838665 -8.751195494771988 1.1615910362771544
169.98609179415854 -8.763138857512729 1.1591722387318206
170.48678720445065 -8.774929122373347 1.1567321326897415
170.9874826147427 -8.786566006116548 1.1542708624098423
171.48817802503476 -8.798049225505032 1.1517885721510466
171.98887343532687 -8.80937849730153 1.1492854061722804
172.48956884561892 -8.820553538268737 1.1467615087324659
172.99026425591097 -8.83157406516936 1.144217024090527
173.49095966620308 -8.842439794766126 1.1416520965053898
173.99165507649514 -8.853150443821725 1.139066870235977
174.4923504867872 -8.863705729098879 1.1364614895412142
174.9930458970793 -8.874105367360297 1.1338360986800236
175.49374130737135 -8.884349075368686 1.1311908419113321
175.9944367176634 -8.894436569886754 1.1285258634940616
176.49513212795551 -8.90436756767722 1.1258413076871363
176.99582753824757 -8.914141785502782 1.1231373187494829
177.49652294853962 -8.923758940126156 1.1204140409400238
177.99721835883173 -8.933218748310054 1.1176716185176827
178.49791376912378 -8.942520926817181 1.1149101957413847
178.99860917941584 -8.95166519241025 1.112129916870053
179.49930458970795 -8.960651261851975 1.1093309261626139
180.0 -8.969478851905055 1.1065133678779893
