Polar data for a18sm at Re = 78620.68965517242
Alpha (deg) Cl Cd
-180.0 3.413296658040472 1.0587247872666026
-179.49930458970792 3.4105388225703064 1.0574002588312752
-178.99860917941587 3.4077260846148243 1.056059550604284
-178.49791376912378 3.404858500825138 1.0547027300518395
-177.9972183588317 3.4019361278523568 1.0533298646401519
-177.49652294853965 3.3989590223475967 1.0519410218354313
-176.99582753824757 3.3959272409619676 1.0505362691038884
-176.4951321279555 3.3928408403465817 1.0491156739117329
-175.99443671766343 3.389699877152553 1.0476793037251755
-175.49374130737135 3.386504408030991 1.0462272260104257
-174.99304589707927 3.383254489633011 1.0447595082336953
-174.49235048678722 3.379950178609724 1.0432762178611925
-173.99165507649514 3.3765915316122403 1.041777422359129
-173.49095966620305 3.3731786052916735 1.0402631891937146
-172.990264255911 3.3697114562991364 1.0387335858311586
-172.48956884561892 3.3661901412857422 1.0371886797376735
-171.98887343532684 3.3626147169026015 1.035628538379467
-171.48817802503476 3.3589852398008255 1.0340532292227513
-170.9874826147427 3.3553017666315292 1.032462819733736
-170.48678720445062 3.3515643540458213 1.0308573773786305
-169.98609179415854 3.3477730586948184 1.029236969623646
-169.4853963838665 3.3439279372296284 1.0276016639349923
-168.9847009735744 3.340029046301366 1.02595152777888
-168.48400556328232 3.336076442561142 1.0242866286215195
-167.98331015299027 3.3320701826600714 1.0226070339291204
-167.4826147426982 3.328010323249264 1.0209128111678927
-166.9819193324061 3.323896920979831 1.019204027804048
-166.48122392211405 3.319730032502888 1.0174807513037945
-165.98052851182197 3.315509714469545 1.0157430491333452
-165.4798331015299 3.311236023530913 1.013990988758908
-164.97913769123784 3.3069090163381083 1.0122246376466932
-164.47844228094576 3.302528749542238 1.010444063262913
-163.97774687065368 3.29809527979442 1.0086493330737756
-163.47705146036162 3.293608663745759 1.0068405145454922
-162.97635605006954 3.2890689580473755 1.0050176751442723
-162.47566063977746 3.284476219350377 1.0031808823363277
-161.9749652294854 3.279830504305876 1.001330203587867
-161.47426981919332 3.275131869564984 0.9994657063651003
-160.97357440890124 3.2703803717788165 0.99758745813424
-160.4728789986092 3.265576067598483 0.9956955263614943
-159.9721835883171 3.260719013675097 0.9937899785130745
-159.47148817802503 3.2558092666597696 0.9918708820551897
-158.97079276773297 3.2508468832036157 0.9899383044540516
-158.4700973574409 3.2458319199577415 0.9879923131758689
-157.9694019471488 3.2407644335732644 0.9860329756868532
-157.46870653685676 3.235644480701296 0.9840603594532137
-156.96801112656468 3.230472117992947 0.9820745319411616
-156.4673157162726 3.2252474020993325 0.9800755606169064
-155.96662030598054 3.219970389671563 0.9780635129466585
-155.46592489568846 3.2146411373607484 0.9760384563966283
-154.96522948539638 3.209259701818001 0.974000458433025
-154.46453407510432 3.203826139694438 0.9719495865220614
-153.96383866481224 3.1983405076411677 0.9698859081299446
-153.46314325452016 3.1928028623093048 0.9678094907228875
-152.9624478442281 3.187213260349956 0.9657204017670987
-152.46175243393603 3.181571758414241 0.9636187087287887
-151.96105702364395 3.1758784131532667 0.9615044790741684
-151.4603616133519 3.170133281218147 0.9593777802694471
-150.9596662030598 3.1643364192599948 0.9572386797808362
-150.45897079276773 3.1584878839299217 0.9550872450745452
-149.95827538247568 3.15258773187904 0.9529235436167846
-149.4575799721836 3.146636019758462 0.9507476428737632
-148.9568845618915 3.140632804219297 0.948559610311693
-148.45618915159943 3.134578141912662 0.9463595133967847
-147.95549374130738 3.128472089489667 0.9441474195952465
-147.4547983310153 3.122314703601426 0.9419233963732906
-146.95410292072324 3.1161060408990475 0.9396875111971256
-146.45340751043116 3.109846158033647 0.9374398315329627
-145.95271210013908 3.1035351116563326 0.9351804248470107
-145.452016689847 3.0971729584182213 0.932909358605483
-144.95132127955495 3.0907597549704247 0.9306267002745868
-144.45062586926286 3.0842955579640514 0.928332517320534
-143.94993045897078 3.0777804240502182 0.9260268772095336
-143.44923504867873 3.071214409880032 0.9237098474077964
-142.94853963838665 3.064597572104613 0.9213814953815337
-142.44784422809457 3.0579299673750646 0.9190418885969537
-141.9471488178025 3.0512116523425044 0.9166910945202685
-141.44645340751043 3.044442683658042 0.9143291806176869
-140.94575799721835 3.037623117972791 0.91195621435542
-140.44506258692627 3.0307530119378634 0.9095722631996778
-139.94436717663422 3.023832422204373 0.9071773946166707
-139.44367176634213 3.016861405423428 0.9047716760726091
-138.94297635605005 3.0098400182461442 0.9023551750337021
-138.442280945758 3.0027683173236333 0.8999279589661614
-137.94158553546592 2.9956463593070075 0.8974900953361965
-137.44089012517384 2.9884742008473766 0.8950416516100174
-136.94019471488178 2.9812518985958554 0.8925826952538348
-136.4394993045897 2.9739795092035552 0.8901132937338597
-135.93880389429762 2.966657089321586 0.8876335145163007
-135.43810848400557 2.9592846956010654 0.8851434250673681
-134.9374130737135 2.951862384693101 0.8826430928532741
-134.4367176634214 2.944390213248808 0.8801325853402256
-133.93602225312935 2.9368682379192967 0.877611969994437
-133.43532684283727 2.9292965153556794 0.8750813142821156
-132.9346314325452 2.921675102209068 0.8725406856694725
-132.43393602225314 2.9140040551305755 0.8699901516227174
-131.93324061196105 2.9062834307713143 0.8674297796080616
-131.43254520166897 2.8985132857823976 0.8648596370917149
-130.93184979137692 2.890693676814935 0.8622797915398873
-130.43115438108484 2.8828246605200403 0.8596903104187897
-129.93045897079276 2.874906293548826 0.8570912611946321
-129.4297635605007 2.866938632552405 0.854482711333623
-128.92906815020862 2.8589217341818842 0.8518647283019746
-128.42837273991654 2.850855655088384 0.849237379565896
-127.92767732962449 2.8427404519230106 0.8466007325915997
-127.4269819193324 2.8345761813368804 0.8439548548452928
-126.92628650904032 2.8263628999811012 0.8412998137931872
-126.42559109874827 2.81810066450679 0.8386356769014943
-125.92489568845619 2.8097895315650514 0.835962511636421
-125.42420027816411 2.801429557807008 0.8332803854641803
-124.92350486787205 2.7930207998837617 0.8305893658509812
-124.42280945757997 2.7845633144464332 0.8278895202630351
-123.92211404728789 2.776057158146132 0.8251809161665514
-123.42141863699584 2.7675023876339675 0.8224636210277406
-122.92072322670376 2.758899059561053 0.8197377023128135
-122.42002781641168 2.7502472305785015 0.8170032274879787
-121.91933240611961 2.741546957337428 0.8142602640194466
-121.41863699582754 2.7327982964889403 0.8115088793734294
-120.91794158553546 2.7240013046841534 0.8087491410161357
-120.41724617524339 2.7151560385741793 0.8059811164137763
-119.91655076495132 2.706262554810127 0.8032048730325622
-119.41585535465924 2.697320910043112 0.8004204783387013
-118.91515994436718 2.6883311609242457 0.7976279997984065
-118.41446453407511 2.6792933641046406 0.7948275048778862
-117.91376912378303 2.6702075762354096 0.7920190610433501
-117.41307371349096 2.6610738539676624 0.789202735761012
-116.91237830319889 2.6518922539525147 0.7863785964970779
-116.41168289290681 2.6426628328410735 0.7835467107177599
-115.91098748261474 2.6333856472844572 0.780707145889269
-115.41029207232268 2.6240607539337737 0.7778599694778155
-114.9095966620306 2.614688209440137 0.7750052489496077
-114.40890125173853 2.6052680704546582 0.7721430517708571
-113.90820584144646 2.595800393628451 0.7692734454077738
-113.40751043115438 2.586285235612626 0.7663964973265681
-112.90681502086231 2.576722653058297 0.7635122749934501
-112.40611961057024 2.567112702616576 0.7606208458746296
-111.90542420027816 2.5574554409385732 0.7577222774363185
-111.4047287899861 2.547750924675403 0.7548166371447257
-110.90403337969401 2.537999210478176 0.7519039924660594
-110.40333796940195 2.5282003549980074 0.7489844108665341
-109.90264255910988 2.5183544148860064 0.7460579598123575
-109.4019471488178 2.508461446793287 0.7431247067697407
-108.90125173852573 2.4985215073709575 0.7401847192048926
-108.40055632823366 2.4885346532701376 0.7372380645840252
-107.89986091794158 2.4785009411419288 0.7342848103733471
-107.39916550764951 2.4684204276374557 0.7313250240390706
-106.89847009735745 2.4582931694078236 0.7283587730474034
-106.39777468706536 2.448119223104143 0.7253861248645576
-105.8970792767733 2.4378986453775293 0.7224071469567431
-105.39638386648123 2.427631492879097 0.71942190679017
-104.89568845618915 2.417317822259951 0.7164304718310482
-104.39499304589708 2.4069576901712124 0.7134329095455877
-103.89429763560501 2.3965511532639847 0.7104292873999997
-103.39360222531293 2.386098268189389 0.7074196728604937
-102.89290681502086 2.375599091598527 0.7044041333932801
-102.3922114047288 2.365053680142521 0.7013827364645694
-101.89151599443672 2.354462090472477 0.698355549540571
-101.39082058414465 2.34382437923951 0.695322640087498
-100.89012517385257 2.333140603094733 0.6922840755715564
-100.3894297635605 2.3224108186892525 0.6892399234589582
-99.88873435326843 2.3116350826741896 0.6861902512159154
-99.38803894297635 2.3008134517006495 0.6831351263086359
-98.88734353268428 2.2899459824197463 0.6800746162033308
-98.38664812239222 2.2790327314825958 0.6770087883662107
-97.88595271210013 2.268073755540303 0.6739377102634857
-97.38525730180807 2.2570691112439856 0.6708614493613657
-96.884561891516 2.2460188552447558 0.6677800731260598
-96.38386648122392 2.2349230441937222 0.6646936490237806
-95.88317107093185 2.223781734742001 0.6616022445207371
-95.38247566063978 2.212594983540702 0.6585059270831394
-94.8817802503477 2.201362847240936 0.6554047641771973
-94.38108484005564 2.190085382493819 0.6522988232691235
-93.88038942976357 2.178762645950463 0.6491881718251257
-93.37969401947149 2.1673946942619753 0.6460728773114134
-92.87899860917942 2.1559815840794747 0.6429530071941997
-92.37830319888734 2.1445233720540666 0.639828628939694
-91.87760778859527 2.1330201148368704 0.6366998100141051
-91.3769123783032 2.1214718690789947 0.6335666178836442
-90.87621696801112 2.10987869143155 0.6304291200145208
-90.37552155771905 2.0982406385456502 0.627287383872947
-89.87482614742699 2.0865577670724096 0.6241414769251324
-89.3741307371349 2.074830133662933 0.6209914666372839
-88.87343532684284 2.063057794968342 0.617837420475618
-88.37273991655077 2.0512408076397466 0.6146794059063388
-87.87204450625869 2.0393792283282575 0.6115174903956614
-87.37134909596662 2.0274731136849815 0.6083517414097906
-86.87065368567455 2.01552252036104 0.6051822264149441
-86.36995827538247 2.0035275050075394 0.6020090128773251
-85.8692628650904 1.9914881242755944 0.5988321682631458
-85.36856745479834 1.9794044348163184 0.595651760038621
-84.86787204450626 1.9672764932808204 0.592467855669954
-84.36717663421419 1.9551043563202126 0.5892805226233578
-83.86648122392211 1.942888080585609 0.5860898283650456
-83.36578581363004 1.9306277227281219 0.5828958403612251
-82.86509040333797 1.9183233393988635 0.5796986260781049
-82.36439499304589 1.9059749872489478 0.5764982529818979
-81.86369958275382 1.8935827229294817 0.5732947885388121
-81.36300417246176 1.881146603091581 0.5700883002150604
-80.86230876216968 1.8686666843863529 0.5668788554768506
-80.36161335187761 1.8561430234649217 0.5636665217903948
-79.86091794158554 1.843575676978389 0.5604513666219034
-79.36022253129346 1.830964701577871 0.5572334574375825
-78.85952712100139 1.818310153914476 0.5540128617036476
-78.35883171070932 1.805612090639318 0.5507896468863048
-77.85813630041724 1.7928705684035149 0.547563880451769
-77.35744089012518 1.7800856438581751 0.5443356298662477
-76.85674547983311 1.7672573736544057 0.5411049625959489
-76.35605006954103 1.7543858144433278 0.5378719461070881
-75.85535465924896 1.7414710228760446 0.5346366478658696
-75.35465924895689 1.7285130556036739 0.5313991353385074
-74.85396383866481 1.7155119692773295 0.5281594759912126
-74.35326842837274 1.702467820548122 0.5249177372901931
-73.85257301808066 1.6893806660671566 0.5216739867016583
-73.3518776077886 1.6762505624855562 0.5184282916918223
-72.85118219749653 1.6630775664544257 0.5151807197268917
-72.35048678720445 1.6498617346248812 0.511931338273078
-71.84979137691238 1.6366031236480347 0.5086802147965915
-71.34909596662031 1.6233017901749969 0.5054274167636418
-70.84840055632823 1.6099577908568798 0.5021730116404418
-70.34770514603616 1.5965711823447977 0.49891706689319937
-69.8470097357441 1.583142021289859 0.49565964998812306
-69.34631432545201 1.569670364343178 0.49240082839142685
-68.84561891515995 1.556156268155872 0.48914066956931845
-68.34492350486788 1.5425997893790464 0.4858792409880083
-67.8442280945758 1.5290009846638133 0.4826166101137076
-67.34353268428373 1.5153599106612885 0.4793528444126277
-66.84283727399166 1.5016766240225825 0.47608801135097545
-66.34214186369958 1.4879511813988076 0.4728221783949639
-65.84144645340751 1.4741836394410777 0.4695554130108025
-65.34075104311543 1.4603740548005015 0.46628778266470083
-64.84005563282336 1.4465224841281932 0.46301935482286927
-64.3393602225313 1.4326289840752666 0.4597501969515191
-63.838664812239216 1.4186936112928341 0.4564803765168607
-63.33796940194715 1.4047164224320043 0.4532099609851036
-62.83727399165508 1.390697474143893 0.4499390178224555
-62.336578581363 1.3766368230796056 0.44666761449513037
-61.83588317107093 1.3625345258902628 0.44339581846933773
-61.335187760778865 1.348390639226977 0.44012369721128797
-60.834492350486784 1.3342052197408536 0.4368513181871879
-60.333796940194716 1.3199783240830063 0.4335787488632542
-59.83310152990265 1.305710008904551 0.430306056705691
-59.33240611961057 1.2914003308566 0.4270333091807105
-58.8317107093185 1.2770493465902584 0.4237605737545239
-58.33101529902643 1.2626571127566473 0.42048791789334083
-57.83031988873435 1.2482236860068772 0.4172154090633725
-57.329624478442284 1.233749122992055 0.41394311473082757
-56.82892906815022 1.2192334803632947 0.4106711023619146
-56.328233657858135 1.204676814771714 0.4073994394228512
-55.82753824756607 1.1900791828684196 0.40412819337983963
-55.326842837273986 1.1754406413045275 0.40085743169909305
-54.82614742698192 1.1607612467311463 0.3975872218468227
-54.32545201668985 1.1460410557993865 0.39431763128923547
-53.82475660639777 1.1312801251603657 0.39104872749254527
-53.3240611961057 1.1164785114651943 0.3877805779229616
-52.823365785813635 1.1016362713649828 0.384513250046694
-52.322670375521554 1.086753461510847 0.38124681132995286
-51.82197496522949 1.0718301385538955 0.37798132923894856
-51.321279554937405 1.0568663591452407 0.3747168712398906
-50.82058414464535 1.0418621799359966 0.3714535047989903
-50.31988873435327 1.0268176575772772 0.36819129738245626
-49.81919332406119 1.011732848720191 0.36493031645650065
-49.318497913769136 0.9966078100158506 0.36167062948733386
-48.817802503477054 0.981442598115368 0.35841230394116275
-48.31710709318497 0.9662372696698573 0.35515540728420036
-47.81641168289292 0.9509918813304326 0.3519000069826571
-47.31571627260084 0.9357064897482024 0.34864617050274427
-46.81502086230876 0.9203811515742755 0.3453939653106687
-46.3143254520167 0.9050159234597748 0.3421434588726425
-45.81363004172462 0.8896108620558019 0.33889471865487797
-45.31293463143254 0.8741660240134761 0.33564781212358097
-44.81223922114049 0.8586814659839062 0.3324028067449646
-44.311543810848406 0.8431572446182061 0.3291597699852383
-43.810848400556324 0.8275934165674828 0.3259187693106126
-43.31015299026427 0.8119900384828573 0.32267987218729777
-42.80945757997219 0.796347167015435 0.3194431460815025
-42.30876216968011 0.7806648588163314 0.3162086584594398
-41.808066759388026 0.7649431705366554 0.31297647678731744
-41.30737134909597 0.749182158827528 0.3097466685313476
-40.80667593880389 0.7333818803400474 0.30651930115773796
-40.30598052851181 0.7175423917253363 0.3032944421327025
-39.80528511821976 0.7016637496345071 0.300072158922449
-39.304589707927676 0.6857460107186648 0.29685251899318865
-38.803894297635594 0.6697892316289271 0.29363558981112925
-38.30319888734354 0.6537934690164062 0.2904214388424856
-37.80250347705146 0.6377587795322108 0.2872101335534628
-37.30180806675938 0.621685219827455 0.284001741410273
-36.801112656467325 0.6055728465532562 0.28079632987913106
-36.30041724617524 0.589421716360716 0.27759396642624024
-35.79972183588316 0.5732318859009504 0.27439471851781183
-35.29902642559111 0.5570034118250804 0.2711986536200607
-34.79833101529903 0.5407363507842076 0.26800583919919363
-34.297635605006946 0.5244307594294477 0.26481634272142196
-33.79694019471489 0.5080866944119167 0.2616302316529543
-33.29624478442281 0.4917042123827195 0.2584475734600019
-32.79554937413073 0.4752833699929739 0.255268435608777
-32.294853963838676 0.458824223893792 0.25209288556548726
-31.794158553546595 0.4423268307362808 0.24892099079634222
-31.293463143254513 0.4257912471715561 0.24575281876755584
-30.79276773296246 0.40921752985073184 0.24258843694533405
-30.29207232267038 0.39260573542491856 0.23942791279589082
-29.791376912378297 0.3759559205452267 0.2362713137854321
-29.290681502086244 0.35926814186277206 0.2331187073801736
-28.789986091794162 0.34254245602866157 0.2299701610463213
-28.28929068150208 0.32577891969401457 0.22682574225008822
-27.788595271210028 0.3089775895099433 0.22368551845768125
-27.287899860917946 0.2921385221275458 0.22054955713531343
-26.787204450625865 0.2752617741979521 0.2174179257491916
-26.28650904033381 0.25834740237226556 0.21429069176553328
-25.78581363004173 0.24139546330160372 0.21116792265054085
-25.28511821974965 0.22440601363706641 0.20804968587042916
-24.784422809457595 0.20737911002978365 0.20493604889140682
-24.283727399165514 0.19031480913084992 0.20182707917968157
-23.783031988873432 0.17321316759139166 0.19872284420146913
-23.28233657858135 0.15607424206251225 0.19562341142297546
-22.781641168289298 0.13889808919532748 0.19252884831041184
-22.280945757997216 0.12168476564094782 0.18943922232999133
-21.780250347705135 0.1044343280504873 0.18635460094791811
-21.27955493741308 0.08714683307506349 0.1832750516304088
-20.778859527121 0.06982233736577442 0.18020064184367113
-20.27816411682892 0.05246089757374478 0.1771314390539146
-19.777468706536865 0.03506257035008148 0.17406751072734872
-19.276773296244784 0.017627412345900317 0.17100892433018655
-18.776077885952702 0.00015548021230821218 0.16795574732863316
-18.27538247566065 -0.017353169399580815 0.16490804718890606
-17.774687065368568 -0.034898479838650964 0.16186589137720941
-17.273991655076486 -0.05248039445379532 0.15882934735975718
-16.773296244784433 -0.07009885659389453 0.15579848260275797
-16.27260083449235 -0.08775380960784346 0.1527733645724213
-15.77190542420027 -0.10544519684452452 0.14975406073495845
-15.271210013908217 -0.12317296165283081 0.1467406385565816
-14.770514603616135 -0.1409370473816483 0.14373316550349668
-14.269819193324054 -0.15873739737986298 0.14073170904191856
-13.769123783032 -0.1765739549963608 0.13773633663805318
-13.268428372739919 -0.19444666358003843 0.1347471157581127
-12.767732962447838 -0.2123554664797747 0.13176411386830933
-12.267037552155784 -0.2303003070444592 0.12878739843484988
-11.766342141863703 -0.24828112862298318 0.12581703692394475
-11.265646731571621 -0.2662978745642309 0.12285309680180789
-10.764951321279568 -0.28435048821708825 0.11989564553464616
-10.264255910987487 -0.30243891293045017 0.11694475058866993
-9.763560500695405 -0.32055910987482633 0.11399973574408899
-9.262865090403352 -0.32037746870653744 0.10801083449235074
-8.76216968011127 -0.3104086230876217 0.10049764951321286
-8.261474269819189 -0.32914172461752467 0.09681470097357439
-7.760778859527136 -0.3819995827538227 0.09765631432545191
-7.260083449235054 -0.40879930458970815 0.09542383866481233
-6.759388038942973 -0.39965493741307373 0.08862050069541025
-6.25869262865092 -0.39448122392211443 0.0829974826147429
-5.757997218358838 -0.37615326842837304 0.07627890125173861
-5.257301808066757 -0.3524703755215576 0.06930421418636992
-4.756606397774675 -0.32662127955493675 0.06247312934631417
-4.255910987482622 -0.29486968011126613 0.05616486787204459
-3.7552155771905404 -0.1972919332406113 0.04073432545201659
-3.254520166898459 -0.0834222531293449 0.025993268428372657
-2.753824756606406 -0.0224467315716282 0.023184534075104343
-2.2531293463143243 0.0343063977746872 0.02161763560500695
-1.7524339360222427 0.08834200278164227 0.020678164116828917
-1.2517385257301896 0.14131641168289197 0.020171251738525738
-0.7510431154381081 0.19707774687065374 0.019352670375521557
-0.25034770514602656 0.2406303198887349 0.01899959666203061
0.25034770514602656 0.29105034770514465 0.019920876216967986
0.7510431154381081 0.3737936022253128 0.02104204450625869
1.2517385257301896 0.465161891515996 0.021882433936022266
1.7524339360222427 0.5494835883171055 0.022497579972183577
2.2531293463143243 0.6275831710709316 0.022937190542420025
2.753824756606406 0.7112869262865105 0.022957705146036157
3.254520166898459 0.7931689847009719 0.022331502086230897
3.7552155771905404 0.8677312934631429 0.021063518776077893
4.255910987482622 0.9350069541029216 0.019901015299026412
4.756606397774675 0.9915542420027804 0.01918101529902644
5.257301808066757 1.039627955493741 0.01863901251738526
5.757997218358838 1.0745866481223927 0.018914714881780263
6.258692628650891 1.0898695410292072 0.02238152990264241
6.759388038942973 1.1093865090403336 0.02741517385257299
7.260083449235054 1.1517603616133525 0.031935591098748314
7.760778859527107 1.2034425591098734 0.037422795549373965
8.261474269819189 1.2480445062586922 0.043664575799721786
8.76216968011127 1.2766635605006955 0.05051865090403346
9.262865090403324 1.2880668984700971 0.05908855354659222
9.763560500695405 1.2694538942976359 0.06899392211404719
10.264255910987487 1.2317515299026423 0.07910796940194723
10.76495132127954 1.1872399165507665 0.08973602225312902
11.265646731571621 1.0569225312934656 0.09801087621696794
11.766342141863703 0.9373844228094572 0.10924294853963849
12.267037552155784 0.963333796940197 0.14282559109874948
12.767732962447838 1.016905424200278 0.17049415855354647
13.268428372739919 1.0220756606397774 0.17919054242002785
13.769123783032 1.0165467315716272 0.18794420027816433
14.269819193324054 1.0360760778859521 0.19807983310152974
14.770514603616135 1.0424924895688454 0.20601909596662032
15.271210013908217 1.043694158553547 0.2136284144645343
15.77190542420027 1.0570961057023642 0.22136794158553535
16.27260083449235 1.0669152990264257 0.228915090403338
16.773296244784433 1.0776205841446456 0.2363600556328235
17.273991655076486 1.0985847009735739 0.24667229485396358
17.774687065368568 1.1105068150208623 0.25365998609179413
18.27538247566065 1.1188934631432548 0.25844913769123795
18.776077885952702 1.1368492350486783 0.2673312517385255
19.276773296244784 1.1499265646731571 0.2739313351877608
19.777468706536865 1.163722392211405 0.279666592489569
20.27816411682892 1.18143573630625 0.2869809269858128
20.778859527121 1.1990832664198028 0.29426122746165206
21.27955493741308 1.2166578223432414 0.30150382642476214
21.780250347705135 1.234159460727677 0.3087087913413529
22.280945757997216 1.2515882382242236 0.3158761896776354
22.781641168289298 1.2689442114839928 0.3230060888998195
23.28233657858135 1.2862274371580957 0.330098556474115
23.783031988873432 1.3034379718976465 0.3371536598667329
24.283727399165514 1.3205758723537564 0.3441714665438831
24.784422809457567 1.3376411951775367 0.35115204397177535
25.28511821974965 1.3546339970201016 0.3580954596166208
25.78581363004173 1.371554334532562 0.36500178094462926
26.286509040333783 1.3884022643660294 0.37187107542201053
26.787204450625865 1.4051778431716182 0.3787034105149756
27.287899860917946 1.4218811276004393 0.38549885368973436
27.78859527121 1.4385121743036038 0.39225747241249675
28.28929068150208 1.4550710399322262 0.39897933414947356
28.789986091794162 1.4715577811374179 0.40566450636687496
29.290681502086215 1.4879724545702897 0.4123130565309105
29.791376912378297 1.504315116881956 0.4189250521077913
30.29207232267038 1.520585824723528 0.4255005605637273
30.79276773296246 1.5367846347461178 0.43203964936492856
31.293463143254513 1.5529116036008366 0.4385423859776051
31.794158553546595 1.568966787938799 0.44500883786796774
32.294853963838676 1.5849502444111159 0.4514390725022266
32.79554937413073 1.6008620296688987 0.4578331573465913
33.29624478442281 1.6167022003632612 0.4641911598672729
33.79694019471489 1.632470813145315 0.47051314753048123
34.297635605006946 1.6481679246661716 0.47679918780242625
34.79833101529903 1.6637935915769444 0.483049348149319
35.29902642559111 1.6793478705287448 0.4892636960373691
35.79972183588316 1.694830818172685 0.4954422989327866
36.30041724617524 1.710242491159878 0.5015852243017823
36.801112656467325 1.7255829461414356 0.5076925396105664
37.30180806675938 1.7408522397684691 0.5137643123253486
37.80250347705146 1.7560504286920924 0.5198006099123397
38.30319888734354 1.7711775695634167 0.5258014998377496
38.803894297635594 1.7862337190335535 0.5317670495677884
39.304589707927676 1.8012189337536169 0.5376973265686671
39.80528511821976 1.816133270374718 0.5435923983065952
40.30598052851181 1.8309767855479684 0.5494523322477829
40.80667593880389 1.8457495359244818 0.555277195858441
41.30737134909597 1.8604515781553694 0.5610670566047795
41.808066759388026 1.875082968891743 0.5668219819530083
42.30876216968011 1.8896437647847164 0.572542039369338
42.80945757997219 1.9041340224854009 0.5782272963199789
43.31015299026424 1.918553798644908 0.5838778202711408
43.810848400556324 1.932903149914351 0.5894936786890345
44.311543810848406 1.9471821329448422 0.5950749390398699
44.81223922114046 1.9613908043874924 0.600621668789857
45.31293463143254 1.9755292208934156 0.6061339354052067
45.81363004172462 1.9895974391137232 0.6116118063521288
46.314325452016675 2.003595515699526 0.6170553490968332
46.81502086230876 2.017523507301939 0.622464631105531
47.31571627260084 2.031381470572073 0.627839719844432
47.81641168289289 2.0451694621610397 0.6331806827797459
48.31710709318497 2.0588875387199526 0.6384875873776839
48.817802503477054 2.072535756899923 0.6437605011044557
49.318497913769136 2.086114173352063 0.6489994914262718
49.81919332406119 2.0996228447274845 0.6542046258093418
50.31988873435327 2.113061827677302 0.6593759717198767
50.82058414464535 2.126431178852625 0.6645135966240865
51.321279554937405 2.139730954904566 0.6696175679881811
51.82197496522949 2.152961212484239 0.6746879532783713
52.32267037552157 2.1661220082427555 0.6797248199608669
52.82336578581362 2.1792133988312266 0.6847282355018781
53.3240611961057 2.192235440900766 0.6896982673676156
53.824756606397784 2.205188191102485 0.6946349830242894
54.32545201668984 2.2180717060874957 0.6995384499381094
54.82614742698192 2.230886042506911 0.7044087355752864
55.326842837274 2.2436312570118426 0.7092459074020304
55.82753824756605 2.256307406253403 0.7140500328845512
56.328233657858135 2.2689145468827046 0.7188211794890598
56.82892906815022 2.281452735550859 0.723559414681766
57.32962447844227 2.2939220289089786 0.72826480592888
57.83031988873435 2.306322483608177 0.7329374206966123
58.33101529902643 2.318654156299564 0.7375773264511732
58.831710709318486 2.3309171036342526 0.7421845906587721
59.33240611961057 2.3431113822633565 0.7467592807856205
59.83310152990265 2.355237048837987 0.7513014642979278
60.3337969401947 2.367294160009255 0.7558112086619042
60.834492350486784 2.3792827724282746 0.7602885813437603
61.335187760778865 2.3912029427461574 0.7647336498097064
61.83588317107092 2.4030547276140144 0.7691464815259522
62.336578581363 2.4148381836829604 0.7735271439587086
62.83727399165508 2.4265533676041056 0.7778757045741856
63.337969401947134 2.438200336028562 0.7821922308385928
63.838664812239216 2.449779145607444 0.7864767902181417
64.3393602225313 2.4612898529918614 0.7907294501790415
64.84005563282335 2.4727325148329276 0.7949502781875027
65.34075104311543 2.484107187781755 0.7991393417097358
65.84144645340751 2.4954139284894548 0.8032967082119506
66.34214186369957 2.50665279360714 0.8074224451603577
66.84283727399165 2.517823839785923 0.8115166200211673
67.34353268428373 2.5289271236769157 0.8155793002605897
67.84422809457581 2.53996270193123 0.8196105533448348
68.34492350486786 2.550930631199978 0.823610446740113
68.84561891515995 2.5618309681342737 0.8275790479126345
69.34631432545203 2.5726637693852266 0.8315164243286097
69.84700973574408 2.583429091603951 0.8354226434542487
70.34770514603616 2.594126991441558 0.8392977727557618
70.84840055632824 2.6047575255491604 0.8431418796993594
71.3490959666203 2.61532075057787 0.8469550317512511
71.84979137691238 2.6258167231787994 0.8507372963776481
72.35048678720446 2.636245500003061 0.8544887410447599
72.85118219749651 2.646607137701766 0.8582094332187968
73.3518776077886 2.6569016929260276 0.8618994403659694
73.85257301808068 2.6671292223269574 0.8655588299524878
74.35326842837273 2.677289782555668 0.8691876694445618
74.85396383866481 2.6873834302632718 0.8727860263084023
75.35465924895689 2.6974102221008804 0.8763539680102196
75.85535465924895 2.707370214719606 0.879891562016223
76.35605006954103 2.7172634647705625 0.8833988757926236
76.85674547983308 2.7270900289048594 0.8868759768056312
77.35744089012519 2.736849963773612 0.8903229325214564
77.85813630041724 2.746543326027929 0.8937398104063091
78.3588317107093 2.756170172318925 0.8971266779263994
78.8595271210014 2.765730559297712 0.9004836025479385
79.36022253129346 2.7752245436154017 0.9038106517371354
79.86091794158551 2.7846521819231063 0.9071078929602009
80.36161335187762 2.794013530871939 0.9103753936833456
80.86230876216968 2.80330864711301 0.9136132213727791
81.36300417246173 2.812537587297433 0.9168214434947118
81.86369958275384 2.821700408076321 0.9200001275153543
82.36439499304589 2.8307971661007842 0.9231493409009163
82.86509040333794 2.839827918021936 0.9262691511176083
83.36578581363005 2.848792720490889 0.929359625631641
83.86648122392211 2.857691630158754 0.9324208319092235
84.36717663421416 2.8665247036766432 0.9354528374165669
84.86787204450627 2.8752919976956712 0.9384557096198818
85.36856745479832 2.883993568866948 0.9414295159853774
85.86926286509038 2.8926294738415863 0.9443743239792644
86.36995827538249 2.9011997692706997 0.9472902010677532
86.87065368567454 2.909704511805398 0.9501772147170539
87.3713490959666 2.9181437580967944 0.9530354323933764
87.8720445062587 2.926517564796003 0.955864921562932
88.37273991655076 2.9348259885541323 0.9586657496919297
88.87343532684281 2.9430690860222977 0.9614379842465802
89.37413073713492 2.9512469138516106 0.9641816926930943
89.87482614742697 2.959359528693182 0.9668969424976811
90.37552155771903 2.9674069871981255 0.9695838011265515
90.87621696801114 2.9753893460175536 0.9722423360459161
91.37691237830319 2.983306661802576 0.9748726147219845
91.87760778859524 2.991158991204307 0.977474704620967
92.37830319888735 2.99894639087386 0.9800486732090746
92.8789986091794 3.0066689174623447 0.9825945879525165
93.37969401947146 3.0143266276208736 0.9851125163175033
93.88038942976357 3.021919578000561 0.9876025257702455
94.38108484005562 3.0294478252525177 0.990064683776953
94.88178025034773 3.0369114260278556 0.9924990578038363
95.38247566063978 3.0443104369776868 0.9949057153171056
95.88317107093184 3.051644914753124 0.9972847237829708
96.38386648122395 3.05891491600528 0.9996361506676429
96.884561891516 3.066120497385266 1.0019600634373311
97.38525730180805 3.073261715544195 1.0042565295582466
97.88595271210016 3.080338627133179 1.006525616496599
98.38664812239222 3.087351288803329 1.0087673917185989
98.88734353268427 3.0942997572057593 1.010981922690456
99.38803894297638 3.1011840889915816 1.0131692768783813
99.88873435326843 3.1080043408119065 1.0153295217485845
100.38942976356049 3.114760569317848 1.017462724767276
100.8901251738526 3.1214528311605174 1.0195689534006662
101.39082058414465 3.1280811829910267 1.0216482751149651
101.8915159944367 3.1346456814604893 1.023700757376383
102.39221140472881 3.141146383220017 1.0257264676511302
102.89290681502086 3.1475833449207204 1.0277254734054166
103.39360222531292 3.1539566232137135 1.029697842105453
103.89429763560503 3.1602662747501085 1.0316436412174494
104.39499304589708 3.1665123561810176 1.0335629382076157
104.89568845618913 3.1726949241575513 1.0354558005421626
105.39638386648124 3.178814035330824 1.0373222956873003
105.8970792767733 3.1848697463519478 1.039162491109239
106.39777468706535 3.1908621138720323 1.0409764542741884
106.89847009735746 3.1967911945421927 1.0427642526483596
107.39916550764951 3.2026570450135403 1.044525953697962
107.89986091794157 3.2084597219371855 1.0462616248892065
108.40055632823368 3.214199281964244 1.0479713336883034
108.90125173852573 3.219875781745826 1.0496551475614624
109.40194714881778 3.225489277933042 1.0513131339748936
109.90264255910989 3.231039827177008 1.0529453603948082
110.40333796940195 3.2365274861288325 1.0545518942874155
110.904033379694 3.241952311439631 1.0561328031189259
111.40472878998611 3.2473143597605136 1.05768815435555
111.90542420027816 3.2526136877425933 1.059218015463498
112.40611961057022 3.2578503520369817 1.0607224539089797
112.90681502086233 3.263024409294792 1.0622015371582056
113.40751043115438 3.2681359161671355 1.0636553326773865
113.90820584144643 3.273184929305125 1.0650839079327314
114.40890125173854 3.2781715053598726 1.0664873303904516
114.9095966620306 3.2830957009824897 1.067865667516757
115.41029207232265 3.2879575728240904 1.069218986777858
115.91098748261476 3.292757177535785 1.0705473556399645
116.41168289290681 3.2974945717686857 1.0718508415692864
116.91237830319886 3.3021698121739056 1.073129512032035
117.41307371349097 3.306782955402559 1.0743834344944196
117.91376912378303 3.3113340581057535 1.075612676422651
118.41446453407508 3.3158231769346043 1.0768173052829393
118.91515994436719 3.3202503685402234 1.0779973885414948
119.41585535465924 3.324615689573723 1.079152993664527
119.9165507649513 3.328919196686214 1.0802841881182472
120.4172461752434 3.3331609465288103 1.0813910393688655
120.91794158553546 3.3373409957526237 1.082473614882591
121.41863699582751 3.3414594010087653 1.0835319821256355
121.91933240611962 3.3455162189483483 1.0845662085642078
122.42002781641168 3.3495115062224854 1.0855763616645195
122.92072322670373 3.353445319482287 1.0865625088927795
123.42141863699584 3.3573177153788674 1.0875247177151992
123.92211404728789 3.361128750563338 1.0884630555979886
124.42280945757994 3.36487848168681 1.089377590007357
124.92350486787205 3.3685669654003974 1.0902683884095157
125.42420027816411 3.372194258355211 1.0911355182706741
125.92489568845616 3.375760417202364 1.0919790470570434
126.42559109874827 3.3792654985929684 1.092799042234833
126.92628650904032 3.382709559178135 1.0935955712702539
127.42698191933238 3.3860926556089788 1.0943687016295154
127.92767732962449 3.3894148445366095 1.0951185007788287
128.42837273991654 3.3926761826121403 1.0958450361844037
128.9290681502086 3.3958767264866836 1.0965483753124496
129.4297635605007 3.3990165328113515 1.097228585629178
129.93045897079276 3.402095658237255 1.0978857346007989
130.4311543810848 3.4051141594155085 1.0985198896935222
130.93184979137692 3.4080720929972235 1.0991311183735581
131.43254520166897 3.4109695156335107 1.0997194881071173
131.93324061196108 3.4138064839754834 1.1002850663604096
132.43393602225314 3.416583054674254 1.100827920599645
132.9346314325452 3.4192992843809358 1.1013481182910347
133.4353268428373 3.421955229746639 1.101845726900788
133.93602225312935 3.424550947422476 1.1023208138951157
134.4367176634214 3.427086494059561 1.1027734467402275
134.93741307371351 3.4295619263090042 1.103203692902334
135.43810848400557 3.4319773008219174 1.1036116198476456
135.93880389429762 3.4343326742494154 1.1039972950423722
136.43949930458973 3.4366281032426085 1.1043607859527247
136.94019471488178 3.4388636444526086 1.1047021600449118
137.44089012517384 3.44103935453053 1.1050214847851456
137.94158553546595 3.4431552901274824 1.1053188276396348
138.442280945758 3.4452115078945793 1.105594256074591
138.94297635605005 3.4472080644829326 1.105847837556223
139.44367176634216 3.4491450165436555 1.1060796395507422
139.94436717663422 3.4510224207278593 1.1062897295243586
140.44506258692627 3.452840333686655 1.106478174943282
140.94575799721838 3.4545988120711577 1.1066450432737232
141.44645340751043 3.4562979125324778 1.1067904019818917
141.94714881780249 3.457937691721727 1.1069143185339985
142.4478442280946 3.459518206290019 1.1070168603962531
142.94853963838665 3.4610395128884655 1.1070980950348666
143.4492350486787 3.4625016681681777 1.1071580899160487
143.9499304589708 3.463904728780269 1.1071969125060095
144.45062586926286 3.465248751375852 1.1072146302709598
144.95132127955492 3.466533792606037 1.107211310677109
145.45201668984703 3.4677599091219373 1.1071870211906683
145.95271210013908 3.4689271575746665 1.107141829277847
146.45340751043113 3.470035594615335 1.1070758024048566
146.95410292072324 3.471085276895055 1.1069890080379055
147.4547983310153 3.472076261064939 1.1068815136432057
147.95549374130735 3.4730086037761008 1.106753386686966
148.45618915159946 3.4738823616796504 1.1066046946353985
148.9568845618915 3.474697591426701 1.1064355049547119
149.45757997218357 3.475454349668365 1.106245885111116
149.95827538247568 3.476152693055754 1.1060359025708226
150.45897079276773 3.4767926782399803 1.105805624800041
150.95966620305978 3.4773743618721573 1.1055551192649822
151.4603616133519 3.4778978006033956 1.1052844534318547
151.96105702364395 3.478363051084808 1.1049936947668708
152.461752433936 3.478770169967507 1.1046829107362395
152.9624478442281 3.479119213902605 1.1043521688061715
153.46314325452016 3.4794102395412128 1.1040015364428775
153.96383866481222 3.4796433035344445 1.1036310811125662
154.46453407510432 3.479818462533411 1.1032408702814493
154.96522948539638 3.4799357731892253 1.1028309714157363
155.46592489568843 3.4799952921529993 1.102401451981638
155.96662030598054 3.479997076075845 1.1019523794453638
156.4673157162726 3.4799411816088757 1.101483821273125
156.96801112656465 3.479827665403202 1.1009958449311308
157.46870653685676 3.479656584109937 1.1004885178855923
157.9694019471488 3.4794279943801936 1.0999619076027196
158.47009735744086 3.479141952865082 1.099416081548722
158.97079276773297 3.478798516215716 1.0988511071898108
159.47148817802503 3.478397741083208 1.0982670519921958
159.97218358831708 3.4779396841186685 1.0976639834220874
160.4728789986092 3.4774244019732117 1.0970419689456956
160.97357440890124 3.4768519512979483 1.0964010760292306
161.4742698191933 3.4762223887439925 1.095741372138903
161.9749652294854 3.4755357709624537 1.095062924740923
162.47566063977746 3.474792154604447 1.0943658013015012
162.9763560500695 3.4739915963210826 1.0936500692868465
163.47705146036162 3.473134152763473 1.0929157961631704
163.97774687065368 3.472219880582731 1.0921630493966819
164.47844228094573 3.4712488364299694 1.091391896453593
164.97913769123784 3.4702210769562982 1.0906024048001124
165.4798331015299 3.4691366588128325 1.0897946419024511
165.98052851182194 3.4679956386506823 1.0889686752268195
166.48122392211405 3.466798073120961 1.0881245722394268
166.9819193324061 3.4655440188747795 1.0872624004064848
167.48261474269816 3.4642335325632505 1.0863822271942019
167.98331015299027 3.4628666708374882 1.0854841200687895
168.48400556328232 3.461443490348602 1.0845681464964578
168.98470097357443 3.459964047747707 1.0836343739434169
169.4853963838665 3.458428399685911 1.0826828698758773
169.98609179415854 3.4568366028143314 1.0817137017600484
170.48678720445065 3.4551887137840773 1.0807269370621417
170.9874826147427 3.4534847892462612 1.079722643248366
171.48817802503476 3.451724885851996 1.0787008877849327
171.98887343532687 3.4499090602523945 1.0776617381380513
172.48956884561892 3.4480373690985666 1.0766052617739326
172.99026425591097 3.4461098690416283 1.0755315261587866
173.49095966620308 3.4441266167326865 1.074440598758823
173.99165507649514 3.442087668822857 1.0733325470402535
174.4923504867872 3.439993081963253 1.0722074384692861
174.9930458970793 3.4378429128049848 1.0710653405121333
175.49374130737135 3.435637217999164 1.0699063206350037
175.9944367176634 3.4333760541969034 1.068730446304109
176.49513212795551 3.4310594780493164 1.0675377849856578
176.99582753824757 3.4286875462075144 1.0663284041458614
177.49652294853962 3.4262603153226103 1.0651023712509302
177.99721835883173 3.423777842045715 1.0638597537670738
178.49791376912378 3.4212401830279418 1.0626006191605024
178.99860917941584 3.418647394920401 1.061325034897427
179.49930458970795 3.415999534374208 1.060033068444057
180.0 3.413296658040472 1.0587247872666026
