Polar data for 2 at Re = 254285.7142857143
Alpha (deg) Cl Cd
-180.0 -9.87548529061814 1.438341734006427
-179.49930458970792 -9.885202673490499 1.4348103440993376
-178.99860917941587 -9.89474426430077 1.4312546337830807
-178.49791376912378 -9.904109731837506 1.427674786459049
-177.9972183588317 -9.913298744889246 1.4240709855286373
-177.49652294853965 -9.922310972244532 1.4204434143932407
-176.99582753824757 -9.931146082691908 1.4167922564542494
-176.4951321279555 -9.939803745019914 1.4131176951130624
-175.99443671766343 -9.948283628017098 1.4094199137710688
-175.49374130737135 -9.956585400471996 1.4056990958296667
-174.99304589707927 -9.964708731173154 1.4019554246902488
-174.49235048678722 -9.97265328890911 1.398189083754207
-173.99165507649514 -9.980418742468412 1.3944002564229376
-173.49095966620305 -9.9880047606396 1.3905891260978334
-172.990264255911 -9.995411012211216 1.386755876180287
-172.48956884561892 -10.002637165971809 1.3829006900716974
-171.98887343532684 -10.009682890709911 1.3790237511734538
-171.48817802503476 -10.01654785521407 1.3751252428869516
-170.9874826147427 -10.023231728272824 1.3712053486135853
-170.48678720445062 -10.029734178674723 1.3672642517547469
-169.98609179415854 -10.036054875208304 1.3633021357118333
-169.4853963838665 -10.042193486662109 1.3593191838862357
-168.9847009735744 -10.048149681824686 1.3553155796793512
-168.48400556328232 -10.053923129484577 1.3512915064925708
-167.98331015299027 -10.059513498430317 1.3472471477272907
-167.4826147426982 -10.064920457450452 1.3431826867849037
-166.9819193324061 -10.070143675333526 1.3390983070668026
-166.48122392211405 -10.075182820868081 1.3349941919743835
-165.98052851182197 -10.080037562842659 1.3308705249090402
-165.4798331015299 -10.084707570045802 1.3267274892721646
-164.97913769123784 -10.089192511266056 1.322565268465151
-164.47844228094576 -10.093492055291959 1.3183840458893976
-163.97774687065368 -10.097605870912053 1.3141840049462936
-163.47705146036162 -10.101533626914883 1.3099653290372326
-162.97635605006954 -10.105274992088992 1.3057282015636127
-162.47566063977746 -10.10882963522292 1.3014728059268266
-161.9749652294854 -10.112197225105213 1.2971993255282661
-161.47426981919332 -10.115377430524411 1.292907943769325
-160.97357440890124 -10.118369920269057 1.2885988440514011
-160.4728789986092 -10.12117436312769 1.2842722097758847
-159.9721835883171 -10.123790427888858 1.2799282243441712
-159.47148817802503 -10.126217783341101 1.275567071157655
-158.97079276773297 -10.128456098272961 1.2711889336177298
-158.4700973574409 -10.130505041472981 1.2667939951257874
-157.9694019471488 -10.132364281729705 1.2623824390832241
-157.46870653685676 -10.134033487831672 1.2579544488914345
-156.96801112656468 -10.135512328567428 1.2535102079518112
-156.4673157162726 -10.136800472725511 1.249049899665747
-155.96662030598054 -10.137897589094468 1.2445737074346392
-155.46592489568846 -10.13880334646284 1.2400818146598787
-154.96522948539638 -10.139517413619169 1.2355744047428598
-154.46453407510432 -10.140039459352 1.2310516610849809
-153.96383866481224 -10.14036915244987 1.2265137670876274
-153.46314325452016 -10.140506161701325 1.221960906152201
-152.9624478442281 -10.140450155894905 1.2173932616800927
-152.46175243393603 -10.140200803819157 1.212811017072697
-151.96105702364395 -10.139757774262621 1.2082143557314065
-151.4603616133519 -10.139120736013838 1.2036034610576167
-150.9596662030598 -10.138289357861357 1.1989785164527222
-150.45897079276773 -10.13726330859371 1.194339705318114
-149.95827538247568 -10.136042256999445 1.189687211055189
-149.4575799721836 -10.134625871867105 1.1850212170653385
-148.9568845618915 -10.133013821985232 1.1803419067499585
-148.45618915159943 -10.131205776142366 1.1756494635104446
-147.95549374130738 -10.129201403127054 1.1709440707481886
-147.4547983310153 -10.127000371727833 1.1662259118645824
-146.95410292072324 -10.124602350733255 1.161495170261024
-146.45340751043116 -10.12200700893185 1.1567520293389024
-145.95271210013908 -10.119214015112169 1.151996672499616
-145.452016689847 -10.11622303806275 1.1472292831445583
-144.95132127955495 -10.113033746572137 1.142450044675123
-144.45062586926286 -10.109645809428875 1.1376591404927026
-143.94993045897078 -10.106058895421501 1.132856753998691
-143.44923504867873 -10.102272673338566 1.1280430685944824
-142.94853963838665 -10.098286811968604 1.1232182676814753
-142.44784422809457 -10.09410098010016 1.1183825346610576
-141.9471488178025 -10.089714846521776 1.113536052934624
-141.44645340751043 -10.085128080021997 1.108679005903571
-140.94575799721835 -10.080340349389363 1.1038115769692918
-140.44506258692627 -10.075351323412418 1.0989339495331811
-139.94436717663422 -10.070160670879707 1.09404630699663
-139.44367176634213 -10.064768060579768 1.0891488327610364
-138.94297635605005 -10.05917316130114 1.0842417102277913
-138.442280945758 -10.053375641832373 1.0793251227982883
-137.94158553546592 -10.047375170962008 1.0743992538739255
-137.44089012517384 -10.041171417478584 1.0694642868560922
-136.94019471488178 -10.034764050170645 1.0645204051461836
-136.4394993045897 -10.028152737826737 1.0595677921455962
-135.93880389429762 -10.021337149235398 1.054606631255719
-135.43810848400557 -10.014316953185174 1.049637105877951
-134.9374130737135 -10.007091818464602 1.0446593994136832
-134.4367176634214 -9.99966141386223 1.0396736952643102
-133.93602225312935 -9.992025408166597 1.0346801768312273
-133.43532684283727 -9.984183470166247 1.029679027515828
-132.9346314325452 -9.976135268649722 1.0246704307195054
-132.43393602225314 -9.967880472405568 1.0196545698436528
-131.93324061196105 -9.95941875022232 1.0146316282896657
-131.43254520166897 -9.950749770888526 1.0096017894589369
-130.93184979137692 -9.941873203192726 1.0045652367528644
-130.43115438108484 -9.932788715923463 0.9995221535728338
-129.93045897079276 -9.923495977869282 0.9944727233202477
-129.4297635605007 -9.913994657818726 0.9894171293964944
-128.92906815020862 -9.904284424560329 0.9843555552029692
-128.42837273991654 -9.894364946882643 0.9792881841410686
-127.92767732962449 -9.884235893574205 0.9742151996121851
-127.4269819193324 -9.87389693342356 0.9691367850177115
-126.92628650904032 -9.863347735219248 0.9640531237590397
-126.42559109874827 -9.852587967749814 0.9589643992375714
-125.92489568845619 -9.8416172998038 0.953870794854693
-125.42420027816411 -9.830435400169753 0.9487724940118025
-124.92350486787205 -9.819041937636205 0.9436696801102911
-124.42280945757997 -9.807436580991704 0.9385625365515531
-123.92211404728789 -9.795618999024791 0.9334512467369867
-123.42141863699584 -9.783588860524013 0.928335994067981
-122.92072322670376 -9.771345834277907 0.9232169619459314
-122.42002781641168 -9.75888958907502 0.9180943337722325
-121.91933240611961 -9.746219793703892 0.9129682929482787
-121.41863699582754 -9.733336116953067 0.9078390228754611
-120.91794158553546 -9.720238227611082 0.9027067069551769
-120.41724617524339 -9.706925794466486 0.8975715285888186
-119.91655076495132 -9.693398486307819 0.8924336711777809
-119.41585535465924 -9.679655971923621 0.8872933181234584
-118.91515994436718 -9.665697920102438 0.8821506528272445
-118.41446453407511 -9.651523999632817 0.8770058586905312
-117.91376912378303 -9.63713387930329 0.871859119114712
-117.41307371349096 -9.622527227902404 0.866710617501186
-116.91237830319889 -9.607703714218703 0.8615605372513433
-116.41168289290681 -9.592663007040725 0.8564090617665774
-115.91098748261474 -9.577404775157019 0.8512563744482855
-115.41029207232268 -9.561928687356124 0.8461026586978595
-114.9095966620306 -9.546234412426582 0.8409480979166895
-114.40890125173853 -9.530321619156938 0.835792875506177
-113.90820584144646 -9.514189976335732 0.8306371748677122
-113.40751043115438 -9.497839152751505 0.8254811794026877
-112.90681502086231 -9.4812688171928 0.8203250725124982
-112.40611961057024 -9.464478638448163 0.8151690375985408
-111.90542420027816 -9.447468285306135 0.8100132580622055
-111.4047287899861 -9.43023742655526 0.8048579173048886
-110.90403337969401 -9.412785730984071 0.7997031987279839
-110.40333796940195 -9.395112867381124 0.7945492857328849
-109.90264255910988 -9.377218504534953 0.7893963617209825
-109.4019471488178 -9.359102311234102 0.7842446100936775
-108.90125173852573 -9.340763956267116 0.7790942142523583
-108.40055632823366 -9.322203108422533 0.7739453575984201
-107.89986091794158 -9.3034194364889 0.7687982235332567
-107.39916550764951 -9.28441260925476 0.763652995458266
-106.89847009735745 -9.26518229550865 0.7585098567748347
-106.39777468706536 -9.245728164039113 0.7533689908843626
-105.8970792767733 -9.226049883634696 0.7482305811882424
-105.39638386648123 -9.206147123083937 0.7430948110878659
-104.89568845618915 -9.186019551175383 0.7379618639846286
-104.39499304589708 -9.165666836697573 0.7328319232799267
-103.89429763560501 -9.145088648439057 0.7277051723751513
-103.39360222531293 -9.124284655188363 0.7225817946716977
-102.89290681502086 -9.103254525734043 0.7174619735709551
-102.3922114047288 -9.08199792886464 0.712345892474326
-101.89151599443672 -9.060514533368691 0.7072337347831978
-101.39082058414465 -9.038804008034743 0.7021256838989678
-100.89012517385257 -9.01686602165134 0.6970219232230277
-100.3894297635605 -8.994700243007019 0.691922636156773
-99.88873435326843 -8.972306340890333 0.6868280061015981
-99.38803894297635 -8.949683984089807 0.681738216458895
-98.88734353268428 -8.926832841393997 0.6766534506300599
-98.38664812239222 -8.90375258159144 0.6715738920164829
-97.88595271210013 -8.880442873470681 0.6664997240195647
-97.38525730180807 -8.856903385820262 0.6614311300406936
-96.884561891516 -8.833133787428729 0.6563682934812651
-96.38386648122392 -8.809133747084612 0.651311397742671
-95.88317107093185 -8.78490293357647 0.6462606262263138
-95.38247566063978 -8.760441015692832 0.6412161623335764
-94.8817802503477 -8.735747662222247 0.6361781894658578
-94.38108484005564 -8.710822541953258 0.6311468910245535
-93.88038942976357 -8.685665323674401 0.6261224504110534
-93.37969401947149 -8.660275676174225 0.6211050510267531
-92.87899860917942 -8.634653268241275 0.6160948762730514
-92.37830319888734 -8.608797768664088 0.6110921095513349
-91.87760778859527 -8.582708846231204 0.6060969342630025
-91.3769123783032 -8.556386169731168 0.6011095338094479
-90.87621696801112 -8.529829407952528 0.5961300915920593
-90.37552155771905 -8.503038229683822 0.5911587910122376
-89.87482614742699 -8.47601230371359 0.5861958154713744
-89.3741307371349 -8.448751298830379 0.5812413483708618
-88.87343532684284 -8.421254883822725 0.5762955731120987
-88.37273991655077 -8.393522727479175 0.5713586730964715
-87.87204450625869 -8.36555449858828 0.5664308317253828
-87.37134909596662 -8.337349865938561 0.5615122324002191
-86.87065368567455 -8.308908498318582 0.5566030585223776
-86.36995827538247 -8.280230064516873 0.5517034934932536
-85.8692628650904 -8.251314233321976 0.5468137207142392
-85.36856745479834 -8.22216067352245 0.5419339235867313
-84.86787204450626 -8.192769053906817 0.5370642855121166
-84.36717663421419 -8.163139043263625 0.5322049898917958
-83.86648122392211 -8.133270310381421 0.5273562201271624
-83.36578581363004 -8.103162524048747 0.5225181596196102
-82.86509040333797 -8.072815353054137 0.5176909917705275
-82.36439499304589 -8.042228466186147 0.5128748999813149
-81.86369958275382 -8.011401532233316 0.5080700676533643
-81.36300417246176 -7.980334219984174 0.5032766781880693
-80.86230876216968 -7.949026198227278 0.4984949149868219
-80.36161335187761 -7.917477135751165 0.4937249614510227
-79.86091794158554 -7.885686701344374 0.4889670009820582
-79.36022253129346 -7.853654563795454 0.48422121698132387
-78.85952712100139 -7.821380391892946 0.47948779285021864
-78.35883171070932 -7.788863854425381 0.4747669119901308
-77.85813630041724 -7.756104620181324 0.47005875780245404
-77.35744089012518 -7.7231023579492994 0.4653635136885926
-76.85674547983311 -7.689856736517855 0.4606813630499241
-76.35605006954103 -7.656367424675528 0.45601248928785637
-75.85535465924896 -7.622634091210871 0.4513570758037742
-75.35465924895689 -7.588656404912426 0.44671530599907655
-74.85396383866481 -7.554434034568727 0.4420873632751588
-74.35326842837274 -7.519966648968323 0.4374734310334128
-73.85257301808066 -7.485253916899749 0.43287369267522685
-73.3518776077886 -7.450295507151553 0.428288331602007
-72.85118219749653 -7.415091088512282 0.4237175312151363
-72.35048678720445 -7.379640329770465 0.4191614749160118
-71.84979137691238 -7.34394289971466 0.41462034610603077
-71.34909596662031 -7.3079984671334 0.41009432818658326
-70.84840055632823 -7.271806700815228 0.40558360455906467
-70.34770514603616 -7.235367269548691 0.40108835862487396
-69.8470097357441 -7.198679842122326 0.3966087737853941
-69.34631432545201 -7.161744087324676 0.39214503344202584
-68.84561891515995 -7.124559673944292 0.38769732099616455
-68.34492350486788 -7.08712627076971 0.3832658198492021
-67.8442280945758 -7.04944354658946 0.3788507134025321
-67.34353268428373 -7.011511170192113 0.3744521850575518
-66.84283727399166 -6.973328810366189 0.3700704182156476
-66.34214186369958 -6.9348961359002335 0.36570559627822036
-65.84144645340751 -6.896212815582791 0.3613579026466636
-65.34075104311543 -6.857278518202412 0.3570275207223657
-64.84005563282336 -6.818092912547625 0.35271463390672736
-64.3393602225313 -6.778655667406989 0.3484194256011404
-63.838664812239216 -6.738966451569029 0.34414207920699497
-63.33796940194715 -6.699024933822299 0.3398827781256935
-62.83727399165508 -6.658830782955336 0.3356417057586208
-62.336578581363 -6.618383667756687 0.3314190455071722
-61.83588317107093 -6.577683257014884 0.3272149807727485
-61.335187760778865 -6.536729219518486 0.3230296949567398
-60.834492350486784 -6.495521224056029 0.3188633714605325
-60.333796940194716 -6.454058939416045 0.3147161936855363
-59.83310152990265 -6.412342034387086 0.3105883450331342
-59.33240611961057 -6.370370177757701 0.30648000890472155
-58.8317107093185 -6.32814303831641 0.3023913687016902
-58.33101529902643 -6.285660284851781 0.2983226078254391
-57.83031988873435 -6.242921586152347 0.29427390967736017
-57.329624478442284 -6.19992661100664 0.2902454576588505
-56.82892906815022 -6.156675028203219 0.28623743517129846
-56.328233657858135 -6.113166506530616 0.2822500256161012
-55.82753824756607 -6.069400714777375 0.27828341239465054
-55.326842837273986 -6.0253773217320425 0.2743377789083437
-54.82614742698192 -5.981095996183159 0.27041330855857254
-54.32545201668985 -5.9365564069192605 0.26651018474673066
-53.82475660639777 -5.891758222728905 0.2626285908742135
-53.3240611961057 -5.846701112400618 0.25876871034241283
-52.823365785813635 -5.8013847447229505 0.25493072655272947
-52.322670375521554 -5.755808788484439 0.25111482290654635
-51.82197496522949 -5.709972912473637 0.24732118280526422
-51.321279554937405 -5.6638767854790775 0.24354998965027846
-50.82058414464535 -5.617520076289308 0.23980142684297562
-50.31988873435327 -5.570902453692872 0.2360756777847582
-49.81919332406119 -5.524023586478302 0.23237292587701802
-49.318497913769136 -5.476883143434149 0.22869335452114697
-48.817802503477054 -5.429480793348953 0.2250371471185369
-48.31710709318497 -5.381816205011253 0.22140448707058497
-47.81641168289292 -5.333889047209608 0.2177955577786866
-47.31571627260084 -5.285698988732536 0.21421054264423184
-46.81502086230876 -5.237245698368595 0.21064962506861612
-46.3143254520167 -5.188528844906321 0.2071129884532366
-45.81363004172462 -5.139548097134272 0.20360081619948517
-45.31293463143254 -5.090303123840959 0.2001132917087572
-44.81223922114049 -5.040793593814959 0.19665059838243565
-44.311543810848406 -4.991019175844803 0.19321291962193193
-43.810848400556324 -4.940979538719011 0.18980043882862546
-43.31015299026427 -4.890674351226155 0.1864133394039223
-42.80945757997219 -4.840103282154763 0.18305180474920363
-42.30876216968011 -4.789266000293379 0.17971601826587552
-41.808066759388026 -4.73816217443054 0.17640616335532627
-41.30737134909597 -4.686791473354814 0.1731224234189495
-40.80667593880389 -4.635153565854717 0.16986498185813886
-40.30598052851181 -4.583248120718791 0.1666340220742933
-39.80528511821976 -4.531074806735605 0.1634297274687993
-39.304589707927676 -4.478633292693663 0.1602522814430523
-38.803894297635594 -4.425923247381538 0.15710186739845128
-38.30319888734354 -4.372944339587766 0.1539786687363916
-37.80250347705146 -4.31969623810088 0.15088286885825447
-37.30180806675938 -4.266178611709419 0.14781465116544595
-36.801112656467325 -4.212391129201956 0.14477419905935968
-36.30041724617524 -4.1583334593669985 0.14176169594138394
-35.79972183588316 -4.104005270993101 0.13877732521291236
-35.29902642559111 -4.049406232868817 0.13582127027534746
-34.79833101529903 -3.994536013782669 0.13289371453006865
-34.297635605006946 -3.939394282523215 0.12999484137848555
-33.79694019471489 -3.8839807078790023 0.12712483422198112
-33.29624478442281 -3.8282949586385455 0.1242838764619561
-32.79554937413073 -3.772336703590413 0.12147215149980412
-32.294853963838676 -3.7161056115231417 0.11868984273691169
-31.794158553546595 -3.6596013512252674 0.11593713357467955
-31.293463143254513 -3.6028235914853304 0.11321420741450133
-30.79276773296246 -3.5457720010918954 0.11052124765777066
-30.29207232267038 -3.488446248833474 0.10785843770588116
-29.791376912378297 -3.430846003498631 0.10522596096021936
-29.290681502086244 -3.37297093387591 0.10262400082219131
-28.789986091794162 -3.3148207087538295 0.10005274069318532
-28.28929068150208 -3.256394996920951 0.097512363974595
-27.788595271210028 -3.1976934671658213 0.09500305406781578
-27.287899860917946 -3.1387157882769663 0.09252499437424128
-26.787204450625865 -3.0794616290429366 0.09007836829526156
-26.28650904033381 -3.019930658252283 0.08766335923228091
-25.78581363004173 -2.960122544693538 0.08528015058668231
-25.28511821974965 -2.9000369571552347 0.08292892575986649
-24.784422809457595 -2.8396735644259485 0.08060986815321997
-24.283727399165514 -2.779032035294177 0.07832316116814347
-23.783031988873432 -2.718112038548495 0.07606898820603064
-23.28233657858135 -2.6569132429774363 0.07384753266827154
-22.781641168289298 -2.5954353173695472 0.07165897795626514
-22.280945757997216 -2.5336779305133645 0.0695035074714015
-21.780250347705135 -2.4716407511974317 0.06738130461507424
-21.27955493741308 -2.409323448210292 0.06529255278868412
-20.778859527121 -2.3467256903404787 0.06323743539361587
-20.27816411682892 -2.2838471463765564 0.06121613583126667
-19.777468706536865 -2.2206874851070473 0.059228837503033704
-19.276773296244784 -2.1572463753204985 0.05727572381030882
-18.776077885952702 -2.0935234858054605 0.05535697815448032
-18.27538247566065 -2.02951848535047 0.053472783936952484
-17.774687065368568 -1.9652310427440631 0.05162332455911717
-17.273991655076486 -1.900660826774787 0.04980878342236267
-16.773296244784433 -1.835807506231196 0.04802934392808439
-16.27260083449235 -1.7706707499018086 0.04628518947767596
-15.77190542420027 -1.7052502265751932 0.04457650347253811
-15.271210013908217 -1.6395456050398827 0.04290346931405914
-14.770514603616135 -1.5735565540844028 0.04126627040362735
-14.269819193324054 -1.5072827424973219 0.03966509014265057
-13.769123783032 -1.4407238390671657 0.038100111932515335
-13.268428372739919 -1.3738795125824814 0.036571519174609934
-12.767732962447838 -1.306749431831809 0.035079495270338656
-12.267037552155784 -1.2393332656036953 0.0336242236210898
-11.766342141863703 -1.1716306826866805 0.03220588762825699
-11.265646731571621 -1.1036413518693116 0.030824670693235634
-10.764951321279568 -1.0353649419401285 0.029480756217421134
-10.264255910987487 -0.9668011216876642 0.028174327602203564
-9.763560500695405 -0.8979495599004728 0.026905568248980105
-9.262865090403352 -0.8288099253670871 0.02567466155914261
-8.76216968011127 -0.7593818868760684 0.02448179093409003
-8.261474269819189 -0.6896651132159426 0.02332713977521067
-7.760778859527136 -0.6196592731752566 0.022210891483896378
-7.260083449235054 -0.5493640355425433 0.021133229461553216
-6.759388038942973 -0.4787790691063569 0.020094337109564153
-6.25869262865092 -0.4079040426552445 0.01909439782932104
-5.757997218358838 -0.33673862497772467 0.018133595022229942
-5.257301808066757 -0.26528248486237294 0.017212112089673826
-4.756606397774675 -0.19353529109771506 0.016330132433051647
-4.255910987482622 -0.12149671247227678 0.015487839453755259
-3.7552155771905404 -0.0491664177746336 0.01468541655318184
-3.254520166898459 0.023455924206695844 0.013923047132721467
-2.753824756606406 0.09637064468316447 0.013200914593767765
-2.2531293463143243 0.16957807486622523 0.012519202337723245
-1.7524339360222427 0.24304269819193478 0.01187311543810847
-1.2517385257301896 0.318034353268427 0.01118257301808068
-0.7510431154381081 0.39389332406119615 0.010192586926286508
-0.25034770514602656 0.46006036161335295 0.009085674547983293
0.25034770514602656 0.5195429763560488 0.008494853963838669
0.7510431154381081 0.5793703755215577 0.008339791376912379
1.2517385257301896 0.6362443671766352 0.00829
1.7524339360222427 0.6915152990264245 0.008340486787204449
2.2531293463143243 0.7446735744089011 0.008486189151599443
2.753824756606406 0.7970546592489578 0.008747524339360229
3.254520166898459 0.8498246175243382 0.009118706536856737
3.7552155771905404 0.9016319888734351 0.009565006954102919
4.255910987482622 0.9515769123783039 0.010117329624478451
4.756606397774675 0.9988538247566052 0.010887023643949908
5.257301808066757 1.0390082058414463 0.01248271210013907
5.757997218358838 1.0743726008344927 0.014896105702364429
6.258692628650891 1.1104293463143244 0.017459332406119545
6.759388038942973 1.145953407510431 0.020059568845618894
7.260083449235054 1.1836107093184984 0.022354728789986116
7.760778859527107 1.221936856745479 0.025156745479833004
8.261474269819189 1.2611546592489564 0.02890995827538244
8.76216968011127 1.3011870653685678 0.032898331015299064
9.262865090403324 1.3342730180806668 0.03802169680111248
9.763560500695405 1.3517115438108482 0.044979374130737056
10.264255910987487 1.3518061196105702 0.052155173852573074
10.76495132127954 1.3257082058414478 0.059851863699582494
11.265646731571621 1.2789415855354664 0.06902760778859515
11.766342141863703 1.2292321279554934 0.0797391376912379
12.267037552155784 1.1794496522948525 0.09312840055632861
12.767732962447838 1.1294895027090446 0.1080568816838629
13.268428372739919 1.0795871960940877 0.1229088994244692
13.769123783032 1.0297500569143916 0.13767534069032206
14.269819193324054 0.9799784163814165 0.1523563888828145
14.770514603616135 0.9302726057066144 0.16695222740334215
15.271210013908217 0.8806329561014457 0.1814630396532983
15.77190542420027 0.8310597987773707 0.19588900903407597
16.27260083449235 0.7815534649458413 0.21023031894707073
16.773296244784433 0.7321142858183178 0.22448715279367587
17.273991655076486 0.6827425926062607 0.23865969397528447
17.774687065368568 0.6334387165211219 0.25274812589329204
18.27538247566065 0.5842029887743618 0.2667526319490919
18.776077885952702 0.5350357405774404 0.28067339554407705
19.276773296244784 0.48593730314180994 0.2945106000796433
19.777468706536865 0.4369080076789311 0.3082644289571836
20.27816411682892 0.3879481854002633 0.3219350655780911
20.778859527121 0.3390581675172597 0.33552269334376156
21.27955493741308 0.2902382852413794 0.34902749565558805
21.780250347705135 0.2414888697840838 0.36244965591496364
22.280945757997216 0.19281025235682359 0.37578935752328396
22.781641168289298 0.14420276417106104 0.3890467838819423
23.28233657858135 0.09566673643825485 0.40222211839233185
23.783031988873432 0.04720250036985707 0.4153155444558479
24.283727399165514 -0.001189612822671382 0.42832724547388373
24.784422809457567 -0.049509271927870024 0.44125740484783266
25.28511821974965 -0.09775614573428726 0.4541062059790902
25.78581363004173 -0.14592990303046305 0.4668738322690495
26.286509040333783 -0.19403021260493647 0.47956046711910366
26.787204450625865 -0.24205674324625592 0.4921662939306482
27.287899860917946 -0.2900091637429605 0.5046914961050764
27.78859527121 -0.33788714288359056 0.5171362570437816
28.28929068150208 -0.3856903494566941 0.5295007601481589
28.789986091794162 -0.43341845225081066 0.5417851888196019
29.290681502086215 -0.4810711200544797 0.5539897264595037
29.791376912378297 -0.5286480216562492 0.5661145564692596
30.29207232267038 -0.5761488258446592 0.5781598622502631
30.79276773296246 -0.6235732014082522 0.5901258272039078
31.293463143254513 -0.6709208171355674 0.6020126347315873
31.794158553546595 -0.7181913418151527 0.6138204682346968
32.294853963838676 -0.7653844442355484 0.6255495111146299
32.79554937413073 -0.8124997931852942 0.6371999467727794
33.29624478442281 -0.8595370574529375 0.6487719586105409
33.79694019471489 -0.9064959058270179 0.6602657300293073
34.297635605006946 -0.9533760070960766 0.6716814444304726
34.79833101529903 -1.0001770300486594 0.6830192852154318
35.29902642559111 -1.0468986434733076 0.6942794357855779
35.79972183588316 -1.0935405161585603 0.7054620795423046
36.30041724617524 -1.1401023168929654 0.7165673998870068
36.801112656467325 -1.1865837144650628 0.7275955802210785
37.30180806675938 -1.2329843776633918 0.7385468039459122
37.80250347705146 -1.2793039752765014 0.7494212544629035
38.30319888734354 -1.32554217609293 0.7602191151734459
38.803894297635594 -1.3716986489012184 0.7709405694789324
39.304589707927676 -1.4177730624899136 0.7815858007807588
39.80528511821976 -1.4637650856475557 0.7921549924803175
40.30598052851181 -1.5096743871626845 0.8026483279790029
40.80667593880389 -1.5555006358238481 0.8130659906782094
41.30737134909597 -1.6012435004195864 0.8234081639793307
41.808066759388026 -1.6469026497384385 0.8336750312837604
42.30876216968011 -1.6924777525689518 0.8438667759928928
42.80945757997219 -1.7379684776996673 0.8539835815081223
43.31015299026424 -1.783374493919124 0.8640256312308419
43.810848400556324 -1.8286954700158708 0.8739931085624466
44.311543810848406 -1.873931074778446 0.8838861969043297
44.81223922114046 -1.91908097699539 0.8937050796578849
45.31293463143254 -1.9641448454552513 0.9034499402245071
45.81363004172462 -2.0091223489465686 0.91312096200559
46.314325452016675 -2.054013156257882 0.9227183284025267
46.81502086230876 -2.0988169361777396 0.932242222816712
47.31571627260084 -2.14353335749468 0.9416928286495398
47.81641168289289 -2.188162088997245 0.9510703293024036
48.31710709318497 -2.2327027994739823 0.9603749081766983
48.817802503477054 -2.277155157713429 0.9696067486738171
49.318497913769136 -2.3215188325041294 0.9787660341951543
49.81919332406119 -2.3657934926346242 0.9878529481421032
50.31988873435327 -2.40997880689346 0.9968676739160587
50.82058414464535 -2.454074444069176 1.0058103949184143
51.321279554937405 -2.4980800729503136 1.0146812945505637
51.82197496522949 -2.541995362325419 1.0234805562139015
52.32267037552157 -2.585819980983034 1.0322083633098216
52.82336578581362 -2.629553597711696 1.040864899239717
53.3240611961057 -2.673195881299954 1.049450347404983
53.824756606397784 -2.7167465005363476 1.0579648912070128
54.32545201668984 -2.7602051242094174 1.0664087140472005
54.82614742698192 -2.80357142110771 1.07478199932694
55.326842837274 -2.8468450600197657 1.0830849304476258
55.82753824756605 -2.890025709734124 1.091317690810651
56.328233657858135 -2.9331130390393336 1.09948046381741
56.82892906815022 -2.976106716723933 1.107573432869297
57.32962447844227 -3.019006411576463 1.1155967813677055
57.83031988873435 -3.061811792385471 1.1235506927140302
58.33101529902643 -3.1045225279394972 1.1314353503096641
58.831710709318486 -3.1471382870270808 1.1392509375560018
59.33240611961057 -3.1896587384367687 1.146997637854437
59.83310152990265 -3.232083550957102 1.1546756346063642
60.3337969401947 -3.2744123933766214 1.1622851112131762
60.834492350486784 -3.316644934483873 1.1698262510762687
61.335187760778865 -3.358780843067397 1.1772992375970344
61.83588317107092 -3.4008197879157334 1.1847042541768666
62.336578581363 -3.44276143781743 1.1920414842171614
62.83727399165508 -3.4846054615610265 1.1993111111193113
63.337969401947134 -3.5263515279350623 1.20651331828471
63.838664812239216 -3.5679993057280854 1.2136482891147529
64.3393602225313 -3.6095484637286357 1.2207162070108324
64.84005563282335 -3.650998670725254 1.2277172553743436
65.34075104311543 -3.6923495955064873 1.23465161760668
65.84144645340751 -3.733600906860875 1.2415194771092355
66.34214186369957 -3.7747522735769565 1.2483210172834038
66.84283727399165 -3.8158033644432803 1.2550564215305797
67.34353268428373 -3.856753848248386 1.2617258732521568
67.84422809457581 -3.8976033937808165 1.2683295558495291
68.34492350486786 -3.9383516698291117 1.2748676527240899
68.84561891515995 -3.9789983451818176 1.281340347277234
69.34631432545203 -4.019543088627476 1.287747822910355
69.84700973574408 -4.059985568954627 1.294090263024847
70.34770514603616 -4.100325454951816 1.3003678510221042
70.84840055632824 -4.140562415407585 1.3065807703035197
71.3490959666203 -4.180696119110472 1.3127292042704886
71.84979137691238 -4.220726234849026 1.3188133363244037
72.35048678720446 -4.260652431411787 1.3248333498666605
72.85118219749651 -4.300474377587294 1.3307894282986514
73.3518776077886 -4.340191742164096 1.336681755021771
73.85257301808068 -4.379804193930731 1.3425105134374138
74.35326842837273 -4.41931140167574 1.3482758869469724
74.85396383866481 -4.458713034187671 1.3539780589518422
75.35465924895689 -4.498008760255063 1.3596172128534172
75.85535465924895 -4.537198248666455 1.3651935320530897
76.35605006954103 -4.5762811682103965 1.3707071999522555
76.85674547983308 -4.615257187675425 1.376158399952307
77.35744089012519 -4.654125975850089 1.3815473154546403
77.85813630041724 -4.692887201522922 1.3868741298606473
78.3588317107093 -4.73154053348247 1.392139026571722
78.8595271210014 -4.770085640517282 1.39734218898926
79.36022253129346 -4.808522191415889 1.4024838005146543
79.86091794158551 -4.846849854966841 1.4075640445492985
80.36161335187762 -4.885068299958682 1.4125831044945876
80.86230876216968 -4.923177195179948 1.4175411637519142
81.36300417246173 -4.961176209419184 1.4224384057226735
81.86369958275384 -4.999065011464937 1.4272750138082593
82.36439499304589 -5.036843270105743 1.4320511714100643
82.86509040333794 -5.074510654130146 1.4367670619294841
83.36578581363005 -5.112066832326695 1.4414228687679125
83.86648122392211 -5.149511473483923 1.446018775326742
84.36717663421416 -5.186844246390374 1.4505549650073677
84.86787204450627 -5.224064819834599 1.4550316212111838
85.36856745479832 -5.261172862605129 1.4594489273395836
85.86926286509038 -5.298168043490513 1.463807066793961
86.36995827538249 -5.335050031279296 1.4681062229757114
86.87065368567454 -5.371818494760012 1.472346579286227
87.3713490959666 -5.408473102721208 1.476528319126902
87.8720445062587 -5.445013523951433 1.4806516258991316
88.37273991655076 -5.481439427239216 1.4847166830043088
88.87343532684281 -5.51775048137311 1.4887236738438274
89.37413073713492 -5.553946355141655 1.4926727818190824
89.87482614742697 -5.590026717333389 1.496564190331466
90.37552155771903 -5.62599123673686 1.500398082782374
90.87621696801114 -5.66183958214061 1.5041746425731999
91.37691237830319 -5.697571422333178 1.5078940531053369
91.87760778859524 -5.733186426103105 1.5115564977801792
92.37830319888735 -5.768684262238944 1.5151621599991218
92.8789986091794 -5.804064599529225 1.5187112231635573
93.37969401947146 -5.839327106762495 1.52220387067488
93.88038942976357 -5.8744714527273025 1.5256402859344849
94.38108484005562 -5.909497306212181 1.5290206523437653
94.88178025034773 -5.944404336005677 1.5323451533041146
95.38247566063978 -5.979192210896333 1.535613972216927
95.88317107093184 -6.013860599672688 1.538827292483597
96.38386648122395 -6.048409171123293 1.5419852975055186
96.884561891516 -6.082837594036681 1.545088170684085
97.38525730180805 -6.117145537201395 1.5481360954206906
97.88595271210016 -6.151332669405988 1.5511292551167297
98.38664812239222 -6.185398659438992 1.5540678331735958
98.88734353268427 -6.21934317608895 1.5569520129926826
99.38803894297638 -6.253165888144412 1.5597819779753852
99.88873435326843 -6.286866464393912 1.5625579115230968
100.38942976356049 -6.320444573625997 1.5652799970372109
100.8901251738526 -6.353899884629211 1.5679484179191225
101.39082058414465 -6.387232066192089 1.5705633575702242
101.8915159944367 -6.42044078710318 1.5731249993919116
102.39221140472881 -6.453525716151029 1.5756335267855783
102.89290681502086 -6.486486522124169 1.5780891231526168
103.39360222531292 -6.51932287381115 1.580491971894423
103.89429763560503 -6.552034440000513 1.5828422564123898
104.39499304589708 -6.584620889480798 1.585140160107911
104.89568845618913 -6.617081891040549 1.5873858663823812
105.39638386648124 -6.649417113468312 1.5895795586371937
105.8970792767733 -6.681626225552623 1.5917214202737435
106.39777468706535 -6.713708896082027 1.5938116346934232
106.89847009735746 -6.745664793845069 1.5958503852976287
107.39916550764951 -6.777493587630289 1.5978378554877521
107.89986091794157 -6.809194946226228 1.5997742286651873
108.40055632823368 -6.840768538421434 1.6016596882313305
108.90125173852573 -6.8722140330044414 1.6034944175875732
109.40194714881778 -6.903531098763798 1.6052786001353105
109.90264255910989 -6.93471940448805 1.6070124192759367
110.40333796940195 -6.965778618965729 1.6086960584108443
110.904033379694 -6.996708410985386 1.6103297009414295
111.40472878998611 -7.0275084493355635 1.6119135302690846
111.90542420027816 -7.058178402804797 1.6134477297952032
112.40611961057022 -7.0887179401816365 1.6149324829211809
112.90681502086233 -7.119126730254621 1.6163679730484104
113.40751043115438 -7.149404441812292 1.6177543835782862
113.90820584144643 -7.179550743643192 1.6190918979122024
114.40890125173854 -7.20956530453587 1.6203806994515524
114.9095966620306 -7.23944779327886 1.6216209715977312
115.41029207232265 -7.269197878660707 1.6228128977521314
115.91098748261476 -7.298815229469957 1.6239566613161478
116.41168289290681 -7.328299514495148 1.6250524456911744
116.91237830319886 -7.357650402524822 1.6261004342786047
117.41307371349097 -7.386867562347527 1.627100810479833
117.91376912378303 -7.415950662751799 1.6280537576962528
118.41446453407508 -7.444899372526184 1.6289594593292591
118.91515994436719 -7.473713360459227 1.629818098780246
119.41585535465924 -7.5023922953394635 1.6306298594506052
119.9165507649513 -7.53093584595544 1.6313949247417323
120.4172461752434 -7.559343681095703 1.6321134780550226
120.91794158553546 -7.587615469548785 1.632785702791867
121.41863699582751 -7.615750880103237 1.633411782353662
121.91933240611962 -7.643749581547601 1.6339919001418006
122.42002781641168 -7.671611242670414 1.6345262395576765
122.92072322670373 -7.699335532260221 1.6350149840026842
123.42141863699584 -7.726922119105566 1.6354583168782182
123.92211404728789 -7.754370671994991 1.6358564215856708
124.42280945757994 -7.781680859717035 1.636209481526437
124.92350486787205 -7.808852351060247 1.6365176801019112
125.42420027816411 -7.835884814813166 1.6367812007134863
125.92489568845616 -7.86277791976433 1.6370002267625563
126.42559109874827 -7.889531334702292 1.6371749416505161
126.92628650904032 -7.916144728415583 1.6373055287787603
127.42698191933238 -7.942617769692751 1.6373921715486808
127.92767732962449 -7.968950127322342 1.6374350533616728
128.42837273991654 -7.995141470092891 1.637434357619131
128.9290681502086 -8.021191466792944 1.6373902677224463
129.4297635605007 -8.047099786211046 1.6373029670730155
129.93045897079276 -8.072866097135734 1.6371726390722334
130.4311543810848 -8.098490068355554 1.6369994671214911
130.93184979137692 -8.123971368659051 1.636783634622184
131.43254520166897 -8.149309666834759 1.6365253249757057
131.93324061196108 -8.174504631671232 1.6362247215834511
132.43393602225314 -8.199555931956999 1.6358820078468126
132.9346314325452 -8.224463236480615 1.6354973671671864
133.4353268428373 -8.249226214030616 1.6350709829459649
133.93602225312935 -8.273844533395541 1.6346030385845416
134.4367176634214 -8.298317863363943 1.6340937174843106
134.93741307371351 -8.322645872724358 1.6335432030466674
135.43810848400557 -8.346828230265325 1.6329516786730047
135.93880389429762 -8.370864604775393 1.632319327764717
136.43949930458973 -8.3947546650431 1.6316463337231988
136.94019471488178 -8.418498079856992 1.630932879949842
137.44089012517384 -8.442094518005607 1.6301791498460418
137.94158553546595 -8.465543648277494 1.6293853268131935
138.442280945758 -8.488845139461192 1.6285515942526891
138.94297635605005 -8.51199866034524 1.6276781355659233
139.44367176634216 -8.535003879718186 1.6267651341542892
139.94436717663422 -8.557860466368568 1.6258127734191836
140.44506258692627 -8.58056808908493 1.624821236761997
140.94575799721838 -8.603126416655817 1.6237907075841247
141.44645340751043 -8.625535117869768 1.6227213692869626
141.94714881780249 -8.647793861515327 1.6216134052719018
142.4478442280946 -8.66990231638104 1.6204669989403362
142.94853963838665 -8.691860151255439 1.6192823336936626
143.4492350486787 -8.713667034927076 1.6180595929332728
143.9499304589708 -8.735322636184494 1.6167989600605606
144.45062586926286 -8.756826623816227 1.6155006184769212
144.95132127955492 -8.778178666610826 1.6141647515837487
145.45201668984703 -8.799378433356827 1.612791542782435
145.95271210013908 -8.820425592842778 1.611381175474376
146.45340751043113 -8.841319813857218 1.6099338330609663
146.95410292072324 -8.86206076518869 1.608449698943597
147.4547983310153 -8.882648115625738 1.6069289565236642
147.95549374130735 -8.903081533956902 1.6053717892025614
148.45618915159946 -8.923360688970726 1.6037783803816832
148.9568845618915 -8.943485249455755 1.6021489134624227
149.45757997218357 -8.963454884200525 1.6004835718461732
149.95827538247568 -8.983269261993584 1.5987825389343313
150.45897079276773 -9.002928051623472 1.5970459981282876
150.95966620305978 -9.022430921878732 1.5952741328294389
151.4603616133519 -9.041777541547907 1.5934671264391773
151.96105702364395 -9.060967579419536 1.5916251623588975
152.461752433936 -9.080000704282167 1.5897484239899935
152.9624478442281 -9.09887658492434 1.5878370947338603
153.46314325452016 -9.117594890134596 1.5858913579918896
153.96383866481222 -9.13615528870148 1.583911397165477
154.46453407510432 -9.154557449413534 1.5818973956560156
154.96522948539638 -9.172801041059296 1.579849536864899
155.46592489568843 -9.190885732427317 1.5777680041935231
155.96662030598054 -9.208811192306133 1.5756529810432807
156.4673157162726 -9.226577089484286 1.5735046508155661
156.96801112656465 -9.244183092750319 1.5713231969117718
157.46870653685676 -9.26162887089278 1.5691088027332931
157.9694019471488 -9.278914092700205 1.5668616516815255
158.47009735744086 -9.296038426961141 1.5645819271578603
158.97079276773297 -9.31300154246413 1.5622698125636911
159.47148817802503 -9.329803107997707 1.5599254913004148
159.97218358831708 -9.346442792350421 1.5575491467694227
160.4728789986092 -9.362920264310818 1.5551409623721102
160.97357440890124 -9.379235192667432 1.552701121509871
161.4742698191933 -9.395387246208811 1.5502298075840995
161.9749652294854 -9.411376093723497 1.5477272039961876
162.47566063977746 -9.427201404000034 1.5451934941475325
162.9763560500695 -9.442862845826957 1.542628861439526
163.47705146036162 -9.458360087992816 1.5400334892735619
163.97774687065368 -9.47369279928615 1.5374075610510358
164.47844228094573 -9.4888606484955 1.5347512601733402
164.97913769123784 -9.503863304409414 1.532064770041869
165.4798331015299 -9.518700435816429 1.5293482740580173
165.98052851182194 -9.533371711505094 1.5266019556231778
166.48122392211405 -9.547876800263944 1.5238259981387463
166.9819193324061 -9.562215370881525 1.5210205850061147
167.48261474269816 -9.576387092146376 1.5181858996266775
167.98331015299027 -9.590391632847048 1.5153221254018305
168.48400556328232 -9.604228661772073 1.5124294457329652
168.98470097357443 -9.617897847710003 1.509508044021476
169.4853963838665 -9.631398859449371 1.506558103668759
169.98609179415854 -9.64473136577873 1.5035798080762066
170.48678720445065 -9.657895035486614 1.5005733406452113
170.9874826147427 -9.670889537361566 1.4975388847771707
171.48817802503476 -9.683714540192131 1.4944766238734748
171.98887343532687 -9.696369712766854 1.491386741335519
172.48956884561892 -9.708854723874273 1.4882694205646998
172.99026425591097 -9.721169242302933 1.485124844962408
173.49095966620308 -9.733312936841374 1.481953197930037
173.99165507649514 -9.745285476278141 1.4787546628689836
174.4923504867872 -9.757086529401775 1.475529423180641
174.9930458970793 -9.76871576500082 1.472277662266403
175.49374130737135 -9.780172851863815 1.4689995635276616
175.9944367176634 -9.791457458779304 1.4656953103658155
176.49513212795551 -9.802569254535834 1.4623650861822521
176.99582753824757 -9.813507907921943 1.4590090743783706
177.49652294853962 -9.824273087726173 1.4556274583555635
177.99721835883173 -9.83486446273707 1.4522204215152246
178.49791376912378 -9.84528170174317 1.4487881472587465
178.99860917941584 -9.85552447353302 1.4453308189875256
179.49930458970795 -9.865592446895164 1.4418486201029546
180.0 -9.87548529061814 1.438341734006427
