Polar data for a18sm at Re = 1725517.2413793106
Alpha (deg) Cl Cd
-180.0 -12.193270480748552 1.6799614305654225
-179.49930458970792 -12.194425895761416 1.669502261532147
-178.99860917941587 -12.195350847639151 1.659011531944929
-178.49791376912378 -12.19604554487962 1.648489818103521
-177.9972183588317 -12.196510195980657 1.637937696307676
-177.49652294853965 -12.19674500944011 1.6273557428571395
-176.99582753824757 -12.196750193755825 1.616744534051668
-176.4951321279555 -12.196525957425646 1.6061046461910178
-175.99443671766343 -12.196072508947424 1.5954366555749364
-175.49374130737135 -12.19539005681899 1.5847411385031749
-174.99304589707927 -12.194478809538218 1.574018671275486
-174.49235048678722 -12.193338975602927 1.5632698301916208
-173.99165507649514 -12.191970763510977 1.5524951915513356
-173.49095966620305 -12.190374381760204 1.5416953316543762
-172.990264255911 -12.188550038848462 1.5308708268004936
-172.48956884561892 -12.18649794327359 1.5200222532894476
-171.98887343532684 -12.184218303533449 1.5091501874209912
-171.48817802503476 -12.181711328125857 1.4982552054948646
-170.9874826147427 -12.178977225548689 1.487337883810826
-170.48678720445062 -12.176016204299764 1.4763987986686264
-169.98609179415854 -12.172828472876958 1.465438526368024
-169.4853963838665 -12.169414239778089 1.454457643208761
-168.9847009735744 -12.165773713501014 1.4434567254905954
-168.48400556328232 -12.161907102543587 1.4324363495132801
-167.98331015299027 -12.157814615403634 1.4213970915765626
-167.4826147426982 -12.153496460579024 1.4103395279801956
-166.9819193324061 -12.148952846567589 1.3992642350239355
-166.48122392211405 -12.144183981867172 1.388171789007528
-165.98052851182197 -12.13919007497563 1.3770627662307295
-165.4798331015299 -12.133971334390797 1.365937742993291
-164.97913769123784 -12.128527968610527 1.3547972955949583
-164.47844228094576 -12.122860186132666 1.3436420003354947
-163.97774687065368 -12.116968195455048 1.3324724335146443
-163.47705146036162 -12.110852205075531 1.321289171432158
-162.97635605006954 -12.104512423491958 1.3100927903877957
-162.47566063977746 -12.097949059202175 1.2988838666813032
-161.9749652294854 -12.091162320704033 1.287662976612435
-161.47426981919332 -12.084152416495353 1.276430696480935
-160.97357440890124 -12.076919555074014 1.2651876025865687
-160.4728789986092 -12.069463944937851 1.2539342712290762
-159.9721835883171 -12.061785794584694 1.2426712787082157
-159.47148817802503 -12.053885312512406 1.2313992013237383
-158.97079276773297 -12.045762707218827 1.2201186153754002
-158.4700973574409 -12.037418187201801 1.2088300971629402
-157.9694019471488 -12.028851960959177 1.19753422298612
-157.46870653685676 -12.020064236988798 1.1862315691446885
-156.96801112656468 -12.011055223788517 1.1749227119384043
-156.4673157162726 -12.001825129856165 1.1636082276670092
-155.96662030598054 -11.992374163689608 1.1522886926302651
-155.46592489568846 -11.982702533786668 1.140964683127914
-154.96522948539638 -11.972810448645212 1.1296367754597143
-154.46453407510432 -11.962698116763082 1.1183055459254168
-153.96383866481224 -11.952365746638108 1.1069715708247725
-153.46314325452016 -11.941813546768156 1.0956354264575343
-152.9624478442281 -11.93104172565106 1.0842976891234533
-152.46175243393603 -11.92005049178466 1.0729589351222786
-151.96105702364395 -11.908840053666818 1.0616197407537666
-151.4603616133519 -11.897410619795366 1.0502806823176738
-150.9596662030598 -11.885762398668163 1.038942336113735
-150.45897079276773 -11.873895598783037 1.0276052784417264
-149.95827538247568 -11.861810428637853 1.016270085601381
-149.4575799721836 -11.849507096730449 1.00493733389245
-148.9568845618915 -11.836985811558659 0.9936075996146987
-148.45618915159943 -11.824246781620353 0.9822814590678708
-147.95549374130738 -11.811290215413354 0.9709594885517174
-147.4547983310153 -11.798116321435518 0.9596422643659968
-146.95410292072324 -11.784725308184694 0.9483303628104562
-146.45340751043116 -11.771117384158714 0.9370243601848451
-145.95271210013908 -11.757292757855438 0.9257248327889145
-145.452016689847 -11.743251637772705 0.9144323569224224
-144.95132127955495 -11.728994232408368 0.9031475088851235
-144.45062586926286 -11.71452075026027 0.8918708649767635
-143.94993045897078 -11.699831399826238 0.8806030014970916
-143.44923504867873 -11.684926389604147 0.8693444947458642
-142.94853963838665 -11.669805928091826 0.8580959210228376
-142.44784422809457 -11.65447022378713 0.8468578566277576
-141.9471488178025 -11.638919485187898 0.8356308778603752
-141.44645340751043 -11.623153920791964 0.8244155610204378
-140.94575799721835 -11.607173739097199 0.8132124824077125
-140.44506258692627 -11.59097914860143 0.8020222183219414
-139.94436717663422 -11.574570357802514 0.7908453450628774
-139.44367176634213 -11.557947575198298 0.7796824389302732
-138.94297635605005 -11.541111009286613 0.7685340762238817
-138.442280945758 -11.524060868565314 0.7574008332434468
-137.94158553546592 -11.506797361532243 0.7462832862887319
-137.44089012517384 -11.489320696685258 0.7351820116594809
-136.94019471488178 -11.471631082522194 0.7240975856554539
-136.4394993045897 -11.453728727540895 0.7130305845763947
-135.93880389429762 -11.435613840239213 0.7019815847220578
-135.43810848400557 -11.41728662911499 0.6909511623921962
-134.9374130737135 -11.398747302666067 0.6799398938865591
-134.4367176634214 -11.379996069390302 0.6689483555049027
-133.93602225312935 -11.361033137785533 0.6579771235469782
-133.43532684283727 -11.34185871634961 0.6470267743125349
-132.9346314325452 -11.322473013580364 0.6360978841013272
-132.43393602225314 -11.302876237975667 0.6251910292131009
-131.93324061196105 -11.283068598033342 0.6143067859476159
-131.43254520166897 -11.263050302251244 0.6034457306046144
-130.93184979137692 -11.242821559127222 0.5926084394838669
-130.43115438108484 -11.22238257715911 0.5817954888851049
-129.93045897079276 -11.201733564844776 0.5710074551080919
-129.4297635605007 -11.180874730682046 0.560244914452579
-128.92906815020862 -11.15980628316876 0.5495084432183082
-128.42837273991654 -11.138528430802783 0.5387986177050448
-127.92767732962449 -11.117041382081954 0.5281160142125363
-127.4269819193324 -11.095345345504114 0.5174612090405302
-126.92628650904032 -11.073440529567108 0.506834778488781
-126.42559109874827 -11.051327142768791 0.4962372988570434
-125.92489568845619 -11.029005393607004 0.48566934644506476
-125.42420027816411 -11.006475490579586 0.4751314975525962
-124.92350486787205 -10.983737642184398 0.46462432847939583
-124.42280945757997 -10.960792056919274 0.4541484155252147
-123.92211404728789 -10.937638943282057 0.4437043349898038
-123.42141863699584 -10.914278509770604 0.4332926631729035
-122.92072322670376 -10.890710964882757 0.4229139763742862
-122.42002781641168 -10.86693651711635 0.41256885089368867
-121.91933240611961 -10.84295537496925 0.40225786303087263
-121.41863699582754 -10.81876774693928 0.391981589085582
-120.91794158553546 -10.794373841524305 0.38174060535756427
-120.41724617524339 -10.769773867222167 0.3715354881465882
-119.91655076495132 -10.744968032530696 0.3613668137523942
-119.41585535465924 -10.71995654594776 0.3512351584747333
-118.91515994436718 -10.694739615971187 0.34114109861336717
-118.41446453407511 -10.66931745109883 0.33108521046803263
-117.91376912378303 -10.643690259828535 0.3210680703384985
-117.41307371349096 -10.617858250658156 0.31109025452450867
-116.91237830319889 -10.591821632085527 0.30115233932580354
-116.41168289290681 -10.565580612608478 0.29125490104215546
-115.91098748261474 -10.539135400724895 0.28139851597330123
-115.41029207232268 -10.512486204932607 0.2715837604190061
-114.9095966620306 -10.485633233729438 0.2618112106790069
-114.40890125173853 -10.45857669561326 0.2520814430530689
-113.90820584144646 -10.431316799081905 0.24239503384093597
-113.40751043115438 -10.403853752633225 0.23275255934235917
-112.90681502086231 -10.376187764765064 0.22315459585709663
-112.40611961057024 -10.348319043975266 0.21360171968489583
-111.90542420027816 -10.320247798761685 0.20409450712551136
-111.4047287899861 -10.291974237622156 0.19463353447869425
-110.90403337969401 -10.26349856905454 0.18521937804419553
-110.40333796940195 -10.23482100155666 0.17585261412176267
-109.90264255910988 -10.205941743626376 0.16653381901115383
-109.4019471488178 -10.17686100376153 0.15726356901212357
-108.90125173852573 -10.14757899045997 0.14804244042442294
-108.40055632823366 -10.118095912219552 0.1388710095477994
-107.89986091794158 -10.088411977538094 0.12974985268199335
-107.39916550764951 -10.058527394913476 0.12067954612678422
-106.89847009735745 -10.028442372843514 0.11166066618190884
-106.39777468706536 -9.998157119826061 0.10269378914711114
-105.8970792767733 -9.96767184435899 0.0937794913221599
-105.39638386648123 -9.936986754940108 0.08491834900678841
-104.89568845618915 -9.906102060067276 0.0761109385007619
-104.39499304589708 -9.875017968238346 0.06735783610383139
-103.89429763560501 -9.84373468795117 0.05865961811575504
-103.39360222531293 -9.812252427703562 0.05001686083626611
-102.89290681502086 -9.780571395993391 0.041430140565129836
-102.3922114047288 -9.748691801318508 0.0329000336020937
-101.89151599443672 -9.71661385217675 0.024427116246908742
-101.39082058414465 -9.684337757065968 0.016011964799336642
-100.89012517385257 -9.651863724484002 0.007655155559110671
-100.3894297635605 -9.619191962928682 -0.0006427351739968223
-99.88873435326843 -9.586322680897887 -0.008881131100249018
-99.38803894297635 -9.553256086889448 -0.017059455919884225
-98.88734353268428 -9.51999238940121 -0.02517713333315852
-98.38664812239222 -9.486531796931018 -0.03323358704031021
-97.88595271210013 -9.45287451797671 -0.04122824074159537
-97.38525730180807 -9.419020761036151 -0.04916051813725941
-96.884561891516 -9.384970734607172 -0.05702984292754776
-96.38386648122392 -9.350724647187619 -0.06483563881271648
-95.88317107093185 -9.316282707275342 -0.07257732949300744
-95.38247566063978 -9.281645123368193 -0.0802543386686696
-94.8817802503477 -9.24681210396399 -0.08786609003995549
-94.38108484005564 -9.211783857560619 -0.09541200730709987
-93.88038942976357 -9.176560592655896 -0.10289151417036946
-93.37969401947149 -9.141142517747681 -0.11030403433000613
-92.87899860917942 -9.105529841333812 -0.11764899148624819
-92.37830319888734 -9.069722771912147 -0.12492580933934816
-91.87760778859527 -9.033721517980524 -0.13213391158955856
-91.3769123783032 -8.99752628803678 -0.1392727219371248
-90.87621696801112 -8.961137290578769 -0.14634166408229587
-90.37552155771905 -8.924554734104333 -0.15334016172531717
-89.87482614742699 -8.887778827111333 -0.16026763856644122
-89.3741307371349 -8.850809778097599 -0.16712351830591343
-88.87343532684284 -8.813647795560975 -0.17390722464397923
-88.37273991655077 -8.77629308799932 -0.18061818128089824
-87.87204450625869 -8.738745863910474 -0.1872558119168981
-87.37134909596662 -8.701006331792264 -0.19381954025225623
-86.87065368567455 -8.663074700142566 -0.20030878998718604
-86.36995827538247 -8.62495117745921 -0.2067229848219685
-85.8692628650904 -8.586635972240046 -0.21306154845682057
-85.36856745479834 -8.548129292982921 -0.219323904592009
-84.86787204450626 -8.509431348185672 -0.22550947692778633
-84.36717663421419 -8.47054234634615 -0.2316176891643873
-83.86648122392211 -8.431462495962208 -0.23764796500206442
-83.36578581363004 -8.39219200553169 -0.24359972814106667
-82.86509040333797 -8.35273108355242 -0.24947240228164658
-82.36439499304589 -8.313079938522272 -0.25526541112404955
-81.86369958275382 -8.273238778939081 -0.2609781783685139
-81.36300417246176 -8.233207813300687 -0.26661012771530634
-80.86230876216968 -8.192987250104935 -0.2721606828646652
-80.36161335187761 -8.152577297849696 -0.27762926751682526
-79.86091794158554 -8.111978165032774 -0.28301530537205677
-79.36022253129346 -8.071190060152048 -0.28831822013059805
-78.85952712100139 -8.030213191705357 -0.29353743549269806
-78.35883171070932 -7.989047768190531 -0.29867237515860223
-77.85813630041724 -7.947693998105443 -0.3037224628285595
-77.35744089012518 -7.906152089947916 -0.3086871222028189
-76.85674547983311 -7.864422252215796 -0.31356577698163646
-76.35605006954103 -7.822504693406948 -0.3183578508652398
-75.85535465924896 -7.780399622019196 -0.3230627675539064
-75.35465924895689 -7.738107246550392 -0.3276799507478496
-74.85396383866481 -7.6956277754984015 -0.3322088241473433
-74.35326842837274 -7.652961417361048 -0.33664881145262227
-73.85257301808066 -7.610108380636163 -0.34099933636395674
-73.3518776077886 -7.567068873821647 -0.34525982258156374
-72.85118219749653 -7.523843105415288 -0.34942969380572064
-72.35048678720445 -7.48043128391496 -0.35350837373664445
-71.84979137691238 -7.4368336178185 -0.35749528607460546
-71.34909596662031 -7.393050315623768 -0.3613898545198455
-70.84840055632823 -7.349081585828586 -0.3651915027726136
-70.34770514603616 -7.304927636930827 -0.36889965453315154
-69.8470097357441 -7.260588677428302 -0.372513733501719
-69.34631432545201 -7.216064915818897 -0.3760331633785614
-68.84561891515995 -7.1713565606004295 -0.37945736786391704
-68.34492350486788 -7.126463820270757 -0.3827857706580384
-67.8442280945758 -7.081386903327719 -0.38601779546118165
-67.34353268428373 -7.036126018269172 -0.3891528659735921
-66.84283727399166 -6.990681373592949 -0.3921904058955117
-66.34214186369958 -6.945053177796893 -0.39512983892718934
-65.84144645340751 -6.899241639378872 -0.3979705887688776
-65.34075104311543 -6.853246966836714 -0.40071207912081475
-64.84005563282336 -6.807069368668252 -0.40335373368326755
-64.3393602225313 -6.760709053371372 -0.40589497615646364
-63.838664812239216 -6.714166229443883 -0.40833523024066976
-63.33796940194715 -6.667441105383652 -0.41067391963611
-62.83727399165508 -6.620533889688502 -0.4129104680430582
-62.336578581363 -6.5734447908563 -0.41504429916175267
-61.83588317107093 -6.526174017384882 -0.4170748366924317
-61.335187760778865 -6.478721777772108 -0.419001504335355
-60.834492350486784 -6.4310882805157945 -0.420823725790775
-60.333796940194716 -6.383273734113828 -0.42254092475891936
-59.83310152990265 -6.335278347064012 -0.4241525249400513
-59.33240611961057 -6.287102327864218 -0.4256579500344233
-58.8317107093185 -6.238745885012278 -0.42705662374227726
-58.33101529902643 -6.190209227006051 -0.4283479697638586
-57.83031988873435 -6.141492562343387 -0.4295314117994127
-57.329624478442284 -6.092596099522112 -0.4306063735491956
-56.82892906815022 -6.043520047040083 -0.4315722787134493
-56.328233657858135 -5.994264613395153 -0.43242855099243327
-55.82753824756607 -5.9448300070851445 -0.4331746140863788
-55.326842837273986 -5.895216436607932 -0.43380989169553485
-54.82614742698192 -5.84542411046133 -0.43433380752016815
-54.32545201668985 -5.795453237143207 -0.43474578526052055
-53.82475660639777 -5.7453040251514125 -0.43504524861683036
-53.3240611961057 -5.694976682983764 -0.435231621289343
-52.823365785813635 -5.644471419138142 -0.43530432697832167
-52.322670375521554 -5.593788442112377 -0.4352627893840011
-51.82197496522949 -5.542927960404313 -0.43510643220663736
-51.321279554937405 -5.491890182511781 -0.43483467914647944
-50.82058414464535 -5.440675316932655 -0.4344469539037692
-50.31988873435327 -5.389283572164771 -0.43394268017875914
-49.81919332406119 -5.3377151567059755 -0.4333212816716947
-49.318497913769136 -5.285970279054105 -0.4325821820828213
-48.817802503477054 -5.234049147707005 -0.43172480511239497
-48.31710709318497 -5.181951971162533 -0.43074857446066117
-47.81641168289292 -5.129678957918529 -0.42965291382786175
-47.31571627260084 -5.077230316472836 -0.4284372469142528
-46.81502086230876 -5.024606255323299 -0.4271009974200761
-46.3143254520167 -4.971806982967777 -0.4256435890455843
-45.81363004172462 -4.918832707904109 -0.42406444549102984
-45.31293463143254 -4.865683638630138 -0.42236299045664394
-44.81223922114049 -4.812359983643695 -0.42053864764269333
-44.311543810848406 -4.758861951442654 -0.4185908407494163
-43.810848400556324 -4.705189750524838 -0.4165189934770619
-43.31015299026427 -4.651343589388112 -0.4143225295258719
-42.80945757997219 -4.597323676530301 -0.41200087259612017
-42.30876216968011 -4.543130220449264 -0.4095534463880237
-41.808066759388026 -4.4887634296428445 -0.4069796746018457
-41.30737134909597 -4.434223512608895 -0.4042789809378351
-40.80667593880389 -4.379510677845246 -0.40145078909622667
-40.30598052851181 -4.32462513384975 -0.39849452277728714
-39.80528511821976 -4.2695670891202795 -0.3954096056812513
-39.304589707927676 -4.2143367521546224 -0.3921954615083787
-38.803894297635594 -4.158934331450666 -0.38885151395890416
-38.30319888734354 -4.103360035506256 -0.3853771867330802
-37.80250347705146 -4.047614072819229 -0.3817719035311664
-37.30180806675938 -3.991696651887416 -0.37803508805339403
-36.801112656467325 -3.9356079812086975 -0.3741661640000191
-36.30041724617524 -3.8793482692808823 -0.37016455507128354
-35.79972183588316 -3.8229177246018367 -0.3660296849674576
-35.29902642559111 -3.7663165556694196 -0.3617609773887618
-34.79833101529903 -3.7095449709814403 -0.3573578560354558
-34.297635605006946 -3.652603179035779 -0.3528197446077779
-33.79694019471489 -3.5954913883302595 -0.3481460668060019
-33.29624478442281 -3.538209807362726 -0.343336246330352
-32.79554937413073 -3.4807586446310452 -0.3383897068810806
-32.294853963838676 -3.4231381086330686 -0.33330587215844387
-31.794158553546595 -3.365348407866591 -0.32808416586268363
-31.293463143254513 -3.3073897508295076 -0.32272401169404175
-30.79276773296246 -3.2492623460196484 -0.3172248333527814
-30.29207232267038 -3.190966401934851 -0.3115860545391338
-29.791376912378297 -3.132502127072982 -0.30580709895336566
-29.290681502086244 -3.0738697299318787 -0.29988739029571887
-28.789986091794162 -3.0150694190093503 -0.2938263522664317
-28.28929068150208 -2.9561014028032986 -0.28762340856575674
-27.788595271210028 -2.896965889811561 -0.28127798289393935
-27.287899860917946 -2.83766308853194 -0.2747894989512534
-26.787204450625865 -2.7781932074623086 -0.26815738043790516
-26.28650904033381 -2.71855645510054 -0.261381051054165
-25.78581363004173 -2.658753039944429 -0.2544599345002818
-25.28511821974965 -2.598783170491842 -0.24739345447650107
-24.784422809457595 -2.5386470552406735 -0.24018103468307883
-24.283727399165514 -2.4783449026886686 -0.2328220988202534
-23.783031988873432 -2.4178769213337503 -0.22531607058826308
-23.28233657858135 -2.357243319673735 -0.21766237368738173
-22.781641168289298 -2.2964443062064817 -0.20986043181784053
-22.280945757997216 -2.235480089429835 -0.2019096686798778
-21.780250347705135 -2.1743508778416256 -0.1938095079737674
-21.27955493741308 -2.113056879939734 -0.1855593733997405
-20.778859527121 -2.0515983042219545 -0.17715868865804962
-20.27816411682892 -1.989975359186161 -0.16860687744893665
-19.777468706536865 -1.9281882533302053 -0.15990336347266476
-19.276773296244784 -1.8662371951519319 -0.1510475704294616
-18.776077885952702 -1.8041223931491714 -0.142038922019601
-18.27538247566065 -1.741844055819783 -0.13287684194330351
-17.774687065368568 -1.6794023916616112 -0.12356075390082877
-17.273991655076486 -1.6167976091724938 -0.11409008159243639
-16.773296244784433 -1.5540299168502685 -0.10446424871835402
-16.27260083449235 -1.4910995231928297 -0.09468267897884486
-15.77190542420027 -1.4280066366979582 -0.0847447960741472
-15.271210013908217 -1.3647514658635345 -0.07465002370451357
-14.770514603616135 -1.3013342191874173 -0.06439778557020359
-14.269819193324054 -1.237755105167416 -0.05398750537143426
-13.769123783032 -1.1740143323013896 -0.043418606808486526
-13.268428372739919 -1.110112109087197 -0.032690513581591585
-12.767732962447838 -1.0460486440226902 -0.021802649391009066
-12.267037552155784 -0.9818241456056782 -0.010754437936977279
-11.766342141863703 -0.9174388223340273 0.0004546970802583594
-11.265646731571621 -0.8528928827056035 0.011825331960445329
-10.764951321279568 -0.7881865352182302 0.023358043003341766
-10.264255910987487 -0.7233199883697452 0.03505340650868449
-9.763560500695405 -0.6582934506580216 0.0469119987762423
-9.262865090403352 -0.5931250347705164 0.058915980528511484
-8.76216968011127 -0.5283625869262871 0.06856913769123776
-8.261474269819189 -0.4674126564673152 0.04388929068150156
-7.760778859527136 -0.40692753824756794 0.011977079276773347
-7.260083449235054 -0.3421709318497921 0.01042262865090405
-6.759388038942973 -0.2762429763560496 0.009334645340751038
-6.25869262865092 -0.21106091794158754 0.00862595271210016
-5.757997218358838 -0.15016968011126638 0.007951515994436727
-5.257301808066757 -0.09244408901251706 0.007376133518776075
-4.756606397774675 -0.03543991655076361 0.0069993602225312855
-4.255910987482622 0.020540333796939383 0.00664937413073714
-3.7552155771905404 0.07661376912378326 0.006322920723226703
-3.254520166898459 0.13294102920723352 0.006057260083449229
-2.753824756606406 0.1893193324061187 0.005841376912378306
-2.2531293463143243 0.2458457579972185 0.005690751043115437
-1.7524339360222427 0.3024749652294866 0.005590389429763558
-1.2517385257301896 0.35900389429763463 0.005525173852573019
-0.7510431154381081 0.4154823365785814 0.005490041724617524
-0.25034770514602656 0.472010709318499 0.005465020862308761
0.25034770514602656 0.5279383866481213 0.005515090403337967
0.7510431154381081 0.58336578581363 0.005625187760778859
1.2517385257301896 0.638942976356051 0.005463574408901244
1.7524339360222427 0.6921472878998599 0.005143880389429768
2.2531293463143243 0.7453973574408901 0.005192002781641167
2.753824756606406 0.8003146036161344 0.005598748261474278
3.254520166898459 0.8534700973574397 0.006247232267037535
3.7552155771905404 0.9037559109874824 0.007308664812239216
4.255910987482622 0.9539611961057031 0.00834922114047289
4.756606397774675 1.0054764951321267 0.00914057023643948
5.257301808066757 1.0565933240611958 0.00993139082058414
5.757997218358838 1.1076157162726015 0.010681515994436726
6.258692628650891 1.1583244784422797 0.011423212795549354
6.759388038942973 1.209109457579972 0.012090890125173849
7.260083449235054 1.2590841446453414 0.01280173852573019
7.760778859527107 1.307117524339359 0.013705910987482589
8.261474269819189 1.3545923504867867 0.014588358831710703
8.76216968011127 1.4014196105702368 0.015452392211404738
9.262865090403324 1.4452229485396373 0.016583963838664773
9.763560500695405 1.4843980528511818 0.0181219193324061
10.264255910987487 1.5238389429763564 0.019479082058414473
10.76495132127954 1.5642191933240601 0.02055878998609176
11.265646731571621 1.6021515994436712 0.021711613351877594
11.766342141863703 1.6356468706536857 0.023032392211404736
12.267037552155784 1.6526771905424202 0.025200069541029275
12.767732962447838 1.6549929068150209 0.02827774687065364
13.268428372739919 1.6634360222531295 0.03103866481223923
13.769123783032 1.6756980528511825 0.03374242002781648
14.269819193324054 1.6817347705146035 0.0372699860917941
14.770514603616135 1.6818933240611962 0.04176432545201671
15.271210013908217 1.6750045897079275 0.047581154381084984
15.77190542420027 1.6607376912378307 0.055013810848400416
16.27260083449235 1.6388428372739916 0.0644200973574409
16.773296244784433 1.6066481223922107 0.07660552155771934
17.273991655076486 1.561598052851183 0.0923577885952709
17.774687065368568 1.5000987482614743 0.11306140472878999
18.27538247566065 1.42101390820584 0.14001584144645396
18.776077885952702 1.3345390241883694 0.16988424469525043
19.276773296244784 1.2483319661934313 0.19955689003065125
19.777468706536865 1.162422507639949 0.2290124062919907
20.27816411682892 1.0768104400300818 0.2582513697790192
20.778859527121 0.9914955548659736 0.28727435679149194
21.27955493741308 0.9064776436497848 0.3160819436291593
21.780250347705135 0.8217564978836736 0.344674706591771
22.280945757997216 0.737331909069785 0.37305322197908275
22.781641168289298 0.6532036687102778 0.40121806609084487
23.28233657858135 0.5693715683073108 0.4291698152268075
23.783031988873432 0.4858353993630278 0.45690904568672597
24.283727399165514 0.40259495337959095 0.4844363337703501
24.784422809457567 0.3196500218591556 0.5117522557774308
25.28511821974965 0.23700039630386893 0.5388573880077228
25.78581363004173 0.15464586821588888 0.5657523067609764
26.286509040333783 0.07258622909737511 0.5924375883369426
26.787204450625865 -0.009178729549528697 0.6189138090353754
27.287899860917946 -0.09064921622266287 0.6451815451560261
27.78859527121 -0.1718254394198686 0.6712413729986448
28.28929068150208 -0.25270760763900046 0.6970938688629857
28.789986091794162 -0.33329592937790053 0.7227396090488007
29.290681502086215 -0.41359061313441003 0.7481791698558389
29.791376912378297 -0.4935918674063817 0.773413127583856
30.29207232267038 -0.5732999006916604 0.7984420585326018
30.79276773296246 -0.652714921488089 0.823266539001829
31.293463143254513 -0.7318371382935087 0.8478871452912875
31.794158553546595 -0.8106667596057759 0.8723044537007321
32.294853963838676 -0.889203993922731 0.8965190405299137
32.79554937413073 -0.9674490497422159 0.9205314820785824
33.29624478442281 -1.0454021355620853 0.9443423546464929
33.79694019471489 -1.1230634598801794 0.9679522345333957
34.297635605006946 -1.2004332311943395 0.9913616980390425
34.79833101529903 -1.277511658002421 1.0145713214631864
35.29902642559111 -1.354298948802266 1.0375816811055785
35.79972183588316 -1.430795312091714 1.0603933532659697
36.30041724617524 -1.5070009563686222 1.0830069142441139
36.801112656467325 -1.582916090130829 1.1054229403397628
37.30180806675938 -1.6585409218761775 1.1276420078526659
37.80250347705146 -1.7338756601025214 1.149664693082578
38.30319888734354 -1.8089205133077018 1.1714915723292507
38.803894297635594 -1.8836756899895617 1.1931232218924328
39.304589707927676 -1.9581413986459548 1.2145602180718806
39.80528511821976 -2.0323178477747224 1.2358031371673435
40.30598052851181 -2.1062052458737055 1.2568525554785728
40.80667593880389 -2.179803801440759 1.2777090493053231
41.30737134909597 -2.2531137229737244 1.2983731949473438
41.808066759388026 -2.3261352189704425 1.3188455687043876
42.30876216968011 -2.3988684979287687 1.339126746876207
42.80945757997219 -2.4713137683465423 1.359217305762554
43.31015299026424 -2.543471238721608 1.3791178216631788
43.810848400556324 -2.615341117551819 1.3988288708778351
44.311543810848406 -2.6869236133350167 1.4183510297062751
44.81223922114046 -2.758218934569041 1.437684874448248
45.31293463143254 -2.8292272897517474 1.4568309814035092
45.81363004172462 -2.899948887380978 1.4757899268718089
46.314325452016675 -2.9703839359545725 1.494562287152898
46.81502086230876 -3.040532643970387 1.513148638546531
47.31571627260084 -3.1103952199262617 1.531549557352458
47.81641168289289 -3.1799718723200394 1.54976561987043
48.31710709318497 -3.249262809649574 1.5677974024002017
48.817802503477054 -3.3182682404127064 1.5856454812415235
49.318497913769136 -3.3869883731072825 1.603310432694148
49.81919332406119 -3.4554234162311452 1.6207928330578247
50.31988873435327 -3.5235735782821465 1.6380932586323085
50.82058414464535 -3.591439067758129 1.6552122857173495
51.321279554937405 -3.6590200931569363 1.6721504906127
51.82197496522949 -3.726316862976418 1.6889084496181135
52.32267037552157 -3.7933295857144174 1.7054867390333404
52.82336578581362 -3.860058469868779 1.7218859351581313
53.3240611961057 -3.926503723937355 1.7381066142922408
53.824756606397784 -3.9926655564179843 1.754149352735419
54.32545201668984 -4.058544175808514 1.7700147267874193
54.82614742698192 -4.124139790606792 1.785703312747993
55.326842837274 -4.189452609310663 1.801215686916891
55.82753824756605 -4.254482840417971 1.816552425593866
56.328233657858135 -4.319230692426567 1.83171410507867
56.82892906815022 -4.383696373834296 1.8467013016710556
57.32962447844227 -4.447880093138993 1.8615145916707738
57.83031988873435 -4.5117820588385165 1.8761545513775766
58.33101529902643 -4.575402479430709 1.8906217570912163
58.831710709318486 -4.63874156341341 1.9049167851114435
59.33240611961057 -4.701799519284474 1.9190402117380123
59.83310152990265 -4.764576555541742 1.9329926132706743
60.3337969401947 -4.827072880683058 1.9467745660091786
60.834492350486784 -4.889288703206274 1.9603866462532809
61.335187760778865 -4.951224231609233 1.973829430302731
61.83588317107092 -5.012879674389776 1.9871034944572803
62.336578581363 -5.074255240045755 2.0002094150166827
62.83727399165508 -5.135351137075013 2.013147768280689
63.337969401947134 -5.196167573975394 2.0259191305490503
63.838664812239216 -5.256704759244752 2.03852407812152
64.3393602225313 -5.316962901380922 2.05096318729785
64.84005563282335 -5.376942208881754 2.0632370343777904
65.34075104311543 -5.436642890245096 2.0753461956610955
65.84144645340751 -5.496065153968793 2.0872912474475145
66.34214186369957 -5.555209208550686 2.0990727660368025
66.84283727399165 -5.614075262488628 2.1106913277287096
67.34353268428373 -5.672663524280459 2.122147508822987
67.84422809457581 -5.730974202424029 2.133441885619389
68.34492350486786 -5.78900750541718 2.144575034417665
68.84561891515995 -5.846763641757761 2.155547531517568
69.34631432545203 -5.904242819943619 2.1663599532188504
69.84700973574408 -5.961445248472591 2.1770128758212635
70.34770514603616 -6.018371135842534 2.18750687562456
70.84840055632824 -6.075020690551286 2.197842528928491
71.3490959666203 -6.131394121096694 2.2080204120328077
71.84979137691238 -6.187491635976608 2.218041101237264
72.35048678720446 -6.243313443688871 2.2279051728416106
72.85118219749651 -6.298859752731325 2.237613203145598
73.3518776077886 -6.354130771601822 2.247165768448982
73.85257301808068 -6.4091267087982065 2.2565634450515115
74.35326842837273 -6.463847772818319 2.265806809252938
74.85396383866481 -6.518294172160012 2.274896437353016
75.35465924895689 -6.572466115321129 2.283832905651495
75.85535465924895 -6.626363810799512 2.2926167904481285
76.35605006954103 -6.679987467093014 2.3012486680426685
76.85674547983308 -6.733337292699474 2.309729114734865
77.35744089012519 -6.7864134961167455 2.3180587068244725
77.85813630041724 -6.839216285842662 2.3262380206112403
78.3588317107093 -6.891745870375079 2.334267632394922
78.8595271210014 -6.944002458211843 2.3421481184752695
79.36022253129346 -6.995986257850792 2.349880055152034
79.86091794158551 -7.047697477789777 2.357464018724968
80.36161335187762 -7.099136326526647 2.3649005854938236
80.86230876216968 -7.15030301255924 2.3721903317583517
81.36300417246173 -7.201197744385404 2.379333833818305
81.86369958275384 -7.251820730502994 2.386331667973436
82.36439499304589 -7.30217217940984 2.393184410523495
82.86509040333794 -7.352252299603798 2.399892637768234
83.36578581363005 -7.402061299582716 2.4064569260074085
83.86648122392211 -7.451599387844428 2.4128778515407654
84.36717663421416 -7.500866772886791 2.419155990668059
84.86787204450627 -7.549863663207653 2.4252919196890432
85.36856745479832 -7.598590267304845 2.4312862149034653
85.86926286509038 -7.647046793676223 2.4371394526110803
86.36995827538249 -7.695233450819634 2.4428522091116407
86.87065368567454 -7.743150447232919 2.448425060704897
87.3713490959666 -7.790797991413921 2.4538585836906
87.8720445062587 -7.838176291860503 2.4591533543685045
88.37273991655076 -7.885285557070485 2.4643099490383613
88.87343532684281 -7.932125995541732 2.4693289439999204
89.37413073713492 -7.978697815772085 2.474210915552937
89.87482614742697 -8.025001226259386 2.47895643999716
90.37552155771903 -8.071036435501481 2.4835660936323434
90.87621696801114 -8.116803651996227 2.4880404527582383
91.37691237830319 -8.16230308424145 2.492380093674596
91.87760778859524 -8.207534940735012 2.4965855926811695
92.37830319888735 -8.252499429974758 2.5006575260777106
92.8789986091794 -8.297196760458519 2.5045964701639707
93.37969401947146 -8.341627140684157 2.5084030012397025
93.88038942976357 -8.38579077914951 2.512077695604657
94.38108484005562 -8.429687884352425 2.515621129558587
94.88178025034773 -8.47331866479075 2.5190338794012423
95.38247566063978 -8.51668332896233 2.5223165214323786
95.88317107093184 -8.559782085365002 2.525469631951744
96.38386648122395 -8.602615142496628 2.5284937872590936
96.884561891516 -8.64518270885504 2.531389563654178
97.38525730180805 -8.68748499293809 2.534157537436747
97.88595271210016 -8.72952220324363 2.5367982849065553
98.38664812239222 -8.771294548269486 2.5393123823633545
98.88734353268427 -8.812802236513523 2.5417004061068957
99.38803894297638 -8.85404547647358 2.543962932436931
99.88873435326843 -8.895024476647501 2.5461005376532126
100.38942976356049 -8.93573944553313 2.548113798055493
100.8901251738526 -8.976190591628326 2.550003289943523
101.39082058414465 -9.016378123430915 2.5517695896170536
101.8915159944367 -9.056302249438758 2.5534132733758397
102.39221140472881 -9.095963178149695 2.5549349175196308
102.89290681502086 -9.13536111806157 2.5563350983481796
103.39360222531292 -9.17449627767223 2.557614392161238
103.89429763560503 -9.213368865479529 2.5587733752585584
104.39499304589708 -9.251979089981303 2.559812623939892
104.89568845618913 -9.290327159675394 2.5607327145049905
105.39638386648124 -9.328413283059662 2.561534223253607
105.8970792767733 -9.366237668631939 2.562217726485493
106.39777468706535 -9.40380052489008 2.5627838005004
106.89847009735746 -9.441102060331925 2.5632330215980796
107.39916550764951 -9.478142483455326 2.5635659660782832
107.89986091794157 -9.514922002758118 2.5637832102407656
108.40055632823368 -9.551440826738162 2.563885330385276
108.90125173852573 -9.587699163893287 2.563872902811568
109.40194714881778 -9.623697222721352 2.5637465038193903
109.90264255910989 -9.659435211720202 2.5635067097085007
110.40333796940195 -9.694913339387671 2.563154096778645
110.904033379694 -9.730131814221616 2.5626892413295788
111.40472878998611 -9.765090844719879 2.562112719661052
111.90542420027816 -9.799790639380307 2.5614251080728194
112.40611961057022 -9.834231406700738 2.5606269828646275
112.90681502086233 -9.868413355179035 2.5597189203362336
113.40751043115438 -9.902336693313025 2.5587014967873887
113.90820584144643 -9.936001629600565 2.5575752885178447
114.40890125173854 -9.9694083725395 2.55634087182735
114.9095966620306 -10.002557130627672 2.554998823015661
115.41029207232265 -10.035448112362925 2.5535497183825266
115.91098748261476 -10.068081526243112 2.5519941342276984
116.41168289290681 -10.10045758076607 2.5503326468509324
116.91237830319886 -10.132576484429654 2.548565832551978
117.41307371349097 -10.164438445731708 2.546694267630586
117.91376912378303 -10.196043673170069 2.544718528386508
118.41446453407508 -10.227392375242593 2.5426391911194997
118.91515994436719 -10.25848476044712 2.5404568321293097
119.41585535465924 -10.289321037281496 2.538172027715691
119.9165507649513 -10.319901414243567 2.5357853541783952
120.4172461752434 -10.350226099831188 2.5332973878171736
120.91794158553546 -10.380295302542185 2.530708704931779
121.41863699582751 -10.410109230874424 2.528019881821964
121.91933240611962 -10.43966809332574 2.525231494787478
122.42002781641168 -10.46897209839398 2.522344120128077
122.92072322670373 -10.498021454576989 2.5193583341435084
123.42141863699584 -10.526816370372618 2.516274713133529
123.92211404728789 -10.55535705427871 2.513093833397886
124.42280945757994 -10.583643714793105 2.509816271236334
124.92350486787205 -10.61167656041366 2.5064426029486238
125.42420027816411 -10.639455799638208 2.5029734048345085
125.92489568845616 -10.666981640964606 2.4994092531937375
126.42559109874827 -10.694254292890692 2.4957507243260655
126.92628650904032 -10.721273963914317 2.4919983945312443
127.42698191933238 -10.74804086253332 2.488152840109025
127.92767732962449 -10.774555197245558 2.4842146373591594
128.42837273991654 -10.800817176548867 2.4801843625813995
128.9290681502086 -10.826827008941093 2.4760625920754937
129.4297635605007 -10.852584902920091 2.4718499021412
129.93045897079276 -10.878091066983695 2.46754686907827
130.4311543810848 -10.903345709629757 2.463154069186451
130.93184979137692 -10.928349039356124 2.4586720787654976
131.43254520166897 -10.953101264660638 2.4541014741151623
131.93324061196108 -10.977602594041146 2.449442831535196
132.43393602225314 -11.001853235995496 2.4446967273253484
132.9346314325452 -11.025853399021528 2.439863737785377
133.4353268428373 -11.049603291617098 2.43494443921503
133.93602225312935 -11.073103122280038 2.4299394079140586
134.4367176634214 -11.096353099508205 2.4248492201822143
134.93741307371351 -11.119353431799444 2.4196744523192533
135.43810848400557 -11.142104327651591 2.414415680624925
135.93880389429762 -11.164605995562503 2.40907348139898
136.43949930458973 -11.18685864403002 2.4036484309411734
136.94019471488178 -11.20886248155199 2.3981411055512516
137.44089012517384 -11.230617716626256 2.3925520815289745
137.94158553546595 -11.252124557750669 2.386881935174085
138.442280945758 -11.273383213423067 2.3811312427863442
138.94297635605005 -11.2943938921413 2.3753005806654977
139.44367176634216 -11.315156802403216 2.369390525111298
139.94436717663422 -11.335672152706657 2.3634016524234984
140.44506258692627 -11.355940151549468 2.3573345389018505
140.94575799721838 -11.375961007429506 2.351189760846108
141.44645340751043 -11.395734928844597 2.3449678945560213
141.94714881780249 -11.415262124292603 2.3386695163313402
142.4478442280946 -11.43454280227137 2.3322952024718204
142.94853963838665 -11.45357717127873 2.3258455292772084
143.4492350486787 -11.472365439812542 2.319321073047265
143.9499304589708 -11.49090781637064 2.3127224100817334
144.45062586926286 -11.509204509450882 2.3060501166803706
144.95132127955492 -11.5272557275511 2.299304769142926
145.45201668984703 -11.545061679169159 2.2924869437691506
145.95271210013908 -11.562622572802887 2.285597216858801
146.45340751043113 -11.579938616950137 2.2786361647116276
146.95410292072324 -11.597010020108755 2.2716043636273775
147.4547983310153 -11.61383699077659 2.264502389905806
147.95549374130735 -11.630419737451476 2.257330819846667
148.45618915159946 -11.646758468631273 2.2500902297497114
148.9568845618915 -11.662853392813822 2.24278119591469
149.45757997218357 -11.67870471849696 2.2354042946413544
149.95827538247568 -11.694312654178542 2.227960102229455
150.45897079276773 -11.70967740835641 2.220449194978747
150.95966620305978 -11.724799189528415 2.2128721491889842
151.4603616133519 -11.739678206192394 2.205229541159911
151.96105702364395 -11.754314666846206 2.1975219471912877
152.461752433936 -11.768708779987676 2.189749943582861
152.9624478442281 -11.782860754114676 2.1819141066343843
153.46314325452016 -11.796770797725031 2.1740150126456084
153.96383866481222 -11.810439119316595 2.166053237916288
154.46453407510432 -11.823865927387217 2.15802935874617
154.96522948539638 -11.83705143043473 2.1499439514350116
155.46592489568843 -11.849995836956992 2.14179759228256
155.96662030598054 -11.862699355451845 2.1335908575885765
156.4673157162726 -11.875162194417136 2.1253243236528
156.96801112656465 -11.887384562350704 2.1169985667749907
157.46870653685676 -11.899366667750407 2.1086141632548974
157.9694019471488 -11.911108719114079 2.1001716893922766
158.47009735744086 -11.922610924939576 2.091671721486876
158.97079276773297 -11.933873493724732 2.0831148358384444
159.47148817802503 -11.944896633967403 2.0745016087467403
159.97218358831708 -11.955680554165426 2.065832616511513
160.4728789986092 -11.96622546281666 2.057108435432515
160.97357440890124 -11.976531568418942 2.0483296418094974
161.4742698191933 -11.98659907947011 2.0394968119422114
161.9749652294854 -11.996428204468025 2.030610522130408
162.47566063977746 -12.006019151910522 2.0216713486738453
162.9763560500695 -12.015372130295454 2.012679867872269
163.47705146036162 -12.024487348120658 2.003636656025432
163.97774687065368 -12.033365013883987 1.9945422894330886
164.47844228094573 -12.042005336083292 1.9853973443949866
164.97913769123784 -12.050408523216404 1.976202397210884
165.4798331015299 -12.058574783781179 1.9669580241805282
165.98052851182194 -12.066504326275453 1.9576648016036722
166.48122392211405 -12.07419735919709 1.9483233057800686
166.9819193324061 -12.081654091043912 1.938934113009465
167.48261474269816 -12.088874730313787 1.9294977995916196
167.98331015299027 -12.095859485504555 1.9200149418262833
168.48400556328232 -12.102608565114046 1.9104861160132036
168.98470097357443 -12.109122177640128 1.900911898452137
169.4853963838665 -12.115400531580626 1.8912928654428325
169.98609179415854 -12.121443835433407 1.8816295932850449
170.48678720445065 -12.127252297696295 1.8719226582785216
170.9874826147427 -12.132826126867155 1.8621726367230225
171.48817802503476 -12.138165531443821 1.8523801049182897
171.98887343532687 -12.143270719924146 1.8425456391640833
172.48956884561892 -12.148141900805971 1.832669815760147
172.99026425591097 -12.152779282587144 1.822753211006241
173.49095966620308 -12.157183073765502 1.812796401202109
173.99165507649514 -12.161353482838905 1.8027999626475144
174.4923504867872 -12.16529071830519 1.7927644716421978
174.9930458970793 -12.168994988662202 1.7826905044859154
175.49374130737135 -12.172466502407794 1.7725786374784218
175.9944367176634 -12.175705468039801 1.7624294469194663
176.49513212795551 -12.178712094056081 1.7522435091087982
176.99582753824757 -12.18148658895447 1.7420214003461774
177.49652294853962 -12.184029161232822 1.7317636969313441
177.99721835883173 -12.186340019388975 1.721470975164062
178.49791376912378 -12.18841937192078 1.711143811344075
178.99860917941584 -12.19026742732608 1.700782781771141
179.49930458970795 -12.191884394102722 1.6903884627450059
180.0 -12.193270480748552 1.6799614305654225
