Polar data for a18sm at Re = 282857.1428571429
Alpha (deg) Cl Cd
-180.0 -8.450985620534983 0.7621889241287437
-179.49930458970792 -8.467611652734268 0.7604816644990285
-178.99860917941587 -8.484087108456238 0.758761876311237
-178.49791376912378 -8.500411302092367 0.757029646520729
-177.9972183588317 -8.516583548034127 0.7552850620828643
-177.49652294853965 -8.53260316067298 0.7535282099530031
-176.99582753824757 -8.548469454400404 0.7517591770865052
-176.4951321279555 -8.564181743607868 0.7499780504387309
-175.99443671766343 -8.579739342686837 0.7481849169650413
-175.49374130737135 -8.595141566028783 0.7463798636207949
-174.99304589707927 -8.610387728025177 0.7445629773613528
-174.49235048678722 -8.625477143067489 0.7427343451420748
-173.99165507649514 -8.640409125547189 0.7408940539183216
-173.49095966620305 -8.655182989855744 0.7390421906454517
-172.990264255911 -8.669798050384628 0.7371788422788262
-172.48956884561892 -8.68425362152531 0.7353040957738058
-171.98887343532684 -8.698549017669258 0.7334180380857499
-171.48817802503476 -8.712683553207942 0.7315207561700187
-170.9874826147427 -8.726656542532831 0.7296123369819728
-170.48678720445062 -8.740467300035402 0.7276928674769704
-169.98609179415854 -8.754115140107112 0.7257624346103747
-169.4853963838665 -8.767599377139444 0.723821125337543
-168.9847009735744 -8.780919325523863 0.7218690266138367
-168.48400556328232 -8.794074299651836 0.7199062253946166
-167.98331015299027 -8.807063613914833 0.7179328086352407
-167.4826147426982 -8.819886582704328 0.7159488632910714
-166.9819193324061 -8.832542520411792 0.7139544763174669
-166.48122392211405 -8.845030741428687 0.7119497346697886
-165.98052851182197 -8.85735056014649 0.7099347253033964
-165.4798331015299 -8.869501290956668 0.7079095351736501
-164.97913769123784 -8.881482248250693 0.7058742512359094
-164.47844228094576 -8.893292746420032 0.7038289604455351
-163.97774687065368 -8.904932099856158 0.7017737497578865
-163.47705146036162 -8.916399622950536 0.6997087061283244
-162.97635605006954 -8.927694630094642 0.6976339165122093
-162.47566063977746 -8.938816435679941 0.6955494678649002
-161.9749652294854 -8.949764354097907 0.6934554471417583
-161.47426981919332 -8.960537699740009 0.691351941298142
-160.97357440890124 -8.971135786997714 0.6892390372894134
-160.4728789986092 -8.98155793026249 0.6871168220709317
-159.9721835883171 -8.991803443925816 0.6849853825980569
-159.47148817802503 -9.001871642379156 0.6828448058261495
-158.97079276773297 -9.011761840013977 0.6806951787105698
-158.4700973574409 -9.021473351221752 0.6785365882066764
-157.9694019471488 -9.031005490393955 0.6763691212698307
-157.46870653685676 -9.040357571922051 0.6741928648553922
-156.96801112656468 -9.049528910197509 0.672007905918722
-156.4673157162726 -9.058518819611802 0.6698143314151793
-155.96662030598054 -9.067326614556396 0.667612228300125
-155.46592489568846 -9.07595160942277 0.6654016835289184
-154.96522948539638 -9.084393118602382 0.6631827840569192
-154.46453407510432 -9.092650456486709 0.6609556168394891
-153.96383866481224 -9.100722937467221 0.6587202688319861
-153.46314325452016 -9.108609875935382 0.6564768269897726
-152.9624478442281 -9.116310586282669 0.6542253782682071
-152.46175243393603 -9.123824382900551 0.6519660096226495
-151.96105702364395 -9.131150580180496 0.6496988080084612
-151.4603616133519 -9.13828849251397 0.6474238603810013
-150.9596662030598 -9.145237434292449 0.6451412536956308
-150.45897079276773 -9.1519967199074 0.6428510749077087
-149.95827538247568 -9.158565663750293 0.6405534109725964
-149.4575799721836 -9.164943580212599 0.6382483488456522
-148.9568845618915 -9.171129783685789 0.6359359754822379
-148.45618915159943 -9.17712358856133 0.633616377837713
-147.95549374130738 -9.182924309230692 0.6312896428674372
-147.4547983310153 -9.188531260085346 0.6289558575267716
-146.95410292072324 -9.193943755516765 0.6266151087710753
-146.45340751043116 -9.199161109916414 0.6242674835557088
-145.95271210013908 -9.204182637675764 0.6219130688360311
-145.452016689847 -9.209007653186285 0.6195519515674052
-144.95132127955495 -9.213635470839451 0.6171842187051885
-144.45062586926286 -9.218065405026726 0.6148099572047417
-143.94993045897078 -9.222296770139584 0.6124292540214243
-143.44923504867873 -9.226328880569492 0.6100421961105987
-142.94853963838665 -9.230161050707919 0.6076488704276234
-142.44784422809457 -9.233792594946339 0.605249363927859
-141.9471488178025 -9.237222827676222 0.6028437635666645
-141.44645340751043 -9.240451063289035 0.6004321562994
-140.94575799721835 -9.243476616176247 0.5980146290814278
-140.44506258692627 -9.24629880072933 0.5955912688681056
-139.94436717663422 -9.248916931339753 0.5931621626147957
-139.44367176634213 -9.251330322398989 0.590727397276856
-138.94297635605005 -9.253538288298502 0.5882870598096471
-138.442280945758 -9.25554014342977 0.5858412371685308
-137.94158553546592 -9.257335202184253 0.5833900163088653
-137.44089012517384 -9.258922778953428 0.5809334841860111
-136.94019471488178 -9.260302188128763 0.5784717277553296
-136.4394993045897 -9.261472744101727 0.5760048339721794
-135.93880389429762 -9.262433761263793 0.5735328897919206
-135.43810848400557 -9.263184554006429 0.5710559821699136
-134.9374130737135 -9.2637244367211 0.568574198061519
-134.4367176634214 -9.264052723799285 0.5660876244220961
-133.93602225312935 -9.26416872963245 0.5635963482070067
-133.43532684283727 -9.264071768612062 0.5611004563716085
-132.9346314325452 -9.263761155129592 0.5586000358712638
-132.43393602225314 -9.263236203576513 0.5560951736613305
-131.93324061196105 -9.262496228344293 0.5535859566971703
-131.43254520166897 -9.261540543824403 0.5510724719341428
-130.93184979137692 -9.260368464408307 0.5485548063276088
-130.43115438108484 -9.258979304487486 0.5460330468329267
-129.93045897079276 -9.257372378453399 0.5435072804054587
-129.4297635605007 -9.255547000697522 0.540977594000564
-128.92906815020862 -9.253502485611321 0.5384440745736015
-128.42837273991654 -9.251238147586271 0.5359068090799343
-127.92767732962449 -9.24875330101384 0.5333658844749188
-127.4269819193324 -9.246047260285494 0.5308213877139173
-126.92628650904032 -9.24311933979271 0.528273405752289
-126.42559109874827 -9.23996885392695 0.5257220255453955
-125.92489568845619 -9.236595117079691 0.5231673340485953
-125.42420027816411 -9.232997443642397 0.5206094182172486
-124.92350486787205 -9.229175148006544 0.5180483650067166
-124.42280945757997 -9.225127544563597 0.515484261372359
-123.92211404728789 -9.220853947705024 0.5129171942695353
-123.42141863699584 -9.2163536718223 0.5103472506536052
-122.92072322670376 -9.211626031306894 0.5077745174799321
-122.42002781641168 -9.206670340550279 0.5051990817038713
-121.91933240611961 -9.201485913943912 0.5026210302807853
-121.41863699582754 -9.196072065879278 0.5000404501660339
-120.91794158553546 -9.190428110747842 0.4974574283149783
-120.41724617524339 -9.184553362941072 0.49487205168297776
-119.91655076495132 -9.178447136850433 0.4922844072253917
-119.41585535465924 -9.172108746867407 0.48969458189758075
-118.91515994436718 -9.165537507383455 0.4871026626549052
-118.41446453407511 -9.158732732790048 0.4845087364527253
-117.91376912378303 -9.15169373747866 0.48191289024640127
-117.41307371349096 -9.144419835840756 0.4793152109912925
-116.91237830319889 -9.136910342267809 0.4767157856427592
-116.41168289290681 -9.129164571151284 0.4741147011561607
-115.91098748261474 -9.121181836882661 0.4715120444868591
-115.41029207232268 -9.1129614538534 0.4689079025902142
-114.9095966620306 -9.104502736454977 0.4663023624215844
-114.40890125173853 -9.095804999078856 0.46369551093633177
-113.90820584144646 -9.08686755611651 0.46108743508981476
-113.40751043115438 -9.077689721959416 0.4584782218373932
-112.90681502086231 -9.068270810999033 0.45586795813442993
-112.40611961057024 -9.058610137626834 0.4532567309362826
-111.90542420027816 -9.048707016234289 0.45064462719831233
-111.4047287899861 -9.03856076121287 0.4480317338758776
-110.90403337969401 -9.028170686954047 0.4454181379243404
-110.40333796940195 -9.01753610784929 0.44280392629906007
-109.90264255910988 -9.006656338290068 0.44018918595539736
-109.4019471488178 -8.995530692667844 0.43757400384871115
-108.90125173852573 -8.9841584853741 0.434958466934363
-108.40055632823366 -8.9725390308003 0.432342662167711
-107.89986091794158 -8.960671643337914 0.4297266765041171
-107.39916550764951 -8.948555637378409 0.4271105968989416
-106.89847009735745 -8.936190327313263 0.4244945103075429
-106.39777468706536 -8.923575027533937 0.4218785036852818
-105.8970792767733 -8.910709052431907 0.41926266398751977
-105.39638386648123 -8.897591716398638 0.416647078169614
-104.89568845618915 -8.884222333825607 0.4140318331869278
-104.39499304589708 -8.870600219104277 0.4114170159948206
-103.89429763560501 -8.85672468662612 0.4088027135486504
-103.39360222531293 -8.842595050782604 0.4061890128037787
-102.89290681502086 -8.828210625965205 0.4035760007155641
-102.3922114047288 -8.81357072656539 0.4009637642393703
-101.89151599443672 -8.798674666974625 0.39835239033055314
-101.39082058414465 -8.783521761584382 0.3957419659444773
-100.89012517385257 -8.768111324786135 0.39313257803649815
-100.3894297635605 -8.752442670971352 0.39052431356197903
-99.88873435326843 -8.736515114531498 0.3879172594762793
-99.38803894297635 -8.720327969858044 0.38531150273475834
-98.88734353268428 -8.70388055134247 0.38270713029277637
-98.38664812239222 -8.687172173376235 0.38010422910569497
-97.88595271210013 -8.670202150350809 0.3775028861288713
-97.38525730180807 -8.652969796657665 0.3749031883176691
-96.884561891516 -8.635474426688278 0.3723052226274456
-96.38386648122392 -8.61771535483411 0.36970907601356184
-95.88317107093185 -8.599691895486632 0.367114835431379
-95.38247566063978 -8.581403363037317 0.3645225878362556
-94.8817802503477 -8.562849071877636 0.36193242018355043
-94.38108484005564 -8.544028336399057 0.35934441942862694
-93.88038942976357 -8.524940470993046 0.3567586725268449
-93.37969401947149 -8.505584790051081 0.354175266433561
-92.87899860917942 -8.485960607964623 0.35159428810413906
-92.37830319888734 -8.466067239125149 0.34901582449393753
-91.87760778859527 -8.445903997924121 0.34643996255831666
-91.3769123783032 -8.425470198753018 0.3438667892526376
-90.87621696801112 -8.404765156003306 0.34129639153225877
-90.37552155771905 -8.38378818406645 0.3387288563525396
-89.87482614742699 -8.362538597333929 0.3361642706688438
-89.3741307371349 -8.341015710197212 0.33360272143652725
-88.87343532684284 -8.319218837047758 0.33104429561095283
-88.37273991655077 -8.29714729227705 0.328489080147479
-87.87204450625869 -8.274800390276548 0.3259371620014687
-87.37134909596662 -8.25217744543773 0.32338862812827773
-86.87065368567455 -8.229277772152058 0.32084356548326987
-86.36995827538247 -8.20610068481101 0.3183020610218036
-85.8692628650904 -8.18264549780605 0.31576420169923913
-85.36856745479834 -8.158911525528648 0.31323007447093676
-84.86787204450626 -8.134898082370277 0.3106997662922558
-84.36717663421419 -8.110604482722405 0.30817336411855745
-83.86648122392211 -8.086030040976505 0.3056509549052019
-83.36578581363004 -8.061174071524041 0.3031326256075494
-82.86509040333797 -8.036035888756489 0.30061846318095753
-82.36439499304589 -8.010614807065313 0.2981085545807901
-81.86369958275382 -7.984910140841989 0.2956029867624047
-81.36300417246176 -7.9589212044779805 0.29310184668116157
-80.86230876216968 -7.932647312364764 0.29060522129242095
-80.36161335187761 -7.906087778893807 0.28811319755154574
-79.86091794158554 -7.879241918456571 0.28562586241389176
-79.36022253129346 -7.852109045444544 0.2831433028348219
-78.85952712100139 -7.824688474249183 0.2806656057696947
-78.35883171070932 -7.796979519261957 0.2781928581738703
-77.85813630041724 -7.76898149487434 0.2757251470027099
-77.35744089012518 -7.740693715477801 0.2732625592115746
-76.85674547983311 -7.71211549546381 0.27080518175582113
-76.35605006954103 -7.68324614922384 0.2683531015908124
-75.85535465924896 -7.654084991149355 0.2659064056719077
-75.35465924895689 -7.624631335631826 0.26346518095446647
-74.85396383866481 -7.594884497062728 0.2610295143938498
-74.35326842837274 -7.564843789833527 0.25859949294541706
-73.85257301808066 -7.534508528335693 0.2561752035645276
-73.3518776077886 -7.503878026960694 0.25375673320654524
-72.85118219749653 -7.47295160010001 0.25134416882682487
-72.35048678720445 -7.441728562145092 0.24893759738072938
-71.84979137691238 -7.41020822748743 0.24653710582361996
-71.34909596662031 -7.37838991051848 0.24414278111085505
-70.84840055632823 -7.346272925629715 0.2417547101977949
-70.34770514603616 -7.313856587212611 0.23937298003980065
-69.8470097357441 -7.281140209658637 0.23699767759222987
-69.34631432545201 -7.2481231073592545 0.23462888981044458
-68.84561891515995 -7.214804594705936 0.23226670364980592
-68.34492350486788 -7.181183986090159 0.22991120606567148
-67.8442280945758 -7.147260595903384 0.22756248401340237
-67.34353268428373 -7.113033738537088 0.22522062444836152
-66.84283727399166 -7.078502728382742 0.22288571432590384
-66.34214186369958 -7.043666879831799 0.22055784060139313
-65.84144645340751 -7.008525507275755 0.21823709023018698
-65.34075104311543 -6.973077925106064 0.21592355016764828
-64.84005563282336 -6.937323447714193 0.21361730736913373
-64.3393602225313 -6.901261389491624 0.21131844879000714
-63.838664812239216 -6.864891064829821 0.20902706138562607
-63.33796940194715 -6.8282117881202415 0.20674323211135345
-62.83727399165508 -6.791222873754381 0.20446704792254508
-62.336578581363 -6.753923636123694 0.20219859577456387
-61.83588317107093 -6.716313389619645 0.19993796262276917
-61.335187760778865 -6.678391448633712 0.197685235422523
-60.834492350486784 -6.64015712755737 0.19544050112918118
-60.333796940194716 -6.601609740782078 0.1932038466981084
-59.83310152990265 -6.562748602699309 0.1909753590846622
-59.33240611961057 -6.523573027700542 0.18875512524420376
-58.8317107093185 -6.484082330177233 0.18654323213209154
-58.33101529902643 -6.444275824520864 0.18433976670368665
-57.83031988873435 -6.404152825122895 0.18214481591435025
-57.329624478442284 -6.363712646374794 0.17995846671944168
-56.82892906815022 -6.322954602668049 0.1777808060743203
-56.328233657858135 -6.28187800839411 0.17561192093434638
-55.82753824756607 -6.240482177944453 0.17345189825488103
-55.326842837273986 -6.198766425710558 0.1713008249912845
-54.82614742698192 -6.15673006608388 0.16915878809891524
-54.32545201668985 -6.114372413455903 0.16702587453313175
-53.82475660639777 -6.0716927822180855 0.16490217124930048
-53.3240611961057 -6.028690486761902 0.16278776520277635
-52.823365785813635 -5.985364841478815 0.1606827433489205
-52.322670375521554 -5.941715160760306 0.15858719264309404
-51.82197496522949 -5.897740758997847 0.15650120004065546
-51.321279554937405 -5.853440950582892 0.1544248524969659
-50.82058414464535 -5.808815049906925 0.15235823696738646
-50.31988873435327 -5.763862371361411 0.15030144040727386
-49.81919332406119 -5.7185822293378115 0.1482545497719919
-49.318497913769136 -5.672973938227609 0.14621765201689904
-48.817802503477054 -5.627036812422271 0.14419083409735553
-48.31710709318497 -5.580770166313264 0.14217418296872072
-47.81641168289292 -5.534173314292061 0.14016778558635665
-47.31571627260084 -5.487245570750132 0.13817172890562265
-46.81502086230876 -5.439986250078941 0.13618609988187633
-46.3143254520167 -5.392394666669964 0.13421098547048058
-45.81363004172462 -5.344470134914665 0.13224647262679565
-45.31293463143254 -5.296211969204513 0.13029264830618179
-44.81223922114049 -5.247619483930996 0.1283495994639948
-44.311543810848406 -5.198691993485567 0.12641741305560114
-43.810848400556324 -5.149428812259695 0.12449617603635485
-43.31015299026427 -5.099829254644859 0.1225859753616215
-42.80945757997219 -5.049892635032527 0.12068689798675689
-42.30876216968011 -4.999618267814152 0.1187990308671257
-41.808066759388026 -4.949005467381226 0.11692246095808198
-41.30737134909597 -4.898053548125222 0.11505727521499129
-40.80667593880389 -4.846761824437581 0.11320356059321121
-40.30598052851181 -4.795129610709796 0.11136140404810199
-39.80528511821976 -4.743156221333343 0.10953089253502477
-39.304589707927676 -4.690840970699667 0.10771211300933711
-38.803894297635594 -4.638183173200253 0.10590515242640106
-38.30319888734354 -4.585182143226581 0.10411009774157862
-37.80250347705146 -4.531837195170097 0.10232703591022649
-37.30180806675938 -4.4781476434222816 0.10055605388770492
-36.801112656467325 -4.424112802374622 0.0987972386293777
-36.30041724617524 -4.369731986418553 0.09705067709059886
-35.79972183588316 -4.31500450994558 0.0953164562267331
-35.29902642559111 -4.259929687347156 0.09359466299314065
-34.79833101529903 -4.204506833014736 0.0918853843451782
-34.297635605006946 -4.148735261339815 0.09018870723821046
-33.79694019471489 -4.0926142867138635 0.08850471862759499
-33.29624478442281 -4.0361432235283266 0.08683350546869115
-32.79554937413073 -3.9793213861746883 0.08517515471685919
-32.294853963838676 -3.922148089044433 0.08352975332746113
-31.794158553546595 -3.8646226465290097 0.08189738825585632
-31.293463143254513 -3.8067443730198844 0.08027814645740236
-30.79276773296246 -3.7485125829085595 0.07867211488746303
-30.29207232267038 -3.6899265905864658 0.07707938050139682
-29.791376912378297 -3.6309857104450947 0.07550003025456128
-29.290681502086244 -3.571689256875927 0.0739341511023229
-28.789986091794162 -3.512036544270404 0.07238183000003393
-28.28929068150208 -3.4520268870200033 0.0708431539030617
-27.788595271210028 -3.391659599516209 0.06931820976676203
-27.287899860917946 -3.330933996150484 0.06780708454649517
-26.787204450625865 -3.269849391314291 0.06630986519762136
-26.28650904033381 -3.208405099399118 0.06482663867550528
-25.78581363004173 -3.1466004347964143 0.06335749193550008
-25.28511821974965 -3.084434711897649 0.06190251193296867
-24.784422809457595 -3.021907245094325 0.06046178562327306
-24.283727399165514 -2.959017348777869 0.05903539996176907
-23.783031988873432 -2.8957643373397692 0.05762344190382404
-23.28233657858135 -2.83214752517151 0.05622599840479023
-22.781641168289298 -2.7681662266645395 0.054843156420029654
-22.280945757997216 -2.7038197562103354 0.05347500290490789
-21.780250347705135 -2.639107428200382 0.052121624814778084
-21.27955493741308 -2.574028557026124 0.05078310910500314
-20.778859527121 -2.5085824570790463 0.04945954273094419
-20.27816411682892 -2.442768442750608 0.04815101264795882
-19.777468706536865 -2.3765858284323 0.046857605811409936
-19.276773296244784 -2.3100339285155647 0.04557940917665601
-18.776077885952702 -2.243112057391893 0.04431650969905729
-18.27538247566065 -2.175819529452748 0.04306899433397579
-17.774687065368568 -2.1081556590895927 0.04183695003676821
-17.273991655076486 -2.0401197606939148 0.04062046376279657
-16.773296244784433 -1.971711148657174 0.03941962246742023
-16.27260083449235 -1.9029291373708255 0.038234513106001206
-15.77190542420027 -1.8337730412263575 0.03706522263389708
-15.271210013908217 -1.764242174615233 0.03591183800646988
-14.770514603616135 -1.6943358519289327 0.03477444617907807
-14.269819193324054 -1.6240533875589123 0.033653134107083676
-13.769123783032 -1.5533940958966597 0.032547988745844275
-13.268428372739919 -1.4823572913336165 0.031459097050721
-12.767732962447838 -1.410942288261267 0.03038654597707588
-12.267037552155784 -1.339148401071092 0.029330422480266488
-11.766342141863703 -1.266974944154547 0.028290813515653074
-11.265646731571621 -1.1944212319031131 0.027267806038598547
-10.764951321279568 -1.1214865787082566 0.026261487004460488
-10.264255910987487 -1.048170298961437 0.025271943368598254
-9.763560500695405 -0.9744717070541349 0.024299262086374757
-9.262865090403352 -0.9003901173778168 0.023343530113147576
-8.76216968011127 -0.8259248443239493 0.022404834404277846
-8.261474269819189 -0.751075202284013 0.021483261915125812
-7.760778859527136 -0.6758405056494745 0.020578899601049055
-7.260083449235054 -0.6002200688117896 0.01969183441741404
-6.759388038942973 -0.524213206162446 0.01882215331957479
-6.25869262865092 -0.4478192320929033 0.01796994326289511
-5.757997218358838 -0.37103746099462787 0.0171352912027308
-5.257301808066757 -0.29386720725910753 0.016318284094445662
-4.756606397774675 -0.21630778527779815 0.01551900889339905
-4.255910987482622 -0.1383585094421591 0.014737552554951211
-3.7552155771905404 -0.06001869414369598 0.013974002034461502
-3.254520166898459 0.018712346226153143 0.01322844428729017
-2.753824756606406 0.09783529727590756 0.012500966268795682
-2.2531293463143243 0.17735084461410788 0.011791654934343615
-1.7524339360222427 0.25721154381085004 0.011098358831710694
-1.2517385257301896 0.3332496522948527 0.010402433936022266
-0.7510431154381081 0.4033083449235049 0.009572002781641168
-0.25034770514602656 0.46536105702364505 0.008500820584144623
0.25034770514602656 0.5230912378303187 0.007839902642559113
0.7510431154381081 0.5811682892906814 0.0077448956884561895
1.2517385257301896 0.6370408901251748 0.0077552433936022265
1.7524339360222427 0.6913609179415844 0.007865730180806673
2.2531293463143243 0.7442254520166898 0.00807162726008345
2.753824756606406 0.7968561891516003 0.008377677329624484
3.254520166898459 0.8497246175243381 0.008763796940194706
3.7552155771905404 0.901480945757997 0.00922521557719054
4.255910987482622 0.951479276773297 0.009802684283727409
4.756606397774675 0.9986485396383855 0.01063321279554935
5.257301808066757 1.038865507649513 0.012339610570236427
5.757997218358838 1.0755045897079283 0.014702586926286539
6.258692628650891 1.1140297635604997 0.016973073713490903
6.759388038942973 1.152354102920723 0.01918687065368566
7.260083449235054 1.189594158553547 0.02145118219749655
7.760778859527107 1.2258152990264246 0.024505841446453305
8.261474269819189 1.264345479833101 0.027675354659248936
8.76216968011127 1.3041346314325457 0.030775674547983346
9.262865090403324 1.3395913769123773 0.0350523643949929
9.763560500695405 1.3630595271210013 0.04166440890125166
10.264255910987487 1.3640692628650903 0.04940627260083456
10.76495132127954 1.343656745479834 0.0568742698191931
11.265646731571621 1.3154060674886099 0.06437879670581637
11.766342141863703 1.2870832250500417 0.07184602977178153
12.267037552155784 1.258679909014142 0.07927143032331604
12.767732962447838 1.230196804989442 0.08665508531577959
13.268428372739919 1.201634598584469 0.09399708170453308
13.769123783032 1.172993975407754 0.10129750644493621
14.269819193324054 1.1442756210678298 0.10855644649234869
14.770514603616135 1.1154802211732222 0.11577398880213144
15.271210013908217 1.0866084613324636 0.12295022032964409
15.77190542420027 1.0576610271540854 0.1300852280302464
16.27260083449235 1.0286386042466145 0.13717909885929933
16.773296244784433 0.9995418782185828 0.14423191977216246
17.273991655076486 0.9703715346785219 0.15124377772419553
17.774687065368568 0.9411282592349585 0.1582147596707594
18.27538247566065 0.9118127374964244 0.16514495256721393
18.776077885952702 0.8824256550714518 0.17203444336891863
19.276773296244784 0.8529676975685667 0.17888331903123453
19.777468706536865 0.8234395505963017 0.1856916665095212
20.27816411682892 0.7938418997631878 0.19245957275913853
20.778859527121 0.764175430677752 0.19918712473544728
21.27955493741308 0.7344408289485265 0.20587440939380716
21.780250347705135 0.7046387801840424 0.21252151368957792
22.280945757997216 0.6747699699928271 0.2191285245781204
22.781641168289298 0.644835083983412 0.22569552901479437
23.28233657858135 0.6148348077643289 0.2322226139549595
23.783031988873432 0.5847698269441044 0.2387098663539766
24.283727399165514 0.5546408271312706 0.24515737316720557
24.784422809457567 0.5244484939343592 0.2515652213500059
25.28511821974965 0.49419351296189684 0.25793349785773867
25.78581363004173 0.46387656982241543 0.2642622896457635
26.286509040333783 0.4334983501244465 0.27055168366944005
26.787204450625865 0.40305953947651707 0.2768017668841293
27.287899860917946 0.3725608234871587 0.28301262624519086
27.78859527121 0.3420028877649033 0.2891843487079845
28.28929068150208 0.3113864179182777 0.29531702122787107
28.789986091794162 0.28071209955581344 0.3014107307602103
29.290681502086215 0.24998061828604246 0.307465564260362
29.791376912378297 0.21919265971749136 0.3134816086836869
30.29207232267038 0.1883489094586921 0.31945895098554467
30.79276773296246 0.15745005311817484 0.3253976781212955
31.293463143254513 0.1264967763044711 0.3312978770462992
31.794158553546595 0.0954897646261077 0.3371596347159167
32.294853963838676 0.06442970369161638 0.34298303808550734
32.79554937413073 0.03331727910952886 0.34876817411043115
33.29624478442281 0.0021531764883724325 0.3545151297460488
33.79694019471489 -0.02906191856332163 0.36022399194772026
34.297635605006946 -0.0603273204370216 0.36589484767080505
34.79833101529903 -0.09164234352420064 0.3715277838706641
35.29902642559111 -0.12300630221632702 0.377122887502657
35.79972183588316 -0.15441851090486858 0.38268024552214375
36.30041724617524 -0.1858782839812989 0.38819994488448506
36.801112656467325 -0.2173849358370863 0.3936820725450405
37.30180806675938 -0.248937780863699 0.3991267154591701
37.80250347705146 -0.28053613345260975 0.40453396058223434
38.30319888734354 -0.3121793079952877 0.40990389486959333
38.803894297635594 -0.34386661888320025 0.41523660527660666
39.304589707927676 -0.37559738050782054 0.4205321787586349
39.80528511821976 -0.40737090726061775 0.4257907022710381
40.30598052851181 -0.43918651353305926 0.43101226276917604
40.80667593880389 -0.4710435137166187 0.4361969472084093
41.30737134909597 -0.5029412222027643 0.44134484254409767
41.808066759388026 -0.5348789533829639 0.4464560357316011
42.30876216968011 -0.5668560216486915 0.4515306137262802
42.80945757997219 -0.5988717413914146 0.4565686634834948
43.31015299026424 -0.6309254270026015 0.46157027195860467
43.810848400556324 -0.6630163928737256 0.46653552610697047
44.311543810848406 -0.6951439533962553 0.4714645128839521
44.81223922114046 -0.727307422961659 0.4763573192449092
45.31293463143254 -0.7595061159614087 0.48121403214520275
45.81363004172462 -0.7917393467869747 0.4860347385401923
46.314325452016675 -0.8240064298298233 0.49081952538523765
46.81502086230876 -0.8563066794814291 0.4955684796356996
47.31571627260084 -0.8886394101332595 0.500281688246938
47.81641168289289 -0.9210039361767828 0.5049592381743125
48.31710709318497 -0.9533995720034729 0.509601216373184
48.817802503477054 -0.9858256320047973 0.5142077097989121
49.318497913769136 -1.018281430572226 0.5187788054068571
49.81919332406119 -1.0507662820972279 0.5233145901523785
50.31988873435327 -1.083279500971275 0.5278151509908373
50.82058414464535 -1.1158204015858366 0.5322805748775932
51.321279554937405 -1.1483882983323805 0.5367109487680058
51.82197496522949 -1.1809825056023804 0.5411063596174361
52.32267037552157 -1.2136023377873044 0.545466894381244
52.82336578581362 -1.2462471092786196 0.5497926400147889
53.3240611961057 -1.2789161344678008 0.5540836834734316
53.824756606397784 -1.3116087277463155 0.5583401117125321
54.32545201668984 -1.3443242035056315 0.56256201168745
54.82614742698192 -1.3770618761372233 0.5667494703535462
55.326842837274 -1.4098210600325578 0.5709025746661803
55.82753824756605 -1.4426010695831042 0.5750214115807123
56.328233657858135 -1.4754012191803347 0.5791060680525028
56.82892906815022 -1.508220823215719 0.5831566310369114
57.32962447844227 -1.5410591960807236 0.5871731874892984
57.83031988873435 -1.5739156521668234 0.5911558243650238
58.33101529902643 -1.6067895058654857 0.595104628619448
58.831710709318486 -1.639680071568179 0.5990196872079306
59.33240611961057 -1.6725866636663762 0.6029010870858323
59.83310152990265 -1.7055085965515462 0.6067489152085128
60.3337969401947 -1.7384451846151563 0.6105632585313322
60.834492350486784 -1.7713957422486806 0.6143442040096507
61.335187760778865 -1.8043595838435864 0.6180918385988285
61.83588317107092 -1.837336023791343 0.6218062492542255
62.336578581363 -1.870324376483423 0.6254875229312019
62.83727399165508 -1.9033239563112951 0.6291357465851181
63.337969401947134 -1.9363340776664268 0.6327510071713335
63.838664812239216 -1.9693540549402921 0.6363333916452089
64.3393602225313 -2.002383202524359 0.6398829869621038
64.84005563282335 -2.035420834810095 0.6433998800773787
65.34075104311543 -2.068466266188974 0.6468841579463936
65.84144645340751 -2.1015188110524647 0.6503359075245088
66.34214186369957 -2.134577783792034 0.6537552157670838
66.84283727399165 -2.1676424987991574 0.6571421696294794
67.34353268428373 -2.2007122704653 0.6604968560670555
67.84422809457581 -2.2337864131819343 0.6638193620351721
68.34492350486786 -2.266864241340527 0.6671097744891891
68.84561891515995 -2.299945069332553 0.6703681803844668
69.34631432545203 -2.33302821154948 0.6735946666763654
69.84700973574408 -2.3661129823827736 0.6767893203202447
70.34770514603616 -2.3991986962239107 0.6799522282714653
70.84840055632824 -2.4322846674643577 0.6830834774853868
71.3490959666203 -2.465370210495583 0.6861831549173695
71.84979137691238 -2.4984546397090597 0.6892513475227737
72.35048678720446 -2.5315372694962566 0.6922881422569592
72.85118219749651 -2.5646174142486418 0.6952936260752862
73.3518776077886 -2.597694388357687 0.6982678859331147
73.85257301808068 -2.6307675062148634 0.7012110087858051
74.35326842837273 -2.6638360822116374 0.7041230815887171
74.85396383866481 -2.6968994307394825 0.7070041912972111
75.35465924895689 -2.729956866189866 0.7098544248666472
75.85535465924895 -2.7630077029542575 0.7126738692523852
76.35605006954103 -2.79605125542413 0.7154626114097856
76.85674547983308 -2.8290868379909506 0.7182207382942082
77.35744089012519 -2.8621137650461925 0.7209483368610138
77.85813630041724 -2.895131350981319 0.7236454940655611
78.3588317107093 -2.9281389101878057 0.7263122968632113
78.8595271210014 -2.9611357570571233 0.7289488322093244
79.36022253129346 -2.994121205980737 0.7315551870592599
79.86091794158551 -3.0270945713501183 0.7341314483683786
80.36161335187762 -3.060055167556741 0.7366777030920404
80.86230876216968 -3.0930023089920695 0.7391940381856051
81.36300417246173 -3.125935310047576 0.741680540604433
81.86369958275384 -3.158853485114734 0.7441372973038846
82.36439499304589 -3.1917561485850054 0.7465643952393193
82.86509040333794 -3.2246426148498655 0.7489619213660974
83.36578581363005 -3.2575121983007866 0.7513299626395794
83.86648122392211 -3.290364213329232 0.753668606015125
84.36717663421416 -3.323197974326674 0.7559779384480942
84.86787204450627 -3.3560127956845873 0.7582580468938477
85.36856745479832 -3.388807991794435 0.760509018307745
85.86926286509038 -3.4215828770476904 0.7627309396451463
86.36995827538249 -3.4543367658358255 0.7649238978614123
86.87065368567454 -3.4870689725503032 0.7670879799119023
87.3713490959666 -3.5197788115826 0.7692232727519767
87.8720445062587 -3.5524655973241854 0.7713298633369957
88.37273991655076 -3.5851286441665247 0.7734078386223192
88.87343532684281 -3.617767266501091 0.7754572855633075
89.37413073713492 -3.6503807787193567 0.7774782911153207
89.87482614742697 -3.6829684952127844 0.7794709422337186
90.37552155771903 -3.7155297303728503 0.7814353258738617
90.87621696801114 -3.7480637985910246 0.7833715289911102
91.37691237830319 -3.780570014258772 0.7852796385408236
91.87760778859524 -3.813047691767565 0.7871597414783622
92.37830319888735 -3.8454961455088785 0.7890119247590865
92.8789986091794 -3.8779146898741734 0.7908362753383562
93.37969401947146 -3.9103026392549243 0.7926328801715313
93.88038942976357 -3.9426593080426047 0.7944018262139726
94.38108484005562 -3.974984010628676 0.7961432004210395
94.88178025034773 -4.007276061404617 0.7978570897480926
95.38247566063978 -4.039534774761889 0.7995435811504915
95.88317107093184 -4.071759465091968 0.8012027615835964
96.38386648122395 -4.1039494467863245 0.8028347180027676
96.884561891516 -4.136104034236422 0.8044395373633653
97.38525730180805 -4.168222541833735 0.8060173066207491
97.88595271210016 -4.200304283969737 0.8075681127302797
98.38664812239222 -4.232348575035889 0.8090920426473168
98.88734353268427 -4.2643547294236654 0.8105891833272206
99.38803894297638 -4.296322061524542 0.8120596217253517
99.88873435326843 -4.328249885729977 0.8135034447970693
100.38942976356049 -4.360137516431448 0.8149207394977339
100.8901251738526 -4.391984268020425 0.8163115927827059
101.39082058414465 -4.423789454888375 0.8176760916073448
101.8915159944367 -4.455552391426767 0.8190143229270112
102.39221140472881 -4.487272392027077 0.8203263736970651
102.89290681502086 -4.518948771080768 0.8216123308728664
103.39360222531292 -4.550580842979313 0.8228722814097754
103.89429763560503 -4.582167922114184 0.8241063122631525
104.39499304589708 -4.613709322876845 0.8253145103883571
104.89568845618913 -4.645204359658771 0.8264969627407496
105.39638386648124 -4.676652346851432 0.8276537562756902
105.8970792767733 -4.708052598846294 0.828784977948539
106.39777468706535 -4.739404430034828 0.8298907147146558
106.89847009735746 -4.770707154808509 0.8309710535294011
107.39916550764951 -4.8019600875587996 0.8320260813481349
107.89986091794157 -4.833162542677173 0.8330558851262171
108.40055632823368 -4.8643138345551025 0.8340605518190084
108.90125173852573 -4.895413277584051 0.8350401683818681
109.40194714881778 -4.926460186155492 0.8359948217701566
109.90264255910989 -4.957453874660899 0.8369245989392341
110.40333796940195 -4.988393657491735 0.8378295868444606
110.904033379694 -5.019278849039474 0.8387098724411963
111.40472878998611 -5.0501087636955875 0.8395655426848012
111.90542420027816 -5.08088271585154 0.8403966845306355
112.40611961057022 -5.111600019898805 0.8412033849340592
112.90681502086233 -5.142259990228855 0.8419857308504324
113.40751043115438 -5.172861941233153 0.8427438092351155
113.90820584144643 -5.203405187303172 0.8434777070434681
114.40890125173854 -5.233889042830387 0.8441875112308507
114.9095966620306 -5.26431282220626 0.8448733087526232
115.41029207232265 -5.294675839822264 0.845535186564146
115.91098748261476 -5.324977410069873 0.8461732316207785
116.41168289290681 -5.355216847340548 0.8467875308778815
116.91237830319886 -5.385393466025766 0.8473781712908147
117.41307371349097 -5.415506580516998 0.8479452398149384
117.91376912378303 -5.445555505205707 0.8484888234056126
118.41446453407508 -5.475539554483366 0.8490090090181975
118.91515994436719 -5.50545804274145 0.8495058836080535
119.41585535465924 -5.5353102843714215 0.8499795341305397
119.9165507649513 -5.565095593764753 0.8504300475410175
120.4172461752434 -5.594813285312919 0.8508575107948465
120.91794158553546 -5.624462673407381 0.8512620108473862
121.41863699582751 -5.654043072439613 0.851643634653997
121.91933240611962 -5.683553796801089 0.8520024691700393
122.42002781641168 -5.712994160883272 0.852338601350873
122.92072322670373 -5.742363479077633 0.8526521181518586
123.42141863699584 -5.771661065775649 0.8529431065283556
123.92211404728789 -5.800886235368781 0.8532116534357245
124.42280945757994 -5.830038302248502 0.853457845829325
124.92350486787205 -5.859116580806286 0.8536817706645178
125.42420027816411 -5.888120385433596 0.8538835148966623
125.92489568845616 -5.917049030521905 0.8540631654811192
126.42559109874827 -5.945901830462686 0.8542208093732481
126.92628650904032 -5.974678099647404 0.8543565335284097
127.42698191933238 -6.0033771524675315 0.8544704249019636
127.92767732962449 -6.031998303314539 0.8545625704492702
128.42837273991654 -6.060540866579893 0.8546330571256894
128.9290681502086 -6.089004156655066 0.8546819718865811
129.4297635605007 -6.11738748793153 0.8547094016873059
129.93045897079276 -6.145690174800751 0.8547154334832238
130.4311543810848 -6.1739115316541975 0.8547001542296945
130.93184979137692 -6.202050872883347 0.854663650882079
131.43254520166897 -6.230107512879662 0.8546060103957361
131.93324061196108 -6.258080766034618 0.8545273197260267
132.43393602225314 -6.285969946739679 0.8544276658283109
132.9346314325452 -6.313774369386317 0.8543071356579487
133.4353268428373 -6.341493348366005 0.8541658161703
133.93602225312935 -6.36912619807021 0.8540037943207252
134.4367176634214 -6.396672232890402 0.8538211570645841
134.93741307371351 -6.424130767218053 0.8536179913572369
135.43810848400557 -6.451501115444629 0.853394384154044
135.93880389429762 -6.478782591961603 0.8531504224103649
136.43949930458973 -6.505974511160447 0.8528861930815607
136.94019471488178 -6.533076187432626 0.8526017831229903
137.44089012517384 -6.56008693516961 0.8522972794900147
137.94158553546595 -6.587006068762874 0.8519727691379936
138.442280945758 -6.613832902603883 0.8516283390222873
138.94297635605005 -6.6405667510841075 0.8512640760982556
139.44367176634216 -6.667206928595022 0.850880067321259
139.94436717663422 -6.69375274952809 0.8504763996466574
140.44506258692627 -6.720203528274786 0.8500531600298106
140.94575799721838 -6.746558579226579 0.8496104354260791
141.44645340751043 -6.772817216774935 0.8491483127908229
141.94714881780249 -6.798978755311329 0.8486668790794022
142.4478442280946 -6.82504250922723 0.8481662212471767
142.94853963838665 -6.851007792914106 0.8476464262495068
143.4492350486787 -6.876873920763425 0.8471075810417527
143.9499304589708 -6.902640207166665 0.8465497725792742
144.45062586926286 -6.928305966515288 0.845973087817432
144.95132127955492 -6.953870513200765 0.8453776137115855
145.45201668984703 -6.97933316161457 0.8447634372170948
145.95271210013908 -7.004693226148169 0.8441306452893204
146.45340751043113 -7.029950021193032 0.8434793248836226
146.95410292072324 -7.055102861140633 0.8428095629553608
147.4547983310153 -7.080151060382437 0.842121446459896
147.95549374130735 -7.105093933309916 0.8414150623525875
148.45618915159946 -7.12993079431454 0.840690497588796
148.9568845618915 -7.154660957787779 0.8399478391238812
149.45757997218357 -7.179283738121101 0.839187173913203
149.95827538247568 -7.203798449705981 0.8384085889121217
150.45897079276773 -7.228204406933881 0.8376121710759977
150.95966620305978 -7.252500924196277 0.8367980073601909
151.4603616133519 -7.276687315884639 0.8359661847200611
151.96105702364395 -7.300762896390434 0.835116790110969
152.461752433936 -7.324726980105129 0.8342499104882745
152.9624478442281 -7.348578881420205 0.8333656328073372
153.46314325452016 -7.372317914727119 0.8324640440235177
153.96383866481222 -7.395943394417347 0.8315452310921766
154.46453407510432 -7.4194546348823645 0.8306092809686726
154.96522948539638 -7.442850950513631 0.8296562806083666
155.46592489568843 -7.466131655702619 0.8286863169666189
155.96662030598054 -7.489296064840805 0.8276994769987897
156.4673157162726 -7.512343492319652 0.8266958476602385
156.96801112656465 -7.535273252530632 0.8256755159063257
157.46870653685676 -7.558084659865215 0.8246385686924119
157.9694019471488 -7.580777028714871 0.8235850929738563
158.47009735744086 -7.603349673471068 0.8225151757060195
158.97079276773297 -7.62580190852528 0.8214289038442611
159.47148817802503 -7.648133048268973 0.8203263643439419
159.97218358831708 -7.67034240709362 0.8192076441604218
160.4728789986092 -7.6924292993906915 0.8180728302490604
160.97357440890124 -7.714393039551649 0.8169220095652182
161.4742698191933 -7.736232941967972 0.8157552690642559
161.9749652294854 -7.75794832103113 0.8145726957015323
162.47566063977746 -7.779538491132587 0.8133743764324087
162.9763560500695 -7.801002766663815 0.8121603982122444
163.47705146036162 -7.822340462016288 0.8109308479963996
163.97774687065368 -7.843550891581471 0.8096858127402354
164.47844228094573 -7.864633369750833 0.8084253793991104
164.97913769123784 -7.88558721091585 0.8071496349283857
165.4798331015299 -7.906411729467988 0.805858666283421
165.98052851182194 -7.927106239798715 0.8045525604195766
166.48122392211405 -7.947670056299507 0.8032314042922123
166.9819193324061 -7.968102493361825 0.8018952848566886
167.48261474269816 -7.988402865377149 0.8005442890683655
167.98331015299027 -8.008570486736943 0.7991785038826035
168.48400556328232 -8.028604671832674 0.7977980162547612
168.98470097357443 -8.048504735055822 0.7964029131402001
169.4853963838665 -8.068269990797848 0.7949932814942801
169.98609179415854 -8.087899753450221 0.7935692082723608
170.48678720445065 -8.10739333740442 0.7921307804298027
170.9874826147427 -8.126750057051904 0.7906780849219658
171.48817802503476 -8.14596922678415 0.7892112087042101
171.98887343532687 -8.165050160992626 0.7877302387318962
172.48956884561892 -8.183992174068802 0.7862352619603835
172.99026425591097 -8.202794580404149 0.7847263653450328
173.49095966620308 -8.221456694390136 0.7832036358412026
173.99165507649514 -8.23997783041823 0.7816671604042552
174.4923504867872 -8.258357302879908 0.7801170259895501
174.9930458970793 -8.276594426166636 0.7785533195524458
175.49374130737135 -8.294688514669875 0.7769761280483046
175.9944367176634 -8.312638882781108 0.7753855384324856
176.49513212795551 -8.330444844891804 0.7737816376603489
176.99582753824757 -8.348105715393427 0.7721645126872544
177.49652294853962 -8.365620808677445 0.7705342504685623
177.99721835883173 -8.382989439135336 0.7688909379596333
178.49791376912378 -8.400210921158566 0.7672346621158267
178.99860917941584 -8.417284569138603 0.7655655098925028
179.49930458970795 -8.434209697466919 0.7638835682450215
180.0 -8.450985620534983 0.7621889241287437
