Polar data for a18sm at Re = 2000000.0
Alpha (deg) Cl Cd
-180.0 -15.297516763969725 3.988931345804416
-179.49930458970792 -15.288482222550112 3.9793169867131484
-178.99860917941587 -15.279155763534092 3.969628330638515
-178.49791376912378 -15.269538195241896 3.959865928862116
-177.9972183588317 -15.259630325993754 3.9500303326655812
-177.49652294853965 -15.249432964109857 3.9401220933305128
-176.99582753824757 -15.238946917910447 3.9301417621385264
-176.4951321279555 -15.228172995715738 3.9200898903712362
-175.99443671766343 -15.21711200584597 3.909967029310251
-175.49374130737135 -15.205764756621328 3.8997737302371904
-174.99304589707927 -15.19413205636208 3.88951054443367
-174.49235048678722 -15.182214713388397 3.879178023181294
-173.99165507649514 -15.17001353602054 3.868776717761677
-173.49095966620305 -15.157529332578704 3.8583071794564363
-172.990264255911 -15.144762911383125 3.8477699595471835
-172.48956884561892 -15.131715080754013 3.8371656093155293
-171.98887343532684 -15.118386649011612 3.826494680043095
-171.48817802503476 -15.104778424476116 3.8157577230114876
-170.9874826147427 -15.090891215467757 3.8049552895023213
-170.48678720445062 -15.076725830306756 3.794087930797203
-169.98609179415854 -15.062283077313339 3.7831561981777595
-169.4853963838665 -15.047563764807705 3.7721606429255923
-168.9847009735744 -15.032568701110101 3.761101816322321
-168.48400556328232 -15.017298694540756 3.749980269649556
-167.98331015299027 -15.001754553419858 3.7387965541889168
-167.4826147426982 -14.985937086067644 3.727551221222005
-166.9819193324061 -14.969847100804344 3.7162448220304407
-166.48122392211405 -14.953485405950168 3.704877907895839
-165.98052851182197 -14.936852809825332 3.6934510300998094
-165.4798331015299 -14.919950120750073 3.6819647399239708
-164.97913769123784 -14.9027781470446 3.6704195886499216
-164.47844228094576 -14.885337697029136 3.658816127559297
-163.97774687065368 -14.867629579023912 3.6471549079336887
-163.47705146036162 -14.84965460134913 3.635436481054726
-162.97635605006954 -14.831413572325026 3.6236613982040113
-162.47566063977746 -14.812907300271831 3.611830210663171
-161.9749652294854 -14.79413659350974 3.5999434697138044
-161.47426981919332 -14.77510226035897 3.5880017266375264
-160.97357440890124 -14.755805109139786 3.5760055327159614
-160.4728789986092 -14.736245948172375 3.5639554392307113
-159.9721835883171 -14.716425585776953 3.5518519974633955
-159.47148817802503 -14.696344830273766 3.5396957586956193
-158.97079276773297 -14.676004489983022 3.5274872742090126
-158.4700973574409 -14.655405373224937 3.5152270952851703
-157.9694019471488 -14.634548288319735 3.5029157732057152
-157.46870653685676 -14.613434043587631 3.4905538592522563
-156.96801112656468 -14.59206344734887 3.478141904706413
-156.4673157162726 -14.570437307923648 3.4656804608497938
-155.96662030598054 -14.548556433632207 3.453170078964008
-155.46592489568846 -14.526421632794744 3.4406113103306817
-154.96522948539638 -14.504033713731502 3.4280047062314063
-154.46453407510432 -14.481393484762684 3.4153508179478225
-153.96383866481224 -14.45850175420852 3.4026501967615213
-153.46314325452016 -14.435359330389247 3.389903393954129
-152.9624478442281 -14.411967021625053 3.377110960807255
-152.46175243393603 -14.388325636236168 3.364273448602508
-151.96105702364395 -14.364435982542844 3.351391408621507
-151.4603616133519 -14.340298868865268 3.338465392145861
-150.9596662030598 -14.315915103523672 3.3254959504571895
-150.45897079276773 -14.291285494838284 3.312483634837098
-149.95827538247568 -14.266410851129315 3.2994289965672055
-149.4575799721836 -14.241291980716973 3.2863325869291176
-148.9568845618915 -14.215929691921517 3.2731949572044607
-148.45618915159943 -14.19032479306314 3.2600166586748367
-147.95549374130738 -14.164478092462069 3.2467982426218613
-147.4547983310153 -14.138390398438531 3.2335402603271506
-146.95410292072324 -14.112062519312737 3.2202432630723203
-146.45340751043116 -14.085495263404916 3.206907802138976
-145.95271210013908 -14.058689439035277 3.1935344288087295
-145.452016689847 -14.031645854524058 3.180123694363208
-144.95132127955495 -14.004365318191468 3.166676150084009
-144.45062586926286 -13.976848638357744 3.153192347252756
-143.94993045897078 -13.949096623343067 3.1396728371510543
-143.44923504867873 -13.92111008146771 3.126118171060523
-142.94853963838665 -13.892889821051874 3.1125289002627783
-142.44784422809457 -13.864436650415769 3.098905576039429
-141.9471488178025 -13.835751377879625 3.0852487496720835
-141.44645340751043 -13.806834811763657 3.071558972442358
-140.94575799721835 -13.77768776038809 3.057836795631876
-140.44506258692627 -13.748311032073168 3.044082770522235
-139.94436717663422 -13.718705435139057 3.0302974483950615
-139.44367176634213 -13.688871777906037 3.0164813805319577
-138.94297635605005 -13.658810868694303 3.0026351182145463
-138.442280945758 -13.62852351582405 2.9887592127244327
-137.94158553546592 -13.59801052761555 2.97485421534324
-137.44089012517384 -13.567272712389006 2.960920677352566
-136.94019471488178 -13.536310878464619 2.946959150034041
-136.4394993045897 -13.50512583416262 2.9329701846692666
-135.93880389429762 -13.473718387803245 2.9189543325398555
-135.43810848400557 -13.442089347706691 2.9049121449274304
-134.9374130737135 -13.410239522193194 2.8908441731135968
-134.4367176634214 -13.378169719582985 2.8767509683799704
-133.93602225312935 -13.345880748196258 2.862633082008167
-133.43532684283727 -13.313373416353265 2.848491065279796
-132.9346314325452 -13.280648532374215 2.8343254694764726
-132.43393602225314 -13.247706904579296 2.820136845879806
-131.93324061196105 -13.214549341288773 2.805925745771412
-131.43254520166897 -13.18117665082287 2.79169272043291
-130.93184979137692 -13.147589641501774 2.777438321145909
-130.43115438108484 -13.113789121645716 2.7631630991920106
-129.93045897079276 -13.079775899574955 2.748867605852852
-129.4297635605007 -13.045550783609649 2.7345523924100243
-128.92906815020862 -13.011114582070057 2.7202180101451505
-128.42837273991654 -12.97646810327641 2.7058650103398465
-127.92767732962449 -12.941612155548896 2.6914939442757175
-127.4269819193324 -12.906547547207765 2.6771053632343795
-126.92628650904032 -12.87127508657322 2.6626998184974484
-126.42559109874827 -12.835795581965492 2.6482778613465436
-125.92489568845619 -12.800109841704788 2.63384004306326
-125.42420027816411 -12.764218674111362 2.6193869149292306
-124.92350486787205 -12.728122887505386 2.6049190282260506
-124.42280945757997 -12.691823290207125 2.59043693423535
-123.92211404728789 -12.655320690536776 2.575941184238734
-123.42141863699584 -12.618615896814568 2.5614323295178147
-122.92072322670376 -12.58170971736073 2.5469109213542085
-122.42002781641168 -12.54460296049546 2.532377511029524
-121.91933240611961 -12.507296434539008 2.517832649825384
-121.41863699582754 -12.469790947811582 2.5032768890233905
-120.91794158553546 -12.432087308633378 2.4887107799051593
-120.41724617524339 -12.394186325324654 2.4741348737523063
-119.91655076495132 -12.356088806205626 2.4595497218464475
-119.41585535465924 -12.317795559596497 2.444955875469188
-118.91515994436718 -12.279307393817504 2.4303538859021545
-118.41446453407511 -12.240625117188863 2.4157443044269415
-117.91376912378303 -12.20174953803079 2.4011276823251793
-117.41307371349096 -12.162681464663514 2.3865045708784693
-116.91237830319889 -12.123421705407232 2.3718755213684313
-116.41168289290681 -12.083971068582208 2.3572410850766845
-115.91098748261474 -12.044330362508639 2.3426018132848307
-115.41029207232268 -12.004500395506746 2.327958257274486
-114.9095966620306 -11.964481975896746 2.3133109683272624
-114.40890125173853 -11.924275911998869 2.2986604977247724
-113.90820584144646 -11.883883012133332 2.284007396748639
-113.40751043115438 -11.843304084620335 2.2693522166804643
-112.90681502086231 -11.802539937780153 2.2546955088018636
-112.40611961057024 -11.761591379932959 2.240037824394464
-111.90542420027816 -11.720459219399011 2.225379714739856
-111.4047287899861 -11.679144264498497 2.21072173111967
-110.90403337969401 -11.63764732355164 2.196064424815508
-110.40333796940195 -11.59596920487867 2.181408347108996
-109.90264255910988 -11.55411071679982 2.1667540492817325
-109.4019471488178 -11.512072667635302 2.152102082615344
-108.90125173852573 -11.469855865705334 2.1374529983914323
-108.40055632823366 -11.42746111933014 2.1228073478916203
-107.89986091794158 -11.384889236829927 2.108165682397506
-107.39916550764951 -11.342141026524942 2.0935285531907306
-106.89847009735745 -11.299217296735385 2.0788965115528812
-106.39777468706536 -11.256118855781487 2.064270108765574
-105.8970792767733 -11.212846511983471 2.049649896110439
-105.39638386648123 -11.169401073661554 2.035036424869074
-104.89568845618915 -11.12578334913595 2.020430246323092
-104.39499304589708 -11.081994146726892 2.0058319117541226
-103.89429763560501 -11.038034274754608 1.9912419724437573
-103.39360222531293 -10.993904541539294 1.9766609796736294
-102.89290681502086 -10.949605755401173 1.9620894847253372
-102.3922114047288 -10.905138724660496 1.9475280388805
-101.89151599443672 -10.860504257637459 1.9329771934207234
-101.39082058414465 -10.815703162652305 1.9184374996276408
-100.89012517385257 -10.770736248025223 1.9039095087828397
-100.3894297635605 -10.725604322076457 1.8893937721679503
-99.88873435326843 -10.680308193126216 1.8748908410645886
-99.38803894297635 -10.634848669494744 1.8604012667543561
-98.88734353268428 -10.58922655950223 1.8459256005188618
-98.38664812239222 -10.543442671468902 1.8314643936397321
-97.88595271210013 -10.497497813715007 1.817018197398583
-97.38525730180807 -10.451392794560753 1.8025875630770163
-96.884561891516 -10.405128422326335 1.7881730419566477
-96.38386648122392 -10.358705505332019 1.7737751853190897
-95.88317107093185 -10.312124851897991 1.7593945444459689
-95.38247566063978 -10.265387270344497 1.7450316706188798
-94.8817802503477 -10.218493568991711 1.7306871151194347
-94.38108484005564 -10.17144455615992 1.7163614292292746
-93.88038942976357 -10.124241040169302 1.7020551642299762
-93.37969401947149 -10.076883829340083 1.687768871403173
-92.87899860917942 -10.0293737319925 1.673503102030485
-92.37830319888734 -9.981711556446747 1.6592584073935062
-91.87760778859527 -9.93389811102309 1.6450353387738705
-91.3769123783032 -9.885934204041718 1.6308344474531762
-90.87621696801112 -9.83782064382283 1.616656284713039
-90.37552155771905 -9.789558238686709 1.602501401835075
-89.87482614742699 -9.741147796953527 1.5883703501008892
-89.3741307371349 -9.692590126943507 1.5742636807921049
-88.87343532684284 -9.643886036976902 1.5601819451903343
-88.37273991655077 -9.595036335373898 1.5461256945771826
-87.87204450625869 -9.546041830454733 1.53209548023428
-87.37134909596662 -9.496903330539617 1.5180918534432142
-86.87065368567455 -9.447621643948814 1.5041153654856292
-86.36995827538247 -9.398197579002478 1.490166567643109
-85.8692628650904 -9.348631944020873 1.4762460111972875
-85.36856745479834 -9.298925547324238 1.4623542474297697
-84.86787204450626 -9.249079197232724 1.4484918276221646
-84.36717663421419 -9.199093702066612 1.4346593030560915
-83.86648122392211 -9.14896987014611 1.42085722501317
-83.36578581363004 -9.098708509791429 1.407086144774998
-82.86509040333797 -9.048310429322804 1.3933466136231953
-82.36439499304589 -8.997776437060459 1.3796391828393884
-81.86369958275382 -8.947107341324575 1.365964403705161
-81.36300417246176 -8.896303950435417 1.3523228275021542
-80.86230876216968 -8.845367072713195 1.3387150055119588
-80.36161335187761 -8.794297516478132 1.3251414890162156
-79.86091794158554 -8.743096090050422 1.3116028292965158
-79.36022253129346 -8.691763601750317 1.2980995776344788
-78.85952712100139 -8.64030085989804 1.284632285311717
-78.35883171070932 -8.588708672813773 1.271201503609839
-77.85813630041724 -8.536987848817809 1.257807783810475
-77.35744089012518 -8.4851391962303 1.244451677195227
-76.85674547983311 -8.433163523371483 1.2311337350456963
-76.35605006954103 -8.381061638561597 1.2178545086435169
-75.85535465924896 -8.32883435012085 1.2046145492702902
-75.35465924895689 -8.27648246636948 1.1914144082076323
-74.85396383866481 -8.224006795627695 1.1782546367371591
-74.35326842837274 -8.171408146215718 1.16513578614049
-73.85257301808066 -8.118687326453745 1.1520584076992126
-73.3518776077886 -8.065845144662056 1.1390230526949676
-72.85118219749653 -8.012882409160788 1.126030272409346
-72.35048678720445 -7.95979992827025 1.1130806181239887
-71.84979137691238 -7.9065985103105945 1.1001746411204796
-71.34909596662031 -7.853278963602101 1.0873128926804487
-70.84840055632823 -7.799842096464964 1.0744959240855085
-70.34770514603616 -7.746288717219393 1.0617242866172785
-69.8470097357441 -7.692619634185597 1.048998531557346
-69.34631432545201 -7.638835655683842 1.0363192101873449
-68.84561891515995 -7.584937590034336 1.023686873788898
-68.34492350486788 -7.530926245557289 1.0111020736435894
-67.8442280945758 -7.476802430572896 0.9985653610330563
-67.34353268428373 -7.422566953401422 0.9860772872389039
-66.84283727399166 -7.368220622363076 0.9736384035427446
-66.34214186369958 -7.313764245778053 0.9612492612261907
-65.84144645340751 -7.259198631966605 0.9489104115708618
-65.34075104311543 -7.204524589248955 0.9366224058583559
-64.84005563282336 -7.149742925945297 0.9243857953702996
-64.3393602225313 -7.09485445037587 0.9122011313883125
-63.838664812239216 -7.0398599708608955 0.9000689651939855
-63.33796940194715 -6.984760295720598 0.8879898480689665
-62.83727399165508 -6.9295562332751715 0.8759643312948253
-62.336578581363 -6.874248591844882 0.8639929661532062
-61.83588317107093 -6.8188381797499105 0.8520763039257073
-61.335187760778865 -6.763325805310494 0.8402148958939624
-60.834492350486784 -6.70771227684687 0.8284092933395588
-60.333796940194716 -6.651998402679233 0.8166600475441268
-59.83310152990265 -6.5961849911278065 0.804967709789268
-59.33240611961057 -6.540272850512828 0.7933328313566055
-58.8317107093185 -6.484262789154506 0.7817559635277445
-58.33101529902643 -6.428155615373051 0.7702376575843008
-57.83031988873435 -6.3719521374887265 0.7587784648078941
-57.329624478442284 -6.315653163821729 0.7473789364801402
-56.82892906815022 -6.259259502692238 0.736039623882623
-56.328233657858135 -6.202771962420535 0.7247610782969975
-55.82753824756607 -6.146191351326827 0.7135438510048548
-55.326842837273986 -6.0895184777313105 0.7023884932878108
-54.82614742698192 -6.0327541499542505 0.6912955564274814
-54.32545201668985 -5.975899176315799 0.6802655917054505
-53.82475660639777 -5.918954365136237 0.6692991504033838
-53.3240611961057 -5.861920524735787 0.6583967838028653
-52.823365785813635 -5.804798463434629 0.6475590431855036
-52.322670375521554 -5.747588989553016 0.6367864798329219
-51.82197496522949 -5.690292911411142 0.626079645026729
-51.321279554937405 -5.632911037329272 0.6154390900485478
-50.82058414464535 -5.575444175627574 0.6048653661799837
-50.31988873435327 -5.517893134626313 0.5943590247026453
-49.81919332406119 -5.460258722645683 0.5839206168981523
-49.318497913769136 -5.402541748005923 0.573550694048117
-48.817802503477054 -5.344743019027241 0.5632498074341552
-48.31710709318497 -5.286863344029847 0.5530185083378651
-47.81641168289292 -5.228903531333977 0.5428573480408769
-47.31571627260084 -5.170864389259869 0.5327668778248029
-46.81502086230876 -5.1127467261277175 0.5227476489712484
-46.3143254520167 -5.054551350257761 0.5128002127618327
-45.81363004172462 -4.996279069970221 0.5029251204781755
-45.31293463143254 -4.937930693585308 0.49312292340187125
-44.81223922114049 -4.879507029423216 0.48339417281453945
-44.311543810848406 -4.82100888580424 0.4737394199978102
-43.810848400556324 -4.762437071048531 0.46415921623327105
-43.31015299026427 -4.703792393476341 0.4546541128025521
-42.80945757997219 -4.645075661407866 0.44522466098725855
-42.30876216968011 -4.586287683163384 0.43587141206901703
-41.808066759388026 -4.52742926706302 0.4265949173294221
-41.30737134909597 -4.468501221427111 0.41739572805009684
-40.80667593880389 -4.409504354575809 0.4082743955126571
-40.30598052851181 -4.350439474829351 0.3992314709987117
-39.80528511821976 -4.29130739050796 0.3902675057898801
-39.304589707927676 -4.232108909931831 0.3813830511677676
-38.803894297635594 -4.1728448414212025 0.37257865841397586
-38.30319888734354 -4.113515993296325 0.36385487881015277
-37.80250347705146 -4.054123173877379 0.3552122636378823
-37.30180806675938 -3.9946671914845737 0.34665136417879094
-36.801112656467325 -3.9351488544382036 0.3381727317144805
-36.30041724617524 -3.875568971058435 0.3297769175265739
-35.79972183588316 -3.8159283496654623 0.32146447289668
-35.29902642559111 -3.7562277985795802 0.3132359491064147
-34.79833101529903 -3.696468126120955 0.30509189743738685
-34.297635605006946 -3.6366501406098095 0.2970328691712265
-33.79694019471489 -3.5767746503663957 0.2890594155895283
-33.29624478442281 -3.5168424637109226 0.28117208797390103
-32.79554937413073 -3.4568543889635706 0.2733714376059748
-32.294853963838676 -3.396811234444648 0.2656580157673514
-31.794158553546595 -3.3367138084742933 0.2580323737396537
-31.293463143254513 -3.2765629193727435 0.25049506280449063
-30.79276773296246 -3.2163593754602786 0.24304663424347095
-30.29207232267038 -3.156103985057051 0.23568763933821768
-29.791376912378297 -3.0957975564832836 0.22841862937031832
-29.290681502086244 -3.035440898059271 0.2212401556214243
-28.789986091794162 -2.9750348181051365 0.2141527693731231
-28.28929068150208 -2.9145801249411463 0.20715702190703777
-27.788595271210028 -2.8540776268875945 0.2002534645047842
-27.287899860917946 -2.7935281322645764 0.193442648447957
-26.787204450625865 -2.7329324493923437 0.18672512501818628
-26.28650904033381 -2.672291386591205 0.18010144549710216
-25.78581363004173 -2.6116057521812976 0.17357216116626373
-25.28511821974965 -2.5508763544828454 0.16713782330733662
-24.784422809457595 -2.490104001816114 0.16079898320192254
-24.283727399165514 -2.4292895025012697 0.15455619213160188
-23.783031988873432 -2.368433664858564 0.14841000137803317
-23.28233657858135 -2.3075372972082207 0.14236096222279682
-22.781641168289298 -2.2466012078704622 0.13640962594752293
-22.280945757997216 -2.185626205165498 0.13055654383384163
-21.780250347705135 -2.124613097413551 0.12480226716332621
-21.27955493741308 -2.063562692934873 0.11914734721759968
-20.778859527121 -2.0024758000496163 0.11359233527829926
-20.27816411682892 -1.941353227078075 0.10813778262702667
-19.777468706536865 -1.8801957823404294 0.1027842405453836
-19.276773296244784 -1.8190042741568888 0.09753226031499307
-18.776077885952702 -1.757779510847719 0.09238239321745678
-18.27538247566065 -1.6965223007331147 0.08733519053441907
-17.774687065368568 -1.6352334521332992 0.08239120354746032
-17.273991655076486 -1.5739137733684956 0.07755098353821066
-16.773296244784433 -1.5125640727589271 0.07281508178827178
-16.27260083449235 -1.4511851586248028 0.06818404957926671
-15.77190542420027 -1.38977783928636 0.06365843819280426
-15.271210013908217 -1.328342923063822 0.05923879891050743
-14.770514603616135 -1.2668812182773692 0.05492568301397083
-14.269819193324054 -1.205393533247296 0.05071964178481747
-13.769123783032 -1.1438806762937404 0.04662122650467038
-13.268428372739919 -1.082343455736968 0.04263098845513125
-12.767732962447838 -1.0207826798972306 0.038749478917815994
-12.267037552155784 -0.9591991570946661 0.03497724917432632
-11.766342141863703 -0.8975936956495687 0.03131485050628524
-11.265646731571621 -0.8359671038821475 0.027762834195315778
-10.764951321279568 -0.7743201901125971 0.024321751523040946
-10.264255910987487 -0.7126537626611409 0.020992153771019817
-9.763560500695405 -0.650970653685674 0.0177620584144645
-9.262865090403352 -0.5885261474269837 0.015102489568845677
-8.76216968011127 -0.524619888734354 0.013406884561891529
-8.261474269819189 -0.4614613351877603 0.012118915159944356
-7.760778859527136 -0.3986796940194734 0.01107246175243396
-7.260083449235054 -0.3340628650904041 0.009925452016689864
-6.759388038942973 -0.26944979137691194 0.008755020862308756
-6.25869262865092 -0.20821182197496707 0.008084214186369974
-5.757997218358838 -0.149979276773297 0.007534116828929075
-5.257301808066757 -0.09310904033379663 0.007104089012517384
-4.756606397774675 -0.03729123783031855 0.006755549374130727
-4.255910987482622 0.018886787204449817 0.006388664812239226
-3.7552155771905404 0.07516272600834514 0.006112503477051459
-3.254520166898459 0.13168831710709444 0.005877079276773291
-2.753824756606406 0.18831780250347616 0.005686147426981922
-2.2531293463143243 0.24499513212795562 0.005555688456189151
-1.7524339360222427 0.3017244784422821 0.005470292072322669
-1.2517385257301896 0.3584031988873425 0.005430069541029208
-0.7510431154381081 0.4150819193324062 0.005410041724617525
-0.25034770514602656 0.47166077885952823 0.0054
0.25034770514602656 0.5275383866481214 0.00548511821974965
0.7510431154381081 0.5832168289290681 0.00561518776077886
1.2517385257301896 0.6393954102920733 0.005599582753824754
1.7524339360222427 0.692846314325451 0.005232030598052864
2.2531293463143243 0.74599735744089 0.005092002781641168
2.753824756606406 0.8008638386648131 0.005513977746870662
3.254520166898459 0.8534101529902631 0.006279040333796918
3.7552155771905404 0.903921557719054 0.007326369958275378
4.255910987482622 0.9551171070931858 0.008223393602225324
4.756606397774675 1.0069278164116817 0.008975438108483986
5.257301808066757 1.0584535465924894 0.00972022253129346
5.757997218358838 1.110125312934632 0.010385076495132135
6.258692628650891 1.1614866481223909 0.011041821974965211
6.759388038942973 1.2125575799721833 0.011681265646731567
7.260083449235054 1.2622240611961064 0.012458956884561901
7.760778859527107 1.3113735744089 0.013228150208623071
8.261474269819189 1.3602492350486783 0.013927899860917935
8.76216968011127 1.4071147426981925 0.014819095966620316
9.262865090403324 1.4497189151599432 0.01614168289290677
9.763560500695405 1.4923258692628647 0.01733169680111265
10.264255910987487 1.5363731571627264 0.018212086230876223
10.76495132127954 1.57848497913769 0.0191793045897079
11.265646731571621 1.618036022253129 0.02026692628650903
11.766342141863703 1.645228511821975 0.022268901251738544
12.267037552155784 1.6654098748261479 0.024415883171070973
12.767732962447838 1.686562865090403 0.02602068150208621
13.268428372739919 1.705348678720445 0.027791502086230886
13.769123783032 1.7201204450625873 0.030051766342141923
14.269819193324054 1.7304408901251738 0.03287668984700969
14.770514603616135 1.7368887343532684 0.03630262865090405
15.271210013908217 1.7386203059805285 0.04054852573018091
15.77190542420027 1.735309040333797 0.0458169123783031
16.27260083449235 1.726312100139082 0.05233819193324062
16.773296244784433 1.7092575799721832 0.06069517385257321
17.273991655076486 1.6827221140472886 0.07140716272600812
17.774687065368568 1.6431991655076497 0.08534770514603617
18.27538247566065 1.58573936022253 0.1039825869262869
18.776077885952702 1.5011157162726028 0.1304695271210008
19.276773296244784 1.3866870653685677 0.16791536856745473
19.777468706536865 1.2602961164617739 0.21061611670502667
20.27816411682892 1.1344017004781666 0.2530906159481401
20.778859527121 1.0090578645617017 0.2953144080916501
21.27955493741308 0.8842638003921639 0.33728804441716753
21.780250347705135 0.7600186996493399 0.37901207620630273
22.280945757997216 0.636321754012994 0.4204870547406745
22.781641168289298 0.5131721551629109 0.4617135313018934
23.28233657858135 0.39056909477887913 0.5026920571715705
23.783031988873432 0.26851176454066206 0.5434231836313226
24.283727399165514 0.14699935612804627 0.583907461962762
24.784422809457567 0.026031061220816554 0.6241454434474989
25.28511821974965 -0.09439392850126183 0.6641376793671514
25.78581363004173 -0.21427642135840141 0.7038847210033301
26.286509040333783 -0.3336172256708183 0.743387119637646
26.787204450625865 -0.45241714975874636 0.7826454265517178
27.287899860917946 -0.5706770019424017 0.8216601930271554
27.78859527121 -0.6883975905419941 0.8604319703455701
28.28929068150208 -0.8055797238777629 0.8989613097885794
28.789986091794162 -0.9222242102699187 0.9372487626377948
29.290681502086215 -1.0383318580386796 0.9752948801748273
29.791376912378297 -1.1539034755042792 1.0131002136812943
30.29207232267038 -1.2689398709869284 1.0506653144388067
30.79276773296246 -1.383441852806854 1.0879907337289778
31.293463143254513 -1.4974102292842648 1.1250770228334186
31.794158553546595 -1.6108458087393966 1.1619247330337472
32.294853963838676 -1.723749399492469 1.1985344156115738
32.79554937413073 -1.8361218098636893 1.2349066218485103
33.29624478442281 -1.9479638481732948 1.271041903026174
33.79694019471489 -2.0592763227415016 1.3069408104261757
34.297635605006946 -2.1700600418885223 1.3426038953301267
34.79833101529903 -2.2803158139345907 1.3780317090196446
35.29902642559111 -2.390044447199923 1.4132248027763403
35.79972183588316 -2.4992467500047315 1.4481837278818255
36.30041724617524 -2.607923530669254 1.4829090356177164
36.801112656467325 -2.7160755975137008 1.5174012772656253
37.30180806675938 -2.8237037588582883 1.5516610041071635
37.80250347705146 -2.930808823023252 1.5856887674239475
38.30319888734354 -3.0373915983288047 1.6194851184975885
38.803894297635594 -3.143452893095162 1.6530506086096974
39.304589707927676 -3.2489935156425584 1.686385789041893
39.80528511821976 -3.354014274291206 1.7194912110757852
40.30598052851181 -3.4585159773613228 1.7523674259929864
40.80667593880389 -3.5624994331731408 1.7850149850751127
41.30737134909597 -3.6659654500468726 1.8174344396037758
41.808066759388026 -3.768914836302736 1.8496263408605869
42.30876216968011 -3.871348400260967 1.881591240127163
42.80945757997219 -3.973266950241772 1.9133296886851154
43.31015299026424 -4.074671294565375 1.9448422378160555
43.810848400556324 -4.175562241552006 1.9761294388016004
44.311543810848406 -4.275940599521878 2.007191842923362
44.81223922114046 -4.375807176795208 2.0380300014629507
45.31293463143254 -4.475162781692228 2.0686444657019836
45.81363004172462 -4.5740082225331555 2.099035786922073
46.314325452016675 -4.672344307638204 2.129204516404828
46.81502086230876 -4.770171845327605 2.1591512054318684
47.31571627260084 -4.867491643921577 2.1888764052848044
47.81641168289289 -4.964304511740332 2.2183806672452473
48.31710709318497 -5.060611257104103 2.2476645425948147
48.817802503477054 -5.156412688333109 2.2767285826151165
49.318497913769136 -5.2517096137475665 2.3055733385877666
49.81919332406119 -5.346502841667693 2.3341993617943775
50.31988873435327 -5.440793180413722 2.362607203516564
50.82058414464535 -5.534581438305867 2.39079741503594
51.321279554937405 -5.627868423664346 2.4187705476341135
51.82197496522949 -5.720654944809388 2.4465271525927053
52.32267037552157 -5.812941810061208 2.474067781193324
52.82336578581362 -5.904729827740027 2.501392984717583
53.3240611961057 -5.996019806166071 2.5285033144470974
53.824756606397784 -6.086812553659559 2.5553993216634803
54.32545201668984 -6.177108878540707 2.5820815576483414
54.82614742698192 -6.266909589129746 2.6085505736832983
55.326842837274 -6.356215493746891 2.6348069210499627
55.82753824756605 -6.445027400712357 2.660851151029947
56.328233657858135 -6.53334611834638 2.686683814904865
56.82892906815022 -6.621172454969166 2.712305463956331
57.32962447844227 -6.708507218900946 2.7377166494659564
57.83031988873435 -6.79535121846194 2.7629179227153555
58.33101529902643 -6.881705261972364 2.7879098349861415
58.831710709318486 -6.9675701577524425 2.812692937559926
59.33240611961057 -7.052946714122399 2.8372677817183254
59.83310152990265 -7.137835739402448 2.8616349187429506
60.3337969401947 -7.222238041912815 2.885794899915415
60.834492350486784 -7.3061544299737236 2.909748276517333
61.335187760778865 -7.38958571190539 2.9334955998303167
61.83588317107092 -7.472532696028036 2.957037421135979
62.336578581363 -7.554996190661882 2.9803742917159353
62.83727399165508 -7.636977004127155 3.0035067628517975
63.337969401947134 -7.718475944744071 3.0264353858251773
63.838664812239216 -7.799493820832849 3.0491607119176907
64.3393602225313 -7.880031440713719 3.07168329241095
64.84005563282335 -7.960089612706891 3.0940036785865663
65.34075104311543 -8.039669145132592 3.116122421726156
65.84144645340751 -8.118770846311044 3.1380400731113314
66.34214186369957 -8.197395524562467 3.159757184023703
66.84283727399165 -8.275543988207078 3.1812743057448882
67.34353268428373 -8.353217045565104 3.202591989556498
67.84422809457581 -8.430415504956766 3.2237107867401464
68.34492350486786 -8.507140174702277 3.244631248577446
68.84561891515995 -8.583391863121868 3.2653539263500093
69.34631432545203 -8.65917137853576 3.285879371339451
69.84700973574408 -8.73447952926416 3.306208134827383
70.34770514603616 -8.809317123627306 3.326340768095421
70.84840055632824 -8.883684969945413 3.346277822425175
71.3490959666203 -8.957583876538695 3.3660198490982607
71.84979137691238 -9.031014651727386 3.385567399396291
72.35048678720446 -9.1039781038317 3.4049210246008785
72.85118219749651 -9.176475041171852 3.424081275993635
73.3518776077886 -9.248506272068076 3.443048704856177
73.85257301808068 -9.320072604840586 3.4618238624701148
74.35326842837273 -9.391174847809598 3.4804073001170623
74.85396383866481 -9.461813809295347 3.498799569078635
75.35465924895689 -9.531990297618044 3.517001220636444
75.85535465924895 -9.601705121097908 3.5350128060721007
76.35605006954103 -9.67095908805517 3.552834876667222
76.85674547983308 -9.739753006810034 3.5704679837034217
77.35744089012519 -9.808087685682747 3.5879126784623097
77.85813630041724 -9.875963932993507 3.6051695122255003
78.3588317107093 -9.943382557062542 3.622239036274606
78.8595271210014 -10.010344366210084 3.6391218018912435
79.36022253129346 -10.076850168756337 3.6558183603570216
79.86091794158551 -10.14290077302153 3.6723292629535544
80.36161335187762 -10.208496987325887 3.6886550609624598
80.86230876216968 -10.273639619989623 3.7047963056653446
81.36300417246173 -10.338329479332963 3.7207535483438265
81.86369958275384 -10.402567373676131 3.7365273402795163
82.36439499304589 -10.466354111339342 3.7521182327540297
82.86509040333794 -10.529690500642815 3.7675267770489755
83.36578581363005 -10.59257734990678 3.7827535244459733
83.86648122392211 -10.655015467451452 3.7977990262266292
84.36717663421416 -10.71700566159705 3.81266383367256
84.86787204450627 -10.778548740663808 3.8273484980653825
85.36856745479832 -10.83964551297193 3.8418535706867036
85.86926286509038 -10.900296786841643 3.8561796028181403
86.36995827538249 -10.96050337059318 3.870327145741304
86.87065368567454 -11.020266072546747 3.8842967507378114
87.3713490959666 -11.079585701022566 3.8980889690892697
87.8720445062587 -11.138463064340868 3.9117043520772983
88.37273991655076 -11.196898970821863 3.925143450983506
88.87343532684281 -11.25489422878578 3.938406817089507
89.37413073713492 -11.312449646552839 3.9514950016769186
89.87482614742697 -11.369566032443252 3.9644085560273465
90.37552155771903 -11.426244194777254 3.97714803142241
90.87621696801114 -11.482484941875065 3.9897139791437226
91.37691237830319 -11.538289082056892 4.002106950472892
91.87760778859524 -11.593657423642966 4.014327496691537
92.37830319888735 -11.648590774953512 4.026376169081268
92.8789986091794 -11.703089944308743 4.0382535189237005
93.37969401947146 -11.757155740028878 4.049960097500443
93.88038942976357 -11.810788970434153 4.061496456093115
94.38108484005562 -11.863990443844774 4.072863145983325
94.88178025034773 -11.91676096858097 4.084060718452689
95.38247566063978 -11.969101352962959 4.0950897247828175
95.88317107093184 -12.021012405310955 4.105950716255325
96.38386648122395 -12.072494933945197 4.116644244151827
96.884561891516 -12.12354974718589 4.127170859753933
97.38525730180805 -12.174177653353262 4.13753111434326
97.88595271210016 -12.224379460767537 4.147725559201417
98.38664812239222 -12.274155977748926 4.157754745610022
98.88734353268427 -12.323508012617658 4.167619224850683
99.38803894297638 -12.372436373693958 4.177319548205019
99.88873435326843 -12.420941869298034 4.186856266954638
100.38942976356049 -12.469025307750112 4.196229932381155
100.8901251738526 -12.516687497370427 4.2054410957661865
101.39082058414465 -12.563929246479177 4.21449030839134
101.8915159944367 -12.610751363396595 4.223378121538233
102.39221140472881 -12.657154656442913 4.2321050864884775
102.89290681502086 -12.703139933938331 4.240671754523687
103.39360222531292 -12.748708004203081 4.249078676925473
103.89429763560503 -12.793859675557385 4.2573264049754505
104.39499304589708 -12.838595756321464 4.265415489955232
104.89568845618913 -12.882917054815529 4.2733464831464305
105.39638386648124 -12.926824379359818 4.281119935830662
105.8970792767733 -12.97031853827454 4.288736399289537
106.39777468706535 -13.013400339879919 4.296196424804667
106.89847009735746 -13.056070592496177 4.30350056365767
107.39916550764951 -13.098330104443534 4.310649367130155
107.89986091794157 -13.14017968404221 4.317643386503739
108.40055632823368 -13.181620139612438 4.324483173060031
108.90125173852573 -13.222652279474417 4.331169278080648
109.40194714881778 -13.263276911948381 4.337702252847201
109.90264255910989 -13.303494845354564 4.344082648641306
110.40333796940195 -13.343306888013156 4.3503110167445715
110.904033379694 -13.3827138482444 4.356387908438613
111.40472878998611 -13.42171653436851 4.362313875005047
111.90542420027816 -13.460315754705718 4.368089467725481
112.40611961057022 -13.498512317576228 4.373715237881532
112.90681502086233 -13.536307031300272 4.379191736754812
113.40751043115438 -13.573700704198075 4.384519515626937
113.90820584144643 -13.610694144589843 4.389699125779514
114.40890125173854 -13.647288160795807 4.394731118494163
114.9095966620306 -13.683483561136192 4.399616045052492
115.41029207232265 -13.71928115393121 4.404354456736118
115.91098748261476 -13.754681747501085 4.408946904826652
116.41168289290681 -13.789686150166045 4.413393940605707
116.91237830319886 -13.824295170246302 4.417696115354901
117.41307371349097 -13.858509616062072 4.42185398035584
117.91376912378303 -13.8923302959336 4.425868086890142
118.41446453407508 -13.925758018181082 4.4297389862394185
118.91515994436719 -13.95879359112475 4.4334672296852835
119.41585535465924 -13.991437823084826 4.437053368509349
119.9165507649513 -14.023691522381526 4.440497953993228
120.4172461752434 -14.055555497335071 4.443801537418538
120.91794158553546 -14.087030556265695 4.446964670066887
121.41863699582751 -14.118117507493597 4.44998790321989
121.91933240611962 -14.148817159339014 4.452871788159162
122.42002781641168 -14.17913032012217 4.455616876166313
122.92072322670373 -14.209057798163272 4.458223718522961
123.42141863699584 -14.238600401782548 4.460692866510713
123.92211404728789 -14.26775893930023 4.463024871411188
124.42280945757994 -14.296534219036516 4.465220284505995
124.92350486787205 -14.324927049311643 4.46727965707675
125.42420027816411 -14.352938238445827 4.469203540405064
125.92489568845616 -14.3805685947593 4.470992485772553
126.42559109874827 -14.407818926572265 4.472647044460828
126.92628650904032 -14.434690042204952 4.474167767751503
127.42698191933238 -14.461182749977588 4.47555520692619
127.92767732962449 -14.487297858210383 4.4768099132665045
128.42837273991654 -14.513036175223565 4.477932438054059
128.9290681502086 -14.538398509337355 4.4789233325704645
129.4297635605007 -14.56338566887197 4.479783148097337
129.93045897079276 -14.587998462147631 4.48051243591629
130.4311543810848 -14.61223769748457 4.481111747308933
130.93184979137692 -14.636104183202995 4.481581633556885
131.43254520166897 -14.65959872762313 4.481922645941754
131.93324061196108 -14.682722139065199 4.482135335745156
132.43393602225314 -14.705475225849423 4.482220254248701
132.9346314325452 -14.727858796296022 4.482177952734011
133.4353268428373 -14.749873658725221 4.482008982482686
133.93602225312935 -14.771520621457228 4.481713894776351
134.4367176634214 -14.792800492812276 4.481293240896611
134.93741307371351 -14.813714081110586 4.480747572125083
135.43810848400557 -14.834262194672377 4.480077439743382
135.93880389429762 -14.854445641817861 4.479283395033115
136.43949930458973 -14.874265230867284 4.478365989275905
136.94019471488178 -14.89372177014084 4.477325773753356
137.44089012517384 -14.912816067958762 4.476163299747086
137.94158553546595 -14.931548932641274 4.4748791185387065
138.442280945758 -14.949921172508589 4.473473781409832
138.94297635605005 -14.967933595880925 4.471947839642074
139.44367176634216 -14.985587011078525 4.470301844517047
139.94436717663422 -15.002882226421587 4.468536347316367
140.44506258692627 -15.019820050230337 4.466651899321641
140.94575799721838 -15.036401290825012 4.464649051814486
141.44645340751043 -15.052626756525811 4.462528356076514
141.94714881780249 -15.06849725565296 4.46029036338934
142.4478442280946 -15.084013596526695 4.457935625034577
142.94853963838665 -15.099176587467223 4.455464692293835
143.4492350486787 -15.113987036794764 4.452878116448734
143.9499304589708 -15.128445752829549 4.450176448780877
144.45062586926286 -15.142553543891793 4.447360240571888
144.95132127955492 -15.15631121830172 4.444430043103373
145.45201668984703 -15.16971958437955 4.441386407656947
145.95271210013908 -15.182779450445498 4.438229885514224
146.45340751043113 -15.195491624819791 4.4349610279568195
146.95410292072324 -15.207856915822656 4.431580386266341
147.4547983310153 -15.2198761317743 4.428088511724407
147.95549374130735 -15.231550080994953 4.424485955612629
148.45618915159946 -15.242879571804842 4.420773269212618
148.9568845618915 -15.253865412524174 4.416951003805994
149.45757997218357 -15.264508411473177 4.413019710674361
149.95827538247568 -15.274809376972076 4.408979941099338
150.45897079276773 -15.284769117341085 4.404832246362534
150.95966620305978 -15.294388440900427 4.400577177745569
151.4603616133519 -15.303668155970328 4.396215286530048
151.96105702364395 -15.312609070871002 4.391747123997596
152.461752433936 -15.32121199392267 4.387173241429816
152.9624478442281 -15.329477733445568 4.3824941901083205
153.46314325452016 -15.337407097759897 4.37771052131473
153.96383866481222 -15.34500089518589 4.372822786330652
154.46453407510432 -15.352259934043765 4.3678315364377065
154.96522948539638 -15.359185022653737 4.362737322917494
155.46592489568843 -15.365776969336036 4.357540697051641
155.96662030598054 -15.372036582410885 4.352242210121752
156.4673157162726 -15.377964670198494 4.34684241340945
156.96801112656465 -15.38356204101909 4.34134185819634
157.46870653685676 -15.388829503192898 4.335741095764033
157.9694019471488 -15.39376786504014 4.330040677394151
158.47009735744086 -15.398377934881026 4.324241154368299
158.97079276773297 -15.402660521035784 4.318343077968097
159.47148817802503 -15.40661643182463 4.312346999475152
159.97218358831708 -15.410246475567796 4.306253470171083
160.4728789986092 -15.413551460585502 4.300063041337498
160.97357440890124 -15.416532195197952 4.293776264256016
161.4742698191933 -15.419189487725383 4.287393690208249
161.9749652294854 -15.421524146488018 4.280915870475803
162.47566063977746 -15.423536979806066 4.2743433563403
162.9763560500695 -15.425228795999757 4.267676699083347
163.47705146036162 -15.426600403389301 4.260916449986561
163.97774687065368 -15.427652610294942 4.2540631603315555
164.47844228094573 -15.428386225036874 4.247117381399939
164.97913769123784 -15.428802055935336 4.240079664473332
165.4798331015299 -15.42890091131055 4.232950560833346
165.98052851182194 -15.428683599482724 4.225730621761591
166.48122392211405 -15.42815092877208 4.218420398539677
166.9819193324061 -15.427303707498854 4.211020442449226
167.48261474269816 -15.426142743983249 4.203531304771842
167.98331015299027 -15.4246688465455 4.1959535367891485
168.48400556328232 -15.42288282350583 4.188287689782748
168.98470097357443 -15.420785483184446 4.180534315034266
169.4853963838665 -15.418377633901578 4.172693963825304
169.98609179415854 -15.415660083977446 4.164767187437481
170.48678720445065 -15.41263364173227 4.15675453715241
170.9874826147427 -15.40929911548627 4.148656564251705
171.48817802503476 -15.40565731355968 4.140473820016978
171.98887343532687 -15.401709044272696 4.132206855729838
172.48956884561892 -15.397455115945554 4.123856222671907
172.99026425591097 -15.392896336898481 4.1154224721247905
173.49095966620308 -15.388033515451685 4.106906155370102
173.99165507649514 -15.382867459925393 4.098307823689463
174.4923504867872 -15.377398978639839 4.089628028364481
174.9930458970793 -15.371628879915217 4.080867320676762
175.49374130737135 -15.365557972071763 4.072026251907933
175.9944367176634 -15.359187063429708 4.063105373339604
176.49513212795551 -15.352516962309252 4.054105236253377
176.99582753824757 -15.345548477030633 4.04502639193088
177.49652294853962 -15.338282415914055 4.0358693916537165
177.99721835883173 -15.330719587279766 4.026634786703506
178.49791376912378 -15.322860799447962 4.017323128361855
178.99860917941584 -15.314706860738866 4.007934967910381
179.49930458970795 -15.306258579472722 3.9984708566306972
180.0 -15.297516763969725 3.988931345804416
