Polar data for a18sm at Re = 208571.42857142858
Alpha (deg) Cl Cd
-180.0 -13.076257124925043 1.733009376017339
-179.49930458970792 -13.080507222100831 1.7287085797599504
-178.99860917941587 -13.084527799796863 1.7243782748693626
-178.49791376912378 -13.088318818544053 1.7200186861436588
-177.9972183588317 -13.091880238873316 1.7156300383809224
-177.49652294853965 -13.095212021315564 1.7112125563792384
-176.99582753824757 -13.09831412640171 1.7067664649366874
-176.4951321279555 -13.101186514662679 1.702291988851357
-175.99443671766343 -13.10382914662937 1.697789352921327
-175.49374130737135 -13.106241982832707 1.6932587819446834
-174.99304589707927 -13.108424983803609 1.6887005007195093
-174.49235048678722 -13.110378110072986 1.6841147340438871
-173.99165507649514 -13.112101322171746 1.6795017067159037
-173.49095966620305 -13.11359458063081 1.674861643533637
-172.990264255911 -13.114857845981085 1.6701947692951755
-172.48956884561892 -13.1158910787535 1.6655013087986008
-171.98887343532684 -13.116694239478964 1.6607814868419988
-171.48817802503476 -13.117267288688382 1.6560355282234474
-170.9874826147427 -13.117610186912685 1.651263657741037
-170.48678720445062 -13.117722894682768 1.6464661001928471
-169.98609179415854 -13.117605372529564 1.641643080376964
-169.4853963838665 -13.117257580983974 1.636794823091468
-168.9847009735744 -13.11667948057692 1.6319215531344442
-168.48400556328232 -13.115871031839315 1.6270234953039768
-167.98331015299027 -13.114832195302071 1.62210087439815
-167.4826147426982 -13.113562931496105 1.6171539152150434
-166.9819193324061 -13.112063200952335 1.6121828425527465
-166.48122392211405 -13.110332964201664 1.6071878812093399
-165.98052851182197 -13.108372181775021 1.602169255982905
-165.4798331015299 -13.106180814203313 1.5971271916715297
-164.97913769123784 -13.103758822017461 1.5920619130732945
-164.47844228094576 -13.101106165748366 1.5869736449862835
-163.97774687065368 -13.098222805926952 1.58186261220858
-163.47705146036162 -13.09510870308413 1.5767290395382698
-162.97635605006954 -13.091763817750817 1.5715731517734355
-162.47566063977746 -13.088188110457931 1.566395173712162
-161.9749652294854 -13.084381541736377 1.5611953301525272
-161.47426981919332 -13.080344072117075 1.555973845892618
-160.97357440890124 -13.076075662130947 1.550730945730523
-160.4728789986092 -13.0715762723089 1.5454668544643182
-159.9721835883171 -13.066845863181847 1.5401817968920914
-159.47148817802503 -13.061884395280703 1.534875997811925
-158.97079276773297 -13.056691829136383 1.5295496820219032
-158.4700973574409 -13.051268125279805 1.5242030743201092
-157.9694019471488 -13.045613244241878 1.5188363995046261
-157.46870653685676 -13.039727146553517 1.5134498823735374
-156.96801112656468 -13.033609792745647 1.508043747724928
-156.4673157162726 -13.027261143349172 1.5026182203568794
-155.96662030598054 -13.020681158895016 1.4971735250674794
-155.46592489568846 -13.01386979991408 1.4917098866548084
-154.96522948539638 -13.006827026937284 1.4862275299169472
-154.46453407510432 -12.999552800495543 1.4807266796519851
-153.96383866481224 -12.992047081119775 1.475207560658001
-153.46314325452016 -12.98430982934089 1.469670397733081
-152.9624478442281 -12.976341005689807 1.4641154156753107
-152.46175243393603 -12.968140570697436 1.458542839282769
-151.96105702364395 -12.959708484894698 1.4529528933535438
-151.4603616133519 -12.951044708812503 1.4473458026857138
-150.9596662030598 -12.942149202981767 1.4417217920773693
-150.45897079276773 -12.9330219279334 1.4360810863265865
-149.95827538247568 -12.923662844198319 1.430423910231454
-149.4575799721836 -12.914071912307438 1.4247504885900533
-148.9568845618915 -12.904249092791677 1.4190610462004685
-148.45618915159943 -12.894194346181944 1.4133558078607837
-147.95549374130738 -12.883907633009159 1.4076349983690832
-147.4547983310153 -12.87338891380423 1.4018988425234475
-146.95410292072324 -12.862638149098085 1.3961475651219626
-146.45340751043116 -12.851655299421623 1.3903813909627134
-145.95271210013908 -12.840440325305757 1.384600544843778
-145.452016689847 -12.82899318728142 1.3788052515632474
-144.95132127955495 -12.817313845879507 1.3729957359192007
-144.45062586926286 -12.805402261630945 1.367172222709721
-143.94993045897078 -12.79325839506664 1.3613349367328933
-143.44923504867873 -12.780882206717514 1.3554841027868
-142.94853963838665 -12.76827365711448 1.3496199456695326
-142.44784422809457 -12.755432706788454 1.3437426901791625
-141.9471488178025 -12.742359316270349 1.3378525611137766
-141.44645340751043 -12.729053446091076 1.3319497832714635
-140.94575799721835 -12.715515056781548 1.326034581450302
-140.44506258692627 -12.701744108872678 1.320107180448379
-139.94436717663422 -12.6877405628954 1.3141678050637786
-139.44367176634213 -12.67350437938061 1.3082166800945796
-138.94297635605005 -12.659035518859227 1.3022540303388705
-138.442280945758 -12.644333941862158 1.2962800805947303
-137.94158553546592 -12.629399608920334 1.2902950556602475
-137.44089012517384 -12.61423248056466 1.2842991803335018
-136.94019471488178 -12.598832517326045 1.2782926794125782
-136.4394993045897 -12.583199679735419 1.2722757776955618
-135.93880389429762 -12.567333928323677 1.2662486999805331
-135.43810848400557 -12.55123522362176 1.260211671065579
-134.9374130737135 -12.534903526160555 1.254164915748781
-134.4367176634214 -12.518338796470989 1.2481086588282224
-133.93602225312935 -12.501540995083978 1.2420431251019863
-133.43532684283727 -12.484510082530427 1.2359685393681605
-132.9346314325452 -12.467246019341264 1.2298851264248238
-132.43393602225314 -12.4497487660474 1.2237931110700622
-131.93324061196105 -12.43201828317974 1.217692718101958
-131.43254520166897 -12.414054531269208 1.2115841723185952
-130.93184979137692 -12.395857470846725 1.2054676985180608
-130.43115438108484 -12.377427062443186 1.199343521498431
-129.93045897079276 -12.35876326658952 1.193211866057796
-129.4297635605007 -12.339866043816635 1.1870729569942373
-128.92906815020862 -12.320735354655447 1.1809270191058356
-128.42837273991654 -12.301371159636876 1.1747742771906822
-127.92767732962449 -12.28177341929183 1.1686149560468522
-127.4269819193324 -12.261942094151227 1.1624492804724316
-126.92628650904032 -12.241877144745978 1.156277475265508
-126.42559109874827 -12.221578531607008 1.1500997652241605
-125.92489568845619 -12.201046215265219 1.1439163751464747
-125.42420027816411 -12.180280156251527 1.1377275298305332
-124.92350486787205 -12.159280315096847 1.1315334540744164
-124.42280945757997 -12.1380466523321 1.1253343726762175
-123.92211404728789 -12.116579128488201 1.1191305104340117
-123.42141863699584 -12.094877704096053 1.112922092145885
-122.92072322670376 -12.07294233968658 1.106709342609923
-122.42002781641168 -12.050772995790698 1.1004924866242032
-121.91933240611961 -12.02836963293932 1.0942717489868166
-121.41863699582754 -12.005732211663357 1.0880473544958438
-120.91794158553546 -11.98286069249372 1.0818195279493654
-120.41724617524339 -11.959755035961326 1.0755884941454692
-119.91655076495132 -11.936415202597097 1.0693544778822357
-119.41585535465924 -11.912841152931946 1.0631177039577526
-118.91515994436718 -11.889032847496775 1.0568783971701006
-118.41446453407511 -11.864990246822515 1.0506367823173637
-117.91376912378303 -11.840713311440073 1.0443930841976243
-117.41307371349096 -11.81620200188037 1.0381475276089684
-116.91237830319889 -11.791456278674307 1.0319003373494766
-116.41168289290681 -11.766476102352804 1.0256517382172348
-115.91098748261474 -11.741261433446777 1.019401955010327
-115.41029207232268 -11.715812232487146 1.0131512125268376
-114.9095966620306 -11.690128460004818 1.0068997355648452
-114.40890125173853 -11.664210076530711 1.0006477489224395
-113.90820584144646 -11.638057042595737 0.9943954773976972
-113.40751043115438 -11.611669318730812 0.9881431457887045
-112.90681502086231 -11.585046865466854 0.9818909788935509
-112.40611961057024 -11.558189643334774 0.9756392015103151
-111.90542420027816 -11.531097612865484 0.9693880384370795
-111.4047287899861 -11.50377073458991 0.9631377144719336
-110.90403337969401 -11.476208969038947 0.9568884544129509
-110.40333796940195 -11.448412276743536 0.9506404830582226
-109.90264255910988 -11.42038061823456 0.944394025205831
-109.4019471488178 -11.392113954042955 0.9381493056538587
-108.90125173852573 -11.363612244699631 0.9319065492003914
-108.40055632823366 -11.334875450735506 0.925665980643508
-107.89986091794158 -11.305903532681484 0.9194278247812945
-107.39916550764951 -11.276696451068489 0.9131923064118385
-106.89847009735745 -11.247254166427435 0.9069596503332188
-106.39777468706536 -11.217576639289224 0.9007300813435196
-105.8970792767733 -11.187663830184793 0.8945038242408251
-105.39638386648123 -11.157515699645039 0.8882811038232193
-104.89568845618915 -11.127132208200884 0.8820621448887848
-104.39499304589708 -11.096513316383238 0.875847172235609
-103.89429763560501 -11.065658984723015 0.8696364106617728
-103.39360222531293 -11.034569173751134 0.8634300849653583
-102.89290681502086 -11.003243843998508 0.8572284199444463
-102.3922114047288 -10.971682955996059 0.8510316403971298
-101.89151599443672 -10.93988647027468 0.8448399711214786
-101.39082058414465 -10.907854347365316 0.8386536369155929
-100.89012517385257 -10.87558654779885 0.8324728625775445
-100.3894297635605 -10.843083032106222 0.826297872905421
-99.88873435326843 -10.810343760818334 0.8201288926973048
-99.38803894297635 -10.777368694466102 0.8139661467512801
-98.88734353268428 -10.744157793580435 0.8078098598654327
-98.38664812239222 -10.710711018692262 0.8016602568378416
-97.88595271210013 -10.677028330332483 0.7955175624665961
-97.38525730180807 -10.64310968903203 0.7893820015497751
-96.884561891516 -10.608955055321807 0.7832537988854628
-96.38386648122392 -10.574564389732707 0.7771331792717414
-95.88317107093185 -10.53993765279569 0.7710203675066988
-95.38247566063978 -10.505074805041637 0.764915588388419
-94.8817802503477 -10.469975807001468 0.7588190667149773
-94.38108484005564 -10.434640619206107 0.7527310272844668
-93.88038942976357 -10.399069202186457 0.7466516948949681
-93.37969401947149 -10.363261516473436 0.7405812943445599
-92.87899860917942 -10.32721752259797 0.7345200504313353
-92.37830319888734 -10.290937181090964 0.7284681879533678
-91.87760778859527 -10.254420452483327 0.7224259317087486
-91.3769123783032 -10.21766729730599 0.7163935064955583
-90.87621696801112 -10.180677676089843 0.7103711371118776
-90.37552155771905 -10.143451549365828 0.7043590483557959
-89.87482614742699 -10.105988877664835 0.6983574650253938
-89.3741307371349 -10.068289621517792 0.6923666119187554
-88.87343532684284 -10.03035374145562 0.6863867138339631
-88.37273991655077 -9.992181198009213 0.6804179955691011
-87.87204450625869 -9.95377195170952 0.6744606819222553
-87.37134909596662 -9.915125963087405 0.6685149976914991
-86.87065368567455 -9.876243192673826 0.6625811676749346
-86.36995827538247 -9.837123600999682 0.6566594166706298
-85.8692628650904 -9.79776714859588 0.6507499694766742
-85.36856745479834 -9.75817379599335 0.6448530508911502
-84.86787204450626 -9.718343503722991 0.6389688857121455
-84.36717663421419 -9.678276232315731 0.6330976987377354
-83.86648122392211 -9.637971942302485 0.6272397147660128
-83.36578581363004 -9.597430594214153 0.6213951585950513
-82.86509040333797 -9.556652148581662 0.615564255022944
-82.36439499304589 -9.515636565935921 0.6097472288477696
-81.86369958275382 -9.47438380680785 0.6039443048676104
-81.36300417246176 -9.43289383172835 0.5981557078805525
-80.86230876216968 -9.391166601228349 0.5923816626846782
-80.36161335187761 -9.349202075838768 0.5866223940780751
-79.86091794158554 -9.307000216090493 0.5808781268588222
-79.36022253129346 -9.264560982514475 0.5751490858250053
-78.85952712100139 -9.221884335641604 0.5694354957747069
-78.35883171070932 -9.17897023600279 0.5637375815060074
-77.85813630041724 -9.135818644128967 0.5580555678169982
-77.35744089012518 -9.09242952055105 0.552389679505758
-76.85674547983311 -9.048802825799932 0.5467401413703658
-76.35605006954103 -9.004938520406554 0.5411071782089144
-75.85535465924896 -8.960836564901804 0.5354910148194828
-75.35465924895689 -8.916496919816616 0.5298918760001551
-74.85396383866481 -8.871919545681891 0.5243099865490154
-74.35326842837274 -8.827104403028557 0.5187455712641479
-73.85257301808066 -8.78205145238752 0.5131988549436332
-73.3518776077886 -8.736760654289704 0.5076700623855589
-72.85118219749653 -8.691231969266006 0.5021594183880022
-72.35048678720445 -8.645465357847343 0.49666714774905596
-71.84979137691238 -8.599460780564655 0.49119347526679735
-71.34909596662031 -8.55321819794883 0.4857386257393087
-70.84840055632823 -8.506737570530795 0.4803028239646777
-70.34770514603616 -8.460018858841465 0.4748862947409921
-69.8470097357441 -8.413062023411733 0.46948926286632
-69.34631432545201 -8.365867024772548 0.46411195313875975
-68.84561891515995 -8.318433823454804 0.458754590356392
-68.34492350486788 -8.270762379989428 0.4534173993172973
-67.8442280945758 -8.222852654907307 0.4481006048195598
-67.34353268428373 -8.17470460873939 0.44280443166126193
-66.84283727399166 -8.126318202016563 0.43752910464049133
-66.34214186369958 -8.077693395269755 0.4322748485553286
-65.84144645340751 -8.02883014902988 0.42704188820385613
-65.34075104311543 -7.979728423827851 0.4218304483841616
-64.84005563282336 -7.930388180194591 0.4166407538943292
-64.3393602225313 -7.880809378660999 0.41147302953243414
-63.838664812239216 -7.830991979758004 0.40632750009656593
-63.33796940194715 -7.780935944016505 0.40120439038481404
-62.83727399165508 -7.730641231967432 0.3961039251952484
-62.336578581363 -7.680107804141684 0.39102632932596204
-61.83588317107093 -7.62933562107019 0.3859718275750391
-61.335187760778865 -7.578324643283864 0.38094064474055844
-60.834492350486784 -7.527074831313605 0.37593300562060594
-60.333796940194716 -7.475586145690343 0.37094913501326754
-59.83310152990265 -7.423858546944992 0.36598925771662205
-59.33240611961057 -7.371891995608458 0.36105359852875896
-58.8317107093185 -7.3196864522116485 0.3561423822477535
-58.33101529902643 -7.267241877285507 0.3512558336716952
-57.83031988873435 -7.214558231360925 0.3463941775986682
-57.329624478442284 -7.1616354749688185 0.34155763882675305
-56.82892906815022 -7.1084735686401075 0.33674644215403393
-56.328233657858135 -7.055072472905707 0.33196081237859676
-55.82753824756607 -7.001432148296523 0.32720097429852213
-55.326842837273986 -6.947552555343492 0.32246715271189597
-54.82614742698192 -6.8934336545775 0.3177595724168042
-54.32545201668985 -6.839075406529467 0.3130784582113185
-53.82475660639777 -6.78447777173033 0.3084240348935373
-53.3240611961057 -6.729640710710989 0.3037965272615376
-52.823365785813635 -6.674564184002342 0.29919616011340355
-52.322670375521554 -6.6192481521353415 0.2946231582472193
-51.82197496522949 -6.563692575640864 0.29007774646106366
-51.321279554937405 -6.507897415049847 0.2855601495530261
-50.82058414464535 -6.451862630893196 0.2810705923211926
-50.31988873435327 -6.3955881837018325 0.27660929956363833
-49.81919332406119 -6.339074034006664 0.2721764960784546
-49.318497913769136 -6.282320142338612 0.2677724066637185
-48.817802503477054 -6.225326469228584 0.26339725611751585
-48.31710709318497 -6.168092975207479 0.2590512692379344
-47.81641168289292 -6.110619620806254 0.25473467082305123
-47.31571627260084 -6.052906366555796 0.25044768567095754
-46.81502086230876 -5.994953172987017 0.24619053857972506
-46.3143254520167 -5.936760000630841 0.24196345434744682
-45.81363004172462 -5.87832681001818 0.2377666577722105
-45.31293463143254 -5.819653561679942 0.2336003736520914
-44.81223922114049 -5.760740216147042 0.2294648267851701
-44.311543810848406 -5.701586733950421 0.22536024196954318
-43.810848400556324 -5.642193075620945 0.2212868440032788
-43.31015299026427 -5.582559201689584 0.21724485768447177
-42.80945757997219 -5.522685072687196 0.2132345078112009
-42.30876216968011 -5.4625706491447446 0.20925601918155212
-41.808066759388026 -5.402215891593102 0.20530961659360603
-41.30737134909597 -5.341620760563231 0.20139552484544676
-40.80667593880389 -5.280785216586004 0.19751396873516558
-40.30598052851181 -5.21970922019235 0.1936651730608342
-39.80528511821976 -5.158392731913203 0.1898493626205474
-39.304589707927676 -5.096835712279436 0.18606676221237695
-38.803894297635594 -5.035038121821991 0.18231759663441582
-38.30319888734354 -4.972999921071789 0.1786020906847411
-37.80250347705146 -4.910721070559731 0.17492046916144222
-37.30180806675938 -4.848201530816716 0.1712729568625998
-36.801112656467325 -4.785441262373709 0.16765977858629977
-36.30041724617524 -4.722440225761574 0.16408115913062093
-35.79972183588316 -4.6591983815112386 0.16053732329364923
-35.29902642559111 -4.5957156901536464 0.15702849587347056
-34.79833101529903 -4.531992112219655 0.15355490166816732
-34.297635605006946 -4.468027608240227 0.15011676547582187
-33.79694019471489 -4.403822138746278 0.14671431209451657
-33.29624478442281 -4.339375664268687 0.14334776632233737
-32.79554937413073 -4.274688145338388 0.1400173529573684
-32.294853963838676 -4.209759542486317 0.13672329679769202
-31.794158553546595 -4.1445898162433465 0.13346582264138884
-31.293463143254513 -4.0791789271404255 0.13024515528655012
-30.79276773296246 -4.013526835708447 0.12706151953125644
-30.29207232267038 -3.947633502478333 0.1239151401735884
-29.791376912378297 -3.8814988879809964 0.12080624201162482
-29.290681502086244 -3.8151229527473736 0.11773504984346406
-28.789986091794162 -3.748505657308329 0.11470178846717427
-28.28929068150208 -3.681646962194819 0.11170668268084849
-27.788595271210028 -3.6145468279377657 0.10874995728257086
-27.287899860917946 -3.5472052150680473 0.10583183707041843
-26.787204450625865 -3.4796220841165924 0.10295254684247712
-26.28650904033381 -3.4117973956143364 0.10011231139683463
-25.78581363004173 -3.343731110092158 0.09731135553157333
-25.28511821974965 -3.275423188081 0.09454990404477026
-24.784422809457595 -3.2068735901117766 0.09182818173451845
-24.283727399165514 -3.1380822767153664 0.0891464133988914
-23.783031988873432 -3.0690492084227263 0.08650482383598213
-23.28233657858135 -2.9997743457647563 0.08390363784387123
-22.781641168289298 -2.9302576492723706 0.08134308022063397
-22.280945757997216 -2.8604990794764764 0.07882337576436871
-21.780250347705135 -2.790498596908002 0.07634474927315071
-21.27955493741308 -2.7202561620978547 0.07390742554506413
-20.778859527121 -2.6497717355769415 0.07151162937818956
-20.27816411682892 -2.5790452778761908 0.06915758557061824
-19.777468706536865 -2.5080767495265097 0.06684551892042723
-19.276773296244784 -2.4368661110588055 0.06457565422570422
-18.776077885952702 -2.3654133230040135 0.06234821628452625
-18.27538247566065 -2.293718345893034 0.06016342989498458
-17.774687065368568 -2.2217811402567738 0.05802151985516335
-17.273991655076486 -2.1496016666261686 0.055922710963137834
-16.773296244784433 -2.0771798855321184 0.05386722801699573
-16.27260083449235 -2.0045157575055375 0.05185529581482473
-15.77190542420027 -1.9316092430773542 0.049887139154703664
-15.271210013908217 -1.8584603027784543 0.04796298283471845
-14.770514603616135 -1.7850688971397806 0.04608305165294968
-14.269819193324054 -1.71143498669224 0.04424757040748506
-13.769123783032 -1.637558531966754 0.04245676389640518
-13.268428372739919 -1.5634394934942013 0.04071085691779419
-12.767732962447838 -1.4890778318055458 0.03901007426973624
-12.267037552155784 -1.4144735074316732 0.03735464075031547
-11.766342141863703 -1.339626480903498 0.035744781157610706
-11.265646731571621 -1.2645367127519482 0.03418072028971497
-10.764951321279568 -1.1892041635079313 0.032662682944703536
-10.264255910987487 -1.1136287937023543 0.03119089392066232
-9.763560500695405 -1.0378105638661386 0.029765578015677252
-9.262865090403352 -0.9617494345302124 0.028386960027828922
-8.76216968011127 -0.8854453662254618 0.027055264755205033
-8.261474269819189 -0.8088983194828363 0.025770716995882625
-7.760778859527136 -0.7321082548332147 0.024533541547947624
-7.260083449235054 -0.6550751328075255 0.023343963209489504
-6.759388038942973 -0.577798913936697 0.022202206778581757
-6.25869262865092 -0.5002795587516293 0.021108497053320963
-5.757997218358838 -0.4225170277832295 0.02006305883177706
-5.257301808066757 -0.34451128156243316 0.019066116912041298
-4.756606397774675 -0.26626228062015445 0.018117896092199604
-4.255910987482622 -0.18776998548726498 0.017218621170325465
-3.7552155771905404 -0.10903435669473582 0.01636851694451369
-3.254520166898459 -0.030055354773459886 0.015567808212843093
-2.753824756606406 0.04916705974566993 0.014816719773392495
-2.2531293463143243 0.12863292633169676 0.014115476424256701
-1.7524339360222427 0.20831251738525897 0.013458164116828916
-1.2517385257301896 0.28866870653685534 0.0127377468706537
-0.7510431154381081 0.3651004172461753 0.011618025034770513
-0.25034770514602656 0.43655062586926424 0.01051552155771904
0.25034770514602656 0.5071486787204438 0.009974770514603623
0.7510431154381081 0.5730787204450626 0.009704561891515993
1.2517385257301896 0.6336058414464545 0.009524478442280942
1.7524339360222427 0.691020166898469 0.00945
2.2531293463143243 0.7450279554937412 0.00946518776077886
2.753824756606406 0.7975515994436726 0.009601835883171074
3.254520166898459 0.8501246175243382 0.00990325452016689
3.7552155771905404 0.9020851182197495 0.010309694019471486
4.255910987482622 0.9520233657858144 0.010806383866481232
4.756606397774675 0.9992564673157152 0.011475438108483987
5.257301808066757 1.04017719054242 0.01278114047287899
5.757997218358838 1.0734894297635609 0.015223783031988913
6.258692628650891 1.1058910987482606 0.01815385257301801
6.759388038942973 1.1405090403337967 0.020879568845618895
7.260083449235054 1.1755538247566066 0.023840542420027852
7.760778859527107 1.2147791376912367 0.027001182197496438
8.261474269819189 1.2579913769123778 0.030493810848400523
8.76216968011127 1.2933339360222533 0.036073296244784496
9.262865090403324 1.3214730180806669 0.04320319888734333
9.763560500695405 1.3420742698191932 0.050354186369958205
10.264255910987487 1.3232314325452013 0.06030940194714893
10.76495132127954 1.2282152990264297 0.0647922531293464
11.265646731571621 1.1330787204450632 0.0690423226703754
11.766342141863703 1.07314645340751 0.08031015299026434
12.267037552155784 1.0092510431154365 0.09366136300417281
12.767732962447838 0.9364123783032 0.11007728789986067
13.268428372739919 0.8577341470128572 0.12819743356918611
13.769123783032 0.7792489783887455 0.14622425839381337
14.269819193324054 0.7009801860389411 0.1641467168234041
14.770514603616135 0.6229278094325212 0.181965033656044
15.271210013908217 0.5450918880385753 0.19967943368981578
15.77190542420027 0.4674724613261936 0.21729014172280203
16.27260083449235 0.3900695687644524 0.23479738255308824
16.773296244784433 0.31288324982244164 0.2522013809787572
17.273991655076486 0.23591354396925146 0.26950236179789133
17.774687065368568 0.15916049067395832 0.28670054980857607
18.27538247566065 0.08262412940565156 0.30379616980889435
18.776077885952702 0.006304499633421834 0.32078944659692865
19.276773296244784 -0.06979835917365484 0.33768060497076435
19.777468706536865 -0.14568440754648826 0.3544698697284844
20.27816411682892 -0.22135360601598864 0.371157465668171
20.778859527121 -0.2968059151130791 0.3877436175879101
21.27955493741308 -0.37204129536867026 0.40422855028578397
21.780250347705135 -0.44705970731367195 0.42061248855987554
22.280945757997216 -0.5218611114790077 0.43689565720827006
22.781641168289298 -0.5964454683955878 0.45307828102905046
23.28233657858135 -0.6708127385943223 0.469160584820299
23.783031988873432 -0.7449628826061341 0.4851427933801016
24.283727399165514 -0.8188958609619337 0.5010251315065405
24.784422809457567 -0.8926116341926318 0.5168078239976984
25.28511821974965 -0.9661101628291511 0.5324910956516613
25.78581363004173 -1.0393914074024004 0.5480751712665112
26.286509040333783 -1.1124553284432932 0.5635602756403311
26.787204450625865 -1.1853018864827498 0.5789466335712062
27.287899860917946 -1.2579310420516818 0.5942344698572194
27.78859527121 -1.330342755681 0.6094240092964535
28.28929068150208 -1.4025369879016263 0.6245154766869935
28.789986091794162 -1.4745136992444707 0.6395090968269223
29.290681502086215 -1.5462728502404448 0.6544050945143226
29.791376912378297 -1.6178144014204707 0.6692036945472798
30.29207232267038 -1.6891383133154592 0.6839051217238766
30.79276773296246 -1.7602445464563243 0.6985096008421966
31.293463143254513 -1.8311330613739778 0.7130173567003225
31.794158553546595 -1.901803818599341 0.7274286140963394
32.294853963838676 -1.9722567786633243 0.7417435978283303
32.79554937413073 -2.0424919020968386 0.7559625326943781
33.29624478442281 -2.112509149430808 0.7700856434925677
33.79694019471489 -2.18230848119614 0.784113155020982
34.297635605006946 -2.2518898579237487 0.7980452920777038
34.79833101529903 -2.321253240144554 0.8118822794608181
35.29902642559111 -2.3903985883894676 0.8256243419684083
35.79972183588316 -2.4593258631893984 0.8392717043985566
36.30041724617524 -2.5280350250752712 0.8528245915493485
36.801112656467325 -2.596526034577996 0.8662832282188665
37.30180806675938 -2.664798852228483 0.8796478392051935
37.80250347705146 -2.732853438557655 0.8929186493064148
38.30319888734354 -2.8006897540964215 0.9060958833206131
38.803894297635594 -2.868307759375693 0.9191797660458713
39.304589707927676 -2.935707414926395 0.9321705222802744
39.80528511821976 -3.0028886812794338 0.9450683768219054
40.30598052851181 -3.069851518965724 0.9578735544688469
40.80667593880389 -3.1365958885161853 0.9705862800191841
41.30737134909597 -3.20312175046173 0.983206778271
41.808066759388026 -3.269429065333267 0.9957352740223776
42.30876216968011 -3.3355177936617193 1.0081719920714014
42.80945757997219 -3.4013878959779986 1.0205171572161547
43.31015299026424 -3.4670393328130156 1.03277099425472
43.810848400556324 -3.5324720646976906 1.0449337279851827
44.311543810848406 -3.597686052162936 1.0570055832056258
44.81223922114046 -3.662681255739661 1.0689867847141312
45.31293463143254 -3.7274576359587903 1.0808775573087854
45.81363004172462 -3.7920151533512327 1.0926781257876699
46.314325452016675 -3.8563537684479 1.1043887149488683
46.81502086230876 -3.920473441779713 1.1160095495904656
47.31571627260084 -3.984374133877583 1.1275408545105448
47.81641168289289 -4.048055805272423 1.138982854507188
48.31710709318497 -4.1115184164951515 1.1503357743784814
48.817802503477054 -4.174761928076681 1.1615998389225068
49.318497913769136 -4.237786300547926 1.1727752729373484
49.81919332406119 -4.3005914944397965 1.183862301221089
50.31988873435327 -4.363177470283215 1.1948611485718135
50.82058414464535 -4.425544188609095 1.2057720397876048
51.321279554937405 -4.487691609948342 1.2165951996665458
51.82197496522949 -4.5496196948318826 1.227330853006721
52.32267037552157 -4.611328403790626 1.2379792246062147
52.82336578581362 -4.672817697355482 1.2485405392631086
53.3240611961057 -4.734087536057375 1.2590150217754874
53.824756606397784 -4.795137880427214 1.2694028969414353
54.32545201668984 -4.855968690995912 1.2797043895590337
54.82614742698192 -4.916579928294388 1.2899197244263685
55.326842837274 -4.976971552853552 1.3000491263415226
55.82753824756605 -5.037143525204318 1.3100928201025792
56.328233657858135 -5.097095805877608 1.3200510305076225
56.82892906815022 -5.156828355404331 1.3299239823547353
57.32962447844227 -5.216341134315398 1.3397119004420013
57.83031988873435 -5.2756341031417335 1.3494150095675055
58.33101529902643 -5.334707222414245 1.3590335345293294
58.831710709318486 -5.393560452663845 1.3685677001255572
59.33240611961057 -5.4521937544214545 1.3780177311542738
59.83310152990265 -5.510607088217986 1.3873838524135618
60.3337969401947 -5.56880041458435 1.3966662887015042
60.834492350486784 -5.626773694051467 1.4058652648161858
61.335187760778865 -5.684526887150248 1.4149810055556897
61.83588317107092 -5.742059954411607 1.4240137357180989
62.336578581363 -5.79937285636646 1.4329636801014978
62.83727399165508 -5.856465553545725 1.4418310635039697
63.337969401947134 -5.913338006480307 1.450616110723598
63.838664812239216 -5.969990175701131 1.4593190465584667
64.3393602225313 -6.026422021739107 1.4679400958066595
64.84005563282335 -6.082633505125145 1.4764794832662593
65.34075104311543 -6.1386245863901685 1.4849374337353503
65.84144645340751 -6.194395226065087 1.4933141720120156
66.34214186369957 -6.2499453846808155 1.5016099228943385
66.84283727399165 -6.305275022768269 1.5098249111804036
67.34353268428373 -6.3603841008583615 1.5179593616682943
67.84422809457581 -6.415272579482011 1.5260134991560936
68.34492350486786 -6.469940419170122 1.533987548441886
68.84561891515995 -6.52438758045362 1.5418817343237539
69.34631432545203 -6.578614023863418 1.5496962815997817
69.84700973574408 -6.632619709930424 1.5574314150680522
70.34770514603616 -6.686404599185558 1.5650873595266508
70.84840055632824 -6.739968652159735 1.5726643397736586
71.3490959666203 -6.793311829383866 1.5801625806071606
71.84979137691238 -6.846434091388867 1.587582306825241
72.35048678720446 -6.899335398705654 1.5949237432259822
72.85118219749651 -6.9520157118651404 1.6021871146074682
73.3518776077886 -7.00447499139824 1.6093726457677828
73.85257301808068 -7.056713197835871 1.6164805615050097
74.35326842837273 -7.108730291708939 1.6235110866172309
74.85396383866481 -7.160526233548369 1.6304644459025326
75.35465924895689 -7.2121009838850725 1.6373408641589968
75.85535465924895 -7.2634545032499584 1.6441405661847073
76.35605006954103 -7.314586752173948 1.6508637767777476
76.85674547983308 -7.365497691187954 1.6575107207362008
77.35744089012519 -7.416187280822893 1.664081622858153
77.85813630041724 -7.466655481609674 1.6705767079416844
78.3588317107093 -7.516902254079211 1.6769962007848802
78.8595271210014 -7.56692755876243 1.6833403261858249
79.36022253129346 -7.616731356190231 1.6896093089426003
79.86091794158551 -7.666313606893535 1.6958033738532912
80.36161335187762 -7.7156742714032625 1.7019227457159807
80.86230876216968 -7.764813310250318 1.7079676493287521
81.36300417246173 -7.813730683965618 1.7139383094896892
81.86369958275384 -7.862426353080087 1.7198349509968769
82.36439499304589 -7.910900278124625 1.7256577986483967
82.86509040333794 -7.959152419630156 1.7314070772423333
83.36578581363005 -8.007182738127595 1.7370830115767708
83.86648122392211 -8.05499119414785 1.742685826449791
84.36717663421416 -8.102577748221838 1.7482157466594792
84.86787204450627 -8.14994236088048 1.7536729970039189
85.36856745479832 -8.19708499265468 1.759057802281193
85.86926286509038 -8.244005604075358 1.7643703872893841
86.36995827538249 -8.290704155673435 1.7696109768265789
86.87065368567454 -8.33718060797981 1.7747797956908578
87.3713490959666 -8.38343492152541 1.7798770686803058
87.8720445062587 -8.429467056841151 1.7849030205930072
88.37273991655076 -8.475276974457936 1.7898578762270434
88.87343532684281 -8.520864634906689 1.7947418603804999
89.37413073713492 -8.566229998718322 1.7995551978514603
89.87482614742697 -8.611373026423749 1.8042981134380072
90.37552155771903 -8.656293678553881 1.8089708319382245
90.87621696801114 -8.700991915639644 1.8135735781501965
91.37691237830319 -8.745467698211938 1.8181065768720055
91.87760778859524 -8.789720986801685 1.8225700529017357
92.37830319888735 -8.833751741939803 1.8269642310374712
92.8789986091794 -8.8775599241572 1.8312893360772953
93.37969401947146 -8.921145493984792 1.8355455928192903
93.88038942976357 -8.9645084119535 1.8397332260615427
94.38108484005562 -9.007648638594228 1.8438524606021343
94.88178025034773 -9.0505661344379 1.8479035212391475
95.38247566063978 -9.093260860015423 1.8518866327706678
95.88317107093184 -9.135732775857711 1.855802019994778
96.38386648122395 -9.177981842495694 1.859649907709561
96.884561891516 -9.220008020460263 1.863430520713103
97.38525730180805 -9.261811270282351 1.8671440838034843
97.88595271210016 -9.303391552492865 1.8707908217787907
98.38664812239222 -9.34474882762272 1.8743709594371047
98.88734353268427 -9.385883056202832 1.8778847215765095
99.38803894297638 -9.426794198764117 1.881332332995091
99.88873435326843 -9.467482215837483 1.8847140184909303
100.38942976356049 -9.507947067953847 1.888030002862112
100.8901251738526 -9.548188715644134 1.8912805109067206
101.39082058414465 -9.588207119439241 1.8944657674228376
101.8915159944367 -9.628002239870096 1.897585997208548
102.39221140472881 -9.66757403746761 1.9006414250619361
102.89290681502086 -9.706922472762695 1.9036322757810833
103.39360222531292 -9.746047506286263 1.9065587741640742
103.89429763560503 -9.784949098569243 1.9094211450089933
104.39499304589708 -9.82362721014253 1.9122196131139235
104.89568845618913 -9.862081801537048 1.9149544032769472
105.39638386648124 -9.900312833283717 1.9176257402961503
105.8970792767733 -9.938320265913445 1.920233848969616
106.39777468706535 -9.976104059957144 1.9227789540954259
106.89847009735746 -10.013664175945738 1.9252612804716653
107.39916550764951 -10.051000574410129 1.9276810528964168
107.89986091794157 -10.088113215881238 1.9300384961677644
108.40055632823368 -10.125002060889987 1.9323338350837926
108.90125173852573 -10.161667069967276 1.9345672944425836
109.40194714881778 -10.19810820364403 1.9367390990422217
109.90264255910989 -10.234325422451162 1.9388494736807909
110.40333796940195 -10.270318686919582 1.9408986431563737
110.904033379694 -10.306087957580209 1.942886832267055
111.40472878998611 -10.341633194963956 1.9448142658109173
111.90542420027816 -10.376954359601736 1.9466811685860441
112.40611961057022 -10.412051412024464 1.948487765390519
112.90681502086233 -10.446924312763063 1.9502342810224271
113.40751043115438 -10.481573022348432 1.9519209402798499
113.90820584144643 -10.515997501311496 1.9535479679608727
114.40890125173854 -10.55019771018317 1.955115588863578
114.9095966620306 -10.584173609494364 1.95662402778605
115.41029207232265 -10.617925159775993 1.9580735095263728
115.91098748261476 -10.651452321558978 1.9594642588826279
116.41168289290681 -10.68475505537422 1.9607965006529016
116.91237830319886 -10.717833321752646 1.9620704596352754
117.41307371349097 -10.75068708122517 1.9632863606278335
117.91376912378303 -10.783316294322702 1.9644444284286595
118.41446453407508 -10.815720921576158 1.9655448878358377
118.91515994436719 -10.847900923516452 1.9665879636474513
119.41585535465924 -10.879856260674497 1.967573880661583
119.9165507649513 -10.911586893581209 1.968502863676318
120.4172461752434 -10.943092782767508 1.9693751374897381
120.91794158553546 -10.974373888764298 1.970190926899929
121.41863699582751 -11.0054301721025 1.9709504567049718
121.91933240611962 -11.03626159331303 1.9716539517029514
122.42002781641168 -11.066868112926798 1.9723016366919515
122.92072322670373 -11.097249691474723 1.9728937364700556
123.42141863699584 -11.127406289487716 1.9734304758353476
123.92211404728789 -11.157337867496693 1.9739120795859102
124.42280945757994 -11.187044386032568 1.9743387725198276
124.92350486787205 -11.21652580562626 1.974710779435184
125.42420027816411 -11.24578208680867 1.9750283251300624
125.92489568845616 -11.27481319011073 1.975291634402545
126.42559109874827 -11.303619076063345 1.9755009320507182
126.92628650904032 -11.332199705197432 1.9756564428726633
127.42698191933238 -11.360555038043902 1.975758391666464
127.92767732962449 -11.388685035133676 1.975807003230206
128.42837273991654 -11.416589656997663 1.9758025023619705
128.9290681502086 -11.444268864166775 1.9757451138598414
129.4297635605007 -11.471722617171938 1.9756350625219037
129.93045897079276 -11.498950876544054 1.9754725731462406
130.4311543810848 -11.525953602814045 1.9752578705309354
130.93184979137692 -11.552730756512826 1.9749911794740718
131.43254520166897 -11.579282298171307 1.9746727247737321
131.93324061196108 -11.605608188320407 1.9743027312280015
132.43393602225314 -11.631708387491035 1.973881423634963
132.9346314325452 -11.657582856214109 1.9734090267927007
133.4353268428373 -11.683231555020548 1.972885765499297
133.93602225312935 -11.708654444441255 1.9723118645528364
134.4367176634214 -11.733851485007154 1.9716875487514023
134.93741307371351 -11.758822637249157 1.971013042893078
135.43810848400557 -11.783567861698181 1.9702885717759497
135.93880389429762 -11.808087118885137 1.9695143601980964
136.43949930458973 -11.83238036934094 1.9686906329576055
136.94019471488178 -11.856447573596505 1.9678176148525575
137.44089012517384 -11.880288692182745 1.9668955306810383
137.94158553546595 -11.903903685630583 1.9659246052411312
138.442280945758 -11.927292514470919 1.964905063330919
138.94297635605005 -11.950455139234679 1.9638371297484856
139.44367176634216 -11.973391520452774 1.962721029291914
139.94436717663422 -11.99610161865612 1.9615569867592901
140.44506258692627 -12.018585394375629 1.9603452269486952
140.94575799721838 -12.040842808142216 1.9590859746582132
141.44645340751043 -12.062873820486796 1.9577794546859284
141.94714881780249 -12.084678391940283 1.956425891829923
142.4478442280946 -12.106256483033597 1.9550255108882828
142.94853963838665 -12.127608054297639 1.953578536659089
143.4492350486787 -12.14873306626334 1.9520851939404276
143.9499304589708 -12.169631479461605 1.95054570753038
144.45062586926286 -12.190303254423352 1.9489603022270314
144.95132127955492 -12.210748351679488 1.9473292028284659
145.45201668984703 -12.23096673176094 1.9456526341327631
145.95271210013908 -12.250958355198613 1.9439308209380117
146.45340751043113 -12.270723182523426 1.9421639880422923
146.95410292072324 -12.290261174266293 1.940352360243689
147.4547983310153 -12.309572290958128 1.9384961623402854
147.95549374130735 -12.328656493129843 1.9365956191301659
148.45618915159946 -12.347513741312357 1.934650955411414
148.9568845618915 -12.366143996036584 1.932662395982112
149.45757997218357 -12.384547217833433 1.9306301656403448
149.95827538247568 -12.402723367233827 1.9285544891841937
150.45897079276773 -12.42067240476867 1.9264355914117464
150.95966620305978 -12.438394290968887 1.9242736971210834
151.4603616133519 -12.45588898636539 1.9220690311102882
151.96105702364395 -12.47315645148909 1.9198218181774465
152.461752433936 -12.490196646870903 1.9175322831206403
152.9624478442281 -12.507009533041742 1.9152006507379529
153.46314325452016 -12.523595070532528 1.9128271458274693
153.96383866481222 -12.539953219874166 1.9104119931872718
154.46453407510432 -12.556083941597581 1.9079554176154438
154.96522948539638 -12.571987196233676 1.9054576439100712
155.46592489568843 -12.587662944313374 1.9029188968692345
155.96662030598054 -12.603111146367588 1.9003394012910197
156.4673157162726 -12.618331762927236 1.8977193819735092
156.96801112656465 -12.633324754523219 1.895059063714787
157.46870653685676 -12.64809008168647 1.8923586713129357
157.9694019471488 -12.662627704947889 1.889618429566041
158.47009735744086 -12.676937584838399 1.8868385632721845
158.97079276773297 -12.691019681888909 1.8840192972294503
159.47148817802503 -12.704873956630339 1.8811608562359234
159.97218358831708 -12.718500369593599 1.8782634650896854
160.4728789986092 -12.731898881309604 1.8753273485888204
160.97357440890124 -12.745069452309272 1.8723527315314126
161.4742698191933 -12.758012043123513 1.869339838715545
161.9749652294854 -12.770726614283248 1.8662888949393013
162.47566063977746 -12.783213126319383 1.8632001250007661
162.9763560500695 -12.795471539762838 1.8600737536980212
163.47705146036162 -12.807501815144526 1.8569100058291506
163.97774687065368 -12.819303912995366 1.8537091061922402
164.47844228094573 -12.830877793846266 1.8504712795853706
164.97913769123784 -12.842223418228144 1.847196750806627
165.4798331015299 -12.853340746671913 1.8438857446540942
165.98052851182194 -12.864229739708486 1.8405384859258511
166.48122392211405 -12.874890357868786 1.8371551994199855
166.9819193324061 -12.885322561683713 1.8337361099345806
167.48261474269816 -12.895526311684197 1.8302814422677187
167.98331015299027 -12.905501568401142 1.826791421217485
168.48400556328232 -12.915248292365467 1.8232662715819599
168.98470097357443 -12.924766444108085 1.8197062181592312
169.4853963838665 -12.934055984159913 1.8161114857473795
169.98609179415854 -12.943116873051865 1.8124822991444898
170.48678720445065 -12.95194907131485 1.8088188831486445
170.9874826147427 -12.96055253947979 1.8051214625579286
171.48817802503476 -12.968927238077594 1.8013902621704245
171.98887343532687 -12.977073127639178 1.7976255067842173
172.48956884561892 -12.984990168695461 1.7938274211973884
172.99026425591097 -12.992678321777355 1.7899962302080228
173.49095966620308 -13.000137547415768 1.786132158614203
173.99165507649514 -13.007367806141627 1.7822354312140147
174.4923504867872 -13.014369058485833 1.7783062728055414
174.9930458970793 -13.021141264979313 1.7743449081868619
175.49374130737135 -13.02768438615297 1.7703515621560673
175.9944367176634 -13.033998382537732 1.7663264595112356
176.49513212795551 -13.040083214664499 1.7622698250504518
176.99582753824757 -13.045938843064196 1.758181883571801
177.49652294853962 -13.051565228267734 1.7540628598733639
177.99721835883173 -13.056962330806023 1.749912978753227
178.49791376912378 -13.062130111209989 1.7457324650094712
178.99860917941584 -13.067068530010534 1.7415215434401832
179.49930458970795 -13.071777547738584 1.7372804388434444
180.0 -13.076257124925043 1.733009376017339
