Polar data for 2 at Re = 77142.85714285714
Alpha (deg) Cl Cd
-180.0 -3.7615876640197223 0.729443037176825
-179.49930458970792 -3.777758189071304 0.7277977318729942
-178.99860917941587 -3.793862755729724 0.7261411598016776
-178.49791376912378 -3.8099006346683915 0.7244733999629902
-177.9972183588317 -3.825871096560709 0.7227945313570501
-177.49652294853965 -3.8417734120800855 0.7211046329839712
-176.99582753824757 -3.8576068518999254 0.7194037838438707
-176.4951321279555 -3.873370686693633 0.7176920629368648
-175.99443671766343 -3.8890641871346183 0.7159695492630698
-175.49374130737135 -3.904686623896284 0.7142363218226013
-174.99304589707927 -3.920237267652033 0.7124924596155771
-174.49235048678722 -3.9357153890752787 0.7107380416421119
-173.99165507649514 -3.9511202588394205 0.7089731469023219
-173.49095966620305 -3.966451147617869 0.7071978543963235
-172.990264255911 -3.981707326084029 0.7054122431242329
-172.48956884561892 -3.9968880649113014 0.7036163920861667
-171.98887343532684 -4.011992634773096 0.7018103802822411
-171.48817802503476 -4.027020306342818 0.6999942867125715
-170.9874826147427 -4.041970350293873 0.698168190377275
-170.48678720445062 -4.056842037299672 0.6963321702764669
-169.98609179415854 -4.071634638033611 0.6944863054102643
-169.4853963838665 -4.086347423169104 0.6926306747787823
-168.9847009735744 -4.100979663379553 0.6907653573821382
-168.48400556328232 -4.1155306293383624 0.6888904322204483
-167.98331015299027 -4.129999591718943 0.6870059782938276
-167.4826147426982 -4.144385821194696 0.6851120746023927
-166.9819193324061 -4.158688588439029 0.6832088001462602
-166.48122392211405 -4.17290716412535 0.6812962339255464
-165.98052851182197 -4.187040818927061 0.6793744549403666
-165.4798331015299 -4.201088823517569 0.677443542190838
-164.97913769123784 -4.215050448570284 0.6755035746770759
-164.47844228094576 -4.228924964758605 0.6735546313991974
-163.97774687065368 -4.242711642755944 0.6715967913573178
-163.47705146036162 -4.256409753235703 0.6696301335515542
-162.97635605006954 -4.270018566871288 0.6676547369820216
-162.47566063977746 -4.283537354336104 0.6656706806488379
-161.9749652294854 -4.296965386303562 0.6636780435521172
-161.47426981919332 -4.310301933447065 0.661676904691977
-160.97357440890124 -4.323546266440014 0.6596673430685336
-160.4728789986092 -4.336697655955822 0.6576494376819035
-159.9721835883171 -4.349755372667891 0.6556232675322013
-159.47148817802503 -4.362718687249629 0.6535889116195441
-158.97079276773297 -4.375586870374436 0.651546448944049
-158.4700973574409 -4.388359192715725 0.6494959585058304
-157.9694019471488 -4.401034924946899 0.6474375193050059
-157.46870653685676 -4.413613337741367 0.6453712103416904
-156.96801112656468 -4.426093701772528 0.6432971106160019
-156.4673157162726 -4.438475287713794 0.6412152991280549
-155.96662030598054 -4.450757366238565 0.6391258548779672
-155.46592489568846 -4.462939208020254 0.6370288568658531
-154.96522948539638 -4.475020083732263 0.6349243840918295
-154.46453407510432 -4.486999264047997 0.6328125155560136
-153.96383866481224 -4.4988760196408615 0.6306933302585203
-153.46314325452016 -4.510649621184262 0.6285669071994666
-152.9624478442281 -4.522319339351608 0.6264333253789685
-152.46175243393603 -4.533884444816307 0.6242926637971415
-151.96105702364395 -4.54534420825176 0.622145001454103
-151.4603616133519 -4.556697900331371 0.6199904173499677
-150.9596662030598 -4.567944791728548 0.6178289904848537
-150.45897079276773 -4.579084153116703 0.6156607998588755
-149.95827538247568 -4.590115255169229 0.6134859244721509
-149.4575799721836 -4.601037368559546 0.6113044433247936
-148.9568845618915 -4.611849763961052 0.6091164354169221
-148.45618915159943 -4.6225517120471515 0.6069219797486516
-147.95549374130738 -4.633142483491255 0.6047211553200988
-147.4547983310153 -4.643621348966765 0.6025140411313796
-146.95410292072324 -4.65398757914709 0.6003007161826102
-146.45340751043116 -4.664240444705632 0.5980812594739062
-145.95271210013908 -4.674379216315803 0.595855750005384
-145.452016689847 -4.684403164651001 0.5936242667771612
-144.95132127955495 -4.6943115603846355 0.591386888789353
-144.45062586926286 -4.704103674190117 0.5891436950420748
-143.94993045897078 -4.713778776740847 0.5868947645354432
-143.44923504867873 -4.723336138710227 0.584640176269575
-142.94853963838665 -4.732775030771666 0.5823800092445868
-142.44784422809457 -4.742094723598575 0.5801143424605935
-141.9471488178025 -4.751294487864358 0.5778432549177117
-141.44645340751043 -4.760373594242415 0.5755668256160578
-140.94575799721835 -4.7693313134061555 0.5732851335557478
-140.44506258692627 -4.778166916028987 0.5709982577368982
-139.94436717663422 -4.786879672784313 0.568706277159625
-139.44367176634213 -4.795468854345536 0.5664092708240449
-138.94297635605005 -4.803933731386071 0.5641073177302733
-138.442280945758 -4.812273574579319 0.561800496878426
-137.94158553546592 -4.820487654598681 0.5594888872686206
-137.44089012517384 -4.828575242117571 0.5571725679009722
-136.94019471488178 -4.836535607809391 0.5548516177755987
-136.4394993045897 -4.844368022347544 0.5525261158926134
-135.93880389429762 -4.852071756405444 0.5501961412521343
-135.43810848400557 -4.859646080656486 0.5478617728542774
-134.9374130737135 -4.8670902657740855 0.5455230896991587
-134.4367176634214 -4.874403582431645 0.5431801707868942
-133.93602225312935 -4.881585301302566 0.5408330951176012
-133.43532684283727 -4.888634693060261 0.5384819416913944
-132.9346314325452 -4.895551028378132 0.5361267895083912
-132.43393602225314 -4.9023335779295865 0.5337677175687066
-131.93324061196105 -4.908981612388027 0.5314048048724576
-131.43254520166897 -4.915494402426868 0.5290381304197604
-130.93184979137692 -4.921871218719501 0.5266677732107319
-130.43115438108484 -4.928111331939346 0.5242938122454854
-129.93045897079276 -4.934214012759796 0.5219163265241409
-129.4297635605007 -4.940178531854272 0.5195353950468118
-128.92906815020862 -4.946004159896168 0.5171510968136162
-128.42837273991654 -4.951690167558891 0.5147635108246684
-127.92767732962449 -4.957235825515855 0.5123727160800862
-127.4269819193324 -4.962640404440453 0.5099787915799847
-126.92628650904032 -4.967903175006104 0.5075818163244807
-126.42559109874827 -4.973023407886204 0.5051818693136905
-125.92489568845619 -4.978000373754164 0.5027790295477297
-125.42420027816411 -4.982833343283385 0.5003733760267155
-124.92350486787205 -4.987521587147281 0.4979649877507624
-124.42280945757997 -4.992064376019256 0.49555394371998746
-123.92211404728789 -4.996460980572702 0.4931403229345073
-123.42141863699584 -5.000710671481046 0.4907242043944387
-122.92072322670376 -5.004812719417677 0.48830566709989603
-122.42002781641168 -5.008766395056012 0.485884790050996
-121.91933240611961 -5.012570969069447 0.48346165224785614
-121.41863699582754 -5.016225712131397 0.4810363326905914
-120.91794158553546 -5.019729894915267 0.4786089103793179
-120.41724617524339 -5.023082788094456 0.4761794643141524
-119.91655076495132 -5.026283662342372 0.4737480734952107
-119.41585535465924 -5.029331788332422 0.4713148169226094
-118.91515994436718 -5.032226436738014 0.4688797735964652
-118.41446453407511 -5.034966878232554 0.46644302251689257
-117.91376912378303 -5.037552383489441 0.4640046426840086
-117.41307371349096 -5.039982223182092 0.4615647130979304
-116.91237830319889 -5.0422556679839 0.459123312758772
-116.41168289290681 -5.044371988568283 0.4566805206666527
-115.91098748261474 -5.046330455608636 0.45423641582168567
-115.41029207232268 -5.048130339778375 0.4517910772239893
-114.9095966620306 -5.049770911750899 0.4493445838736772
-114.40890125173853 -5.051251442199614 0.44689701477086824
-113.90820584144646 -5.05257120179793 0.44444844891567775
-113.40751043115438 -5.05372946121925 0.44199896530822064
-112.90681502086231 -5.0547254911369786 0.43954864294861534
-112.40611961057024 -5.055558562224526 0.4370975608369763
-111.90542420027816 -5.0562279451552925 0.43464579797342023
-111.4047287899861 -5.056732910602683 0.43219343335806376
-110.90403337969401 -5.057072729240113 0.42974054599102224
-110.40333796940195 -5.057246671740982 0.4272872148724119
-109.90264255910988 -5.0572540087786955 0.4248335190023507
-109.4019471488178 -5.057094011026662 0.4223795373809523
-108.90125173852573 -5.056765949158286 0.4199253490083346
-108.40055632823366 -5.056269093846965 0.417471032884613
-107.89986091794158 -5.055602715766122 0.4150166680099037
-107.39916550764951 -5.054766085589147 0.41256233338432297
-106.89847009735745 -5.053758473989456 0.41010810800798786
-106.39777468706536 -5.052579151640449 0.4076540708810124
-105.8970792767733 -5.0512273892155335 0.40520030100351684
-105.39638386648123 -5.049702457388117 0.4027468773756125
-104.89568845618915 -5.048003626831604 0.4002938789974178
-104.39499304589708 -5.0461301682194 0.39784138486905035
-103.89429763560501 -5.0440813522249135 0.395389473990625
-103.39360222531293 -5.041856449521539 0.3929382253622567
-102.89290681502086 -5.0394547307827064 0.39048771798406295
-102.3922114047288 -5.036875466681799 0.3880380308561609
-101.89151599443672 -5.034117927892229 0.3855892429786641
-101.39082058414465 -5.031181385087402 0.3831414333516919
-100.89012517385257 -5.02806510894073 0.3806946809753578
-100.3894297635605 -5.0247683701256145 0.378249064849779
-99.88873435326843 -5.021290439315453 0.3758046639750717
-99.38803894297635 -5.017630587183664 0.3733615573513534
-98.88734353268428 -5.013788084403652 0.37091982397873685
-98.38664812239222 -5.009762201648815 0.3684795428573427
-97.88595271210013 -5.005552209592562 0.3660407929872836
-97.38525730180807 -5.001157378908301 0.363603653368678
-96.884561891516 -4.996576980269438 0.3611682030016408
-96.38386648122392 -4.9918102843493815 0.35873452088628693
-95.88317107093185 -4.986856561821532 0.3563026860227357
-95.38247566063978 -4.981715083359291 0.35387277741110196
-94.8817802503477 -4.976385119636076 0.35144487405149977
-94.38108484005564 -4.970865941325286 0.34901905494404933
-93.88038942976357 -4.9651568191003275 0.3465953990888638
-93.37969401947149 -4.959257023634608 0.34417398548605843
-92.87899860917942 -4.9531658256015305 0.3417548931357544
-92.37830319888734 -4.946882495674503 0.33933820103806306
-91.87760778859527 -4.94040630452693 0.3369239881931028
-91.3769123783032 -4.933736522832221 0.3345123336009895
-90.87621696801112 -4.926872421263776 0.33210331626183925
-90.37552155771905 -4.919813270495002 0.32969701517576794
-89.87482614742699 -4.9125583411993095 0.32729350934289175
-89.3741307371349 -4.905106904050107 0.32489287776332737
-88.87343532684284 -4.89745822972078 0.32249519943719057
-88.37273991655077 -4.8896115888847635 0.3201005533645967
-87.87204450625869 -4.881566252215443 0.3177090185456651
-87.37134909596662 -4.873321490386236 0.31532067398050706
-86.87065368567455 -4.864876574070531 0.3129355986692442
-86.36995827538247 -4.856230773941758 0.31055387161198783
-85.8692628650904 -4.8473833606733 0.30817557180885685
-85.36856745479834 -4.838333604938575 0.3058007782599688
-84.86787204450626 -4.829080777410991 0.30342956996543596
-84.36717663421419 -4.819624148763948 0.3010620259253763
-83.86648122392211 -4.809962989670847 0.2986982251399078
-83.36578581363004 -4.8000965708051115 0.29633824660914493
-82.86509040333797 -4.790024162840132 0.2939821693332035
-82.36439499304589 -4.779745036449314 0.2916300723121997
-81.86369958275382 -4.769258462306075 0.28928203454625107
-81.36300417246176 -4.758563711083808 0.286938135035473
-80.86230876216968 -4.747660053455932 0.2845984527799808
-80.36161335187761 -4.73654676009584 0.28226306677989293
-79.86091794158554 -4.725223101676942 0.2799320560353225
-79.36022253129346 -4.713688348872649 0.27760549954638886
-78.85952712100139 -4.70194177235636 0.27528347631320643
-78.35883171070932 -4.689982642801486 0.2729660653358897
-77.85813630041724 -4.677810230881433 0.2706533456145597
-77.35744089012518 -4.6654238072695975 0.26834539614932923
-76.85674547983311 -4.652822642639401 0.26604229594031353
-76.35605006954103 -4.640006007664232 0.26374412398763153
-75.85535465924896 -4.626973173017512 0.2614509592913972
-75.35465924895689 -4.613723409372637 0.2591628808517282
-74.85396383866481 -4.600255987403017 0.2568799676687393
-74.35326842837274 -4.586570177782045 0.25460229874254986
-73.85257301808066 -4.572665251183156 0.25232995307327305
-73.3518776077886 -4.558540478279724 0.2500630096610264
-72.85118219749653 -4.544195129745178 0.24780154750592212
-72.35048678720445 -4.529628476252912 0.24554564560808226
-71.84979137691238 -4.514839788476334 0.24329538296762168
-71.34909596662031 -4.499828337088856 0.2410508385846535
-70.84840055632823 -4.48459339276387 0.23881209145929708
-70.34770514603616 -4.469134226174786 0.23657922059166728
-69.8470097357441 -4.453450107995032 0.234352304981879
-69.34631432545201 -4.437540308897976 0.2321314236300516
-68.84561891515995 -4.421404099557057 0.22991665553629817
-68.34492350486788 -4.405040750645661 0.22770807970073806
-67.8442280945758 -4.388449532837208 0.2255057751234835
-67.34353268428373 -4.371629716805088 0.2233098208046538
-66.84283727399166 -4.35458057322272 0.2211202957443639
-66.34214186369958 -4.337301372763497 0.21893727894273043
-65.84144645340751 -4.319791386100835 0.2167608493998692
-65.34075104311543 -4.302049883908148 0.21459108611589597
-64.84005563282336 -4.28407613685882 0.21242806809092743
-64.3393602225313 -4.265869415626277 0.21027187432508201
-63.838664812239216 -4.247428990883909 0.20812258381847107
-63.33796940194715 -4.228754133305123 0.2059802755712157
-62.83727399165508 -4.209844113563347 0.20384502858342904
-62.336578581363 -4.190698202331961 0.20171692185522863
-61.83588317107093 -4.1713156702843825 0.19959603438672938
-61.335187760778865 -4.151695788094007 0.19748244517804794
-60.834492350486784 -4.131837826434256 0.1953762332293019
-60.333796940194716 -4.111741055978527 0.193277477540607
-59.83310152990265 -4.091404747400228 0.1911862571120773
-59.33240611961057 -4.07082817137276 0.1891026509438303
-58.8317107093185 -4.05001059856954 0.18702673803598183
-58.33101529902643 -4.028951299663961 0.1849585973886503
-57.83031988873435 -4.007649545329433 0.18289830800194887
-57.329624478442284 -3.9861046062393557 0.18084594887599684
-56.82892906815022 -3.9643157530671607 0.17880159901090734
-56.328233657858135 -3.942282256486224 0.1767653374067988
-55.82753824756607 -3.9200033871699578 0.17473724306378616
-55.326842837273986 -3.897478415791774 0.17271739498198516
-54.82614742698192 -3.8747066130250847 0.17070587216151425
-54.32545201668985 -3.851687249543292 0.16870275360248568
-53.82475660639777 -3.8284195960197858 0.16670811830501966
-53.3240611961057 -3.8049029231279885 0.1647220452692302
-52.823365785813635 -3.7811365015413037 0.16274461349523486
-52.322670375521554 -3.757119601933131 0.16077590198314942
-51.82197496522949 -3.732851494976887 0.1588159897330879
-51.321279554937405 -3.708331451345959 0.1568649557451687
-50.82058414464535 -3.6835587417137763 0.15492287901950944
-50.31988873435327 -3.6585326367537334 0.1529898385562223
-49.81919332406119 -3.6332524071392287 0.15106591335542754
-49.318497913769136 -3.607717323543673 0.14915118241723826
-48.817802503477054 -3.5819266566404835 0.14724572474177292
-48.31710709318497 -3.555879677103051 0.1453496193291455
-47.81641168289292 -3.529575655604787 0.14346294517947358
-47.31571627260084 -3.5030138628191034 0.14158578129287294
-46.81502086230876 -3.476193569419399 0.13971820666946025
-46.3143254520167 -3.4491140460790746 0.1378603003093504
-45.81363004172462 -3.4217745634715424 0.13601214121266272
-45.31293463143254 -3.394174392270207 0.13417380837951123
-44.81223922114049 -3.3663128031484817 0.13234538081000993
-44.311543810848406 -3.338189066779764 0.13052693750427816
-43.810848400556324 -3.309802453837462 0.1287185574624299
-43.31015299026427 -3.2811522349949813 0.12692031968458453
-42.80945757997219 -3.25223768092573 0.12513230317085425
-42.30876216968011 -3.223058062303103 0.12335458692135928
-41.808066759388026 -3.193612649800518 0.12158724993621187
-41.30737134909597 -3.163900714091386 0.11983037121553311
-40.80667593880389 -3.133921525849093 0.11808402975943436
-40.30598052851181 -3.1036743557470574 0.11634830456803316
-39.80528511821976 -3.0731584744586904 0.11462327464144709
-39.304589707927676 -3.042373152657384 0.11290901897979191
-38.803894297635594 -3.0113176610165606 0.11120561658318254
-38.30319888734354 -2.9799912702096174 0.10951314645173474
-37.80250347705146 -2.9483932509099464 0.10783168758556963
-37.30180806675938 -2.916522873790969 0.10616131898479589
-36.801112656467325 -2.884379409526102 0.1045021196495364
-36.30041724617524 -2.8519621287887187 0.1028541685799034
-35.79972183588316 -2.8192703022522627 0.10121754477601355
-35.29902642559111 -2.7863032005901136 0.09959232723798442
-34.79833101529903 -2.753060094475681 0.09797859496593178
-34.297635605006946 -2.7195402545823804 0.09637642695996965
-33.79694019471489 -2.685742951583612 0.09478590222021913
-33.29624478442281 -2.6516674561527784 0.09320709974679067
-32.79554937413073 -2.6173130389632817 0.09164009853980273
-32.294853963838676 -2.5826789706885505 0.09008497759937464
-31.794158553546595 -2.547764522001966 0.08854181592561775
-31.293463143254513 -2.5125689635769364 0.08701069251865226
-30.79276773296246 -2.4770915660868837 0.08549168637858864
-30.29207232267038 -2.4413316002051966 0.08398487650555067
-29.791376912378297 -2.405288336605297 0.0824903418996488
-29.290681502086244 -2.368961045960578 0.08100816156100324
-28.789986091794162 -2.3323489989444512 0.07953841448972623
-28.28929068150208 -2.2954514662303094 0.07808117968593623
-27.788595271210028 -2.258267718491582 0.07663653614975077
-27.287899860917946 -2.220797026401664 0.07520456288128033
-26.787204450625865 -2.18303866063395 0.07378533888064778
-26.28650904033381 -2.144991891861862 0.07237894314796625
-25.78581363004173 -2.106655990758795 0.0709854546833533
-25.28511821974965 -2.0680302279981575 0.06960495248692292
-24.784422809457595 -2.0291138742533636 0.06823751555879268
-24.283727399165514 -1.989906200197811 0.06688322289907836
-23.783031988873432 -1.950406476504899 0.06554215350789752
-23.28233657858135 -1.9106139738480563 0.06421438638536417
-22.781641168289298 -1.87052796290066 0.06290000053159497
-22.280945757997216 -1.8301477143361364 0.06159907494670661
-21.780250347705135 -1.7894724988278867 0.06031168863081752
-21.27955493741308 -1.7485015870493081 0.05903792058403993
-20.778859527121 -1.707234249673822 0.05777784980649229
-20.27816411682892 -1.6656697573748211 0.05653155529829038
-19.777468706536865 -1.623807380825718 0.055299116059548216
-19.276773296244784 -1.581646390699911 0.05408061109038779
-18.776077885952702 -1.539186057670815 0.05287611939091689
-18.27538247566065 -1.4964256524118353 0.05168571996126018
-17.774687065368568 -1.4533644455963632 0.050509491801529895
-17.273991655076486 -1.410001707897827 0.04934751391184181
-16.773296244784433 -1.3663367099896127 0.048199865292312606
-16.27260083449235 -1.3223687225451386 0.04706662494305806
-15.77190542420027 -1.2780970162377987 0.04594787186419661
-15.271210013908217 -1.2335208617410196 0.04484368505584139
-14.770514603616135 -1.1886395297281853 0.04375414351810728
-14.269819193324054 -1.143452290872718 0.042679326251118956
-13.769123783032 -1.097958415848016 0.04161931225498242
-13.268428372739919 -1.0521571753274774 0.04057418052981702
-12.767732962447838 -1.0060478399845165 0.03954401007574385
-12.267037552155784 -0.9596296804925475 0.03852887989287427
-11.766342141863703 -0.9129019675249606 0.03752886898132494
-11.265646731571621 -0.8658639717551708 0.03654405634121164
-10.764951321279568 -0.8185149638565765 0.0355745209726546
-10.264255910987487 -0.7708542145025972 0.034620341875763384
-9.763560500695405 -0.7228809943666124 0.03368159805066088
-9.262865090403352 -0.6745945741220691 0.032758368497457536
-8.76216968011127 -0.625994224442332 0.03185073221627536
-8.261474269819189 -0.5770792160008293 0.030958768207224797
-7.760778859527136 -0.5278488194709736 0.030082555470423412
-7.260083449235054 -0.4783023055261417 0.029222173005992315
-6.759388038942973 -0.4284389448397701 0.028377699814041958
-6.25869262865092 -0.3782580080852427 0.02754921489469079
-5.757997218358838 -0.3277587659359791 0.02673679724805459
-5.257301808066757 -0.27694048906537305 0.025940525874249144
-4.756606397774675 -0.22580244814684325 0.025160479773393786
-4.255910987482622 -0.17434391385378256 0.024396737945599857
-3.7552155771905404 -0.1225641568596123 0.023649379390985804
-3.254520166898459 -0.0704624478377307 0.0229184831096683
-2.753824756606406 -0.018038057461543078 0.022204128101763122
-2.2531293463143243 0.034709743595556786 0.021506393367386946
-1.7524339360222427 0.08774200278164226 0.02082331015299025
-1.2517385257301896 0.14081571627259992 0.020286356050069548
-0.7510431154381081 0.19637899860917946 0.019387941585535463
-0.25034770514602656 0.2398799721835889 0.01902452016689848
0.25034770514602656 0.2869954102920711 0.02004093184979135
0.7510431154381081 0.36825215577190534 0.02123719054242003
1.2517385257301896 0.45909415855354807 0.022147677329624492
1.7524339360222427 0.5414894297635588 0.02283796940194714
2.2531293463143243 0.6213981919332404 0.0233273157162726
2.753824756606406 0.7046624478442295 0.023444005563282334
3.254520166898459 0.789244923504866 0.022789513212795577
3.7552155771905404 0.86558331015299 0.021520709318497918
4.255910987482622 0.9315794158553555 0.02040471488178024
4.756606397774675 0.9897214186369945 0.019574561891516015
5.257301808066757 1.038994019471488 0.018912114047287903
5.757997218358838 1.0745382475660643 0.01907827538247567
6.258692628650891 1.089559109874826 0.022506703755215428
6.759388038942973 1.1089940194714878 0.027586675938803863
7.260083449235054 1.1518724617524345 0.032218414464534134
7.760778859527107 1.2031123783031974 0.037449429763560346
8.261474269819189 1.247776634214186 0.043755410292072264
8.76216968011127 1.2763819193324064 0.050933407510431225
9.262865090403324 1.2880606397774685 0.059424951321279285
9.763560500695405 1.2946859527121 0.06967507649513201
10.264255910987487 1.219206119610569 0.07430734353268427
10.76495132127954 1.1014625869262893 0.07930269819193293
11.265646731571621 1.0085176634214197 0.09312948539638366
11.766342141863703 0.944615855354659 0.10816068150208633
12.267037552155784 0.8727493741307346 0.13526699582753923
12.767732962447838 0.7991401947148824 0.15576643949930455
13.268428372739919 0.7800305980528512 0.1617925312934632
13.769123783032 0.7930649513212801 0.16980127955493762
14.269819193324054 0.7837364394993052 0.17500211404728788
14.770514603616135 0.7689279554937414 0.1795817663421419
15.271210013908217 0.7708049278402698 0.18596515823112625
15.77190542420027 0.7725255856033846 0.19231514073764044
16.27260083449235 0.7740722533101789 0.19862786543844235
16.773296244784433 0.7754456602872466 0.20490341133364784
17.273991655076486 0.776646535861182 0.21114185742337271
17.774687065368568 0.7776756093585792 0.21734328270773387
18.27538247566065 0.7785336101060323 0.22350776618684717
18.776077885952702 0.7792212674301355 0.2296353868608285
19.276773296244784 0.7797393106574831 0.2357262237297946
19.777468706536865 0.7800884691146691 0.24178035579386145
20.27816411682892 0.7802694721282879 0.24779786205314477
20.778859527121 0.7802830490249333 0.2537788215077616
21.27955493741308 0.7801299291311996 0.25972331315782765
21.780250347705135 0.7798108417736813 0.2656314160034589
22.280945757997216 0.7793265162789721 0.27150320904477204
22.781641168289298 0.7786776819736664 0.27733877128188306
23.28233657858135 0.7778650681843584 0.28313818171490773
23.783031988873432 0.776889404237642 0.28890151934396296
24.283727399165514 0.7757514194601117 0.2946288631691646
24.784422809457567 0.7744518431783616 0.30032029219062856
25.28511821974965 0.7729914047189856 0.3059758854084716
25.78581363004173 0.7713708334085781 0.31159572182280953
26.286509040333783 0.7695908585737334 0.31717988043375833
26.787204450625865 0.7676522095410453 0.3227284402414348
27.287899860917946 0.7655556156371082 0.3282414802459549
27.78859527121 0.7633018061885164 0.33371907944743434
28.28929068150208 0.7608915105218637 0.33916131684599
28.789986091794162 0.7583254579637444 0.3445682714417378
29.290681502086215 0.7556043778407528 0.34994002223479354
29.791376912378297 0.752728999479483 0.3552766482252741
30.29207232267038 0.749700052206529 0.3605782284132954
30.79276773296246 0.7465182653484852 0.36584484179897353
31.293463143254513 0.7431843682319459 0.37107656738242434
31.794158553546595 0.7396990901835048 0.3762734841637647
32.294853963838676 0.7360631605297563 0.38143567114311056
32.79554937413073 0.7322773085972947 0.38656320732057775
33.29624478442281 0.7283422637127139 0.39165617169628303
33.79694019471489 0.7242587552026083 0.3967146432703422
34.297635605006946 0.7200275123935721 0.4017387010428714
34.79833101529903 0.7156492646121991 0.4067284240139872
35.29902642559111 0.7111247411850838 0.4116838911838056
35.79972183588316 0.7064546714388205 0.4166051815524424
36.30041724617524 0.7016397847000028 0.4214923741200145
36.801112656467325 0.6966808102952253 0.42634554788663775
37.30180806675938 0.6915784775510823 0.43116478185242807
37.80250347705146 0.6863335157941675 0.43595015501750217
38.30319888734354 0.6809466543510753 0.44070174638197596
38.803894297635594 0.6754186225484 0.4454196349459653
39.304589707927676 0.6697501497127355 0.45010389970958703
39.80528511821976 0.6639419651706759 0.454754619672957
40.30598052851181 0.6579947982488161 0.4593718738361912
40.80667593880389 0.6519093782737494 0.4639557411994063
41.30737134909597 0.6456864345720702 0.46850630076271826
41.808066759388026 0.6393266964703732 0.473023631526243
42.30876216968011 0.6328308932952517 0.47750781249009716
42.80945757997219 0.6261997543733003 0.4819589226543968
43.31015299026424 0.6194340090311136 0.48637704101925777
43.810848400556324 0.6125343865952849 0.4907622465847968
44.311543810848406 0.6055016163924088 0.49511461835112974
44.81223922114046 0.5983364277490798 0.49943423531837255
45.31293463143254 0.5910395499918915 0.503721176486642
45.81363004172462 0.583611712447438 0.507975520856054
46.314325452016675 0.5760536444423143 0.5121973474267245
46.81502086230876 0.5683660753031137 0.5163867351987701
47.31571627260084 0.5605497343564307 0.520543763172307
47.81641168289289 0.5526053509288597 0.5246685103474508
48.31710709318497 0.5445336543469943 0.5287610557243183
48.817802503477054 0.5363353739374289 0.5328214783030256
49.318497913769136 0.528011239026758 0.5368498570836888
49.81919332406119 0.5195619789415757 0.5408462710664237
50.31988873435327 0.5109883230084755 0.5448107992513471
50.82058414464535 0.5022910005540524 0.5487435206385749
51.321279554937405 0.4934707409049003 0.5526445142282231
51.82197496522949 0.48452827338761306 0.5565138590204084
52.32267037552157 0.47546432732878485 0.5603516340152468
52.82336578581362 0.46627963205501055 0.564157918212854
53.3240611961057 0.4569749168928835 0.5679327906133468
53.824756606397784 0.44755091116899814 0.5716763302168413
54.32545201668984 0.4380083442099494 0.5753886160234534
54.82614742698192 0.4283479453423299 0.5790697270332994
55.326842837274 0.4185704438927347 0.5827197422464957
55.82753824756605 0.4086765691877584 0.586338740663158
56.328233657858135 0.3986670505539942 0.5899268012834032
56.82892906815022 0.38854261731803674 0.593484003107347
57.32962447844227 0.3783039988064809 0.5970104251351055
57.83031988873435 0.3679519243459194 0.6005061463667953
58.33101529902643 0.3574871232629473 0.6039712458025324
58.831710709318486 0.34691032488415885 0.6074058024424327
59.33240611961057 0.3362222585361476 0.6108098952866129
59.83310152990265 0.32542365354550806 0.614183603335189
60.3337969401947 0.31451523923883506 0.6175270055882769
60.834492350486784 0.3034977449427215 0.6208401810459931
61.335187760778865 0.2923718999837621 0.6241232087084538
61.83588317107092 0.28113843368855174 0.627376167575775
62.336578581363 0.2697980753836835 0.630599136648073
62.83727399165508 0.25835155439575164 0.6337921949254641
63.337969401947134 0.2467996000513515 0.636955421408064
63.838664812239216 0.23514294167707572 0.6400888950959897
64.3393602225313 0.22338230859951946 0.6431926949893567
64.84005563282335 0.21151843014527716 0.6462669000882815
65.34075104311543 0.19955203564094148 0.6493115893928803
65.84144645340751 0.18748385441310778 0.6523268419032693
66.34214186369957 0.1753146157883705 0.6553127366195644
66.84283727399165 0.16304504909332274 0.6582693525418819
67.34353268428373 0.15067588365455897 0.6611967686703382
67.84422809457581 0.13820784879867354 0.6640950640050495
68.34492350486786 0.12564167385226188 0.6669643175461316
68.84561891515995 0.11297808814191534 0.6698046082937013
69.34631432545203 0.10021782099423038 0.6726160152478743
69.84700973574408 0.08736160173580121 0.6753986174087667
70.34770514603616 0.07441015969322051 0.6781524937764951
70.84840055632824 0.06136422419308252 0.6808777233511756
71.3490959666203 0.04822452456198367 0.6835743851329241
71.84979137691238 0.03499179012651532 0.686242558121857
72.35048678720446 0.021666750213273023 0.6888823213180907
72.85118219749651 0.008250134148851673 0.6914937537217408
73.3518776077886 -0.005257328740156275 0.6940769343329242
73.85257301808068 -0.01885490912715615 0.6966319421517566
74.35326842837273 -0.03254187768555261 0.6991588561783542
74.85396383866481 -0.046317505088752986 0.7016577554128335
75.35465924895689 -0.06018106201016238 0.7041287188553105
75.85535465924895 -0.07413181912318656 0.7065718255059013
76.35605006954103 -0.08816904710123152 0.7089871543647221
76.85674547983308 -0.10229201661770282 0.7113747844318894
77.35744089012519 -0.11649999834600777 0.7137347947075192
77.85813630041724 -0.1307922629595497 0.7160672641917275
78.3588317107093 -0.14516808113173618 0.7183722718846305
78.8595271210014 -0.15962672353597362 0.720649896786345
79.36022253129346 -0.17416746084566537 0.7229002178969863
79.86091794158551 -0.18878956373421873 0.7251233142166713
80.36161335187762 -0.20349230287504105 0.7273192647455157
80.86230876216968 -0.21827494894153543 0.7294881484836361
81.36300417246173 -0.23313677260710852 0.7316300444311482
81.86369958275384 -0.24807704454516877 0.7337450315881688
82.36439499304589 -0.2630950354291175 0.7358331889548135
82.86509040333794 -0.2781900159323636 0.7378945955311987
83.36578581363005 -0.29336125672831326 0.739929330317441
83.86648122392211 -0.3086080284903696 0.7419374723136558
84.36717663421416 -0.3239296018919402 0.7439191005199598
84.86787204450627 -0.33932524760643257 0.7458742939364694
85.36856745479832 -0.35479423630724893 0.7478031315633002
85.86926286509038 -0.37033583866779685 0.7497056924005687
86.36995827538249 -0.38594932536148385 0.7515820554483913
86.87065368567454 -0.40163396706171306 0.7534322997068837
87.3713490959666 -0.4173890344418911 0.7552565041761624
87.8720445062587 -0.4332137981754256 0.7570547478563439
88.37273991655076 -0.44910752893571915 0.7588271097475436
88.87343532684281 -0.46506949739617975 0.7605736688498782
89.37413073713492 -0.4810989742302145 0.7622945041634641
89.87482614742697 -0.4971952301112261 0.7639896946884168
90.37552155771903 -0.5133575357126208 0.765659319424853
90.87621696801114 -0.5295851617078078 0.767303457372889
91.37691237830319 -0.5458773787701885 0.7689221875326409
91.87760778859524 -0.5622334575731722 0.7705155889042242
92.37830319888735 -0.5786526687901643 0.7720837404877561
92.8789986091794 -0.595134283094567 0.7736267212833522
93.37969401947146 -0.6116775711597904 0.7751446102911285
93.88038942976357 -0.6282818036592395 0.776637486511202
94.38108484005562 -0.6449462512663182 0.7781054289436882
94.88178025034773 -0.6616701846544355 0.7795485165887035
95.38247566063978 -0.6784528744969922 0.780966828446364
95.88317107093184 -0.6952935914673986 0.782360443516786
96.38386648122395 -0.7121916062390607 0.7837294408000858
96.884561891516 -0.7291461894853806 0.7850738992963793
97.38525730180805 -0.7461566118797665 0.7863938980057827
97.88595271210016 -0.7632221440956264 0.7876895159284126
98.38664812239222 -0.7803420568063613 0.7889608320643848
98.88734353268427 -0.79751562068538 0.7902079254138156
99.38803894297638 -0.8147421064060891 0.7914308749768214
99.88873435326843 -0.8320207846418919 0.7926297597535179
100.38942976356049 -0.8493509260661953 0.7938046587440216
100.8901251738526 -0.8667318013524066 0.794955650948449
101.39082058414465 -0.8841626811739296 0.7960828153669154
101.8915159944367 -0.9016428362041706 0.7971862309995379
102.39221140472881 -0.9191715371165377 0.7982659768464323
102.89290681502086 -0.9367480545844329 0.7993221319077147
103.39360222531292 -0.9543716592812634 0.8003547751835017
103.89429763560503 -0.9720416218804382 0.801363985673909
104.39499304589708 -0.989757213055358 0.802349842379053
104.89568845618913 -1.0075177034794318 0.8033124242990498
105.39638386648124 -1.0253223638260667 0.8042518104340158
105.8970792767733 -1.043170464768663 0.805168079784067
106.39777468706535 -1.061061276980632 0.8060613113493196
106.89847009735746 -1.0789940711353794 0.8069315841298899
107.39916550764951 -1.0969681179063064 0.8077789771258939
107.89986091794157 -1.1149826879668225 0.808603569337448
108.40055632823368 -1.1330370519903346 0.8094054397646684
108.90125173852573 -1.151130480650245 0.810184667407671
109.40194714881778 -1.169262244619961 0.8109413312665722
109.90264255910989 -1.18743161457289 0.8116755103414884
110.40333796940195 -1.2056378611824348 0.8123872836325354
110.904033379694 -1.2238802551220032 0.8130767301398296
111.40472878998611 -1.2421580670650034 0.8137439288634871
111.90542420027816 -1.2604705676848358 0.8143889588036242
112.40611961057022 -1.2788170276549102 0.8150118989603566
112.90681502086233 -1.2971967176486319 0.8156128283338013
113.40751043115438 -1.3156089083394047 0.8161918259240742
113.90820584144643 -1.3340528704006358 0.8167489707312914
114.40890125173854 -1.3525278745057334 0.8172843417555686
114.9095966620306 -1.3710331913280982 0.817798017997023
115.41029207232265 -1.389568091541139 0.8182900784557702
115.91098748261476 -1.4081318458182646 0.8187606021319261
116.41168289290681 -1.4267237248328752 0.8192096680256072
116.91237830319886 -1.4453429992583786 0.81963735513693
117.41307371349097 -1.4639889397681836 0.8200437424660103
117.91376912378303 -1.4826608170356919 0.8204289090129645
118.41446453407508 -1.5013579017343102 0.8207929337779087
118.91515994436719 -1.520079464537447 0.821135895760959
119.41585535465924 -1.5388247761185048 0.8214578739622316
119.9165507649513 -1.5575931071508926 0.8217589473818426
120.4172461752434 -1.5763837283080149 0.8220391950199086
120.91794158553546 -1.5951959102632756 0.8222986958765455
121.41863699582751 -1.6140289236900813 0.8225375289518695
121.91933240611962 -1.6328820392618424 0.8227557732459967
122.42002781641168 -1.6517545276519583 0.8229535077590435
122.92072322670373 -1.670645659533837 0.823130811491126
123.42141863699584 -1.6895547055808875 0.8232877634423603
123.92211404728789 -1.7084809364665114 0.823424442612863
124.42280945757994 -1.7274236228641147 0.8235409280027497
124.92350486787205 -1.7463820354471078 0.8236372986121367
125.42420027816411 -1.7653554448888913 0.8237136334411408
125.92489568845616 -1.7843431218628727 0.8237700114898774
126.42559109874827 -1.8033443370424609 0.8238065117584632
126.92628650904032 -1.8223583611010563 0.823823213247014
127.42698191933238 -1.8413844647120696 0.8238201949556463
127.92767732962449 -1.8604219185489044 0.823797535884476
128.42837273991654 -1.879469993284965 0.8237553150336199
128.9290681502086 -1.8985279595936608 0.8236936114031932
129.4297635605007 -1.9175950881483972 0.8236125039933129
129.93045897079276 -1.936670649622575 0.8235120718040951
130.4311543810848 -1.9557539146896048 0.8233923938356555
130.93184979137692 -1.9748441540228916 0.823253549088111
131.43254520166897 -1.9939406382958416 0.8230956165615773
131.93324061196108 -2.0130426381818607 0.8229186752561706
132.43393602225314 -2.032149424354354 0.8227228041720069
132.9346314325452 -2.0512602674867244 0.8225080823092035
133.4353268428373 -2.070374438252384 0.8222745886678748
133.93602225312935 -2.089491207324733 0.8220224022481388
134.4367176634214 -2.1086098453771793 0.8217516020501101
134.93741307371351 -2.127729623083132 0.8214622670739062
135.43810848400557 -2.146849811115991 0.8211544763196423
135.93880389429762 -2.165969680149166 0.8208283087874353
136.43949930458973 -2.1850885008560628 0.8204838434774011
136.94019471488178 -2.204205543910086 0.8201211593896558
137.44089012517384 -2.2233200799846404 0.8197403355243156
137.94158553546595 -2.2424313797531354 0.8193414508814969
138.442280945758 -2.2615387138889718 0.8189245844613156
138.94297635605005 -2.2806413530655583 0.8184898152638882
139.44367176634216 -2.2997385679563047 0.8180372222893306
139.94436717663422 -2.3188296292346084 0.8175668845377595
140.44506258692627 -2.337913807573882 0.8170788810092902
140.94575799721838 -2.3569903736475295 0.81657329070404
141.44645340751043 -2.376058598128954 0.816050192622124
141.94714881780249 -2.395117751691564 0.8155096657636591
142.4478442280946 -2.414167105008768 0.8149517891287612
142.94853963838665 -2.4332059287539662 0.8143766417175466
143.4492350486787 -2.4522334936005636 0.8137843025301319
143.9499304589708 -2.471249070221977 0.8131748505666319
144.45062586926286 -2.490251929291599 0.8125483648271645
144.95132127955492 -2.5092413414828423 0.8119049243118446
145.45201668984703 -2.528216577469114 0.8112446080207891
145.95271210013908 -2.5471769079238156 0.810567494954114
146.45340751043113 -2.566121603520352 0.8098736641119357
146.95410292072324 -2.585049934932136 0.8091631944943698
147.4547983310153 -2.603961172832567 0.8084361651015333
147.95549374130735 -2.6228545878950538 0.8076926549335413
148.45618915159946 -2.641729450793002 0.8069327429905113
148.9568845618915 -2.6605850321998155 0.8061565082725586
149.45757997218357 -2.679420602788902 0.8053640297797997
149.95827538247568 -2.698235433233667 0.8045553865123505
150.45897079276773 -2.7170287942075166 0.8037306574703276
150.95966620305978 -2.7357999563838558 0.8028899216538468
151.4603616133519 -2.7545481904360942 0.8020332580630247
151.96105702364395 -2.7732727670376294 0.801160745697977
152.461752433936 -2.7919729568618736 0.8002724635588205
152.9624478442281 -2.810648030582234 0.7993684906456706
153.46314325452016 -2.82929725887211 0.7984489059586444
153.96383866481222 -2.8479199124049117 0.797513788497858
154.46453407510432 -2.8665152618540457 0.796563217263426
154.96522948539638 -2.8850825778929163 0.7955972712554669
155.46592489568843 -2.903621131194928 0.7946160294740949
155.96662030598054 -2.9221301924334897 0.7936195709194278
156.4673157162726 -2.9406090322820058 0.7926079745915808
156.96801112656465 -2.9590569214138815 0.7915813194906705
157.46870653685676 -2.977473130502524 0.7905396846168127
157.9694019471488 -2.995856930221337 0.7894831489701242
158.47009735744086 -3.014207591243724 0.7884117915507205
158.97079276773297 -3.032524384243102 0.7873256913587185
159.47148817802503 -3.050806579892864 0.7862249273942334
159.97218358831708 -3.0690534488664225 0.7851095786573823
160.4728789986092 -3.0872642618371833 0.7839797241482809
160.97357440890124 -3.10543828947855 0.7828354428670459
161.4742698191933 -3.123574802463928 0.7816768138137931
161.9749652294854 -3.1416730714667267 0.7805039159886389
162.47566063977746 -3.1597323671603466 0.7793168283916989
162.9763560500695 -3.177751960218198 0.7781156300230905
163.47705146036162 -3.1957311213136865 0.776900399882928
163.97774687065368 -3.2136691211202164 0.77567121697133
164.47844228094573 -3.231565230311193 0.7744281602884102
164.97913769123784 -3.2494187195600253 0.7731713088342869
165.4798331015299 -3.267228859540113 0.7719007416090748
165.98052851182194 -3.284994920924868 0.7706165376128911
166.48122392211405 -3.302716174387694 0.7693187758458513
166.9819193324061 -3.3203918906019956 0.7680075353080718
167.48261474269816 -3.3380213402411814 0.7666828949996691
167.98331015299027 -3.3556037939786565 0.7653449339207588
168.48400556328232 -3.3731385224878228 0.7639937310714575
168.98470097357443 -3.3906247964420935 0.762629365451881
169.4853963838665 -3.408061886514865 0.7612519160621465
169.98609179415854 -3.425449063379551 0.7598614619023689
170.48678720445065 -3.4427855977095554 0.7584580819726652
170.9874826147427 -3.460070760178281 0.7570418552731513
171.48817802503476 -3.477303821459137 0.7556128608039436
171.98887343532687 -3.4944840522255287 0.7541711775651578
172.48956884561892 -3.5116107231508593 0.7527168845569114
172.99026425591097 -3.528683104908538 0.7512500607793184
173.49095966620308 -3.5457004681719724 0.7497707852324969
173.99165507649514 -3.56266208361456 0.748279136916562
174.4923504867872 -3.5795672219097145 0.746775194831631
174.9930458970793 -3.596415153730841 0.7452590379778183
175.49374130737135 -3.61320514975134 0.743730745355242
175.9944367176634 -3.6299364806446217 0.7421903959640173
176.49513212795551 -3.6466084170840922 0.7406380688042602
176.99582753824757 -3.6632202297431533 0.7390738428760875
177.49652294853962 -3.6797711892952165 0.7374977971796155
177.99721835883173 -3.6962605664136845 0.7359100107149597
178.49791376912378 -3.7126876317719617 0.7343105624822364
178.99860917941584 -3.729051656043457 0.7326995314815623
179.49930458970795 -3.7453519099015757 0.7310769967130528
180.0 -3.7615876640197223 0.729443037176825
