Polar data for a18sm at Re = 1176551.7241379311
Alpha (deg) Cl Cd
-180.0 -4.7946455628666556 2.7438754829285505
-179.49930458970792 -4.782177768536485 2.7390877466450245
-178.99860917941587 -4.769610060762304 2.7342513081913857
-178.49791376912378 -4.756943292175606 2.7293664423838573
-177.9972183588317 -4.744178315407908 2.7244334240386676
-177.49652294853965 -4.731315983090703 2.7194525279720407
-176.99582753824757 -4.718357147855496 2.7144240290002024
-176.4951321279555 -4.7053026623338035 2.7093482019393784
-175.99443671766343 -4.692153379157116 2.7042253216057945
-175.49374130737135 -4.678910150956945 2.6990556628156748
-174.99304589707927 -4.665573830364796 2.6938395003852476
-174.49235048678722 -4.652145270012166 2.688577109130734
-173.99165507649514 -4.638625322530565 2.683268763868363
-173.49095966620305 -4.62501484055149 2.6779147394143594
-172.990264255911 -4.611314676706453 2.672515310584944
-172.48956884561892 -4.597525683626962 2.667070752196352
-171.98887343532684 -4.58364871394452 2.661581339064802
-171.48817802503476 -4.5696846202906265 2.6560473460065195
-170.9874826147427 -4.555634255296781 2.650469047837732
-170.48678720445062 -4.541498471594494 2.644846719374663
-169.98609179415854 -4.527278121815275 2.639180635433541
-169.4853963838665 -4.512974058590615 2.6334710708305886
-168.9847009735744 -4.498587134552029 2.627718300382033
-168.48400556328232 -4.484118202331022 2.6219225989040984
-167.98331015299027 -4.469568114559095 2.616084241213012
-167.4826147426982 -4.454937723867751 2.610203502124997
-166.9819193324061 -4.440227882888497 2.6042806564562797
-166.48122392211405 -4.425439444252831 2.598315979023087
-165.98052851182197 -4.410573260592269 2.5923097446416454
-165.4798331015299 -4.395630184538309 2.5862622281281746
-164.97913769123784 -4.380611068722452 2.580173704298903
-164.47844228094576 -4.36551676577621 2.574044447970059
-163.97774687065368 -4.3503481283310705 2.567874733957864
-163.47705146036162 -4.335106009018556 2.5616648370785464
-162.97635605006954 -4.319791260470172 2.555415032148331
-162.47566063977746 -4.304404735317412 2.549125593983443
-161.9749652294854 -4.288947286191785 2.5427967974001087
-161.47426981919332 -4.273419765724785 2.5364289172145478
-160.97357440890124 -4.257823026547932 2.530022228242996
-160.4728789986092 -4.24215792129273 2.5235770053016724
-159.9721835883171 -4.226425302590677 2.5170935232068006
-159.47148817802503 -4.210626023073278 2.5105720567746106
-158.97079276773297 -4.194760935372042 2.504012880821329
-158.4700973574409 -4.178830892118462 2.497416270163174
-157.9694019471488 -4.162836745944041 2.490782499616377
-157.46870653685676 -4.146779349480298 2.4841118439971597
-156.96801112656468 -4.130659555358733 2.477404578121752
-156.4673157162726 -4.114478216210845 2.4706609768063776
-155.96662030598054 -4.098236184668149 2.463881314867261
-155.46592489568846 -4.081934313362137 2.457065867120627
-154.96522948539638 -4.065573454924316 2.450214908382704
-154.46453407510432 -4.049154461986195 2.4433287134697137
-153.96383866481224 -4.032678187179275 2.436407557197886
-153.46314325452016 -4.016145483135066 2.429451714383444
-152.9624478442281 -3.9995572024850614 2.4224614598426113
-152.46175243393603 -3.9829141978607763 2.4154370683916158
-151.96105702364395 -3.9662173218937053 2.4083788148466843
-151.4603616133519 -3.9494674272153643 2.401286974024038
-150.9596662030598 -3.9326653664572473 2.394161820739906
-150.45897079276773 -3.9158119922508665 2.387003629810512
-149.95827538247568 -3.8989081572277233 2.379812676052082
-149.4575799721836 -3.8819547140193156 2.3725892342808406
-148.9568845618915 -3.8649525152571553 2.3653335793130124
-148.45618915159943 -3.847902413572744 2.3580459859648295
-147.95549374130738 -3.8308052615975865 2.35072672905251
-147.4547983310153 -3.8136619119631914 2.3433760833922817
-146.95410292072324 -3.79647321730106 2.33599432380037
-146.45340751043116 -3.779240030242694 2.3285817250930014
-145.95271210013908 -3.7619632034195942 2.3211385620863956
-145.452016689847 -3.7446435894632804 2.3136651095967915
-144.95132127955495 -3.727282041005243 2.3061616424404
-144.45062586926286 -3.70987941067698 2.2986284354334527
-143.94993045897078 -3.6924365511100175 2.2910657633921767
-143.44923504867873 -3.67495431493585 2.2834739011327967
-142.94853963838665 -3.6574335547859715 2.275853123471536
-142.44784422809457 -3.639875123291905 2.2682037052246224
-141.9471488178025 -3.6222798730851378 2.260525921208278
-141.44645340751043 -3.604648656797178 2.252820046238729
-140.94575799721835 -3.5869823270595416 2.245086355132208
-140.44506258692627 -3.5692817365037297 2.23732512270493
-139.94436717663422 -3.5515477377612332 2.229536623773128
-139.44367176634213 -3.533781183463564 2.221721133153026
-138.94297635605005 -3.5159829262422346 2.213878925660846
-138.442280945758 -3.4981538187287353 2.2060102761128144
-137.94158553546592 -3.4802947135545748 2.1981154593251615
-137.44089012517384 -3.462406463351265 2.190194750114105
-136.94019471488178 -3.444489920750311 2.1822484232958788
-136.4394993045897 -3.4265459383831964 2.174276753686704
-135.93880389429762 -3.408575368881451 2.166280016102802
-135.43810848400557 -3.3905790648765692 2.158258485360407
-134.9374130737135 -3.3725578790000594 2.150212436275738
-134.4367176634214 -3.3545126638834017 2.142142143665022
-133.93602225312935 -3.3364442721581367 2.134047882344487
-133.43532684283727 -3.3183535564557514 2.125929927130355
-132.9346314325452 -3.3002413694077473 2.117788552838854
-132.43393602225314 -3.282108563645633 2.109624034286207
-131.93324061196105 -3.2639559918009096 2.101436646288639
-131.43254520166897 -3.245784506505086 2.0932266636623806
-130.93184979137692 -3.2275949603896703 2.0849943612236546
-130.43115438108484 -3.2093882060861536 2.0767400137886787
-129.93045897079276 -3.191165096226062 2.0684638961736956
-129.4297635605007 -3.1729264834408792 2.060166283194918
-128.92906815020862 -3.154673220362103 2.0518474496685686
-128.42837273991654 -3.1364061596212633 2.0435076704108814
-127.92767732962449 -3.118126153849851 2.0351472202380814
-127.4269819193324 -3.099834055679367 2.026766373966388
-126.92628650904032 -3.0815307177413165 2.0183654064120296
-126.42559109874827 -3.063216992667219 2.0099445923912365
-125.92489568845619 -3.044893733088554 2.0015042067202247
-125.42420027816411 -3.0265617916368517 1.99304452421523
-124.92350486787205 -3.008222020943603 1.9845658196924678
-124.42280945757997 -2.989875273640298 1.976068367968167
-123.92211404728789 -2.971522402358478 1.9675524438585648
-123.42141863699584 -2.9531642597296153 1.9590183221798683
-122.92072322670376 -2.934801698385226 1.9504662777483113
-122.42002781641168 -2.916435570956811 1.9418965853801204
-121.91933240611961 -2.8980667300758722 1.933309519891519
-121.41863699582754 -2.879696028373932 1.9247053560987368
-120.91794158553546 -2.8613243184824637 1.9160843688179903
-120.41724617524339 -2.8429524530330004 1.9074468328655094
-119.91655076495132 -2.82458128465704 1.898793023057528
-119.41585535465924 -2.806211665986073 1.8901232142102586
-118.91515994436718 -2.787844449651612 1.8814376811399331
-118.41446453407511 -2.7694804882851654 1.87273669866278
-117.91376912378303 -2.7511206345182377 1.8640205415950135
-117.41307371349096 -2.732765740982327 1.8552894847528727
-116.91237830319889 -2.714416660308935 1.8465438029525771
-116.41168289290681 -2.6960742451295805 1.8377837710103482
-115.91098748261474 -2.677739348075758 1.8290096637424125
-115.41029207232268 -2.6594128217789756 1.8202217559650073
-114.9095966620306 -2.6410955188707246 1.81142032249434
-114.40890125173853 -2.6227882919825274 1.8026056381466493
-113.90820584144646 -2.6044919937458713 1.793777977738155
-113.40751043115438 -2.586207476792272 1.7849376160850838
-112.90681502086231 -2.5679355937532375 1.7760848280036623
-112.40611961057024 -2.54967719726027 1.7672198883101118
-111.90542420027816 -2.531433139944863 1.7583430718206625
-111.4047287899861 -2.513204274438533 1.7494546533515412
-110.90403337969401 -2.4949914533727804 1.7405549077189708
-110.40333796940195 -2.4767955293791073 1.7316441097391693
-109.90264255910988 -2.458617355089015 1.7227225342283774
-109.4019471488178 -2.4404577831340046 1.7137904560028077
-108.90125173852573 -2.422317666145599 1.704848149878692
-108.40055632823366 -2.4041978567553 1.6958958906722537
-107.89986091794158 -2.386099207594594 1.6869339531997156
-107.39916550764951 -2.3680225712949974 1.67796261227731
-106.89847009735745 -2.349968800488011 1.6689821427212614
-106.39777468706536 -2.3319387478051294 1.6599928193477844
-105.8970792767733 -2.3139332658778895 1.6509949169731197
-105.39638386648123 -2.295953207337764 1.6419887104134852
-104.89568845618915 -2.277999424816255 1.632974474485102
-104.39499304589708 -2.2600727709448987 1.6239524840042023
-103.89429763560501 -2.2421740983551754 1.6149230137870163
-103.39360222531293 -2.2243042596785867 1.6058863386497564
-102.89290681502086 -2.206464107546641 1.596842733408651
-102.3922114047288 -2.188654494590861 1.587792472879934
-101.89151599443672 -2.1708762734427123 1.5787358318798248
-101.39082058414465 -2.1531302967337465 1.569673085224552
-100.89012517385257 -2.1354174170954363 1.560604507730335
-100.3894297635605 -2.1177384871592904 1.551530374213406
-99.88873435326843 -2.100094359556824 1.5424509594899913
-99.38803894297635 -2.082485886919532 1.5333665383763055
-98.88734353268428 -2.0649139218789085 1.524277385688584
-98.38664812239222 -2.047379317066483 1.5151837762430536
-97.88595271210013 -2.0298829251137502 1.5060859848559336
-97.38525730180807 -2.0124255986522113 1.4969842863434544
-96.884561891516 -1.9950081903133605 1.4878789555218355
-96.38386648122392 -1.9776315527287278 1.4787702672073035
-95.88317107093185 -1.9602965385297932 1.4696584962160923
-95.38247566063978 -1.9430040003480724 1.4605439173644161
-94.8817802503477 -1.9257547908150596 1.4514268054685033
-94.38108484005564 -1.9085497625622705 1.442307435344586
-93.88038942976357 -1.8913897682212135 1.4331860818088853
-93.37969401947149 -1.8742756604233688 1.4240630196776227
-92.87899860917942 -1.8572082918002661 1.414938523767032
-92.37830319888734 -1.840188514983407 1.4058128688933327
-91.87760778859527 -1.8232171826042927 1.3966863298727514
-91.3769123783032 -1.8062951472944175 1.387559181521515
-90.87621696801112 -1.7894232616852972 1.3784316986558462
-90.37552155771905 -1.772602378408426 1.369304156091972
-89.87482614742699 -1.7558333500953123 1.3601768286461173
-89.3741307371349 -1.7391170293774576 1.3510499911345104
-88.87343532684284 -1.7224542688863917 1.3419239183733727
-88.37273991655077 -1.7058459212535806 1.3327988851789325
-87.87204450625869 -1.689292839110561 1.3236751663674202
-87.37134909596662 -1.672795875088799 1.314553036755041
-86.87065368567455 -1.6563558818198527 1.3054327711580467
-86.36995827538247 -1.6399737119351738 1.2963146443926477
-85.8692628650904 -1.6236502180663064 1.2871989312750725
-85.36856745479834 -1.6073862528447234 1.2780859066215495
-84.86787204450626 -1.5911826689019404 1.2689758452482967
-84.36717663421419 -1.575040318869473 1.259869021971544
-83.86648122392211 -1.5589600553788299 1.2507657116075201
-83.36578581363004 -1.5429427310614838 1.2416661889724498
-82.86509040333797 -1.5269891985489648 1.2325707288825545
-82.36439499304589 -1.511100310472774 1.2234796061540607
-81.86369958275382 -1.495276919464406 1.2143930956031934
-81.36300417246176 -1.4795198781553762 1.2053114720461793
-80.86230876216968 -1.463830039177172 1.1962350102992396
-80.36161335187761 -1.44820825516133 1.1871639851786135
-79.86091794158554 -1.4326553787393164 1.1780986715005117
-79.36022253129346 -1.417172262542668 1.1690393440811626
-78.85952712100139 -1.4017597592028648 1.1599862777368017
-78.35883171070932 -1.3864187213514154 1.1509397472836398
-77.85813630041724 -1.3711500016198497 1.1419000275379088
-77.35744089012518 -1.3559544526396476 1.1328673933158406
-76.85674547983311 -1.3408329270423036 1.1238421194336514
-76.35605006954103 -1.3257862774593474 1.1148244807075678
-75.85535465924896 -1.3108153565222591 1.1058147519538182
-75.35465924895689 -1.2959210168625686 1.096813207988631
-74.85396383866481 -1.2811041111117771 1.0878201236282259
-74.35326842837274 -1.2663654919013791 1.0788357736888312
-73.85257301808066 -1.2517060118628618 1.0698604329866719
-73.3518776077886 -1.237126523627762 1.0608943763379763
-72.85118219749653 -1.222627879827567 1.0519378785589588
-72.35048678720445 -1.208210933093778 1.0429912144658566
-71.84979137691238 -1.1938765360579038 1.034054658874893
-71.34909596662031 -1.1796255413514598 1.0251284866022907
-70.84840055632823 -1.1654588016059333 1.0162129724642786
-70.34770514603616 -1.151377169452854 1.0073083912770795
-69.8470097357441 -1.1373814975236738 0.9984150178569149
-69.34631432545201 -1.1234726384499578 0.9895331270200203
-68.84561891515995 -1.1096514448631791 0.9806629935826117
-68.34492350486788 -1.0959187693948462 0.9718048923609193
-67.8442280945758 -1.0822754646764676 0.9629590981711698
-67.34353268428373 -1.0687223833395376 0.9541258858295845
-66.84283727399166 -1.0552603780155718 0.9453055301523936
-66.34214186369958 -1.0418903013360716 0.9364983059558167
-65.84144645340751 -1.0286130059325456 0.9277044880560841
-65.34075104311543 -1.0154293444364737 0.9189243512694152
-64.84005563282336 -1.002340169479393 0.9101581704120474
-64.3393602225313 -0.9893463336927906 0.9014062203001931
-63.838664812239216 -0.9764486897081679 0.8926687757500826
-63.33796940194715 -0.9636480901570548 0.8839461115779497
-62.83727399165508 -0.95094538767091 0.8752385026000067
-62.336578581363 -0.9383414348812775 0.8665462236324804
-61.83588317107093 -0.9258370844196446 0.8578695494916044
-61.335187760778865 -0.9134331889175269 0.8492087549936091
-60.834492350486784 -0.9011306010064115 0.8405641149546998
-60.333796940194716 -0.8889301733178283 0.8319359041911174
-59.83310152990265 -0.8768327584832574 0.8233243975190849
-59.33240611961057 -0.8648392091342143 0.814729869754822
-58.8317107093185 -0.8529503779021863 0.8061525957145588
-58.33101529902643 -0.841167117418689 0.797592850214522
-57.83031988873435 -0.8294902803152593 0.7890509080709383
-57.329624478442284 -0.8179207192233489 0.7805270441000236
-56.82892906815022 -0.8064592867744804 0.7720215331180154
-56.328233657858135 -0.7951068356001767 0.7635346499411366
-55.82753824756607 -0.7838642183319391 0.7550666693855999
-55.326842837273986 -0.7727322876012406 0.7466178662676566
-54.82614742698192 -0.7617118960396252 0.7381885154035015
-54.32545201668985 -0.7508038962785517 0.7297788916093755
-53.82475660639777 -0.7400091409495713 0.7213892697015087
-53.3240611961057 -0.729328482684171 0.7130199244961173
-52.823365785813635 -0.7187627741138454 0.7046711308094313
-52.322670375521554 -0.7083128678701098 0.6963431634576847
-51.82197496522949 -0.6979796165844516 0.6880362972570861
-51.321279554937405 -0.6877638728884006 0.679750807023866
-50.82058414464535 -0.677666489413451 0.6714869675742581
-50.31988873435327 -0.66768831879109 0.6632450537244818
-49.81919332406119 -0.6578302136528618 0.655025340290764
-49.318497913769136 -0.6480930266302249 0.6468281020893276
-48.817802503477054 -0.6384776103547094 0.6386536139363959
-48.31710709318497 -0.6289848174578165 0.6305021506482025
-47.81641168289292 -0.6196155005710549 0.6223739870409706
-47.31571627260084 -0.6103705123259116 0.6142693979309197
-46.81502086230876 -0.6012507053538951 0.6061886581342801
-46.3143254520167 -0.5922569322865354 0.5981320424672785
-45.81363004172462 -0.5833900457553196 0.5900998257461343
-45.31293463143254 -0.5746508983917491 0.5820922827870814
-44.81223922114049 -0.5660403428273182 0.5741096884063392
-44.311543810848406 -0.5575592316935567 0.5661523174201346
-43.810848400556324 -0.5492084176219305 0.5582204446446906
-43.31015299026427 -0.5409887532439837 0.5503143448962409
-42.80945757997219 -0.5329010911912033 0.5424342929910015
-42.30876216968011 -0.5249462840951051 0.5345805637452063
-41.808066759388026 -0.5171251845871905 0.5267534319750713
-41.30737134909597 -0.5094386452989252 0.5189531724968302
-40.80667593880389 -0.501887518861889 0.511180060126706
-40.30598052851181 -0.49447265790751205 0.5034343696809149
-39.80528511821976 -0.4871949150673456 0.4957163759757013
-39.304589707927676 -0.4800551429728839 0.488026353827274
-38.803894297635594 -0.473054194255607 0.48036457805186683
-38.30319888734354 -0.46619292154703773 0.47273132346570645
-37.80250347705146 -0.45947217747869873 0.4651268648850089
-37.30180806675938 -0.452892814682063 0.45755147712600786
-36.801112656467325 -0.44645568578865324 0.45000543500493007
-36.30041724617524 -0.440161643429978 0.44248901333799506
-35.79972183588316 -0.4340115402375102 0.43500248694142596
-35.29902642559111 -0.42800622884279393 0.42754613063146363
-34.79833101529903 -0.42214656187730926 0.4201202192243134
-34.297635605006946 -0.4164333919725718 0.4127250275362162
-33.79694019471489 -0.4108675717600687 0.40536083038339155
-33.29624478442281 -0.40544995387132987 0.398027902582059
-32.79554937413073 -0.40018139093784955 0.3907265189484559
-32.294853963838676 -0.39506273559112204 0.3834569542988018
-31.794158553546595 -0.39009484046265586 0.37621948344931977
-31.293463143254513 -0.3852785581839737 0.3690143812162401
-30.79276773296246 -0.3806147413865486 0.3618419224157823
-30.29207232267038 -0.37610424270192455 0.3547023818641801
-29.791376912378297 -0.3717479147615603 0.3475960343776425
-29.290681502086244 -0.36754661019697865 0.340523154772421
-28.789986091794162 -0.36350118163970224 0.3334840178647209
-28.28929068150208 -0.3596124817212183 0.3264788984707725
-27.788595271210028 -0.3558813630730424 0.3195080714068095
-27.287899860917946 -0.3523086783266405 0.3125718114890408
-26.787204450625865 -0.34889528011356363 0.30567039353371084
-26.28650904033381 -0.3456420210653204 0.2988040923570321
-25.78581363004173 -0.3425497538133695 0.2919731827752312
-25.28511821974965 -0.3396193309892479 0.2851779396045384
-24.784422809457595 -0.3368516052244499 0.2784186376611768
-24.283727399165514 -0.3342474291504769 0.27169555176136595
-23.783031988873432 -0.3318076553988516 0.2650089567213467
-23.28233657858135 -0.3295331366010399 0.2583591273573209
-22.781641168289298 -0.3274247253885929 0.25174633848554007
-22.280945757997216 -0.32548327439299074 0.24517086492221662
-21.780250347705135 -0.3237096362457277 0.2386329814835737
-21.27955493741308 -0.32210466357833356 0.23213296298584862
-20.778859527121 -0.3206692090223098 0.22567108424524318
-20.27816411682892 -0.3194041252091293 0.21924762007800536
-19.777468706536865 -0.318310264770322 0.21286284530035826
-19.276773296244784 -0.3173884803374034 0.20651703472852145
-18.776077885952702 -0.31663962454183947 0.2002104631787145
-18.27538247566065 -0.3160645500151813 0.19394340546717115
-17.774687065368568 -0.3156641093888948 0.18771613641012164
-17.273991655076486 -0.3154391552945026 0.18152893082377486
-16.773296244784433 -0.3153905403635062 0.17538206352437524
-16.27260083449235 -0.315519117227407 0.16927580932814235
-15.77190542420027 -0.31582573851772766 0.16321044305128862
-15.271210013908217 -0.3163112568659341 0.1571862395100585
-14.770514603616135 -0.3169765249035632 0.15120347352067154
-14.269819193324054 -0.3178223952621164 0.1452624198993402
-13.769123783032 -0.3188497205730738 0.13936335346230533
-13.268428372739919 -0.3200593534679723 0.13350654902579007
-12.767732962447838 -0.32145214657830623 0.12769228140601752
-12.267037552155784 -0.32302895253554853 0.12192082541920368
-11.766342141863703 -0.32479062397123615 0.11619245588158589
-11.265646731571621 -0.3267380135168847 0.11050744760939435
-10.764951321279568 -0.32887197380397426 0.10486607541884507
-10.264255910987487 -0.33119335746402045 0.09926861412616472
-9.763560500695405 -0.33370301712851047 0.09371533854757286
-9.262865090403352 -0.3363805285118219 0.08820151599443687
-8.76216968011127 -0.3658639777468701 0.08505789986091794
-8.261474269819189 -0.4249460361613357 0.08452716272600834
-7.760778859527136 -0.426734631432547 0.06709784422809564
-7.260083449235054 -0.3659001390820591 0.0311979833101534
-6.759388038942973 -0.30205799721835835 0.011962906815020853
-6.25869262865092 -0.23409610570236655 0.010490250347705201
-5.757997218358838 -0.16510361613351968 0.009275396383866489
-5.257301808066757 -0.09959958275382441 0.008566244784422805
-4.756606397774675 -0.03737844228094425 0.00789253129346313
-4.255910987482622 0.022967872044505424 0.007394965229485403
-3.7552155771905404 0.0803075104311546 0.00699396383866481
-3.254520166898459 0.1367937413073726 0.006642892906815013
-2.753824756606406 0.19282239221140385 0.006366759388038947
-2.2531293463143243 0.24880013908205856 0.006166063977746871
-1.7524339360222427 0.3048769123783044 0.006005730180806673
-1.2517385257301896 0.3610549374130727 0.005880347705146038
-0.7510431154381081 0.4171831710709319 0.005790166898470097
-0.25034770514602656 0.473261057023645 0.005720041724617523
0.25034770514602656 0.5292388038942966 0.005669972183588318
0.7510431154381081 0.5841624478442281 0.005524478442280946
1.2517385257301896 0.6358717663421427 0.005218748261474264
1.7524339360222427 0.6883696801112645 0.005191460361613346
2.2531293463143243 0.7437961057023643 0.005502002781641167
2.753824756606406 0.7987161335187769 0.005873212795549381
3.254520166898459 0.8525300417246163 0.0063701529902642435
3.7552155771905404 0.9037132127955492 0.007231891515994432
4.255910987482622 0.9522139082058422 0.008475841446453426
4.756606397774675 1.0014685674547972 0.009576495132127934
5.257301808066757 1.0514184979137688 0.010519749652294848
5.757997218358838 1.1010997218358838 0.011438275382475672
6.258692628650891 1.1510140472878987 0.01226942976356048
6.759388038942973 1.1992787204450623 0.013271780250347698
7.260083449235054 1.2473401947148823 0.01420452016689848
7.760778859527107 1.2953089012517374 0.01505591098748259
8.261474269819189 1.3372059805285115 0.016581585535465907
8.76216968011127 1.3785952712100142 0.018037635605006964
9.262865090403324 1.4216075104311532 0.01914767732962444
9.763560500695405 1.4617104311543807 0.02044579972183587
10.264255910987487 1.4973766342141865 0.0220371766342142
10.76495132127954 1.5186349095966616 0.02489773296244773
11.265646731571621 1.537182336578581 0.027445688456189134
11.766342141863703 1.5580089012517386 0.02919536856745481
12.267037552155784 1.5733168289290687 0.031438484005563344
12.767732962447838 1.5841979137691238 0.03424529902642555
13.268428372739919 1.5909453407510432 0.03764415855354661
13.769123783032 1.5932385257301807 0.041811321279555044
14.269819193324054 1.589106675938804 0.04717243393602216
14.770514603616135 1.5748794158553547 0.054463824756606424
15.271210013908217 1.5482883171070925 0.06444477051460386
15.77190542420027 1.512336995827539 0.07728773296244762
16.27260083449235 1.4708927677329624 0.0927158275382476
16.773296244784433 1.4260567454798323 0.11050140472879036
17.273991655076486 1.3695262865090416 0.1330419332406115
17.774687065368568 1.3043925274562618 0.15862671155582841
18.27538247566065 1.2395973172210222 0.18408755265991306
18.776077885952702 1.1751782730372122 0.20941065113683122
19.276773296244784 1.111134542273322 0.23459628180281134
19.777468706536865 1.0474652722978495 0.2596447194740772
20.27816411682892 0.9841696104792943 0.284556238966853
20.778859527121 0.9212467041861454 0.3093311150973672
21.27955493741308 0.8586957007869009 0.3339696226818434
21.780250347705135 0.7965157476500608 0.35847203653650594
22.280945757997216 0.7347059921441139 0.3828386314775831
22.781641168289298 0.6732655816375583 0.40706968232129914
23.28233657858135 0.6121936634988945 0.431165463883878
23.783031988873432 0.5514893850966107 0.4551262509815477
24.283727399165514 0.49115189379920476 0.47895231843053243
24.784422809457567 0.4311803369751779 0.5026439410470562
25.28511821974965 0.3715738619930167 0.5262013936473475
25.78581363004173 0.3123316162212224 0.5496249510476303
26.286509040333783 0.25345274702829235 0.572914888064129
26.787204450625865 0.1949364017827171 0.596071479513071
27.287899860917946 0.13678172785299347 0.6190950002106812
27.78859527121 0.07898787260762186 0.6419857249731833
28.28929068150208 0.021553983415091515 0.6647439286168055
28.789986091794162 -0.03552079235609984 0.6873698859577722
29.290681502086215 -0.09223730733745228 0.7098638718123074
29.791376912378297 -0.14859641416047742 0.7322261609966387
30.29207232267038 -0.204598965456674 0.7544570283269911
30.79276773296246 -0.2602458138575501 0.7765567486195895
31.293463143254513 -0.3155378119946053 0.7985255966906584
31.794158553546595 -0.37047581249934813 0.8203638473564254
32.294853963838676 -0.42506066800328357 0.8420717754331155
32.79554937413073 -0.47929323113791034 0.8636496557369517
33.29624478442281 -0.5331743545347396 0.8850977630841632
33.79694019471489 -0.5867048908252728 0.9064163722909739
34.297635605006946 -0.6398856926410113 0.9276057581736072
34.79833101529903 -0.6927176126134644 0.948666195548292
35.29902642559111 -0.7452015033741355 0.9695979592312518
35.79972183588316 -0.7973382175545249 0.9904013240387117
36.30041724617524 -0.8491286077861422 1.011076564786899
36.801112656467325 -0.9005735267004895 1.0316239562920382
37.30180806675938 -0.9516738269290692 1.0520437733703536
37.80250347705146 -1.0024303611033898 1.0723362908380725
38.30319888734354 -1.0528439818549526 1.09250178351142
38.803894297635594 -1.102915541815261 1.1125405262066195
39.304589707927676 -1.1526458936158241 1.1324527937398996
39.80528511821976 -1.2020358898881418 1.1522388609274845
40.30598052851181 -1.251086383263719 1.171899002585598
40.80667593880389 -1.299798226374063 1.1914334935304682
41.30737134909597 -1.3481722718506757 1.2108426085783195
41.808066759388026 -1.396209372325059 1.2301266225453766
42.30876216968011 -1.4439103804287243 1.2492858102478663
42.80945757997219 -1.4912761487931703 1.2683204465020135
43.31015299026424 -1.538307530049901 1.2872308061240425
43.810848400556324 -1.5850053768304257 1.3060171639301805
44.311543810848406 -1.6313705417662452 1.3246797947366533
44.81223922114046 -1.6774038774888607 1.3432189733596835
45.31293463143254 -1.7231062366297842 1.3616349746155
45.81363004172462 -1.7684784718205164 1.3799280733203265
46.314325452016675 -1.8135214356925569 1.3980985442903877
46.81502086230876 -1.8582359808774185 1.4161466623419112
47.31571627260084 -1.9026229600066018 1.434072702291121
47.81641168289289 -1.9466832257116065 1.4518769389542425
48.31710709318497 -1.9904176306239454 1.4695596471475023
48.817802503477054 -2.0338270273751182 1.4871211016871249
49.318497913769136 -2.07691226859663 1.5045615773893364
49.81919332406119 -2.119674206919982 1.5218813490703604
50.31988873435327 -2.1621136949766853 1.5390806915464255
50.82058414464535 -2.2042315853982397 1.5561598796337546
51.321279554937405 -2.2460287308161484 1.573119188148574
51.82197496522949 -2.287505983861918 1.5899588919071104
52.32267037552157 -2.3286641971670545 1.6066792657255873
52.82336578581362 -2.3695042233630574 1.6232805844202305
53.3240611961057 -2.410026915081436 1.6397631228072662
53.824756606397784 -2.450233124953695 1.6561271557029207
54.32545201668984 -2.490123705611332 1.6723729579234174
54.82614742698192 -2.5296995096858574 1.6885008042849827
55.326842837274 -2.568961389808774 1.7045109696038427
55.82753824756605 -2.607910198611585 1.7204037286962215
56.328233657858135 -2.6465467887257987 1.7361793563783465
56.82892906815022 -2.684872012782915 1.7518381274664414
57.32962447844227 -2.722886723414439 1.767380316776732
57.83031988873435 -2.760591773251876 1.7828061991254451
58.33101529902643 -2.7979880149267315 1.7981160493288046
58.831710709318486 -2.835076301070506 1.8133101422030358
59.33240611961057 -2.87185748431471 1.8283887525643652
59.83310152990265 -2.908332417290843 1.843352155229019
60.3337969401947 -2.9445019526304095 1.8582006250132206
60.834492350486784 -2.9803669429649156 1.8729344367331964
61.335187760778865 -3.015928240925865 1.887553865205173
61.83588317107092 -3.0511866991447607 1.9020591852453734
62.336578581363 -3.0861431702531124 1.9164506716700258
62.83727399165508 -3.120798506882418 1.9307285992953542
63.337969401947134 -3.1551535616641826 1.9448932429375831
63.838664812239216 -3.1892091872299146 1.9589448774129405
64.3393602225313 -3.2229662362111173 1.97288377753765
64.84005563282335 -3.2564255612392903 1.9867102181279368
65.34075104311543 -3.2895880149459455 2.0004244740000274
65.84144645340751 -3.32245444996258 2.014026819970148
66.34214186369957 -3.3550257189207024 2.0275175308545217
66.84283727399165 -3.3873026744518158 2.0408968814693766
67.34353268428373 -3.419286169187427 2.054165146630936
67.84422809457581 -3.450977055759037 2.0673226011554267
68.34492350486786 -3.48237618679815 2.0803695198590733
68.84561891515995 -3.5134844149362725 2.0933061775581026
69.34631432545203 -3.5443025928049097 2.1061328490687385
69.84700973574408 -3.5748315730355604 2.118849809207206
70.34770514603616 -3.605072208259736 2.1314573327897346
70.84840055632824 -3.6350253511089368 2.1439556946325444
71.3490959666203 -3.664691854214667 2.156345169551863
71.84979137691238 -3.694072570208433 2.1686260323639184
72.35048678720446 -3.7231683517217404 2.180798557884933
72.85118219749651 -3.7519800513860866 2.1928630209311324
73.3518776077886 -3.7805085218329855 2.2048196963187427
73.85257301808068 -3.808754615693934 2.216668858863991
74.35326842837273 -3.8367191856004372 2.228410783383099
74.85396383866481 -3.8644030841840036 2.2400457446922957
75.35465924895689 -3.891807164076137 2.2515740176078065
75.85535465924895 -3.9189322779083358 2.262995876945854
76.35605006954103 -3.9457792783121133 2.274311597522666
76.85674547983308 -3.9723490179189658 2.285521454154466
77.35744089012519 -3.9986423493604053 2.2966257216574837
77.85813630041724 -4.024660125267927 2.307624674847939
78.3588317107093 -4.05040319827304 2.3185185885420596
78.8595271210014 -4.0758724210072526 2.329307737556074
79.36022253129346 -4.101068646102064 2.3399923967062026
79.86091794158551 -4.1259927261889775 2.350572840808674
80.36161335187762 -4.150645513899505 2.3610493446797136
80.86230876216968 -4.175027861865139 2.3714221831355458
81.36300417246173 -4.199140622717394 2.381691630992396
81.86369958275384 -4.222984649087772 2.3918579630664913
82.36439499304589 -4.246560793607774 2.4019214541740563
82.86509040333794 -4.269869908908909 2.411882379131314
83.36578581363005 -4.292912847622679 2.4217410127544943
83.86648122392211 -4.315690462380585 2.4314976298598205
84.36717663421416 -4.338203605814137 2.441152505263516
84.86787204450627 -4.360453130554838 2.4507059137818095
85.36856745479832 -4.38243988923419 2.4601581302309254
85.86926286509038 -4.404164734483697 2.469509429427089
86.36995827538249 -4.425628518934872 2.4787600861865258
86.87065368567454 -4.4468320952192055 2.4879103753254608
87.3713490959666 -4.467776315968209 2.4969605716601206
87.8720445062587 -4.488462033813391 2.5059109500067303
88.37273991655076 -4.508890101386248 2.5147617851815136
88.87343532684281 -4.529061371318289 2.5235133520006983
89.37413073713492 -4.54897669624102 2.532165925280509
89.87482614742697 -4.568636928785937 2.540719779837171
90.37552155771903 -4.588042921584552 2.549175190486909
90.87621696801114 -4.60719552726837 2.557532432045952
91.37691237830319 -4.62609559846889 2.565791779330521
91.87760778859524 -4.64474398781762 2.573953507156843
92.37830319888735 -4.663141547946065 2.582017890341146
92.8789986091794 -4.681289131485725 2.5899852036996514
93.37969401947146 -4.699187591068107 2.5978557220485863
93.88038942976357 -4.716837779324717 2.6056297202041776
94.38108484005562 -4.734240548887058 2.6133074729826493
94.88178025034773 -4.751396752386633 2.620889255200227
95.38247566063978 -4.768307242454949 2.628375341673136
95.88317107093184 -4.784972871723507 2.635766007217603
96.38386648122395 -4.801394492823814 2.643061526649852
96.884561891516 -4.817572958387373 2.650262174786109
97.38525730180805 -4.833509121045688 2.657368226442599
97.88595271210016 -4.849203833430268 2.664379956435549
98.38664812239222 -4.86465794817261 2.6712976395811827
98.88734353268427 -4.8798723179042245 2.6781215506957254
99.38803894297638 -4.894847795256613 2.6848519645954063
99.88873435326843 -4.909585232861279 2.691489156096446
100.38942976356049 -4.924085483349726 2.6980334000150714
100.8901251738526 -4.938349399353465 2.7044849711675107
101.39082058414465 -4.952377833503993 2.710844144369985
101.8915159944367 -4.966171638432817 2.717111194438723
102.39221140472881 -4.979731666771446 2.72328639618995
102.89290681502086 -4.993058771151375 2.7293700244398904
103.39360222531292 -5.006153804204114 2.735362354004769
103.89429763560503 -5.019017618561167 2.741263659700813
104.39499304589708 -5.031651066854035 2.747074216344247
104.89568845618913 -5.044055001714227 2.7527942987512954
105.39638386648124 -5.056230275773247 2.758424181738187
105.8970792767733 -5.068177741662598 2.7639641401211428
106.39777468706535 -5.079898252013784 2.7694144487163923
106.89847009735746 -5.0913926594583145 2.7747753823401586
107.39916550764951 -5.1026618166276805 2.7800472158086666
107.89986091794157 -5.113706576153399 2.785230223938145
108.40055632823368 -5.124527790666971 2.790324681544816
108.90125173852573 -5.135126312799898 2.7953308634449057
109.40194714881778 -5.145502995183687 2.8002490444546417
109.90264255910989 -5.155658690449842 2.8050794993902475
110.40333796940195 -5.165594251229866 2.8098225030679487
110.904033379694 -5.175310530155267 2.81447833030397
111.40472878998611 -5.184808379857543 2.8190472559145405
111.90542420027816 -5.194088652968206 2.823529554715881
112.40611961057022 -5.203152202118753 2.827925501524218
112.90681502086233 -5.211999879940699 2.8322353711557815
113.40751043115438 -5.2206325390655355 2.8364594384267914
113.90820584144643 -5.229051032124774 2.8405979781534745
114.40890125173854 -5.237256211749916 2.8446512651520584
114.9095966620306 -5.245248930572469 2.848619574238767
115.41029207232265 -5.253030041223935 2.852503180229826
115.91098748261476 -5.260600396335819 2.856302357941461
116.41168289290681 -5.267960848539625 2.8600173821898967
116.91237830319886 -5.27511225046686 2.8636485277913595
117.41307371349097 -5.2820554547490275 2.867196069562075
117.91376912378303 -5.288791314017624 2.8706602823182665
118.41446453407508 -5.295320680904165 2.874041440876163
118.91515994436719 -5.301644408040152 2.877339820051988
119.41585535465924 -5.307763348057083 2.8805556946619664
119.9165507649513 -5.31367835358647 2.8836893395223244
120.4172461752434 -5.319390277259812 2.886741029449288
120.91794158553546 -5.324899971708616 2.8897110392590815
121.41863699582751 -5.330208289564387 2.892599643767933
121.91933240611962 -5.3353160834586255 2.8954071177920637
122.42002781641168 -5.340224206022842 2.8981337361477015
122.92072322670373 -5.344933509888538 2.900779773651072
123.42141863699584 -5.3494448476872165 2.903345505118401
123.92211404728789 -5.353759072050384 2.9058312053659128
124.42280945757994 -5.357877035609537 2.9082371492098336
124.92350486787205 -5.361799590996194 2.9105636114663893
125.42420027816411 -5.36552759084185 2.912810866951804
125.92489568845616 -5.36906188777801 2.9149791904823026
126.42559109874827 -5.372403334436177 2.9170688568741143
126.92628650904032 -5.375552783447862 2.9190801409434615
127.42698191933238 -5.378511087444565 2.92101331750657
127.92767732962449 -5.381279099057787 2.922868661379666
128.42837273991654 -5.383857670919042 2.924646447378975
128.9290681502086 -5.386247655659821 2.9263469503207196
129.4297635605007 -5.388449905911642 2.9279704450211286
129.93045897079276 -5.390465274305999 2.9295172062964285
130.4311543810848 -5.392294613474403 2.9309875089628408
130.93184979137692 -5.393938776048355 2.9323816278365937
131.43254520166897 -5.39539861465936 2.933699837733914
131.93324061196108 -5.39667498193892 2.9349424134710214
132.43393602225314 -5.397768730518543 2.9361096298641476
132.9346314325452 -5.398680713029735 2.937201761729516
133.4353268428373 -5.399411782103996 2.9382190838833493
133.93602225312935 -5.399962790372829 2.9391618711418763
134.4367176634214 -5.400334590467743 2.9400303983213227
134.93741307371351 -5.400528035020242 2.9408249402379107
135.43810848400557 -5.4005439766618295 2.9415457717078697
135.93880389429762 -5.4003832680240045 2.9421931675474218
136.43949930458973 -5.400046761738281 2.9427674025727946
136.94019471488178 -5.399535310436157 2.943268751600214
137.44089012517384 -5.398849766749139 2.943697489445902
137.94158553546595 -5.397990983308727 2.9440538909260887
138.442280945758 -5.396959812746434 2.9443382308569968
138.94297635605005 -5.395757107693758 2.944550784054851
139.44367176634216 -5.394383720782203 2.9446918253358794
139.94436717663422 -5.39284050464328 2.9447616295163073
140.44506258692627 -5.391128311908478 2.944760471412356
140.94575799721838 -5.389247995209322 2.9446886258402563
141.44645340751043 -5.387200407177303 2.9445463676162307
141.94714881780249 -5.384986400443928 2.944333971556504
142.4478442280946 -5.382606827640702 2.9440517124773047
142.94853963838665 -5.380062541399127 2.9436998651948576
143.4492350486787 -5.377354394350716 2.943278704525384
143.9499304589708 -5.37448323912696 2.9427885052851144
144.45062586926286 -5.371449928359375 2.9422295422902733
144.95132127955492 -5.368255314679459 2.941602090357083
145.45201668984703 -5.364900250718714 2.9409064243017715
145.95271210013908 -5.3613855891086555 2.940142818940564
146.45340751043113 -5.357712182480778 2.9393115490896866
146.95410292072324 -5.353880883466584 2.938412889565365
147.4547983310153 -5.349892544697587 2.9374471151838213
147.95549374130735 -5.345748018805287 2.936414500761285
148.45618915159946 -5.341448158421189 2.9353153211139817
148.9568845618915 -5.336993816176795 2.934149851058133
149.45757997218357 -5.332385844703609 2.932918365409967
149.95827538247568 -5.32762509663314 2.931621138985709
150.45897079276773 -5.322712424596887 2.9302584466015817
150.95966620305978 -5.317648681226359 2.9288305630738174
151.4603616133519 -5.312434719153057 2.9273377632186346
151.96105702364395 -5.307071391008488 2.925780321852261
152.461752433936 -5.301559549424155 2.924158513790924
152.9624478442281 -5.295900047031562 2.9224726138508457
153.46314325452016 -5.290093736462211 2.920722896848255
153.96383866481222 -5.284141470347613 2.918909637599377
154.46453407510432 -5.278044101319264 2.917033110920433
154.96522948539638 -5.271802482008674 2.9150935916276524
155.46592489568843 -5.265417465047351 2.9130913545372596
155.96662030598054 -5.258889903066795 2.9110266744654805
156.4673157162726 -5.252220648698501 2.9088998262285406
156.96801112656465 -5.245410554573986 2.906711084642665
157.46870653685676 -5.2384604733247535 2.9044607245240774
157.9694019471488 -5.231371257582307 2.9021490206890075
158.47009735744086 -5.224143759978144 2.8997762479536773
158.97079276773297 -5.216778833143772 2.8973426811343117
159.47148817802503 -5.209277329710702 2.89484859504714
159.97218358831708 -5.201640102310428 2.8922942645083847
160.4728789986092 -5.193868003574462 2.8896799643342703
160.97357440890124 -5.185961886134308 2.8870059693410264
161.4742698191933 -5.177922602621468 2.884272554344876
161.9749652294854 -5.169751005667447 2.8814799941620413
162.47566063977746 -5.161447947903749 2.8786285636087543
162.9763560500695 -5.153014281961873 2.8757185375012346
163.47705146036162 -5.144450860473334 2.8727501906557116
163.97774687065368 -5.1357585360696305 2.869723797888412
164.47844228094573 -5.126938161382267 2.866639634015554
164.97913769123784 -5.117990589042748 2.86349797385337
165.4798331015299 -5.108916671682579 2.860299092218086
165.98052851182194 -5.0997172619332645 2.8570432639259202
166.48122392211405 -5.090393212426303 2.853730763793104
166.9819193324061 -5.08094537579321 2.850361866635863
167.48261474269816 -5.071374604665479 2.8469368472704177
167.98331015299027 -5.061681751674623 2.843455980513
168.48400556328232 -5.05186766945214 2.8399195411798326
168.98470097357443 -5.041933210629537 2.836327804087138
169.4853963838665 -5.031879227838317 2.8326810440511467
169.98609179415854 -5.021706573709988 2.82897953588808
170.48678720445065 -5.011416100876048 2.825223554414168
170.9874826147427 -5.001008661968012 2.8214133744456316
171.48817802503476 -4.990485109617371 2.8175492707986978
171.98887343532687 -4.979846296455641 2.8136315182895935
172.48956884561892 -4.969093075114316 2.8096603917345426
172.99026425591097 -4.958226298224904 2.805636165949771
173.49095966620308 -4.947246818418915 2.8015591157515027
173.99165507649514 -4.936155488327852 2.797429515955968
174.4923504867872 -4.924953160583211 2.793247641379386
174.9930458970793 -4.913640687816503 2.7890137668379857
175.49374130737135 -4.902218922659234 2.7847281671479918
175.9944367176634 -4.890688717742904 2.780391117125631
176.49513212795551 -4.879050925699019 2.776002891587127
176.99582753824757 -4.867306399159084 2.7715637653487066
177.49652294853962 -4.855455990754603 2.767074013226593
177.99721835883173 -4.843500553117082 2.7625339100370168
178.49791376912378 -4.831440938878021 2.757943730596195
178.99860917941584 -4.819278000668923 2.753303749720362
179.49930458970795 -4.807012591121303 2.7486142422257407
180.0 -4.7946455628666556 2.7438754829285505
