Polar data for a18sm at Re = 1107931.0344827587
Alpha (deg) Cl Cd
-180.0 -6.815515635631307 3.0980042520493054
-179.49930458970792 -6.799040436569516 3.0923440278178784
-178.99860917941587 -6.782428544147319 3.086628687009741
-178.49791376912378 -6.765681035434998 3.0808585528022636
-177.9972183588317 -6.748798987502813 3.075033948372818
-177.49652294853965 -6.731783477421004 3.0691551968987785
-176.99582753824757 -6.714635582259863 3.0632226215575074
-176.4951321279555 -6.697356379089626 3.0572365455263846
-175.99443671766343 -6.679946944980578 3.051197291982774
-175.49374130737135 -6.662408357002967 3.045105184104049
-174.99304589707927 -6.644741692227061 3.038960545067585
-174.49235048678722 -6.62694802772312 3.0327636980507453
-173.99165507649514 -6.60902844056141 3.0265149662309057
-173.49095966620305 -6.590984007812171 3.020214672785432
-172.990264255911 -6.572815806545691 3.013863140891699
-172.48956884561892 -6.554524913832228 3.0074606937270794
-171.98887343532684 -6.536112406742038 3.0010076544689426
-171.48817802503476 -6.517579362345391 2.9945043462946543
-170.9874826147427 -6.498926857712529 2.987951092381591
-170.48678720445062 -6.480155969913735 2.9813482159071203
-169.98609179415854 -6.461267776019259 2.97469604004862
-169.4853963838665 -6.442263353099367 2.9679948879834495
-168.9847009735744 -6.4231437782243255 2.961245082888988
-168.48400556328232 -6.403910128464393 2.954446947942605
-167.98331015299027 -6.384563480889835 2.947600806321672
-167.4826147426982 -6.365104912570903 2.9407069812035544
-166.9819193324061 -6.3455355005778635 2.9337657957656287
-166.48122392211405 -6.325856321980986 2.926777573185264
-165.98052851182197 -6.306068453850536 2.919742636639832
-165.4798331015299 -6.28617297325675 2.912661309306701
-164.97913769123784 -6.266170957269914 2.905533914363243
-164.47844228094576 -6.2460634829602775 2.8983607749868323
-163.97774687065368 -6.225851627398111 2.891142214354833
-163.47705146036162 -6.205536467653669 2.883878555644621
-162.97635605006954 -6.185119080797222 2.8765701220335664
-162.47566063977746 -6.164600543899031 2.869217236699038
-161.9749652294854 -6.143981934029352 2.8618202228184106
-161.47426981919332 -6.123264328258436 2.8543794035690464
-160.97357440890124 -6.102448803656575 2.846895102128329
-160.4728789986092 -6.081536437294009 2.83936764167362
-159.9721835883171 -6.060528306241007 2.8317973453822916
-159.47148817802503 -6.039425487567836 2.8241845364317157
-158.97079276773297 -6.0182290583447475 2.8165295379992674
-158.4700973574409 -5.996940095642007 2.808832673262309
-157.9694019471488 -5.975559676529873 2.8010942653982145
-157.46870653685676 -5.954088878078604 2.793314637584359
-156.96801112656468 -5.932528777358485 2.7854941129981103
-156.4673157162726 -5.910880451439752 2.7776330148168373
-155.96662030598054 -5.889144977392686 2.769731666217915
-155.46592489568846 -5.867323432287538 2.7617903903787084
-154.96522948539638 -5.845416893194571 2.753809510476593
-154.46453407510432 -5.82342643718405 2.745789349688941
-153.96383866481224 -5.801353141326235 2.737730231193119
-153.46314325452016 -5.779198082691384 2.729632478166499
-152.9624478442281 -5.756962338349776 2.7214964137864524
-152.46175243393603 -5.7346469853716435 2.7133223612303503
-151.96105702364395 -5.712253100827279 2.705110643675562
-151.4603616133519 -5.689781761786929 2.696861584299464
-150.9596662030598 -5.667234045320857 2.6885755062794185
-150.45897079276773 -5.644611028499323 2.680252732792802
-149.95827538247568 -5.6219137883926 2.6718935870169833
-149.4575799721836 -5.5991434020709185 2.663498392129334
-148.9568845618915 -5.576300946604579 2.6550674713072233
-148.45618915159943 -5.5533874990638346 2.6466011477280276
-147.95549374130738 -5.530404136518936 2.6380997445691072
-147.4547983310153 -5.507351936040148 2.629563585007844
-146.95410292072324 -5.484231974697732 2.6209929922216038
-146.45340751043116 -5.461045329561966 2.6123882893877575
-145.95271210013908 -5.4377930777030805 2.6037497996836745
-145.452016689847 -5.414476296191371 2.5950778462867294
-144.95132127955495 -5.391096062097073 2.58637275237429
-144.45062586926286 -5.367653452490462 2.5776348411237286
-143.94993045897078 -5.344149544441795 2.568864435712415
-143.44923504867873 -5.320585415021345 2.5600618593177185
-142.94853963838665 -5.296962141299371 2.551227435117015
-142.44784422809457 -5.273280800346118 2.5423614862876764
-141.9471488178025 -5.249542469231859 2.5334643360070626
-141.44645340751043 -5.225748225026852 2.5245363074525518
-140.94575799721835 -5.201899144801377 2.5155777238015133
-140.44506258692627 -5.17799630562568 2.5065889082313255
-139.94436717663422 -5.154040784570011 2.497570183919347
-139.44367176634213 -5.130033658704665 2.4885218740429575
-138.94297635605005 -5.10597600509988 2.479444301779523
-138.442280945758 -5.081868900825921 2.4703377903064148
-137.94158553546592 -5.057713422953054 2.461202662801007
-137.44089012517384 -5.033510648551552 2.4520392424406676
-136.94019471488178 -5.009261654691652 2.4428478524027692
-136.4394993045897 -4.984967518443629 2.433628815864683
-135.93880389429762 -4.960629316877746 2.4243824560037748
-135.43810848400557 -4.936248127064264 2.4151090959974226
-134.9374130737135 -4.9118250260734335 2.405809059022989
-134.4367176634214 -4.887361090975542 2.3964826682578515
-133.93602225312935 -4.862857398840841 2.3871302468793836
-133.43532684283727 -4.838315026739576 2.3777521180649455
-132.9346314325452 -4.813735051742032 2.368348604991919
-132.43393602225314 -4.789118550918449 2.3589200308376643
-131.93324061196105 -4.764466601339112 2.34946671877956
-131.43254520166897 -4.739780280074267 2.339988991994975
-130.93184979137692 -4.715060664194173 2.3304871736612824
-130.43115438108484 -4.6903088307691085 2.3209615869558444
-129.93045897079276 -4.665525856869326 2.311412555056048
-129.4297635605007 -4.640712819565092 2.301840401139252
-128.92906815020862 -4.615870795926664 2.29224544838282
-128.42837273991654 -4.591000863024302 2.2826280199641413
-127.92767732962449 -4.566104097928278 2.2729884390605744
-127.4269819193324 -4.541181577708837 2.26332702884949
-126.92628650904032 -4.516234379436238 2.253644112508267
-126.42559109874827 -4.491263580180782 2.243940013214271
-125.92489568845619 -4.466270257012699 2.2342150541448706
-125.42420027816411 -4.441255487002241 2.2244695584774448
-124.92350486787205 -4.416220347219696 2.2147038493893536
-124.42280945757997 -4.391165914735314 2.204918250057972
-123.92211404728789 -4.3660932666193695 2.1951130836606794
-123.42141863699584 -4.341003479942099 2.1852886733748313
-122.92072322670376 -4.31589763177379 2.1754453423778095
-122.42002781641168 -4.2907767991846875 2.165583413846985
-121.91933240611961 -4.265642059245071 2.1557032109597216
-121.41863699582754 -4.240494489025171 2.145805056893394
-120.91794158553546 -4.215335165595281 2.1358892748253737
-120.41724617524339 -4.190165166025647 2.1259561879330313
-119.91655076495132 -4.164985567386541 2.1160061193937363
-119.41585535465924 -4.139797446748222 2.1060393923848633
-118.91515994436718 -4.114601881180942 2.0960563300837762
-118.41446453407511 -4.0893999477549805 2.08605725566785
-117.91376912378303 -4.064192723540575 2.0760424923144605
-117.41307371349096 -4.0389812856080205 2.0660123632009704
-116.91237830319889 -4.013766711027554 2.0559671915047506
-116.41168289290681 -3.9885500768694406 2.0459073004031794
-115.91098748261474 -3.9633324602039544 2.035833013073617
-115.41029207232268 -3.9381149381013465 2.025744652693451
-114.9095966620306 -3.912898587631876 2.015642542440032
-114.40890125173853 -3.887684485865808 2.0055270054907446
-113.90820584144646 -3.8624737098734236 1.9953983650229539
-113.40751043115438 -3.8372673367249455 1.9852569442140329
-112.90681502086231 -3.812066443490675 1.9751030662413491
-112.40611961057024 -3.7868721072408427 1.9649370542822808
-111.90542420027816 -3.7616854050457285 1.9547592315141937
-111.4047287899861 -3.7365074139756196 1.9445699211144571
-110.90403337969401 -3.711339211100718 1.934369446260444
-110.40333796940195 -3.686181873491318 1.924158130129527
-109.90264255910988 -3.6610364782176923 1.913936295899072
-109.4019471488178 -3.6359041023500858 1.9037042667464554
-108.90125173852573 -3.610785822958764 1.893462365849043
-108.40055632823366 -3.5856827171140004 1.8832109163842112
-107.89986091794158 -3.560595861886032 1.8729502415293222
-107.39916550764951 -3.5355263343451675 1.8626806644617595
-106.89847009735745 -3.5104752115616016 1.8524025083588818
-106.39777468706536 -3.485443570605643 1.8421160963980654
-105.8970792767733 -3.460432488547557 1.8318217517566815
-105.39638386648123 -3.435443042457589 1.8215197976120976
-104.89568845618915 -3.41047630940599 1.8112105571416883
-104.39499304589708 -3.385533366463047 1.8008943535228248
-103.89429763560501 -3.3606152906990197 1.7905715099328763
-103.39360222531293 -3.335723159184159 1.780242349549214
-102.89290681502086 -3.3108580489887025 1.7699071955492034
-102.3922114047288 -3.2860210371829446 1.7595663711102247
-101.89151599443672 -3.261213200837151 1.749220199409642
-101.39082058414465 -3.2364356170215878 1.7388690036248313
-100.89012517385257 -3.2116893628065064 1.728513106933157
-100.3894297635605 -3.18697551526213 1.718152832511997
-99.88873435326843 -3.162295151458789 1.7077885035387155
-99.38803894297635 -3.1376493484666987 1.6974204431906887
-98.88734353268428 -3.1130391833561397 1.6870489746452808
-98.38664812239222 -3.0884657331973706 1.6766744210798716
-97.88595271210013 -3.06393007506065 1.666297105671827
-97.38525730180807 -3.0394332860162585 1.655917351598518
-96.884561891516 -3.014976443134426 1.6455354820373156
-96.38386648122392 -2.9905606234854254 1.6351518201655892
-95.88317107093185 -2.966186904139537 1.6247666891607153
-95.38247566063978 -2.9418563621670053 1.614380412200056
-94.8817802503477 -2.917570074638089 1.6039933124609824
-94.38108484005564 -2.8933291186230683 1.5936057131208763
-93.88038942976357 -2.8691345711921876 1.5832179373571051
-93.37969401947149 -2.8449875094156987 1.5728303083470223
-92.87899860917942 -2.82088901036391 1.5624431492680237
-92.37830319888734 -2.7968401511070375 1.5520567832974663
-91.87760778859527 -2.7728420087153687 1.5416715336127247
-91.3769123783032 -2.748895660259162 1.53128772339117
-90.87621696801112 -2.7250021828086552 1.5209056758101696
-90.37552155771905 -2.7011626534341495 1.5105257140470982
-89.87482614742699 -2.677378149205868 1.5001481612793235
-89.3741307371349 -2.6536497471941054 1.4897733406842164
-88.87343532684284 -2.62997852446912 1.4794015754391552
-88.37273991655077 -2.6063655581011353 1.4690331887215002
-87.87204450625869 -2.5828119251604598 1.4586685037086298
-87.37134909596662 -2.5593187027173165 1.4483078435779042
-86.87065368567455 -2.5358869678420284 1.4379515315067124
-86.36995827538247 -2.512517797604783 1.4275998906724041
-85.8692628650904 -2.489212269075882 1.4172532442523647
-85.36856745479834 -2.4659714593255977 1.406911915423965
-84.86787204450626 -2.442796445424161 1.3965762273645694
-84.36717663421419 -2.419688304441845 1.3862465032515487
-83.86648122392211 -2.3966481134489435 1.3759230662622777
-83.36578581363004 -2.3736769495156658 1.3656062395741344
-82.86509040333797 -2.350775889712299 1.3552963463644687
-82.36439499304589 -2.3279460111091375 1.3449937098106695
-81.86369958275382 -2.305188390776376 1.3346986530901006
-81.36300417246176 -2.282504105784323 1.3244114993801333
-80.86230876216968 -2.259894233203216 1.314132571858135
-80.36161335187761 -2.2373598501033563 1.303862193701491
-79.86091794158554 -2.21490203355496 1.293600688087551
-79.36022253129346 -2.1925218606283146 1.283348378193704
-78.85952712100139 -2.1702204083936856 1.273105587197314
-78.35883171070932 -2.1479987539213106 1.262872638275745
-77.85813630041724 -2.1258579742814696 1.2526498546063785
-77.35744089012518 -2.1037991465444357 1.2424375593665857
-76.85674547983311 -2.081823347780439 1.2322360757337236
-76.35605006954103 -2.059931655059767 1.2220457268851774
-75.85535465924896 -2.038125145452657 1.2118668359983076
-75.35465924895689 -2.016404896029403 1.2016997262504958
-74.85396383866481 -1.9947719838602644 1.1915447208191061
-74.35326842837274 -1.9732274860154924 1.1814021428815131
-73.85257301808066 -1.9517724795653102 1.1712723156150773
-73.3518776077886 -1.930408041580069 1.1611555621971839
-72.85118219749653 -1.9091352491299354 1.1510522058051933
-72.35048678720445 -1.887955179285239 1.1409625696164802
-71.84979137691238 -1.86686890911621 1.1308869768084158
-71.34909596662031 -1.8458775156931146 1.120825750558371
-70.84840055632823 -1.8249820760862185 1.110779214043717
-70.34770514603616 -1.8041836673658018 1.1007476904418247
-69.8470097357441 -1.7834833666020806 1.0907315029300584
-69.34631432545201 -1.7628822508653634 1.0807309746857996
-68.84561891515995 -1.7423813972258877 1.0707464288864088
-68.34492350486788 -1.7219818827539193 1.0607781887092678
-67.8442280945758 -1.701684784519724 1.0508265773317405
-67.34353268428373 -1.681491179593575 1.040891917931198
-66.84283727399166 -1.6614021450456882 1.0309745336850114
-66.34214186369958 -1.6414187579463864 1.0210747477705517
-65.84144645340751 -1.6215420953658999 1.0111928833651938
-65.34075104311543 -1.6017732343744804 1.0013292636463014
-64.84005563282336 -1.5821132520424221 0.9914842117912493
-64.3393602225313 -1.5625632254399555 0.9816580509774085
-63.838664812239216 -1.5431242316373535 0.9718511043821466
-63.33796940194715 -1.5237973477049174 0.9620636951828453
-62.83727399165508 -1.5045836507128207 0.9522961465568579
-62.336578581363 -1.4854842177314076 0.9425487816815626
-61.83588317107093 -1.466500125830887 0.9328219237343413
-61.335187760778865 -1.4476324520815815 0.9231158958925542
-60.834492350486784 -1.428882273553672 0.9134310213335689
-60.333796940194716 -1.4102506673175021 0.9037676232347637
-59.83310152990265 -1.3917387104432741 0.894126024773506
-59.33240611961057 -1.373347480001275 0.8845065491271705
-58.8317107093185 -1.3550780530617565 0.8749095194731177
-58.33101529902643 -1.3369315066949845 0.8653352589887221
-57.83031988873435 -1.318908917971246 0.8557840908513691
-57.329624478442284 -1.3010113639607574 0.8462563382384155
-56.82892906815022 -1.2832399217338057 0.8367523243272325
-56.328233657858135 -1.2655956683606782 0.8272723722952017
-55.82753824756607 -1.2480796809115837 0.8178168053196765
-55.326842837273986 -1.2306930364568238 0.8083859465780422
-54.82614742698192 -1.213436812066636 0.7989801192476628
-54.32545201668985 -1.1963120848113 0.7895996465059022
-53.82475660639777 -1.1793199317610679 0.7802448515301493
-53.3240611961057 -1.1624614299861982 0.7709160574977646
-52.823365785813635 -1.145737656556971 0.7616135875861191
-52.322670375521554 -1.1291496885436452 0.7523377649725874
-51.82197496522949 -1.1126986030164652 0.7430889128345265
-51.321279554937405 -1.096385477045704 0.7338673543493287
-50.82058414464535 -1.0802113877016133 0.7246734126943474
-50.31988873435327 -1.0641774120544731 0.7155074110469678
-49.81919332406119 -1.0482846271745423 0.7063696725845433
-49.318497913769136 -1.0325341101320653 0.6972605204844592
-48.817802503477054 -1.0169269379973152 0.6881802779240865
-48.31710709318497 -1.0014641878405506 0.6791292680807787
-47.81641168289292 -0.9861469367320517 0.670107814131928
-47.31571627260084 -0.9709762617420559 0.6611162392548985
-46.81502086230876 -0.9559532399408361 0.652154866627047
-46.3143254520167 -0.9410789483986441 0.6432240194257696
-45.81363004172462 -0.9263544641857742 0.6343240208284194
-45.31293463143254 -0.9117808643724636 0.6254551940123713
-44.81223922114049 -0.8973592260289642 0.6166178621549926
-44.311543810848406 -0.8830906262255631 0.6078123484336652
-43.810848400556324 -0.8689761420324835 0.5990389760257423
-43.31015299026427 -0.855016850520034 0.5902980681086164
-42.80945757997219 -0.8412138287584376 0.5815899478596372
-42.30876216968011 -0.8275681538179889 0.5729149384561901
-41.808066759388026 -0.8140809027689322 0.564273363075639
-41.30737134909597 -0.8007531526815406 0.5556655448953586
-40.80667593880389 -0.7875859806260586 0.5470918070927163
-40.30598052851181 -0.774580463672752 0.5385524728450869
-39.80528511821976 -0.7617376788919152 0.5300478653298378
-39.304589707927676 -0.7490587033537643 0.5215783077243367
-38.803894297635594 -0.7365446141285723 0.5131441232059651
-38.30319888734354 -0.7241964882866405 0.5047456349520908
-37.80250347705146 -0.7120154028981638 0.4963831661400705
-37.30180806675938 -0.7000024350334648 0.48805703994729666
-36.801112656467325 -0.6881586617627811 0.47976757955111904
-36.30041724617524 -0.6764851601563713 0.47151510812892294
-35.79972183588316 -0.6649830072844729 0.46329994885807235
-35.29902642559111 -0.6536532802174015 0.45512242491595256
-34.79833101529903 -0.6424970560254017 0.44698285947990624
-34.297635605006946 -0.6315154117787181 0.4388815757273329
-33.79694019471489 -0.6207094245476235 0.43081889683558583
-33.29624478442281 -0.6100801714023696 0.4227951459820397
-32.79554937413073 -0.5996287294132294 0.4148106463440656
-32.294853963838676 -0.5893561756504688 0.40686572109904173
-31.794158553546595 -0.5792635871843395 0.39896069342432494
-31.293463143254513 -0.5693520410851214 0.39109588649730054
-30.79276773296246 -0.559622614423045 0.38327162349532895
-30.29207232267038 -0.5500763842683902 0.37548822759578837
-29.791376912378297 -0.5407144276914231 0.36774602197603923
-29.290681502086244 -0.5315378217624023 0.3600453298134597
-28.789986091794162 -0.5225476435515866 0.35238647428542447
-28.28929068150208 -0.5137449701292418 0.34476977856929747
-27.788595271210028 -0.5051308785656481 0.3371955658424569
-27.287899860917946 -0.4967064459310002 0.3296641592822632
-26.787204450625865 -0.4884727492956422 0.32217588206609105
-26.28650904033381 -0.48043086572981153 0.31473105737131857
-25.78581363004173 -0.4725818723037527 0.30733000837530977
-25.28511821974965 -0.4649268460877174 0.2999730582554322
-24.784422809457595 -0.4574668641519928 0.292660530189064
-24.283727399165514 -0.4502030035668163 0.28539274735356923
-23.783031988873432 -0.4431363414025107 0.27817003292633313
-23.28233657858135 -0.4362679547292636 0.2709927100846984
-22.781641168289298 -0.4295989206173836 0.26386110200606805
-22.280945757997216 -0.42313031613709384 0.25677553186778834
-21.780250347705135 -0.41686321835868867 0.24973632284724456
-21.27955493741308 -0.41079870435244814 0.24274379812180424
-20.778859527121 -0.4049378511885813 0.23579828086883847
-20.27816411682892 -0.3992817359373966 0.22890009426571833
-19.777468706536865 -0.39383143566910306 0.2220495614898007
-19.276773296244784 -0.3885880274540092 0.2152470057184851
-18.776077885952702 -0.3835525883623525 0.20849275012911417
-18.27538247566065 -0.3787261954644272 0.20178711789907322
-17.774687065368568 -0.37410992583045655 0.19513043220573334
-17.273991655076486 -0.3697048565307348 0.1885230162264585
-16.773296244784433 -0.36551206463549946 0.18196519313862336
-16.27260083449235 -0.36153262721501633 0.1754572861196061
-15.77190542420027 -0.35776762133957973 0.16899961834676713
-15.271210013908217 -0.3542181240793987 0.16259251299747757
-14.770514603616135 -0.35088521250476745 0.15623629324910493
-14.269819193324054 -0.3477699636859377 0.14993128227904162
-13.769123783032 -0.3448734546931611 0.1436778032646303
-13.268428372739919 -0.34219676259673193 0.13747617938325984
-12.767732962447838 -0.33974096446691604 0.13132673381229776
-12.267037552155784 -0.33750713737392246 0.12522978972910803
-11.766342141863703 -0.3354963583880597 0.11918567031106886
-11.265646731571621 -0.33370970457955096 0.11319469873554067
-10.764951321279568 -0.33214825301870476 0.10725719817991586
-10.264255910987487 -0.33081308077575855 0.10137349182154065
-9.763560500695405 -0.3296798331015299 0.09553784422809451
-9.262865090403352 -0.33085479833101517 0.08963386648122408
-8.76216968011127 -0.33651015299026416 0.08338869262865096
-8.261474269819189 -0.38739874826147513 0.08265102920723232
-7.760778859527136 -0.4148735744089027 0.06826799721835991
-7.260083449235054 -0.3650043115438114 0.03201264255911028
-6.759388038942973 -0.30680987482614697 0.012573657858136291
-6.25869262865092 -0.23879610570236656 0.010949944367176697
-5.757997218358838 -0.16951321279555026 0.009585716272600844
-5.257301808066757 -0.10292294853963804 0.008827413073713486
-4.756606397774675 -0.039537691237828805 0.008088191933240597
-4.255910987482622 0.02209541029207146 0.00755031988873436
-3.7552155771905404 0.08075020862308785 0.0071339638386648105
-3.254520166898459 0.1375446453407523 0.006773073713490952
-2.753824756606406 0.19347315716272512 0.006476912378303203
-2.2531293463143243 0.2493507649513214 0.006256189151599443
-1.7524339360222427 0.30532739916550883 0.006085730180806673
-1.2517385257301896 0.3614052851182188 0.0059504172461752455
-0.7510431154381081 0.4174831710709319 0.005840208623087622
-0.25034770514602656 0.47356105702364504 0.005760041724617523
0.25034770514602656 0.5294887343532674 0.005699958275382477
0.7510431154381081 0.58305702364395 0.005363727399165508
1.2517385257301896 0.6346297635605016 0.005075104311543811
1.7524339360222427 0.6882696801112645 0.005241460361613346
2.2531293463143243 0.7435948539638385 0.005557065368567454
2.753824756606406 0.7984161335187769 0.005923059805285125
3.254520166898459 0.8522809457579961 0.006410152990264243
3.7552155771905404 0.9038705146036159 0.007210639777468702
4.255910987482622 0.9522532684283734 0.008462378303198908
4.756606397774675 1.0009146036161323 0.009641891515994415
5.257301808066757 1.0505641168289288 0.010615187760778853
5.757997218358838 1.0999449235048686 0.011568915159944378
6.258692628650891 1.1495588317107082 0.01244012517385255
6.759388038942973 1.1981974965229483 0.013383963838664805
7.260083449235054 1.2458559109874832 0.014379763560500707
7.760778859527107 1.2927481223922102 0.015366342141863673
8.261474269819189 1.336863838664812 0.016593045897079266
8.76216968011127 1.3768773296244787 0.018197593880389447
9.262865090403324 1.4164497913769112 0.019708191933240575
9.763560500695405 1.4558305980528508 0.021073783031988858
10.264255910987487 1.4921393602225315 0.022579763560500708
10.76495132127954 1.512527260083449 0.025487301808066635
11.265646731571621 1.5256632823365783 0.02850446453407508
11.766342141863703 1.5432621696801114 0.030556675938803908
12.267037552155784 1.557815716272601 0.03291995827538254
12.767732962447838 1.5664450625869262 0.03601877607788591
13.268428372739919 1.569214742698192 0.039948484005563306
13.769123783032 1.5668164116828927 0.044808859527121124
14.269819193324054 1.5592575799721837 0.05083161335187751
14.770514603616135 1.5456648122392211 0.05840382475660642
15.271210013908217 1.5227579972183583 0.0683034075104314
15.77190542420027 1.48977899860918 0.08111579972183565
16.27260083449235 1.4455853963838665 0.09763351877607793
16.773296244784433 1.376121001390819 0.12214447844228155
17.273991655076486 1.290675323261795 0.15166146309344375
17.774687065368568 1.2056673830660642 0.18103444751257503
18.27538247566065 1.121146184065878 0.210247282709476
18.776077885952702 1.037110649190979 0.23930029186151558
19.276773296244784 0.9535597013710957 0.26819379814606814
19.777468706536865 0.8704922635359713 0.2969281247405028
20.27816411682892 0.7879072586153484 0.3255035948221888
20.778859527121 0.7058036095389557 0.35392053156850023
21.27955493741308 0.6241802392365345 0.38217925815680653
21.780250347705135 0.5430360706378288 0.4102800977644764
22.280945757997216 0.4623700266725681 0.4382233735688842
22.781641168289298 0.3821810302704929 0.4660094087473988
23.28233657858135 0.302468004361347 0.49363852647739004
23.783031988873432 0.22322987187485843 0.5211110499362316
24.283727399165514 0.1444655557407719 0.5484273023012928
24.784422809457567 0.06617397888882781 0.5755876067499429
25.28511821974965 -0.011645935751245062 0.6025922864595558
25.78581363004173 -0.08899526524970192 0.6294416646075008
26.286509040333783 -0.1658750866768024 0.656136064371147
26.787204450625865 -0.2422864771028168 0.6826758089278687
27.287899860917946 -0.31823051359800214 0.7090612214550348
27.78859527121 -0.39370827323261715 0.735292625130015
28.28929068150208 -0.46872083307693213 0.7613703431301831
28.789986091794162 -0.5432692702012041 0.7872946986329082
29.290681502086215 -0.6173546616756909 0.8130660148155594
29.791376912378297 -0.6909780845706646 0.8386846148555115
30.29207232267038 -0.7641406159563804 0.8641508219301327
30.79276773296246 -0.8368433329031033 0.8894649592167944
31.293463143254513 -0.9090873124810885 0.9146273498928658
31.794158553546595 -0.9808736317606073 0.9396383171357207
32.294853963838676 -1.0522033678119183 0.9644981841227286
32.79554937413073 -1.1230775977052776 0.9892072740312591
33.29624478442281 -1.1934973985109565 1.0137659100386855
33.79694019471489 -1.2634638472992137 1.038174415322377
34.297635605006946 -1.3329780211403062 1.0624331130597038
34.79833101529903 -1.4020409971045034 1.0865423264280385
35.29902642559111 -1.470653852262065 1.1105023786047514
35.79972183588316 -1.5388176636832478 1.1343135927672119
36.30041724617524 -1.6065335084383214 1.1579762920927927
36.801112656467325 -1.6738024635975464 1.181490799758865
37.30180806675938 -1.7406256062311778 1.2048574389427964
37.80250347705146 -1.807004013409486 1.2280765328219614
38.30319888734354 -1.8729387622027307 1.251148404573729
38.803894297635594 -1.9384309296811697 1.2740733773754696
39.304589707927676 -2.0034815929150698 1.2968517744045558
39.80528511821976 -2.0680918289746923 1.3194839188383574
40.30598052851181 -2.1322627149302953 1.341970133854244
40.80667593880389 -2.195995327852149 1.3643107426295886
41.30737134909597 -2.2592907448105075 1.3865060683417614
41.808066759388026 -2.3221500428756325 1.4085564341681316
42.30876216968011 -2.3845742991177925 1.4304621632860726
42.80945757997219 -2.446564590607247 1.452223578872954
43.31015299026424 -2.508121994414253 1.4738410041061454
43.810848400556324 -2.5692475876090812 1.4953147621630203
44.311543810848406 -2.629942447261988 1.5166451762209476
44.81223922114046 -2.6902076504432326 1.537832569457298
45.31293463143254 -2.750044274223084 1.558877265049444
45.81363004172462 -2.8094533956718024 1.5797795861747552
46.314325452016675 -2.8684360918596425 1.6005398560106014
46.81502086230876 -2.9269934398568784 1.621158397734356
47.31571627260084 -2.9851265167337644 1.6416355345233886
47.81641168289289 -3.04283639956056 1.6619715895550682
48.31710709318497 -3.1001241654075358 1.682166886006769
48.817802503477054 -3.1569908913449503 1.70222174705586
49.318497913769136 -3.2134376544430623 1.7221364958797123
49.81919332406119 -3.2694655317721333 1.7419114556556958
50.31988873435327 -3.32507560040243 1.7615469495611826
50.82058414464535 -3.380268937404213 1.7810433007735438
51.321279554937405 -3.435046619847741 1.8004008324701481
51.82197496522949 -3.4894097248032825 1.819619867828369
52.32267037552157 -3.5433593293410937 1.8387007300255762
52.82336578581362 -3.5968965105314368 1.857643742239139
53.3240611961057 -3.6500223454445777 1.8764492276464306
53.824756606397784 -3.702737911150777 1.8951175094248214
54.32545201668984 -3.7550442847202916 1.9136489107516805
54.82614742698192 -3.8069425432233928 1.932043754804381
55.326842837274 -3.8584337637303356 1.9503023647602928
55.82753824756605 -3.9095190233113826 1.9684250637967855
56.328233657858135 -3.9601993990367994 1.9864121750912327
56.82892906815022 -4.010475967976845 2.004264021821003
57.32962447844227 -4.060349807201781 2.021980927163467
57.83031988873435 -4.109821993781875 2.039563214295997
58.33101529902643 -4.158893604787382 2.0570112063959636
58.831710709318486 -4.207565717288563 2.0743252266407355
59.33240611961057 -4.255839408355689 2.091505598207687
59.83310152990265 -4.303715755059015 2.1085526442741873
60.3337969401947 -4.351195834468802 2.125466688017605
60.834492350486784 -4.39828072365532 2.1422480526153147
61.335187760778865 -4.4449714996888225 2.1588970612446863
61.83588317107092 -4.491269239639573 2.175414037083088
62.336578581363 -4.537175020577838 2.191799303307894
62.83727399165508 -4.582689919573875 2.2080531830964736
63.337969401947134 -4.627815013697948 2.2241759996261967
63.838664812239216 -4.6725513800203196 2.2401680760744362
64.3393602225313 -4.716900095611251 2.2560297356185615
64.84005563282335 -4.7608622375410015 2.271761301435944
65.34075104311543 -4.80443888287984 2.287363096703954
65.84144645340751 -4.847631108698021 2.3028354445999635
66.34214186369957 -4.89043999206581 2.3181786683013414
66.84283727399165 -4.93286661005347 2.3333930909854605
67.34353268428373 -4.974912039731262 2.3484790358296905
67.84422809457581 -5.016577358169446 2.3634368260114025
68.34492350486786 -5.057863642438285 2.378266784707967
68.84561891515995 -5.098771969608045 2.3929692350967557
69.34631432545203 -5.139303416748984 2.4075445003551383
69.84700973574408 -5.179459060931361 2.421992903660487
70.34770514603616 -5.219239979225446 2.4363147681901713
70.84840055632824 -5.258647248701495 2.4505104171215626
71.3490959666203 -5.297681946429769 2.464580173632032
71.84979137691238 -5.33634514948054 2.47852436089895
72.35048678720446 -5.374637934924058 2.4923433020996875
72.85118219749651 -5.4125613798305885 2.506037320411614
73.3518776077886 -5.450116561270395 2.519606739012103
73.85257301808068 -5.487304556313742 2.5330518810785243
74.35326842837273 -5.524126442030884 2.546373069788247
74.85396383866481 -5.560583295492094 2.559570628318645
75.35465924895689 -5.596676193767625 2.572644879847087
75.85535465924895 -5.632406213927741 2.5855961475509437
76.35605006954103 -5.667774433042705 2.5984247546075876
76.85674547983308 -5.702781928182777 2.6111310241943873
77.35744089012519 -5.737429776418228 2.6237152794887164
77.85813630041724 -5.771719054819306 2.636177843667943
78.3588317107093 -5.805650840456279 2.6485190399094387
78.8595271210014 -5.839226210399415 2.660739191390576
79.36022253129346 -5.872446241718965 2.672838621288723
79.86091794158551 -5.905312011485201 2.6848176527812533
80.36161335187762 -5.93782459676838 2.6966766090455363
80.86230876216968 -5.969985074638764 2.708415813258942
81.36300417246173 -6.0017945221666125 2.720035588598842
81.86369958275384 -6.033254016422198 2.731536258242609
82.36439499304589 -6.064364634475773 2.742918145367611
82.86509040333794 -6.095127453397598 2.754181573151219
83.36578581363005 -6.1255435502579445 2.7653268647708074
83.86648122392211 -6.155614002127063 2.7763543434037414
84.36717663421416 -6.185339886075225 2.7872643322273967
84.86787204450627 -6.21472227917269 2.7980571544191424
85.36856745479832 -6.2437622584897134 2.8087331331563483
85.86926286509038 -6.272460901096567 2.819292591616387
86.36995827538249 -6.3008192840635076 2.8297358529766283
86.87065368567454 -6.328838484460796 2.840063240414443
87.3713490959666 -6.356519579358697 2.850275077107202
87.8720445062587 -6.383863645827475 2.860371686232277
88.37273991655076 -6.41087176093739 2.8703533909670376
88.87343532684281 -6.437545001758695 2.880220514488855
89.37413073713492 -6.463884445361668 2.889973379975101
89.87482614742697 -6.4898911688165555 2.899612310603145
90.37552155771903 -6.515566249193631 2.909137629550358
90.87621696801114 -6.540910763563156 2.9185496599941128
91.37691237830319 -6.565925788995383 2.9278487251117773
91.87760778859524 -6.590612402560581 2.937035148080723
92.37830319888735 -6.614971681329012 2.946109252078324
92.8789986091794 -6.639004702370936 2.955071360281947
93.37969401947146 -6.662712542756614 2.9639217958689636
93.88038942976357 -6.686096279556315 2.972660882016748
94.38108484005562 -6.709156989840293 2.9812889419026667
94.88178025034773 -6.731895750678811 2.9898062987040936
95.38247566063978 -6.754313639142138 2.998213275598397
95.88317107093184 -6.776411732300524 3.006510195762949
96.38386648122395 -6.798191107224245 3.014697382375122
96.884561891516 -6.819652840983554 3.0227751586122835
97.38525730180805 -6.840798010648712 3.0307438476518067
97.88595271210016 -6.861627693289986 3.0386037726710615
98.38664812239222 -6.882142965977634 3.04635525684742
98.88734353268427 -6.902344905781922 3.0539986233582512
99.38803894297638 -6.92223458977311 3.0615341953809274
99.88873435326843 -6.941813095021455 3.0689622960928187
100.38942976356049 -6.961081498597231 3.076283248671297
100.8901251738526 -6.980040877570689 3.0834973762937317
101.39082058414465 -6.998692309012096 3.090605002137493
101.8915159944367 -7.01703686999171 3.0976064493799536
102.39221140472881 -7.035075637579801 3.104502041198484
102.89290681502086 -7.052809688846624 3.111292100770454
103.39360222531292 -7.070240100862442 3.117976951273236
103.89429763560503 -7.087367950697521 3.124556915884199
104.39499304589708 -7.104194315422115 3.131032317780716
104.89568845618913 -7.120720272106492 3.1374034801401542
105.39638386648124 -7.136946897820918 3.1436707261398897
105.8970792767733 -7.152875269635645 3.149834378957288
106.39777468706535 -7.1685064646209415 3.1558947617697237
106.89847009735746 -7.1838415598470675 3.161852197754567
107.39916550764951 -7.1988816323842855 3.1677070100891864
107.89986091794157 -7.213627759302854 3.1734595219509547
108.40055632823368 -7.228081017673047 3.179110056517244
108.90125173852573 -7.242242484565114 3.1846589369654215
109.40194714881778 -7.256113237049316 3.1901064864728603
109.90264255910989 -7.269694352195929 3.1954530282169333
110.40333796940195 -7.2829869070751965 3.200698885375007
110.904033379694 -7.295991978757396 3.2058443811244555
111.40472878998611 -7.308710644312784 3.2108898386426477
111.90542420027816 -7.321143980811618 3.2158355811069548
112.40611961057022 -7.333293065324165 3.220681931694748
112.90681502086233 -7.34515897492069 3.225429213583398
113.40751043115438 -7.356742786671447 3.2300777499502766
113.90820584144643 -7.368045577646701 3.2346278639727544
114.40890125173854 -7.379068424916719 3.2390798788282
114.9095966620306 -7.3898124055517584 3.2434341176939867
115.41029207232265 -7.40027859662208 3.2476909037474835
115.91098748261476 -7.410468075197947 3.251850560166062
116.41168289290681 -7.420381918349625 3.2559134101270946
116.91237830319886 -7.430021203147369 3.25987977680795
117.41307371349097 -7.43938700666145 3.263749983386001
117.91376912378303 -7.448480405962119 3.267524353038616
118.41446453407508 -7.457302478119651 3.2712032089431675
118.91515994436719 -7.465854300204297 3.2747868742770256
119.41585535465924 -7.474136949286322 3.2782756722175614
119.9165507649513 -7.4821515024359915 3.2816699259421442
120.4172461752434 -7.489899036723562 3.2849699586281496
120.91794158553546 -7.497380629219302 3.288176093452944
121.41863699582751 -7.504597356993466 3.291288653593897
121.91933240611962 -7.511550297116324 3.2943079622283857
122.42002781641168 -7.5182405266581345 3.2972343425337742
122.92072322670373 -7.524669122689154 3.300068117687437
123.42141863699584 -7.530837162279655 3.3028096108667446
123.92211404728789 -7.536745722499893 3.305459145249068
124.42280945757994 -7.5423958804201305 3.308017044011777
124.92350486787205 -7.547788713110631 3.310483630332243
125.42420027816411 -7.552925297641652 3.312859227387836
125.92489568845616 -7.557806711083462 3.3151441583559276
126.42559109874827 -7.562434030506317 3.31733874641389
126.92628650904032 -7.566808332980486 3.3194433147390914
127.42698191933238 -7.570930695576223 3.321458186508904
127.92767732962449 -7.574802195363802 3.3233836849006986
128.42837273991654 -7.5784239094134715 3.3252201330918467
128.9290681502086 -7.581796914795493 3.326967854259717
129.4297635605007 -7.584922288580142 3.3286271715816813
129.93045897079276 -7.587801107837674 3.3301984082351126
130.4311543810848 -7.590434449638348 3.3316818873973792
130.93184979137692 -7.5928233910524305 3.3330779322458524
131.43254520166897 -7.59496900915018 3.334386865957903
131.93324061196108 -7.596872381001855 3.335609011710903
132.43393602225314 -7.598534583677726 3.3367446926822213
132.9346314325452 -7.599956694248055 3.337794232049231
133.4353268428373 -7.601139789783094 3.338757952989301
133.93602225312935 -7.602084947353111 3.339636178679803
134.4367176634214 -7.602793244028373 3.3404292322981073
134.93741307371351 -7.60326575687913 3.341137437021585
135.43810848400557 -7.603503562975657 3.341761116027608
135.93880389429762 -7.603507739388206 3.3423005924935456
136.43949930458973 -7.603279363187051 3.342756189596769
136.94019471488178 -7.602819511442441 3.34312823051465
137.44089012517384 -7.60212926122464 3.3434170384245583
137.94158553546595 -7.60120968960392 3.3436229365038654
138.442280945758 -7.600061873650528 3.343746247929941
138.94297635605005 -7.598686890434742 3.3437872958801584
139.44367176634216 -7.597085817026812 3.343746403531884
139.94436717663422 -7.595259730497009 3.3436238940624943
140.44506258692627 -7.593209707915584 3.3434200906493565
140.94575799721838 -7.590936826352802 3.3431353164698416
141.44645340751043 -7.588442162878938 3.3427698947013216
141.94714881780249 -7.585726794564241 3.3423241485211665
142.4478442280946 -7.582791798478976 3.3417984011067468
142.94853963838665 -7.579638251693403 3.341192975635435
143.4492350486787 -7.576267231277786 3.340508195284599
143.9499304589708 -7.57267981430239 3.339744383231614
144.45062586926286 -7.56887707783747 3.338901862653847
144.95132127955492 -7.5648600989533 3.3379809567286696
145.45201668984703 -7.560629954720124 3.336981988633454
145.95271210013908 -7.556187722208218 3.3359052815455694
146.45340751043113 -7.551534478487845 3.334751158642389
146.95410292072324 -7.5466713006292565 3.3335199431012814
147.4547983310153 -7.541599265702722 3.3322119580996175
147.95549374130735 -7.536319450778503 3.33082752681477
148.45618915159946 -7.530832932926863 3.329366972424107
148.9568845618915 -7.525140789218057 3.3278306181050024
149.45757997218357 -7.519244096722353 3.3262187870348248
149.95827538247568 -7.513143932510012 3.324531802390945
150.45897079276773 -7.506841373651287 3.3227699873507346
150.95966620305978 -7.50033749721646 3.320933665091566
151.4603616133519 -7.493633380275774 3.319023158790807
151.96105702364395 -7.4867300998995 3.31703879162583
152.461752433936 -7.479628733157899 3.3149808867740056
152.9624478442281 -7.472330357121226 3.312849767412705
153.46314325452016 -7.464836048859759 3.310645756719298
153.96383866481222 -7.457146885443748 3.3083691778711586
154.46453407510432 -7.449263943943453 3.3060203540456516
154.96522948539638 -7.441188301429147 3.3035996084201527
155.46592489568843 -7.432921034971077 3.3011072641720336
155.96662030598054 -7.42446322163952 3.298543644478661
156.4673157162726 -7.415815938504728 3.295909072517407
156.96801112656465 -7.406980262636964 3.2932038714656438
157.46870653685676 -7.397957271106495 3.290428364500741
157.9694019471488 -7.3887480409835895 3.287582874800073
158.47009735744086 -7.379353649338487 3.2846677255410066
158.97079276773297 -7.369775173241468 3.2816832399009117
159.47148817802503 -7.360013689762791 3.278629741057161
159.97218358831708 -7.350070275972708 3.2755075521871273
160.4728789986092 -7.339946008941499 3.272316996468178
160.97357440890124 -7.329641965739405 3.2690583970776874
161.4742698191933 -7.3191592234367135 3.2657320771930216
161.9749652294854 -7.308498859103668 3.262338359991557
162.47566063977746 -7.297661949810529 3.2588775686506617
162.9763560500695 -7.286649572627567 3.2553500263477044
163.47705146036162 -7.27546280462504 3.2517560562600583
163.97774687065368 -7.264102722873215 3.248095981565096
164.47844228094573 -7.2525704044423485 3.2443701254401827
164.97913769123784 -7.240866926402706 3.2405788110626954
165.4798331015299 -7.228993365824547 3.2367223616100045
165.98052851182194 -7.216950799778136 3.2328011002594748
166.48122392211405 -7.204740305333726 3.2288153501884835
166.9819193324061 -7.192362959561596 3.2247654345743966
167.48261474269816 -7.179819839531991 3.2206516765945885
167.98331015299027 -7.16711202231518 3.2164743994264278
168.48400556328232 -7.154240584981434 3.212233926247288
168.98470097357443 -7.141206604600999 3.2079305802345406
169.4853963838665 -7.128011158244146 3.203564684565549
169.98609179415854 -7.114655322981136 3.199136562417692
170.48678720445065 -7.101140175882225 3.194646536968338
170.9874826147427 -7.08746679401769 3.1900949313948583
171.48817802503476 -7.0736362544577815 3.185482068874622
171.98887343532687 -7.059649634272759 3.1808082725849998
172.48956884561892 -7.045508010532888 3.176073865703364
172.99026425591097 -7.031212460308431 3.171279171407086
173.49095966620308 -7.016764060669654 3.166424512873533
173.99165507649514 -7.00216388868682 3.1615102132800814
174.4923504867872 -6.987413021430179 3.1565365958040967
174.9930458970793 -6.972512535970004 3.151503983622952
175.49374130737135 -6.957463509376545 3.14641269991402
175.9944367176634 -6.942267018720084 3.14126306785467
176.49513212795551 -6.926924141070867 3.136055410622271
176.99582753824757 -6.911435953499161 3.1307900513941966
177.49652294853962 -6.895803533075224 3.1254673133478157
177.99721835883173 -6.8800279568693234 3.120087519660501
178.49791376912378 -6.8641103019517224 3.1146509935096205
178.99860917941584 -6.848051645392676 3.1091580580725484
179.49930458970795 -6.83185306426245 3.1036090365266524
180.0 -6.815515635631307 3.0980042520493054
