Polar data for 2 at Re = 117142.85714285714
Alpha (deg) Cl Cd
-180.0 -8.469971929199776 0.993446976199467
-179.49930458970792 -8.473339237376603 0.9908961158184034
-178.99860917941587 -8.47655463689059 0.9883289353090005
-178.49791376912378 -8.479618105285631 0.9857455639629181
-177.9972183588317 -8.482529620105623 0.9831461310718156
-177.49652294853965 -8.485289158894464 0.9805307659273502
-176.99582753824757 -8.487896699196053 0.9778995978211816
-176.4951321279555 -8.490352218554278 0.975252756044969
-175.99443671766343 -8.49265569451305 0.9725903698903705
-175.49374130737135 -8.494807104616257 0.9699125686490445
-174.99304589707927 -8.496806426407794 0.9672194816126515
-174.49235048678722 -8.498653637431566 0.9645112380728483
-173.99165507649514 -8.500348715231464 0.9617879673212956
-173.49095966620305 -8.501891637351388 0.9590497986496492
-172.990264255911 -8.503282381335232 0.9562968613495716
-172.48956884561892 -8.504520924726897 0.9535292847127191
-171.98887343532684 -8.50560724507028 0.9507471980307519
-171.48817802503476 -8.506541319909275 0.9479507305953282
-170.9874826147427 -8.507323126787778 0.9451400116981067
-170.48678720445062 -8.507952643249691 0.9423151706307461
-169.98609179415854 -8.508429846838904 0.9394763366849056
-169.4853963838665 -8.508754715099322 0.9366236391522426
-168.9847009735744 -8.508927225574837 0.9337572073244188
-168.48400556328232 -8.508947355809351 0.9308771704930908
-167.98331015299027 -8.508815083346757 0.9279836579499173
-167.4826147426982 -8.508530385730953 0.9250767989865588
-166.9819193324061 -8.508093240505833 0.9221567228946722
-166.48122392211405 -8.5075036252153 0.9192235589659167
-165.98052851182197 -8.506761517403248 0.9162774364919523
-165.4798331015299 -8.505866894613568 0.9133184847644354
-164.97913769123784 -8.504819734390171 0.9103468330750281
-164.47844228094576 -8.50362001427694 0.9073626107153862
-163.97774687065368 -8.50226771181778 0.9043659469771702
-163.47705146036162 -8.500762804556583 0.9013569711520381
-162.97635605006954 -8.499105270037258 0.8983358125316497
-162.47566063977746 -8.497295085803685 0.8953026004076635
-161.9749652294854 -8.495332229399775 0.8922574640717377
-161.47426981919332 -8.493216678369418 0.8892005328155296
-160.97357440890124 -8.490948410256511 0.8861319359307015
-160.4728789986092 -8.488527402604955 0.8830518027089104
-159.9721835883171 -8.48595363295864 0.8799602624418145
-159.47148817802503 -8.483227078861475 0.8768574444210729
-158.97079276773297 -8.480347717857342 0.8737434779383463
-158.4700973574409 -8.477315527490152 0.8706184922852901
-157.9694019471488 -8.474130485303789 0.8674826167535649
-157.46870653685676 -8.470792568842164 0.8643359806348302
-156.96801112656468 -8.467301755649164 0.8611787132207439
-156.4673157162726 -8.463658023268689 0.8580109438029652
-155.96662030598054 -8.459861349244637 0.8548328016731531
-155.46592489568846 -8.455911711120901 0.8516444161229656
-154.96522948539638 -8.451809086441383 0.8484459164440613
-154.46453407510432 -8.447553452749979 0.8452374319281007
-153.96383866481224 -8.443144787590587 0.8420190918667408
-153.46314325452016 -8.4385830685071 0.8387910255516416
-152.9624478442281 -8.43386827304342 0.8355533622744605
-152.46175243393603 -8.429000378743439 0.8323062313268584
-151.96105702364395 -8.423979363151059 0.8290497620004919
-151.4603616133519 -8.41880520381017 0.8257840835870208
-150.9596662030598 -8.413477878264679 0.8225093253781041
-150.45897079276773 -8.407997364058474 0.8192256166654003
-149.95827538247568 -8.402363638735459 0.8159330867405686
-149.4575799721836 -8.396576679839523 0.8126318648952665
-148.9568845618915 -8.390636464914571 0.8093220804211535
-148.45618915159943 -8.384542971504498 0.8060038626098892
-147.95549374130738 -8.3782961771532 0.8026773407531319
-147.4547983310153 -8.371896059404573 0.7993426441425407
-146.95410292072324 -8.365342595802517 0.795999902069774
-146.45340751043116 -8.358635763890927 0.7926492438264908
-145.95271210013908 -8.351775541213694 0.7892907987043486
-145.452016689847 -8.34476190531473 0.7859246959950091
-144.95132127955495 -8.337594833737917 0.7825510649901272
-144.45062586926286 -8.330274304027164 0.7791700349813654
-143.94993045897078 -8.322800293726356 0.7757817352603803
-143.44923504867873 -8.315172780379402 0.7723862951188302
-142.94853963838665 -8.307391741530193 0.7689838438483777
-142.44784422809457 -8.299457154722624 0.7655745107406767
-141.9471488178025 -8.291368997500598 0.7621584250873882
-141.44645340751043 -8.283127247408007 0.7587357161801712
-140.94575799721835 -8.274731881988746 0.755306513310685
-140.44506258692627 -8.266182878786722 0.7518709457705869
-139.94436717663422 -8.257480215345822 0.7484291428515378
-139.44367176634213 -8.248623869209954 0.7449812338451943
-138.94297635605005 -8.239613817923 0.7415273480432164
-138.442280945758 -8.23045003902887 0.7380676147372615
-137.94158553546592 -8.221132510071456 0.7346021632189913
-137.44089012517384 -8.211661208594652 0.7311311227800615
-136.94019471488178 -8.202036112142363 0.7276546227121322
-136.4394993045897 -8.192257198258478 0.7241727923068625
-135.93880389429762 -8.182324444486898 0.7206857608559106
-135.43810848400557 -8.172237828371518 0.7171936576509358
-134.9374130737135 -8.161997327456241 0.7136966119835971
-134.4367176634214 -8.151602919284954 0.7101947531455503
-133.93602225312935 -8.141054581401566 0.7066882104284605
-133.43532684283727 -8.130352291349965 0.70317711312398
-132.9346314325452 -8.119496026674053 0.6996615905237714
-132.43393602225314 -8.10848576491772 0.6961417719194921
-131.93324061196105 -8.09732148362487 0.6926177866028013
-131.43254520166897 -8.086003160339395 0.6890897638653571
-130.93184979137692 -8.0745307726052 0.6855578329988198
-130.43115438108484 -8.062904297966178 0.6820221232948475
-129.93045897079276 -8.051123713966224 0.6784827640450984
-129.4297635605007 -8.039188998149235 0.6749398845412328
-128.92906815020862 -8.027100128059107 0.671393614074906
-128.42837273991654 -8.014857081239743 0.667844081937781
-127.92767732962449 -8.002459835235033 0.664291417421515
-127.4269819193324 -7.989908367588883 0.6607357498177663
-126.92628650904032 -7.9772026558451765 0.6571772084181914
-126.42559109874827 -7.964342677547827 0.6536159225144557
-125.92489568845619 -7.951328410240717 0.650052021398212
-125.42420027816411 -7.938159831467755 0.6464856343611206
-124.92350486787205 -7.924836918772827 0.6429168906948414
-124.42280945757997 -7.911359649699841 0.6393459196910326
-123.92211404728789 -7.897728001792687 0.6357728506413535
-123.42141863699584 -7.883941952595262 0.6321978128374613
-122.92072322670376 -7.870001479651472 0.6286209355710172
-122.42002781641168 -7.855906560505198 0.6250423481336774
-121.91933240611961 -7.841657172700349 0.621462179817103
-121.41863699582754 -7.827253293780822 0.6178805599129523
-120.91794158553546 -7.81269490129051 0.6142976177128817
-120.41724617524339 -7.797981972773308 0.6107134825085513
-119.91655076495132 -7.783114485773123 0.6071282835916229
-119.41585535465924 -7.768092417833839 0.603542150253752
-118.91515994436718 -7.7529157464993625 0.5999552117865979
-118.41446453407511 -7.737584449313588 0.596367597481818
-117.91376912378303 -7.722098503820413 0.5927794366310749
-117.41307371349096 -7.70645788756373 0.5891908585260252
-116.91237830319889 -7.690662578087438 0.585601992458327
-116.41168289290681 -7.67471255293544 0.5820129677196414
-115.91098748261474 -7.658607789651634 0.5784239136016239
-115.41029207232268 -7.642348265779906 0.5748349593959382
-114.9095966620306 -7.625933958864157 0.5712462343942363
-114.40890125173853 -7.609364846448291 0.5676578678881835
-113.90820584144646 -7.592640906076196 0.5640699891694346
-113.40751043115438 -7.575762115291771 0.5604827275296497
-112.90681502086231 -7.558728451638921 0.5568962122604869
-112.40611961057024 -7.541539892661533 0.5533105726536064
-111.90542420027816 -7.5241964159035115 0.5497259380006655
-111.4047287899861 -7.506697998908753 0.546142437593326
-110.90403337969401 -7.489044619221144 0.542560200723241
-110.40333796940195 -7.471236254384597 0.5389793566820739
-109.90264255910988 -7.453272881942998 0.535400034761483
-109.4019471488178 -7.435154479440247 0.5318223642531258
-108.90125173852573 -7.416881024420243 0.5282464744486614
-108.40055632823366 -7.3984524944268815 0.5246724946397489
-107.89986091794158 -7.379868867004061 0.5211005541180475
-107.39916550764951 -7.361130119695674 0.5175307821752154
-106.89847009735745 -7.342236230045626 0.5139633081029119
-106.39777468706536 -7.323187175597799 0.5103982611927943
-105.8970792767733 -7.303982933896113 0.5068357707365253
-105.39638386648123 -7.2846234824844425 0.5032759660257579
-104.89568845618915 -7.265108798906696 0.49971897635215556
-104.39499304589708 -7.245438860706771 0.4961649310073749
-103.89429763560501 -7.225613645428564 0.49261395928307594
-103.39360222531293 -7.205633130615966 0.48906619047091604
-102.89290681502086 -7.185497293812884 0.4855217538625535
-102.3922114047288 -7.165206112563209 0.48198077874965184
-101.89151599443672 -7.144759564410827 0.4784433944238614
-101.39082058414465 -7.1241576268996605 0.4749097301768511
-100.89012517385257 -7.103400277573582 0.471379915300273
-100.3894297635605 -7.082487493976509 0.46785407908578536
-99.88873435326843 -7.061419253652322 0.46433235082505175
-99.38803894297635 -7.040195534144925 0.4608148598097278
-98.88734353268428 -7.018816312998216 0.4573017353314709
-98.38664812239222 -6.997281567756095 0.4537931066819437
-97.88595271210013 -6.975591275962448 0.4502891031528037
-97.38525730180807 -6.953745415161188 0.44678985403570814
-96.884561891516 -6.9317439628961965 0.44329548862231716
-96.38386648122392 -6.909586896711379 0.4398061362042872
-95.88317107093185 -6.887274194150629 0.4363219260732819
-95.38247566063978 -6.86480583275785 0.43284298752095773
-94.8817802503477 -6.842181790076926 0.4293694498389685
-94.38108484005564 -6.819402043651771 0.4259014423189814
-93.88038942976357 -6.7964665710262695 0.42243909425264936
-93.37969401947149 -6.773375349744321 0.4189825349316315
-92.87899860917942 -6.750128357349827 0.41553189364759235
-92.37830319888734 -6.726725571386678 0.41208729969218305
-91.87760778859527 -6.70316696939878 0.40864888235706986
-91.3769123783032 -6.679452528930022 0.40521677093390485
-90.87621696801112 -6.655582227524303 0.4017910947143498
-90.37552155771905 -6.631556042725522 0.39837198299006393
-89.87482614742699 -6.607373952077578 0.3949595650527037
-89.3741307371349 -6.583035933124358 0.3915539701939309
-88.87343532684284 -6.558541963409767 0.38815532770540206
-88.37273991655077 -6.533892020477706 0.3847637668787781
-87.87204450625869 -6.509086081872067 0.3813794170057173
-87.37134909596662 -6.484124125136739 0.37800240737787527
-86.87065368567455 -6.4590061278156385 0.37463286728691647
-86.36995827538247 -6.433732067452646 0.37127092602449296
-85.8692628650904 -6.408301921591659 0.36791671288226924
-85.36856745479834 -6.3827156677765915 0.36457035715190267
-84.86787204450626 -6.356973283551317 0.36123198812505153
-84.36717663421419 -6.331074746459749 0.3579017350933741
-83.86648122392211 -6.305020034045783 0.3545797273485295
-83.36578581363004 -6.2788091238533115 0.3512660941821769
-82.86509040333797 -6.252441993426225 0.34796096488597283
-82.36439499304589 -6.2259186203084385 0.34466446875158085
-81.86369958275382 -6.199238982043835 0.3413767350706557
-81.36300417246176 -6.172403056176312 0.3380978931348565
-80.86230876216968 -6.1454108202497695 0.33482807223584243
-80.36161335187761 -6.118262251808113 0.3315674016652762
-79.86091794158554 -6.090957328395221 0.32831601071481076
-79.36022253129346 -6.063496027555012 0.325074028676107
-78.85952712100139 -6.03587832683137 0.3218415848408259
-78.35883171070932 -6.008104203768185 0.3186188085006222
-77.85813630041724 -5.980173635909371 0.3154058289471585
-77.35744089012518 -5.952086600798819 0.3122027754720932
-76.85674547983311 -5.9238430759804155 0.3090097773670818
-76.35605006954103 -5.895443038998079 0.3058269639237853
-75.85535465924896 -5.866886467395685 0.3026544644338628
-75.35465924895689 -5.838173338717142 0.2994924081889735
-74.85396383866481 -5.809303630506343 0.29634092448077565
-74.35326842837274 -5.7802773203072 0.2932001426009293
-73.85257301808066 -5.751094385663579 0.2900701918410865
-73.3518776077886 -5.721754804119404 0.2869512014929171
-72.85118219749653 -5.692258553218559 0.2838433008480704
-72.35048678720445 -5.662605610504948 0.280746619198211
-71.84979137691238 -5.632795953522462 0.2776612858349926
-71.34909596662031 -5.602829559815004 0.2745874300500807
-70.84840055632823 -5.572706406926465 0.2715251811351299
-70.34770514603616 -5.542426472400753 0.2684746683817977
-69.8470097357441 -5.511989733781747 0.2654360210817449
-69.34631432545201 -5.481396168613359 0.2624093685266299
-68.84561891515995 -5.450645754439489 0.2593948400081135
-68.34492350486788 -5.4197384688040176 0.2563925648178532
-67.8442280945758 -5.388674289250848 0.25340267224750457
-67.34353268428373 -5.357453193323882 0.25042529158873206
-66.84283727399166 -5.3260751585670265 0.24746055213318863
-66.34214186369958 -5.294540162524151 0.24450858317253787
-65.84144645340751 -5.2628481827391775 0.2415695139984354
-65.34075104311543 -5.2309991967559855 0.23864347390254215
-64.84005563282336 -5.19899318211849 0.2357305921765146
-64.3393602225313 -5.166830116370574 0.23283099811201458
-63.838664812239216 -5.134509977056138 0.22994482100069946
-63.33796940194715 -5.102032741719083 0.22707219013422753
-62.83727399165508 -5.069398387903303 0.22421323480425792
-62.336578581363 -5.036606893152691 0.22136808430244803
-61.83588317107093 -5.003658235011145 0.2185368679204588
-61.335187760778865 -4.97055239102258 0.21571971494995024
-60.834492350486784 -4.9372893387308645 0.21291675468257798
-60.333796940194716 -4.903869055679913 0.21012811641000295
-59.83310152990265 -4.8702915194136205 0.20735392942388164
-59.33240611961057 -4.83655670747589 0.20459432301587588
-58.8317107093185 -4.802664597410598 0.20184942647764126
-58.33101529902643 -4.76861516676166 0.19911936910083694
-57.83031988873435 -4.734408393072973 0.19640428017712475
-57.329624478442284 -4.700044253888422 0.19370428899816294
-56.82892906815022 -4.66552272675191 0.19101952485560625
-56.328233657858135 -4.630843789207334 0.18835011704112004
-55.82753824756607 -4.5960074187986 0.18569619484635635
-55.326842837273986 -4.561013593069593 0.18305788756297792
-54.82614742698192 -4.525862289564217 0.180435324482643
-54.32545201668985 -4.4905534858263545 0.17782863489700718
-53.82475660639777 -4.455087159399931 0.17523794809773496
-53.3240611961057 -4.419463287828816 0.17266339337648107
-52.823365785813635 -4.383681848656914 0.17010510002490553
-52.322670375521554 -4.347742819428132 0.1675631973346684
-51.82197496522949 -4.311646177686364 0.16503781459742617
-51.321279554937405 -4.275391900975497 0.162529081104838
-50.82058414464535 -4.238979966839435 0.1600371261485648
-50.31988873435327 -4.202410352822082 0.1575620790202622
-49.81919332406119 -4.165683036467322 0.1551040690115938
-49.318497913769136 -4.128797995319059 0.1526632254142125
-48.817802503477054 -4.091755206921182 0.1502396775197784
-48.31710709318497 -4.054554648817601 0.1478335546199533
-47.81641168289292 -4.0171962985522045 0.14544498600639544
-47.31571627260084 -3.979680133668894 0.14307410097076312
-46.81502086230876 -3.942006131711559 0.14072102880471282
-46.3143254520167 -3.9041742702241153 0.1383858987999046
-45.81363004172462 -3.8661845267504384 0.13606884024800026
-45.31293463143254 -3.8280368788344328 0.1337699824406563
-44.81223922114049 -3.7897313040199956 0.1314894546695301
-44.311543810848406 -3.7512677798510348 0.12922738622628083
-43.810848400556324 -3.7126462838714227 0.1269839064025694
-43.31015299026427 -3.673866793625078 0.1247591444900541
-42.80945757997219 -3.634929286655894 0.12255322978038963
-42.30876216968011 -3.595833740507758 0.12036629156524226
-41.808066759388026 -3.556580132724574 0.11819845913626315
-41.30737134909597 -3.5171684408502424 0.11604986178511678
-40.80667593880389 -3.477598642428661 0.11392062880346054
-40.30598052851181 -3.437870715003709 0.11181088948295093
-39.80528511821976 -3.397984636119312 0.10972077311525064
-39.304589707927676 -3.357940383319339 0.10765040899201261
-38.803894297635594 -3.3177379341477087 0.10559992640490135
-38.30319888734354 -3.2773772661483145 0.10356945464557332
-37.80250347705146 -3.236858356865036 0.10155912300568859
-37.30180806675938 -3.1961811838417775 0.09956906077690275
-36.801112656467325 -3.1553457246224648 0.09759939725087852
-36.30041724617524 -3.1143519567509523 0.09565026171927149
-35.79972183588316 -3.0731998577711552 0.09372178347374083
-35.29902642559111 -3.0318894052269885 0.09181409180594835
-34.79833101529903 -2.9904205766623138 0.08992731600754966
-34.297635605006946 -2.948793349621053 0.08806158537020481
-33.79694019471489 -2.9070077016471005 0.08621702918557472
-33.29624478442281 -2.865063610284353 0.08439377674531323
-32.79554937413073 -2.82296105307669 0.08259195734108304
-32.294853963838676 -2.7807000075680373 0.08081170026454243
-31.794158553546595 -2.7382804513022636 0.07905313480734788
-31.293463143254513 -2.6957023618232947 0.07731639026116122
-30.79276773296246 -2.6529657166750065 0.07560159591763893
-30.29207232267038 -2.610070493401296 0.07390888106844373
-29.791376912378297 -2.5670166695460646 0.07223837500522678
-29.290681502086244 -2.523804222653234 0.07059020701965435
-28.789986091794162 -2.480433130266655 0.06896450640338114
-28.28929068150208 -2.43690336993025 0.0673614024480681
-27.788595271210028 -2.393214919187934 0.06578102444537437
-27.287899860917946 -2.3493677555835655 0.06422350168695468
-26.787204450625865 -2.305361856661059 0.06268896346447173
-26.28650904033381 -2.2611971999643226 0.06117753906958734
-25.78581363004173 -2.216873763037243 0.05968935779395357
-25.28511821974965 -2.1723915234237205 0.05822454892923046
-24.784422809457595 -2.1277504586676494 0.05678324176707983
-24.283727399165514 -2.082950546312909 0.05536556559915551
-23.783031988873432 -2.0379917639034426 0.05397164971712287
-23.28233657858135 -1.9928740889830943 0.052601623412635745
-22.781641168289298 -1.9475974990957932 0.05125561597735595
-22.280945757997216 -1.902161971785433 0.049933756702942644
-21.780250347705135 -1.8565674845959075 0.04863617488105054
-21.27955493741308 -1.8108140150711174 0.047362999803342354
-20.778859527121 -1.764901540754935 0.04611436076147457
-20.27816411682892 -1.718830039191297 0.04489038704710813
-19.777468706536865 -1.6725994879240824 0.043691207951898625
-19.276773296244784 -1.626209864497178 0.042516952767507
-18.776077885952702 -1.5796611464544918 0.041367750785592405
-18.27538247566065 -1.5329533113399245 0.040243731297812224
-17.774687065368568 -1.4860863366973627 0.03914502359583005
-17.273991655076486 -1.4390602000707071 0.03807175697129528
-16.773296244784433 -1.3918748790038515 0.03702406071587505
-16.27260083449235 -1.344530351040711 0.036002064121224975
-15.77190542420027 -1.2970265937251648 0.035005896479004206
-15.271210013908217 -1.249363584601114 0.0340356870808719
-14.770514603616135 -1.201541301212445 0.03309156521848455
-14.269819193324054 -1.15355972110308 0.03217366018350487
-13.769123783032 -1.1054188218168983 0.031282101267590234
-13.268428372739919 -1.057118580897801 0.030417017762397136
-12.767732962447838 -1.0086589758896816 0.02957853895958562
-12.267037552155784 -0.960039984336448 0.02876679415081662
-11.766342141863703 -0.9112615837819726 0.027981912627743966
-11.265646731571621 -0.8623237517701776 0.027224023682033915
-10.764951321279568 -0.8132264658449708 0.026493256605337634
-10.264255910987487 -0.7639697035502033 0.025789740689319607
-9.763560500695405 -0.7145534424298114 0.025113605225636326
-9.262865090403352 -0.6649776600276747 0.024464979505945172
-8.76216968011127 -0.6152423338877009 0.023843992821907967
-8.261474269819189 -0.5653474415537838 0.0232507744651812
-7.760778859527136 -0.51529296056981 0.022685453727423144
-7.260083449235054 -0.4650788684796874 0.02214815990029384
-6.759388038942973 -0.41470514282731674 0.02163902227545511
-6.25869262865092 -0.3641717611565918 0.02115817014456345
-5.757997218358838 -0.31347870101139197 0.020705732799271792
-5.257301808066757 -0.2626259399356323 0.020281839531247292
-4.756606397774675 -0.21161345547322075 0.01988661963214644
-4.255910987482622 -0.1604412251680296 0.019520202393623953
-3.7552155771905404 -0.10910922656396682 0.019182717107345204
-3.254520166898459 -0.057617437204933175 0.01887429306496491
-2.753824756606406 -0.005965834634815259 0.01859505955813956
-2.2531293463143243 0.045845603602479024 0.01834514587853453
-1.7524339360222427 0.0977973574408912 0.018121070931849788
-1.2517385257301896 0.1620833101529889 0.017846147426981925
-0.7510431154381081 0.2437695410292073 0.01701279554937413
-0.25034770514602656 0.32574631432545353 0.016180222531293458
0.25034770514602656 0.40740973574408734 0.016075076495132123
0.7510431154381081 0.4921237830319888 0.01608481223922114
1.2517385257301896 0.5726698191933254 0.015934269819193318
1.7524339360222427 0.6505796940194699 0.015607858136300426
2.2531293463143243 0.7223093184979137 0.01525837273991655
2.753824756606406 0.7872418636995838 0.014728956884561878
3.254520166898459 0.8465917941585523 0.014187287899860925
3.7552155771905404 0.9001997218358829 0.014080834492350487
4.255910987482622 0.9517446453407518 0.014217246175243397
4.756606397774675 0.9999591098748251 0.014453699582753818
5.257301808066757 1.0433958275382473 0.014955368567454795
5.757997218358838 1.0739842837273994 0.01681186369958279
6.258692628650891 1.0937751043115433 0.020578929068150092
6.759388038942973 1.1196602225312933 0.024596091794158528
7.260083449235054 1.1580833101529908 0.02836026425591103
7.760778859527107 1.2042390820584132 0.03233536856745469
8.261474269819189 1.2504143254520164 0.03785403337969396
8.76216968011127 1.2868107093184982 0.04506632823365793
9.262865090403324 1.307113908205841 0.05303664812239197
9.763560500695405 1.3098954102920723 0.06134712100139073
10.264255910987487 1.278924617524339 0.07072709318497922
10.76495132127954 1.2253704102126612 0.08115315762726899
11.265646731571621 1.1719445065886038 0.09152574904872116
11.766342141863703 1.1186629214645951 0.10183831976116153
12.267037552155784 1.065525677296738 0.11209099905624909
12.767732962447838 1.0125327965411386 0.12228391622564189
13.268428372739919 0.9596843016538934 0.13241720056099993
13.769123783032 0.9069802150911088 0.14249098135398147
14.269819193324054 0.8544205593088905 0.15250538789624468
14.770514603616135 0.8020053567633356 0.16246054947944955
15.271210013908217 0.7497346299105498 0.17235659539525428
15.77190542420027 0.6976084012066393 0.18219365493531708
16.27260083449235 0.6456266931077008 0.19197185739129785
16.773296244784433 0.5937895280698406 0.20169133205485495
17.273991655076486 0.5420969285491641 0.21135220821764655
17.774687065368568 0.49054891700176895 0.2209546151713324
18.27538247566065 0.43914551588375983 0.23049868220757108
18.776077885952702 0.3878867476512444 0.23998453861802055
19.276773296244784 0.3367726347603184 0.2494123136943408
19.777468706536865 0.2858031996670882 0.25878213672819006
20.27816411682892 0.23497846482765938 0.2680941370112267
20.778859527121 0.18429845269812972 0.27734844383511037
21.27955493741308 0.13376318573460422 0.28654518649149957
21.780250347705135 0.08337268639318873 0.29568449427205235
22.280945757997216 0.03312697712998158 0.30476649646842874
22.781641168289298 -0.0169739195989127 0.31379132237228696
23.28233657858135 -0.06692998133738826 0.32275910127528523
23.783031988873432 -0.11674118562934677 0.3316699624690834
24.283727399165514 -0.16640751001868326 0.34052403524533986
24.784422809457567 -0.21592893204929187 0.3493214488957127
25.28511821974965 -0.26530542926507517 0.35806233271186183
25.78581363004173 -0.31453697920992774 0.36674681598544556
26.286509040333783 -0.3636235594277428 0.3753750280081223
26.787204450625865 -0.41256514746242434 0.3839470980715517
27.287899860917946 -0.461361720857866 0.39246315546739197
27.78859527121 -0.5100132571579623 0.40092332948730147
28.28929068150208 -0.5585197339066155 0.40932774942294015
28.789986091794162 -0.6068811286477205 0.41767654456596615
29.290681502086215 -0.6550974189251706 0.42596984420803785
29.791376912378297 -0.7031685822828693 0.4342077776408151
30.29207232267038 -0.7510945962647102 0.442390474155956
30.79276773296246 -0.7988754384145906 0.4505180630451193
31.293463143254513 -0.8465110862764056 0.45859067359996375
31.794158553546595 -0.8940015173940568 0.46660843511214867
32.294853963838676 -0.9413467093114383 0.47457147687333257
32.79554937413073 -0.9885466395724452 0.4824799281751737
33.29624478442281 -1.03560128572098 0.49033391830933193
33.79694019471489 -1.0825106253009364 0.4981335765674655
34.297635605006946 -1.1292746358562091 0.5058790322412327
34.79833101529903 -1.1758932949307006 0.5135704146222931
35.29902642559111 -1.2223665800683055 0.5212078530023054
35.79972183588316 -1.2686944688129178 0.5287914766729278
36.30041724617524 -1.3148769387084398 0.53632141492582
36.801112656467325 -1.3609139672987665 0.5437977970526402
37.30180806675938 -1.406805532127791 0.5512207523450469
37.80250347705146 -1.4525516107394174 0.5585904100946998
38.30319888734354 -1.4981521806775389 0.5659068995932571
38.803894297635594 -1.5436072194860513 0.5731703501323774
39.304589707927676 -1.588916704708855 0.5803808910037201
39.80528511821976 -1.6340806138898456 0.5875386514989438
40.30598052851181 -1.6790989245729167 0.5946437609097066
40.80667593880389 -1.7239716143019717 0.6016963485276684
41.30737134909597 -1.7686986606209052 0.6086965436444876
41.808066759388026 -1.81328004107361 0.6156444755518223
42.30876216968011 -1.8577157332039897 0.6225402735413325
42.80945757997219 -1.902005714555938 0.6293840669046763
43.31015299026424 -1.946149962673351 0.6361759849335119
43.810848400556324 -1.9901484551001287 0.6429161569194995
44.311543810848406 -2.0340011693801667 0.649604712154297
44.81223922114046 -2.0777080830573595 0.6562417799295629
45.31293463143254 -2.1212691736756097 0.662827489536957
45.81363004172462 -2.164684418778811 0.6693619702681375
46.314325452016675 -2.207953795910858 0.675845351414763
46.81502086230876 -2.251077282615653 0.6822777622684927
47.31571627260084 -2.294054856437091 0.6886593321209854
47.81641168289289 -2.3368864949190646 0.6949901902638992
48.31710709318497 -2.379572175605479 0.7012704659888939
48.817802503477054 -2.4221118760402263 0.7075002885876279
49.318497913769136 -2.4645055737672052 0.7136797873517599
49.81919332406119 -2.506753246330309 0.7198090915729485
50.31988873435327 -2.5488548712734396 0.7258883305428527
50.82058414464535 -2.590810426140493 0.7319176335531316
51.321279554937405 -2.6326198884753627 0.7378971298954434
51.82197496522949 -2.6742832358219513 0.7438269488614473
52.32267037552157 -2.7158004457241525 0.7497072197428024
52.82336578581362 -2.7571714957258617 0.7555380718311664
53.3240611961057 -2.7983963633709807 0.7613196344181994
53.824756606397784 -2.839475026203403 0.7670520367955594
54.32545201668984 -2.8804074617670263 0.772735408254905
54.82614742698192 -2.921193647605749 0.778369878087896
55.326842837274 -2.961833561263468 0.7839555755861903
55.82753824756605 -3.002327180284076 0.789492630041447
56.328233657858135 -3.042674482211477 0.794981170745325
56.82892906815022 -3.082875444589564 0.8004213269894832
57.32962447844227 -3.1229300449622324 0.8058132280655795
57.83031988873435 -3.162838260873385 0.8111570032652738
58.33101529902643 -3.2026000698669144 0.8164527818802246
58.831710709318486 -3.242215449486717 0.8217006932020902
59.33240611961057 -3.2816843772766937 0.8269008665225301
59.83310152990265 -3.32100683078074 0.8320534311332025
60.3337969401947 -3.3601827875427484 0.8371585163257663
60.834492350486784 -3.3992122251066235 0.842216251391881
61.335187760778865 -3.438095121016259 0.8472267656232045
61.83588317107092 -3.4768314528155493 0.8521901883113961
62.336578581363 -3.5154211980483963 0.8571066487481142
62.83727399165508 -3.5538643342586944 0.8619762762250184
63.337969401947134 -3.5921608389903383 0.8667992000337662
63.838664812239216 -3.6303106897872306 0.8715755494660175
64.3393602225313 -3.668313864193265 0.8763054538134306
64.84005563282335 -3.7061703397523376 0.8809890423676644
65.34075104311543 -3.7438800940083494 0.8856264444203782
65.84144645340751 -3.7814431045051933 0.8902177892632298
66.34214186369957 -3.8188593487867664 0.8947632061878784
66.84283727399165 -3.8561288043969704 0.8992628244859834
67.34353268428373 -3.893251448879698 0.903716773449203
67.84422809457581 -3.9302272597788486 0.9081251823691961
68.34492350486786 -3.9670562146383155 0.9124881805376212
68.84561891515995 -4.0037382910020005 0.9168058972461378
69.34631432545203 -4.040273466413799 0.921078461786404
69.84700973574408 -4.076661718417607 0.9253060034500787
70.34770514603616 -4.1129030245573235 0.9294886515288215
70.84840055632824 -4.148997362376843 0.9336265353142902
71.3490959666203 -4.184944709420063 0.937719784098144
71.84979137691238 -4.220745043230883 0.9417685271720416
72.35048678720446 -4.256398341353199 0.9457728938276423
72.85118219749651 -4.291904581330905 0.9497330133566039
73.3518776077886 -4.327263740707903 0.953649015050586
73.85257301808068 -4.362475797028088 0.9575210282012473
74.35326842837273 -4.397540727835354 0.9613491821002461
74.85396383866481 -4.432458510673604 0.965133606039242
75.35465924895689 -4.4672291230867325 0.9688744293098933
75.85535465924895 -4.501852542618631 0.9725717812038582
76.35605006954103 -4.536328746813206 0.9762257910127973
76.85674547983308 -4.570657713214347 0.9798365880283674
77.35744089012519 -4.604839419365958 0.9834043015422286
77.85813630041724 -4.638873842811928 0.9869290608460387
78.3588317107093 -4.6727609610961585 0.9904109952314574
78.8595271210014 -4.706500751762551 0.993850233990143
79.36022253129346 -4.740093192354993 0.9972469064137545
79.86091794158551 -4.773538260417387 1.0006011417939504
80.36161335187762 -4.806835933493633 1.0039130694223903
80.86230876216968 -4.839986189127621 1.0071828185907319
81.36300417246173 -4.8729890048632525 1.0104105185906347
81.86369958275384 -4.905844358244424 1.0135962987137574
82.36439499304589 -4.938552226815032 1.0167402882517584
82.86509040333794 -4.971112588118973 1.0198426164962968
83.36578581363005 -5.003525419700148 1.0229034127390322
83.86648122392211 -5.035790699102447 1.0259228062716215
84.36717663421416 -5.0679084038697715 1.0289009263857252
84.86787204450627 -5.099878511546021 1.0318379023730015
85.36856745479832 -5.131700999675086 1.0347338635251089
85.86926286509038 -5.163375845800867 1.0375889391337063
86.36995827538249 -5.194903027467266 1.0404032584904535
86.87065368567454 -5.2262825222181695 1.0431769508870077
87.3713490959666 -5.257514307597481 1.0459101456150286
87.8720445062587 -5.288598361149103 1.0486029719661754
88.37273991655076 -5.319534660416919 1.0512555592321058
88.87343532684281 -5.350323182944837 1.0538680367044795
89.37413073713492 -5.380963906276752 1.0564405336749552
89.87482614742697 -5.411456807956557 1.0589731794351906
90.37552155771903 -5.441801865528151 1.0614661032768455
90.87621696801114 -5.471999056535436 1.063919434491579
91.37691237830319 -5.502048358522301 1.0663333023710497
91.87760778859524 -5.531949749032646 1.0687078362069156
92.37830319888735 -5.561703205610372 1.071043165290836
92.8789986091794 -5.591308705799372 1.07333941891447
93.37969401947146 -5.62076622714354 1.0755967263694761
93.88038942976357 -5.650075747186784 1.0778152169475135
94.38108484005562 -5.679237243472991 1.0799950199402404
94.88178025034773 -5.708250693546062 1.0821362646393151
95.38247566063978 -5.737116074949891 1.0842390803363977
95.88317107093184 -5.765833365228377 1.0863035963231469
96.38386648122395 -5.794402541925421 1.0883299418912205
96.884561891516 -5.822823582584912 1.0903182463322776
97.38525730180805 -5.851096464750754 1.0922686389379774
97.88595271210016 -5.879221165966842 1.0941812489999783
98.38664812239222 -5.907197663777073 1.0960562058099397
98.88734353268427 -5.935025935725341 1.0978936386595195
99.38803894297638 -5.96270595935555 1.0996936768403778
99.88873435326843 -5.990237712211589 1.1014564496441719
100.38942976356049 -6.017621171837358 1.1031820863625614
100.8901251738526 -6.04485631577676 1.1048707162872056
101.39082058414465 -6.071943121573681 1.1065224687097617
101.8915159944367 -6.098881566772026 1.1081374729218898
102.39221140472881 -6.125671628915694 1.1097158582152487
102.89290681502086 -6.152313285548574 1.111257753881497
103.39360222531292 -6.178806514214565 1.1127632892122925
103.89429763560503 -6.205151292457573 1.1142325934992958
104.39499304589708 -6.231347597821483 1.1156657960341643
104.89568845618913 -6.2573954078502 1.117063026108557
105.39638386648124 -6.283294700087617 1.1184244130141336
105.8970792767733 -6.309045452077634 1.1197500860425516
106.39777468706535 -6.3346476413641435 1.1210401744854708
106.89847009735746 -6.360101245491051 1.1222948076345496
107.39916550764951 -6.385406242002243 1.1235141147814467
107.89986091794157 -6.410562608441622 1.1246982252178213
108.40055632823368 -6.435570322353089 1.125847268235332
108.90125173852573 -6.460429361280533 1.1269613731256372
109.40194714881778 -6.485139702767856 1.128040669180396
109.90264255910989 -6.509701324358956 1.1290852856912674
110.40333796940195 -6.534114203597725 1.13009535194991
110.904033379694 -6.558378318028063 1.1310709972479827
111.40472878998611 -6.58249364519387 1.1320123508771442
111.90542420027816 -6.606460162639038 1.132919542129053
112.40611961057022 -6.6302778479074655 1.133792700295368
112.90681502086233 -6.653946678543053 1.134631954667749
113.40751043115438 -6.677466632089694 1.1354374345378537
113.90820584144643 -6.700837686091286 1.1362092691973409
114.40890125173854 -6.724059818091727 1.13694758793787
114.9095966620306 -6.747133005634912 1.1376525200511
115.41029207232265 -6.770057226264741 1.1383241948286882
115.91098748261476 -6.792832457525111 1.138962741562295
116.41168289290681 -6.815458676959914 1.1395682895435777
116.91237830319886 -6.837935862113052 1.140140968064197
117.41307371349097 -6.860263990528424 1.1406809064158105
117.91376912378303 -6.88244303974992 1.1411882338900767
118.41446453407508 -6.904472987321442 1.141663079778655
118.91515994436719 -6.92635381078689 1.1421055733732044
119.41585535465924 -6.948085487690151 1.1425158439653833
119.9165507649513 -6.969667995575132 1.14289402084685
120.4172461752434 -6.991101311985724 1.1432402333092648
120.91794158553546 -7.01238541446583 1.1435546106442844
121.41863699582751 -7.033520280559338 1.1438372821435698
121.91933240611962 -7.054505887810156 1.144088377098778
122.42002781641168 -7.075342213762171 1.144308024801569
122.92072322670373 -7.096029235959283 1.1444963545436009
123.42141863699584 -7.116566931945397 1.1446534956165326
123.92211404728789 -7.1369552792643995 1.1447795773120233
124.42280945757994 -7.157194255460191 1.1448747289217316
124.92350486787205 -7.177283838076673 1.1449390797373158
125.42420027816411 -7.197224004657735 1.1449727590504355
125.92489568845616 -7.217014732747281 1.144975896152749
126.42559109874827 -7.236655999889202 1.144948620335915
126.92628650904032 -7.256147783627402 1.144891060891593
127.42698191933238 -7.275490061505768 1.144803347111441
127.92767732962449 -7.294682811068209 1.144685608287118
128.42837273991654 -7.313726009858613 1.1445379737102832
128.9290681502086 -7.332619635420879 1.1443605726725945
129.4297635605007 -7.351363665298909 1.1441535344657119
129.93045897079276 -7.369958077036594 1.1439169883812932
130.4311543810848 -7.388402848177832 1.143651063710998
130.93184979137692 -7.406697956266526 1.1433558897464846
131.43254520166897 -7.424843378846565 1.1430315957794113
131.93324061196108 -7.44283909346185 1.142678311101438
132.43393602225314 -7.460685077656277 1.1422961650042227
132.9346314325452 -7.478381308973746 1.141885286779425
133.4353268428373 -7.495927764958151 1.1414458057187025
133.93602225312935 -7.513324423153388 1.140977851113715
134.4367176634214 -7.530571261103359 1.1404815522561211
134.93741307371351 -7.5476682563519555 1.1399570384375788
135.43810848400557 -7.564615386443077 1.1394044389497484
135.93880389429762 -7.581412628920622 1.138823883084287
136.43949930458973 -7.598059961328485 1.1382155001328553
136.94019471488178 -7.614557361210564 1.13757941938711
137.44089012517384 -7.630904806110757 1.1369157701387116
137.94158553546595 -7.647102273572959 1.1362246816793178
138.442280945758 -7.66314974114107 1.1355062833005878
138.94297635605005 -7.679047186358983 1.1347607042941807
139.44367176634216 -7.694794586770599 1.133988073951755
139.94436717663422 -7.710391919919815 1.1331885215649695
140.44506258692627 -7.725839163350522 1.1323621764254828
140.94575799721838 -7.741136294606627 1.1315091678249543
141.44645340751043 -7.7562832912320205 1.1306296250550427
141.94714881780249 -7.7712801307706 1.129723677407406
142.4478442280946 -7.786126790766265 1.1287914541737032
142.94853963838665 -7.800823248762906 1.127833084645594
143.4492350486787 -7.815369482304431 1.126848698114736
143.9499304589708 -7.829765468934725 1.1258384238727897
144.45062586926286 -7.844011186197695 1.1248023912114116
144.95132127955492 -7.858106611637232 1.1237407294222619
145.45201668984703 -7.872051722797237 1.1226535677969989
145.95271210013908 -7.8858464972216025 1.121541035627283
146.45340751043113 -7.899490912454232 1.1204032622047708
146.95410292072324 -7.91298494603902 1.1192403768211219
147.4547983310153 -7.9263285755198565 1.1180525087679944
147.95549374130735 -7.939521778440647 1.116839787337049
148.45618915159946 -7.952564532345289 1.1156023418199439
148.9568845618915 -7.965456814777675 1.1143403015083369
149.45757997218357 -7.9781986032817 1.1130537956938862
149.95827538247568 -7.99078987540127 1.1117429536682524
150.45897079276773 -8.003230608680273 1.1104079047230933
150.95966620305978 -8.015520780662612 1.1090487781500684
151.4603616133519 -8.027660368892178 1.1076657032408357
151.96105702364395 -8.039649350912878 1.1062588092870542
152.461752433936 -8.051487704268599 1.1048282255803836
152.9624478442281 -8.063175406503245 1.1033740814124808
153.46314325452016 -8.07471243516071 1.1018965060750068
153.96383866481222 -8.086098767784886 1.1003956288596193
154.46453407510432 -8.09733438191968 1.0988715790579762
154.96522948539638 -8.10841925510898 1.097324485961737
155.46592489568843 -8.119353364896693 1.0957544788625615
155.96662030598054 -8.130136688826706 1.0941616870521083
156.4673157162726 -8.140769204442922 1.0925462398220351
156.96801112656465 -8.151250889289237 1.0909082664640004
157.46870653685676 -8.161581720909549 1.0892478962696641
157.9694019471488 -8.171761676847748 1.0875652585306859
158.47009735744086 -8.181790734647745 1.0858604825387226
158.97079276773297 -8.191668871853423 1.084133697585433
159.47148817802503 -8.201396066008687 1.082385032962478
159.97218358831708 -8.21097229465743 1.0806146179615141
160.4728789986092 -8.220397535343555 1.0788225818742019
160.97357440890124 -8.229671765610952 1.077009053992199
161.4742698191933 -8.238794963003517 1.0751741636071643
161.9749652294854 -8.247767105065158 1.073318040010757
162.47566063977746 -8.25658816933976 1.071440812494636
162.9763560500695 -8.26525813337123 1.0695426103504597
163.47705146036162 -8.273776974703456 1.067623562869887
163.97774687065368 -8.282144670880346 1.0656837993445771
164.47844228094573 -8.290361199445783 1.0637234490661882
164.97913769123784 -8.298426537943676 1.0617426413263789
165.4798331015299 -8.306340663917915 1.0597415054168091
165.98052851182194 -8.3141035549124 1.0577201706291373
166.48122392211405 -8.321715188471028 1.0556787662550207
166.9819193324061 -8.329175542137698 1.0536174215861203
167.48261474269816 -8.336484593456305 1.0515362659140939
167.98331015299027 -8.34364231997074 1.0494354285305998
168.48400556328232 -8.350648699224912 1.0473150387272976
168.98470097357443 -8.35750370876271 1.045175225795845
169.4853963838665 -8.364207326128032 1.0430161190279028
169.98609179415854 -8.370759528864774 1.0408378477151286
170.48678720445065 -8.377160294516841 1.0386405411491806
170.9874826147427 -8.383409600628116 1.036424328621718
171.48817802503476 -8.389507424742511 1.0341893394244015
171.98887343532687 -8.395453744403916 1.0319357028488865
172.48956884561892 -8.401248537156228 1.0296635481868335
172.99026425591097 -8.40689178054334 1.0273730047299021
173.49095966620308 -8.412383452109161 1.0250642017697498
173.99165507649514 -8.417723529397573 1.022737268598036
174.4923504867872 -8.422911989952485 1.0203923345064196
174.9930458970793 -8.427948811317787 1.0180295287865593
175.49374130737135 -8.432833971037383 1.0156489807301132
175.9944367176634 -8.437567446655162 1.013250819628741
176.49513212795551 -8.442149215715027 1.0108351747741016
176.99582753824757 -8.446579255760874 1.008402175457853
177.49652294853962 -8.450857544336593 1.0059519509716544
177.99721835883173 -8.454984058986096 1.0034846306071636
178.49791376912378 -8.458958777253262 1.0010003436560417
178.99860917941584 -8.462781676682003 0.9984992194099459
179.49930458970795 -8.466452734816208 0.9959813871605346
180.0 -8.469971929199776 0.993446976199467
