Polar data for a18sm at Re = 82857.14285714287
Alpha (deg) Cl Cd
-180.0 -15.65230331486931 0.09260178249695157
-179.49930458970792 -15.636655538198442 0.09264658622394674
-178.99860917941587 -15.62073288356858 0.09269066805804141
-178.49791376912378 -15.604536316303191 0.09273402228093403
-177.9972183588317 -15.588066801725747 0.09277664317432294
-177.49652294853965 -15.571325305159705 0.09281852501990656
-176.99582753824757 -15.554312791928554 0.09285966209938334
-176.4951321279555 -15.537030227355752 0.09290004869445163
-175.99443671766343 -15.519478576764756 0.09293967908680986
-175.49374130737135 -15.501658805479055 0.09297854755815643
-174.99304589707927 -15.483571878822113 0.09301664839018971
-174.49235048678722 -15.465218762117397 0.09305397586460816
-173.99165507649514 -15.446600420688371 0.09309052426311012
-173.49095966620305 -15.42771781985851 0.09312628786739408
-172.990264255911 -15.408571924951291 0.09316126095915837
-172.48956884561892 -15.38916370129016 0.09319543782010141
-171.98887343532684 -15.369494114198618 0.0932288127319216
-171.48817802503476 -15.34956412900011 0.09326137997631737
-170.9874826147427 -15.329374711018113 0.09329313383498708
-170.48678720445062 -15.308926825576089 0.09332406858962917
-169.98609179415854 -15.28822143799753 0.09335417852194201
-169.4853963838665 -15.267259513605874 0.09338345791362405
-168.9847009735744 -15.246042017724607 0.09341190104637367
-168.48400556328232 -15.22456991567721 0.09343950220188924
-167.98331015299027 -15.202844172787133 0.09346625566186922
-167.4826147426982 -15.180865754377843 0.09349215570801199
-166.9819193324061 -15.158635625772826 0.09351719662201592
-166.48122392211405 -15.13615475229554 0.09354137268557947
-165.98052851182197 -15.113424099269468 0.09356467818040098
-165.4798331015299 -15.090444632018057 0.09358710738817891
-164.97913769123784 -15.06721731586479 0.09360865459061166
-164.47844228094576 -15.043743116133138 0.09362931406939758
-163.97774687065368 -15.020022998146553 0.09364908010623514
-163.47705146036162 -14.996057927228529 0.0936679469828227
-162.97635605006954 -14.971848868702518 0.09368590898085867
-162.47566063977746 -14.947396787892012 0.09370296038204146
-161.9749652294854 -14.922702650120437 0.09371909546806947
-161.47426981919332 -14.897767420711299 0.09373430852064113
-160.97357440890124 -14.872592064988064 0.09374859382145477
-160.4728789986092 -14.847177548274184 0.09376194565220887
-159.9721835883171 -14.821524835893138 0.0937743582946018
-159.47148817802503 -14.795634893168407 0.09378582603033198
-158.97079276773297 -14.769508685423448 0.09379634314109775
-158.4700973574409 -14.74314717798172 0.09380590390859761
-157.9694019471488 -14.716551336166704 0.09381450261452991
-157.46870653685676 -14.689722125301865 0.09382213354059306
-156.96801112656468 -14.662660510710689 0.09382879096848545
-156.4673157162726 -14.635367457716628 0.09383446917990551
-155.96662030598054 -14.607843931643147 0.0938391624565516
-155.46592489568846 -14.580090897813735 0.09384286508012218
-154.96522948539638 -14.552109321551841 0.09384557133231564
-154.46453407510432 -14.523900168180946 0.09384727549483032
-153.96383866481224 -14.495464403024508 0.09384797184936472
-153.46314325452016 -14.466802991406015 0.09384765467761716
-152.9624478442281 -14.43791689864893 0.0938463182612861
-152.46175243393603 -14.408807090076694 0.09384395688206992
-151.96105702364395 -14.37947453101282 0.09384056482166703
-151.4603616133519 -14.349920186780759 0.09383613636177582
-150.9596662030598 -14.320145022703977 0.0938306657840947
-150.45897079276773 -14.290150004105934 0.09382414737032205
-149.95827538247568 -14.259936096310115 0.09381657540215632
-149.4575799721836 -14.229504264639987 0.0938079441612959
-148.9568845618915 -14.198855474419014 0.09379824792943917
-148.45618915159943 -14.167990690970678 0.09378748098828454
-147.95549374130738 -14.136910879618428 0.09377563761953045
-147.4547983310153 -14.105617005685739 0.09376271210487526
-146.95410292072324 -14.074110034496089 0.09374869872601738
-146.45340751043116 -14.042390931372944 0.0937335917646552
-145.95271210013908 -14.010460661639764 0.09371738550248718
-145.452016689847 -13.97832019062004 0.09370007422121167
-144.95132127955495 -13.94597048363722 0.09368165220252708
-144.45062586926286 -13.913412506014788 0.09366211372813184
-143.94993045897078 -13.880647223076183 0.09364145307972434
-143.44923504867873 -13.847675600144912 0.09361966453900299
-142.94853963838665 -13.814498602544441 0.09359674238766613
-142.44784422809457 -13.781117195598215 0.09357268090741222
-141.9471488178025 -13.74753234462972 0.0935474743799397
-141.44645340751043 -13.713745014962415 0.09352111708694692
-140.94575799721835 -13.679756171919779 0.09349360331013229
-140.44506258692627 -13.645566780825279 0.09346492733119421
-139.94436717663422 -13.61117780700238 0.09343508343183111
-139.44367176634213 -13.57659021577456 0.09340406589374134
-138.94297635605005 -13.541804972465288 0.09337186899862335
-138.442280945758 -13.506823042398013 0.09333848702817556
-137.94158553546592 -13.47164539089623 0.09330391426409632
-137.44089012517384 -13.436272983283375 0.09326814498808403
-136.94019471488178 -13.400706784882972 0.09323117348183715
-136.4394993045897 -13.36494776101843 0.09319299402705405
-135.93880389429762 -13.328996877013262 0.09315360090543316
-135.43810848400557 -13.292855098190921 0.09311298839867282
-134.9374130737135 -13.256523389874866 0.0930711507884715
-134.4367176634214 -13.220002717388569 0.09302808235652756
-133.93602225312935 -13.183294046055538 0.09298377738453945
-133.43532684283727 -13.14639834119919 0.09293823015420549
-132.9346314325452 -13.109316568143024 0.09289143494722416
-132.43393602225314 -13.072049692210486 0.09284338604529385
-131.93324061196105 -13.034598678725063 0.09279407773011296
-131.43254520166897 -12.996964493010227 0.09274350428337988
-130.93184979137692 -12.95914810038945 0.09269165998679299
-130.43115438108484 -12.921150466186186 0.09263853912205076
-129.93045897079276 -12.882972555723912 0.09258413597085152
-129.4297635605007 -12.84461533432608 0.0925284448148937
-128.92906815020862 -12.806079767316179 0.09247145993587576
-128.42837273991654 -12.7673668200177 0.09241317561549602
-127.92767732962449 -12.728477457754062 0.09235358613545291
-127.4269819193324 -12.689412645848764 0.09229268577744484
-126.92628650904032 -12.650173349625264 0.09223046882317026
-126.42559109874827 -12.610760534407065 0.09216692955432748
-125.92489568845619 -12.571175165517575 0.09210206225261497
-125.42420027816411 -12.53141820828033 0.09203586119973112
-124.92350486787205 -12.491490628018726 0.0919683206773743
-124.42280945757997 -12.451393390056298 0.09189943496724297
-123.92211404728789 -12.411127459716484 0.09182919835103545
-123.42141863699584 -12.370693802322778 0.09175760511045028
-122.92072322670376 -12.330093383198596 0.09168464952718572
-122.42002781641168 -12.289327167667468 0.09161032588294026
-121.91933240611961 -12.248396121052837 0.09153462845941227
-121.41863699582754 -12.207301208678148 0.09145755153830012
-120.91794158553546 -12.166043395866895 0.0913790894013023
-120.41724617524339 -12.124623647942572 0.09129923633011715
-119.91655076495132 -12.08304293022861 0.09121798660644309
-119.41585535465924 -12.041302208048494 0.0911353345119785
-118.91515994436718 -11.999402446725691 0.09105127432842182
-118.41446453407511 -11.957344611583652 0.09096580033747144
-117.91376912378303 -11.915129667945878 0.09087890682082578
-117.41307371349096 -11.872758581135828 0.09079058806018317
-116.91237830319889 -11.830232316476968 0.09070083833724212
-116.41168289290681 -11.787551839292755 0.09060965193370096
-115.91098748261474 -11.744718114906684 0.09051702313125812
-115.41029207232268 -11.701732108642206 0.09042294621161195
-114.9095966620306 -11.658594785822773 0.09032741545646097
-114.40890125173853 -11.615307111771893 0.0902304251475035
-113.90820584144646 -11.57187005181303 0.09013196956643793
-113.40751043115438 -11.52828457126961 0.09003204299496272
-112.90681502086231 -11.48455163546514 0.08993063971477622
-112.40611961057024 -11.440672209723092 0.08982775400757684
-111.90542420027816 -11.396647259366945 0.08972338015506304
-111.4047287899861 -11.352477749720125 0.08961751243893315
-110.90403337969401 -11.308164646106116 0.08951014514088562
-110.40333796940195 -11.263708913848413 0.08940127254261884
-109.90264255910988 -11.219111518270468 0.0892908889258312
-109.4019471488178 -11.174373424695746 0.0891789885722211
-108.90125173852573 -11.129495598447727 0.08906556576348701
-108.40055632823366 -11.084479004849863 0.08895061478132726
-107.89986091794158 -11.039324609225632 0.08883412990744027
-107.39916550764951 -10.994033376898516 0.08871610542352444
-106.89847009735745 -10.948606273191986 0.0885965356112782
-106.39777468706536 -10.903044263429473 0.08847541475239992
-105.8970792767733 -10.857348312934493 0.08835273712858802
-105.39638386648123 -10.811519387030495 0.08822849702154087
-104.89568845618915 -10.765558451040919 0.08810268871295693
-104.39499304589708 -10.719466470289285 0.08797530648453461
-103.89429763560501 -10.67324441009906 0.08784634461797222
-103.39360222531293 -10.626893235793668 0.08771579739496822
-102.89290681502086 -10.580413912696601 0.08758365909722107
-102.3922114047288 -10.533807406131347 0.08744992400642909
-101.89151599443672 -10.487074681421335 0.08731458640429077
-101.39082058414465 -10.440216703890089 0.08717764057250438
-100.89012517385257 -10.393234438861016 0.08703908079276843
-100.3894297635605 -10.34612885165764 0.0868989013467813
-99.88873435326843 -10.298900907603413 0.08675709651624137
-99.38803894297635 -10.251551572021798 0.08661366058284703
-98.88734353268428 -10.204081810236241 0.08646858782829678
-98.38664812239222 -10.156492587570243 0.08632187253428891
-97.88595271210013 -10.108784869347277 0.08617350898252188
-97.38525730180807 -10.060959620890793 0.08602349145469407
-96.884561891516 -10.01301780752428 0.08587181423250392
-96.38386648122392 -9.964960394571174 0.08571847159764977
-95.88317107093185 -9.916788347354997 0.08556345783183007
-95.38247566063978 -9.868502631199165 0.08540676721674324
-94.8817802503477 -9.820104211427166 0.08524839403408763
-94.38108484005564 -9.771594053362465 0.0850883325655617
-93.88038942976357 -9.722973122328556 0.0849265770928638
-93.37969401947149 -9.674242383648862 0.08476312189769239
-92.87899860917942 -9.625402802646919 0.08459796126174582
-92.37830319888734 -9.576455344646137 0.08443108946672254
-91.87760778859527 -9.527400974970009 0.08426250079432082
-91.3769123783032 -9.478240658942001 0.08409218952623923
-90.87621696801112 -9.428975361885579 0.08392014994417615
-90.37552155771905 -9.379606049124222 0.08374637632982992
-89.87482614742699 -9.330133685981396 0.08357086296489899
-89.3741307371349 -9.280559237780567 0.08339360413108174
-88.87343532684284 -9.230883669845214 0.08321459411007655
-88.37273991655077 -9.181107947498775 0.08303382718358186
-87.87204450625869 -9.131233036064744 0.08285129763329606
-87.37134909596662 -9.081259900866572 0.0826669997409176
-86.87065368567455 -9.031189507227781 0.08248092778814475
-86.36995827538247 -8.981022820471795 0.08229307605667607
-85.8692628650904 -8.930760805922079 0.08210343882820989
-85.36856745479834 -8.880404428902127 0.08191201038444457
-84.86787204450626 -8.829954654735376 0.08171878500707863
-84.36717663421419 -8.77941244874532 0.08152375697781035
-83.86648122392211 -8.72877877625544 0.08132692057833817
-83.36578581363004 -8.678054602589201 0.08112827009036053
-82.86509040333797 -8.627240893070026 0.08092779979557582
-82.36439499304589 -8.576338613021436 0.08072550397568246
-81.86369958275382 -8.52534872776687 0.08052137691237879
-81.36300417246176 -8.474272202629807 0.08031541288736327
-80.86230876216968 -8.423110002933713 0.08010760618233433
-80.36161335187761 -8.37186309400211 0.0798979510789903
-79.86091794158554 -8.32053244115838 0.07968644185902957
-79.36022253129346 -8.269119009726042 0.07947307280415061
-78.85952712100139 -8.21762376502855 0.07925783819605181
-78.35883171070932 -8.16604767238937 0.0790407323164316
-77.85813630041724 -8.11439169713198 0.07882174944698833
-77.35744089012518 -8.062656804579875 0.07860088386942035
-76.85674547983311 -8.010843960056478 0.07837812986542621
-76.35605006954103 -7.958954128885283 0.07815348171670418
-75.85535465924896 -7.906988276389756 0.07792693370495278
-75.35465924895689 -7.854947367893375 0.07769848011187028
-74.85396383866481 -7.80283236871958 0.07746811521915517
-74.35326842837274 -7.750644244191891 0.07723583330850586
-73.85257301808066 -7.69838395963369 0.07700162866162075
-73.3518776077886 -7.646052480368569 0.07676549556019815
-72.85118219749653 -7.593650771719881 0.07652742828593664
-72.35048678720445 -7.541179799011177 0.07628742112053441
-71.84979137691238 -7.488640527565879 0.07604546834569006
-71.34909596662031 -7.436033922707454 0.07580156424310192
-70.84840055632823 -7.383360949759409 0.0755557030944683
-70.34770514603616 -7.33062257404521 0.07530787918148771
-69.8470097357441 -7.2778197608882795 0.0750580867858586
-69.34631432545201 -7.2249534756121125 0.07480632018927917
-68.84561891515995 -7.172024683540217 0.07455257367344804
-68.34492350486788 -7.119034349996001 0.07429684152006351
-67.8442280945758 -7.0659834403029596 0.074039118010824
-67.34353268428373 -7.012872919784572 0.07377939742742787
-66.84283727399166 -6.959703753764289 0.07351767405157364
-66.34214186369958 -6.906476907565592 0.07325394216495956
-65.84144645340751 -6.853193346511974 0.07298819604928417
-65.34075104311543 -6.799854035926829 0.07272042998624584
-64.84005563282336 -6.746459941133681 0.07245063825754287
-64.3393602225313 -6.6930120274560085 0.0721788151448738
-63.838664812239216 -6.6395112602172635 0.07190495492993695
-63.33796940194715 -6.58595860474094 0.0716290518944307
-62.83727399165508 -6.53235502635046 0.07135110032005362
-62.336578581363 -6.478701490369305 0.07107109448850393
-61.83588317107093 -6.424998962120982 0.0707890286814801
-61.335187760778865 -6.371248406928915 0.0705048971806805
-60.834492350486784 -6.317450790116583 0.0702186942678036
-60.333796940194716 -6.263607077007494 0.06993041422454771
-59.83310152990265 -6.209718232925072 0.06964005133261134
-59.33240611961057 -6.15578522319281 0.06934759987369285
-58.8317107093185 -6.10180901313416 0.06905305412949064
-58.33101529902643 -6.047790568072587 0.06875640838170313
-57.83031988873435 -5.9937308533316145 0.06845765691202865
-57.329624478442284 -5.939630834234636 0.06815679400216564
-56.82892906815022 -5.8854914761051464 0.06785381393381258
-56.328233657858135 -5.831313744266682 0.06754871098866778
-55.82753824756607 -5.777098604042608 0.06724147944842968
-55.326842837273986 -5.722847020756463 0.06693211359479664
-54.82614742698192 -5.6685599597316685 0.06662060770946715
-54.32545201668985 -5.6142383862916905 0.06630695607413958
-53.82475660639777 -5.55988326576008 0.06599115297051228
-53.3240611961057 -5.50549556346026 0.06567319268028371
-52.823365785813635 -5.451076244715653 0.06535306948515224
-52.322670375521554 -5.39662627484981 0.06503077766681631
-51.82197496522949 -5.342146619186112 0.06470631150697428
-51.321279554937405 -5.287638243048095 0.06437966528732456
-50.82058414464535 -5.2331021117592105 0.06405083328956565
-50.31988873435327 -5.17853919064291 0.06371980979539582
-49.81919332406119 -5.123950445022702 0.06338658908651347
-49.318497913769136 -5.069336840222023 0.06305116544461713
-48.817802503477054 -5.01469934156434 0.06271353315140506
-48.31710709318497 -4.960038914373131 0.06237368648857581
-47.81641168289292 -4.905356523971863 0.06203161973782765
-47.31571627260084 -4.850653135684029 0.06168732718085909
-46.81502086230876 -4.795929714833052 0.06134080309936845
-46.3143254520167 -4.741187226742442 0.06099204177505418
-45.81363004172462 -4.686426636735677 0.06064103748961463
-45.31293463143254 -4.63164891013618 0.06028778452474824
-44.81223922114049 -4.576855012267432 0.05993227716215344
-44.311543810848406 -4.522045908452926 0.05957450968352863
-43.810848400556324 -4.467222564016113 0.059214476370572144
-43.31015299026427 -4.412385944280489 0.05885217150498251
-42.80945757997219 -4.357537014569461 0.05848758936845805
-42.30876216968011 -4.30267674020658 0.05812072424269709
-41.808066759388026 -4.247806086515256 0.057751570409398136
-41.30737134909597 -4.192926018818968 0.05738012215025963
-40.80667593880389 -4.138037502441209 0.057006373746979845
-40.30598052851181 -4.083141502705418 0.05663031948125727
-39.80528511821976 -4.028238984935102 0.05625195363479033
-39.304589707927676 -3.9733309144537134 0.05587127048927731
-38.803894297635594 -3.9184182565846886 0.05548826432641678
-38.30319888734354 -3.8635019766515217 0.05510292942790706
-37.80250347705146 -3.808583039977707 0.054715260075446456
-37.30180806675938 -3.7536624118866673 0.054325250550733485
-36.801112656467325 -3.698741057701925 0.05393289513546666
-36.30041724617524 -3.6438199427469034 0.053538188111344115
-35.79972183588316 -3.588900032345096 0.05314112376006449
-35.29902642559111 -3.5339822918199406 0.05274169636332607
-34.79833101529903 -3.4790676864949592 0.052339900202827215
-34.297635605006946 -3.4241571816935608 0.05193572956026639
-33.79694019471489 -3.369251742739282 0.051529178717342104
-33.29624478442281 -3.3143523349555313 0.051120241955752606
-32.79554937413073 -3.259459923665803 0.050708913557196256
-32.294853963838676 -3.2045754741936054 0.05029518780337173
-31.794158553546595 -3.1496999518623046 0.04987905897597711
-31.293463143254513 -3.0948343219954797 0.04946052135671091
-30.79276773296246 -3.039979549916554 0.049039569227271755
-30.29207232267038 -2.9851366009489784 0.04861619686935774
-29.791376912378297 -2.930306440416219 0.048190398564667315
-29.290681502086244 -2.875490033641798 0.04776216859489911
-28.789986091794162 -2.8206883459491525 0.04733150124175126
-28.28929068150208 -2.7659023426617484 0.04689839078692228
-27.788595271210028 -2.711132989103051 0.04646283151211064
-27.287899860917946 -2.6563812505965263 0.04602481769901464
-26.787204450625865 -2.601648092465682 0.04558434362933274
-26.28650904033381 -2.54693448003397 0.04514140358476334
-25.78581363004173 -2.4922413786248274 0.04469599184700475
-25.28511821974965 -2.4375697535617338 0.04424810269775542
-24.784422809457595 -2.3829205701681833 0.04379773041871394
-24.283727399165514 -2.3282947937676273 0.043344869291578436
-23.783031988873432 -2.2736933896835456 0.04288951359804743
-23.28233657858135 -2.219117323239404 0.04243165761981937
-22.781641168289298 -2.1645675597586678 0.04197129563859269
-22.280945757997216 -2.110045064564817 0.041508421936065555
-21.780250347705135 -2.0555508029812746 0.041043030793936654
-21.27955493741308 -2.001085740331577 0.0405751164939042
-20.778859527121 -1.9466508419391335 0.04010467331766668
-20.27816411682892 -1.8922470731274945 0.0396316955469225
-19.777468706536865 -1.8378753992200405 0.039156177463370044
-19.276773296244784 -1.7835367855402797 0.0386781133487077
-18.776077885952702 -1.7292321974116778 0.03819749748463393
-18.27538247566065 -1.6749626001577145 0.03771432415284705
-17.774687065368568 -1.6207289591018554 0.0372285876350455
-17.273991655076486 -1.5665322395675663 0.03674028221292769
-16.773296244784433 -1.5123734068783126 0.03624940216819206
-16.27260083449235 -1.4582534263575742 0.03575594178253693
-15.77190542420027 -1.4041732633287882 0.03525989533766082
-15.271210013908217 -1.3501338831154772 0.034761257115262005
-14.770514603616135 -1.2961362510410357 0.03426002139703897
-14.269819193324054 -1.2421813324290287 0.03375618246469007
-13.769123783032 -1.1882700926028793 0.033249734599913795
-13.268428372739919 -1.1344034968860104 0.03274067208440842
-12.767732962447838 -1.0805825106019444 0.03222898919987241
-12.267037552155784 -1.026808099074147 0.03171468022800425
-11.766342141863703 -0.9730812276260838 0.03119773945050215
-11.265646731571621 -0.919402861581192 0.0306781611490647
-10.764951321279568 -0.8657739662630224 0.030155939605390217
-10.264255910987487 -0.8121955069949269 0.02963106910117714
-9.763560500695405 -0.7586684491004849 0.029103543918123816
-9.262865090403352 -0.7051937579031051 0.02857335833792874
-8.76216968011127 -0.6517723987262531 0.02804050664229018
-8.261474269819189 -0.5984053368934514 0.02750498311290666
-7.760778859527136 -0.5450935377280803 0.026966782031476615
-7.260083449235054 -0.49183796655371914 0.02642589767969826
-6.759388038942973 -0.4386395886937482 0.02588232433927022
-6.25869262865092 -0.38549936947170416 0.02533605629189066
-5.757997218358838 -0.3324182742109958 0.024787087819258175
-5.257301808066757 -0.2793972682351171 0.024235413203071127
-4.756606397774675 -0.22643731686754798 0.023681026725027893
-4.255910987482622 -0.17353938543172553 0.0231239226668268
-3.7552155771905404 -0.12070443925115804 0.02256409531016642
-3.254520166898459 -0.0679334436493253 0.02200153893674507
-2.753824756606406 -0.015227363949607664 0.021436247828261153
-2.2531293463143243 0.03741283452442978 0.020868216266413005
-1.7524339360222427 0.08999443671766452 0.020297774687065357
-1.2517385257301896 0.1425674547983301 0.019851112656467322
-0.7510431154381081 0.19842670375521562 0.019216981919332406
-0.25034770514602656 0.2421304589707933 0.01890477051460362
0.25034770514602656 0.30301502086230697 0.019590723226703737
0.7510431154381081 0.3945865090403337 0.020496606397774685
1.2517385257301896 0.48068720445062735 0.021166981919332417
1.7524339360222427 0.5667342141863682 0.02156611961057023
2.2531293463143243 0.6487681502086229 0.021771126564673157
2.753824756606406 0.724332127955495 0.02180923504867872
3.254520166898459 0.8033885952712082 0.020976077885952748
3.7552155771905404 0.8768821974965227 0.019699360222531295
4.255910987482622 0.9387904033379703 0.01888267037552155
4.756606397774675 0.9937304589707915 0.018323393602225325
5.257301808066757 1.040619193324061 0.017977079276773295
5.757997218358838 1.0748738525730184 0.01850435326842839
6.258692628650891 1.0905456189151597 0.022090834492350338
6.759388038942973 1.1103196105702362 0.027120737134909565
7.260083449235054 1.1515841446453414 0.031364297635605054
7.760778859527107 1.2024339360222518 0.03645762169680095
8.261474269819189 1.2480995827538244 0.04242246175243388
8.76216968011127 1.2824253129346317 0.049055243393602295
9.262865090403324 1.293182753824757 0.057895020862308466
9.763560500695405 1.2837218358831712 0.06832004172461742
10.264255910987487 1.2077079276773286 0.07326885952712099
10.76495132127954 1.0746072986117214 0.07322897451288428
11.265646731571621 0.942041978265125 0.07319017082346078
11.766342141863703 0.8100778152101298 0.07315257802707653
12.267037552155784 0.6787138441232674 0.07311619040542991
12.767732962447838 0.5479490996810745 0.07308100224021935
13.268428372739919 0.41778261656006865 0.07304700781314322
13.769123783032 0.2882134294367873 0.07301420140589994
14.269819193324054 0.15924057298776795 0.07298257730018792
14.770514603616135 0.030863081889528132 0.07295212977770556
15.271210013908217 -0.09692000918139598 0.07292285312015126
15.77190542420027 -0.22410966554846556 0.07289474160922342
16.27260083449235 -0.3507068525351631 0.07286778952662044
16.773296244784433 -0.4767125354649524 0.07284199115404073
17.273991655076486 -0.6021276796612947 0.07281734077318269
17.774687065368568 -0.7269532504476732 0.07279383266574474
18.27538247566065 -0.8511902131475502 0.07277146111342526
18.776077885952702 -0.9748395330843884 0.07275022039792266
19.276773296244784 -1.0979021755816705 0.07273010480093535
19.777468706536865 -1.2203791059628593 0.07271110860416173
20.27816411682892 -1.3422712895514177 0.07269322608930019
20.778859527121 -1.4635796916708275 0.07267645153804915
21.27955493741308 -1.5843052776445514 0.07266077923210701
21.780250347705135 -1.7044490127960517 0.07264620345317217
22.280945757997216 -1.8240118624488115 0.07263271848294305
22.781641168289298 -1.942994791926293 0.07262031860311802
23.28233657858135 -2.06139876655196 0.0726089980953955
23.783031988873432 -2.1792247516492935 0.0725987512414739
24.283727399165514 -2.296473712541757 0.0725895723230516
24.784422809457567 -2.4131466145528115 0.07258145562182705
25.28511821974965 -2.5292444230059417 0.0725743954194986
25.78581363004173 -2.6447681032246084 0.07256838599776469
26.286509040333783 -2.7597186205322766 0.0725634216383237
26.787204450625865 -2.874096940252427 0.07255949662287405
27.287899860917946 -2.987904027708521 0.07255660523311414
27.78859527121 -3.1011408482240252 0.07255474175074236
28.28929068150208 -3.213808367122418 0.07255390045745712
28.789986091794162 -3.3259075497271633 0.07255407563495683
29.290681502086215 -3.437439361361725 0.0725552615649399
29.791376912378297 -3.5484047673495835 0.0725574525291047
30.29207232267038 -3.658804733014204 0.07256064280914967
30.79276773296246 -3.7686402236790535 0.07256482668677319
31.293463143254513 -3.877912204667597 0.07256999844367368
31.794158553546595 -3.986621641303314 0.07257615236154953
32.294853963838676 -4.094769498909669 0.07258328272209916
32.79554937413073 -4.202356742810123 0.07259138380702095
33.29624478442281 -4.30938433832816 0.07260044989801331
33.79694019471489 -4.415853250787242 0.07261047527677465
34.297635605006946 -4.521764445510833 0.07262145422500337
34.79833101529903 -4.627118887822414 0.07263338102439788
35.29902642559111 -4.731917543045448 0.07264624995665657
35.79972183588316 -4.8361613765034 0.07266005530347786
36.30041724617524 -4.939851353519748 0.07267479134656013
36.801112656467325 -5.042988439417956 0.07269045236760181
37.30180806675938 -5.145573599521487 0.07270703264830128
37.80250347705146 -5.247607799153824 0.07272452647035696
38.30319888734354 -5.349092003638431 0.07274292811546723
38.803894297635594 -5.45002717829877 0.07276223186533053
39.304589707927676 -5.55041428845832 0.07278243200164523
39.80528511821976 -5.650254299440547 0.07280352280610976
40.30598052851181 -5.749548176568913 0.07282549856042249
40.80667593880389 -5.848296885166901 0.07284835354628186
41.30737134909597 -5.946501390557971 0.07287208204538624
41.808066759388026 -6.04416265806559 0.07289667833943406
42.30876216968011 -6.141281653013236 0.0729221367101237
42.80945757997219 -6.237859340724375 0.07294845143915357
43.31015299026424 -6.33389668652247 0.0729756168082221
43.810848400556324 -6.429394655730999 0.07300362709902766
44.311543810848406 -6.524354213673428 0.07303247659326866
44.81223922114046 -6.618776325673219 0.0730621595726435
45.31293463143254 -6.712661957053854 0.07309267031885061
45.81363004172462 -6.806012073138795 0.07312400311358837
46.314325452016675 -6.898827639251509 0.07315615223855518
46.81502086230876 -6.9911096207154735 0.07318911197544946
47.31571627260084 -7.0828589828541535 0.07322287660596959
47.81641168289289 -7.174076690991011 0.07325744041181399
48.31710709318497 -7.264763710449527 0.07329279767468107
48.817802503477054 -7.354921006553168 0.07332894267626922
49.318497913769136 -7.4445495446253975 0.07336586969827683
49.81919332406119 -7.533650289989685 0.07340357302240233
50.31988873435327 -7.622224207969506 0.07344204693034412
50.82058414464535 -7.710272263888328 0.07348128570380058
51.321279554937405 -7.797795423069614 0.07352128362447014
51.82197496522949 -7.884794650836843 0.07356203497405119
52.32267037552157 -7.97127091251348 0.07360353403424214
52.82336578581362 -8.057225173422987 0.07364577508674137
53.3240611961057 -8.142658398888845 0.07368875241324732
53.824756606397784 -8.227571554234519 0.07373246029545837
54.32545201668984 -8.31196560478347 0.07377689301507293
54.82614742698192 -8.395841515859182 0.07382204485378939
55.326842837274 -8.479200252785118 0.07386791009330618
55.82753824756605 -8.562042780884736 0.07391448301532168
56.328233657858135 -8.644370065481523 0.0739617579015343
56.82892906815022 -8.72618307189894 0.07400972903364245
57.32962447844227 -8.807482765460454 0.07405839069334451
57.83031988873435 -8.888270111489541 0.07410773716233891
58.33101529902643 -8.968546075309664 0.07415776272232405
58.831710709318486 -9.04831162224429 0.07420846165499832
59.33240611961057 -9.127567717616902 0.07425982824206012
59.83310152990265 -9.206315326750955 0.07431185676520788
60.3337969401947 -9.284555414969919 0.07436454150613998
60.834492350486784 -9.362288947597275 0.07441787674655483
61.335187760778865 -9.439516889956481 0.07447185676815084
61.83588317107092 -9.51624020737101 0.0745264758526264
62.336578581363 -9.592459865164331 0.0745817282816799
62.83727399165508 -9.668176828659917 0.07463760833700979
63.337969401947134 -9.743392063181227 0.07469411030031442
63.838664812239216 -9.81810653405174 0.07475122845329224
64.3393602225313 -9.892321206594927 0.07480895707764162
64.84005563282335 -9.966037046134243 0.07486729045506098
65.34075104311543 -10.039255017993172 0.07492622286724872
65.84144645340751 -10.11197608749518 0.07498574859590323
66.34214186369957 -10.184201219963727 0.07504586192272293
66.84283727399165 -10.255931380722297 0.07510655712940623
67.34353268428373 -10.327167535094349 0.07516782849765151
67.84422809457581 -10.397910648403357 0.07522967030915717
68.34492350486786 -10.468161685972783 0.07529207684562164
68.84561891515995 -10.537921613126102 0.07535504238874331
69.34631432545203 -10.607191395186787 0.07541856122022059
69.84700973574408 -10.675971997478298 0.07548262762175187
70.34770514603616 -10.744264385324113 0.07554723587503556
70.84840055632824 -10.812069524047695 0.07561238026177006
71.3490959666203 -10.879388378972514 0.07567805506365377
71.84979137691238 -10.946221915422045 0.07574425456238512
72.35048678720446 -11.012571098719752 0.07581097303966247
72.85118219749651 -11.078436894189101 0.07587820477718427
73.3518776077886 -11.14382026715357 0.07594594405664888
73.85257301808068 -11.208722182936622 0.07601418515975472
74.35326842837273 -11.273143606861728 0.0760829223682002
74.85396383866481 -11.337085504252357 0.07615214996368372
75.35465924895689 -11.400548840431982 0.07622186222790368
75.85535465924895 -11.463534580724064 0.07629205344255849
76.35605006954103 -11.526043690452079 0.07636271788934655
76.85674547983308 -11.58807713493949 0.07643384984996625
77.35744089012519 -11.64963587950978 0.07650544360611601
77.85813630041724 -11.710720889486405 0.07657749343949423
78.3588317107093 -11.771333130192831 0.0766499936317993
78.8595271210014 -11.831473566952544 0.07672293846472965
79.36022253129346 -11.891143165088998 0.07679632221998366
79.86091794158551 -11.950342889925667 0.07687013917925974
80.36161335187762 -12.009073706786028 0.07694438362425629
80.86230876216968 -12.067336580993535 0.07701904983667171
81.36300417246173 -12.125132477871665 0.07709413209820443
81.86369958275384 -12.182462362743893 0.07716962469055282
82.36439499304589 -12.239327200933678 0.0772455218954153
82.86509040333794 -12.295727957764496 0.07732181799449026
83.36578581363005 -12.351665598559821 0.07739850726947611
83.86648122392211 -12.407141088643106 0.07747558400207127
84.36717663421416 -12.462155393337833 0.07755304247397413
84.86787204450627 -12.516709477967469 0.07763087696688309
85.36856745479832 -12.570804307855484 0.07770908176249654
85.86926286509038 -12.624440848325344 0.0777876511425129
86.36995827538249 -12.677620064700521 0.07786657938863059
86.87065368567454 -12.730342922304482 0.07794586078254798
87.3713490959666 -12.782610386460691 0.07802548960596349
87.8720445062587 -12.834423422492636 0.07810546014057554
88.37273991655076 -12.885782995723767 0.07818576666808248
88.87343532684281 -12.936690071477559 0.07826640347018277
89.37413073713492 -12.98714561507749 0.0783473648285748
89.87482614742697 -13.037150591847011 0.07842864502495694
90.37552155771903 -13.086705967109603 0.07851023834102762
90.87621696801114 -13.135812706188743 0.07859213905848525
91.37691237830319 -13.184471774407884 0.07867434145902821
91.87760778859524 -13.2326841370905 0.07875683982435494
92.37830319888735 -13.28045075956007 0.07883962843616381
92.8789986091794 -13.32777260714005 0.07892270157615322
93.37969401947146 -13.374650645153919 0.0790060535260216
93.88038942976357 -13.421085838925142 0.07908967856746733
94.38108484005562 -13.467079153777194 0.07917357098218883
94.88178025034773 -13.512631555033531 0.0792577250518845
95.38247566063978 -13.557744008017634 0.07934213505825273
95.88317107093184 -13.602417478052965 0.07942679528299193
96.38386648122395 -13.646652930463 0.07951170000780051
96.884561891516 -13.690451330571202 0.07959684351437686
97.38525730180805 -13.733813643701046 0.0796822200844194
97.88595271210016 -13.776740835176001 0.07976782399962654
98.38664812239222 -13.819233870319527 0.07985364954169663
98.88734353268427 -13.861293714455103 0.07993969099232814
99.38803894297638 -13.902921332906198 0.08002594263321944
99.88873435326843 -13.944117690996274 0.08011239874606893
100.38942976356049 -13.984883754048804 0.08019905361257502
100.8901251738526 -14.025220487387264 0.08028590151443613
101.39082058414465 -14.06512885633511 0.08037293673335064
101.8915159944367 -14.104609826215823 0.08046015355101695
102.39221140472881 -14.143664362352867 0.08054754624913348
102.89290681502086 -14.182293430069715 0.08063510910939863
103.39360222531292 -14.220497994689827 0.08072283641351077
103.89429763560503 -14.258279021536682 0.08081072244316838
104.39499304589708 -14.295637475933747 0.08089876148006979
104.89568845618913 -14.332574323204481 0.08098694780591342
105.39638386648124 -14.369090528672375 0.08107527570239771
105.8970792767733 -14.405187057660877 0.08116373945122102
106.39777468706535 -14.440864875493462 0.08125233333408176
106.89847009735746 -14.476124947493611 0.08134105163267837
107.39916550764951 -14.510968238984775 0.08142988862870919
107.89986091794157 -14.545395715290438 0.08151883860387267
108.40055632823368 -14.579408341734064 0.08160789583986722
108.90125173852573 -14.61300708363912 0.0816970546183912
109.40194714881778 -14.646192906329075 0.08178630922114305
109.90264255910989 -14.678966775127408 0.08187565392982116
110.40333796940195 -14.711329655357575 0.08196508302612393
110.904033379694 -14.743282512343045 0.08205459079174977
111.40472878998611 -14.774826311407304 0.08214417150839709
111.90542420027816 -14.805962017873805 0.08223381945776428
112.40611961057022 -14.836690597066019 0.08232352892154975
112.90681502086233 -14.867013014307423 0.0824132941814519
113.40751043115438 -14.896930234921486 0.08250310951916912
113.90820584144643 -14.926443224231667 0.08259296921639982
114.40890125173854 -14.955552947561442 0.08268286755484244
114.9095966620306 -14.984260370234283 0.08277279881619533
115.41029207232265 -15.012566457573657 0.0828627572821569
115.91098748261476 -15.040472174903028 0.08295273723442562
116.41168289290681 -15.067978487545867 0.0830427329546998
116.91237830319886 -15.095086360825652 0.0831327387246779
117.41307371349097 -15.121796760065843 0.08322274882605832
117.91376912378303 -15.148110650589908 0.08331275754053943
118.41446453407508 -15.174028997721328 0.08340275914981965
118.91515994436719 -15.199552766783563 0.08349274793559743
119.41585535465924 -15.224682923100078 0.0835827181795711
119.9165507649513 -15.249420431994354 0.08367266416343909
120.4172461752434 -15.273766258789857 0.08376258016889981
120.91794158553546 -15.297721368810047 0.08385246047765167
121.41863699582751 -15.321286727378402 0.08394229937139307
121.91933240611962 -15.344463299818392 0.0840320911318224
122.42002781641168 -15.367252051453475 0.08412183004063807
122.92072322670373 -15.389653947607139 0.08421151037953847
123.42141863699584 -15.411669953602841 0.08430112643022206
123.92211404728789 -15.433301034764048 0.08439067247438715
124.42280945757994 -15.454548156414232 0.08448014279373221
124.92350486787205 -15.475412283876869 0.08456953166995565
125.42420027816411 -15.495894382475425 0.08465883338475583
125.92489568845616 -15.515995417533356 0.08474804221983116
126.42559109874827 -15.53571635437415 0.08483715245688007
126.92628650904032 -15.555058158321271 0.08492615837760095
127.42698191933238 -15.574021794698174 0.08501505426369221
127.92767732962449 -15.592608228828352 0.08510383439685223
128.42837273991654 -15.610818426035268 0.08519249305877943
128.9290681502086 -15.628653351642365 0.08528102453117223
129.4297635605007 -15.646113970973145 0.08536942309572901
129.93045897079276 -15.66320124935107 0.08545768303414816
130.4311543810848 -15.679916152099599 0.08554579862812811
130.93184979137692 -15.696259644542204 0.08563376415936727
131.43254520166897 -15.712232692002361 0.085721573909564
131.93324061196108 -15.727836259803533 0.08580922216041675
132.43393602225314 -15.743071313269192 0.08589670319362391
132.9346314325452 -15.7579388177228 0.08598401129088386
133.4353268428373 -15.772439738487842 0.08607114073389503
133.93602225312935 -15.786575040887778 0.08615808580435581
134.4367176634214 -15.800345690246067 0.08624484078396462
134.93741307371351 -15.813752651886196 0.08633139995441985
135.43810848400557 -15.82679689113163 0.08641775759741988
135.93880389429762 -15.839479373305823 0.08650390799466315
136.43949930458973 -15.85180106373227 0.08658984542784805
136.94019471488178 -15.863762927734419 0.08667556417867298
137.44089012517384 -15.875365930635743 0.08676105852883635
137.94158553546595 -15.886611037759723 0.08684632276003655
138.442280945758 -15.897499214429823 0.086931351153972
138.94297635605005 -15.908031425969503 0.08701613799234109
139.44367176634216 -15.91820863770223 0.08710067755684225
139.94436717663422 -15.928031814951497 0.08718496412917384
140.44506258692627 -15.937501923040754 0.08726899199103429
140.94575799721838 -15.946619927293474 0.087352755424122
141.44645340751043 -15.955386793033123 0.08743624871013536
141.94714881780249 -15.963803485583176 0.0875194661307728
142.4478442280946 -15.971870970267103 0.08760240196773271
142.94853963838665 -15.979590212408363 0.08768505050271348
143.4492350486787 -15.986962177330442 0.08776740601741352
143.9499304589708 -15.993987830356795 0.08784946279353126
144.45062586926286 -16.000668136810894 0.08793121511276505
144.95132127955492 -16.007004062016215 0.08801265725681334
145.45201668984703 -16.012996571296213 0.08809378350737454
145.95271210013908 -16.018646629974377 0.088174588146147
146.45340751043113 -16.023955203374165 0.08825506545482915
146.95410292072324 -16.02892325681905 0.08833520971511942
147.4547983310153 -16.03355175563248 0.08841501520871617
147.95549374130735 -16.03784166513796 0.08849447621731783
148.45618915159946 -16.041793950658942 0.0885735870226228
148.9568845618915 -16.045409577518896 0.08865234190632947
149.45757997218357 -16.04868951104129 0.08873073515013626
149.95827538247568 -16.051634716549586 0.08880876103574156
150.45897079276773 -16.054246159367267 0.08888641384484379
150.95966620305978 -16.05652480481779 0.08896368785914133
151.4603616133519 -16.058471618224637 0.0890405773603326
151.96105702364395 -16.06008756491127 0.08911707663011599
152.461752433936 -16.06137361020116 0.08919317995018992
152.9624478442281 -16.062330719417773 0.08926888160225278
153.46314325452016 -16.06295985788458 0.08934417586800297
153.96383866481222 -16.06326199092505 0.08941905702913894
154.46453407510432 -16.063238083862657 0.08949351936735901
154.96522948539638 -16.06288910202086 0.08956755716436166
155.46592489568843 -16.06221601072314 0.08964116470184524
155.96662030598054 -16.061219775292955 0.08971433626150818
156.4673157162726 -16.05990136105379 0.08978706612504886
156.96801112656465 -16.058261733329097 0.08985934857416572
157.46870653685676 -16.056301857442357 0.08993117789055714
157.9694019471488 -16.054022698717027 0.09000254835592152
158.47009735744086 -16.051425222476595 0.09007345425195726
158.97079276773297 -16.048510394044506 0.09014388986036281
159.47148817802503 -16.045279178744252 0.0902138494628365
159.97218358831708 -16.041732541899286 0.09028332734107679
160.4728789986092 -16.037871448833087 0.09035231777678206
160.97357440890124 -16.033696864869114 0.09042081505165071
161.4742698191933 -16.029209755330854 0.09048881344738113
161.9749652294854 -16.02441108554177 0.09055630724567179
162.47566063977746 -16.01930182082532 0.09062329072822099
162.9763560500695 -16.013882926504976 0.09068975817672723
163.47705146036162 -16.00815536790421 0.09075570387288887
163.97774687065368 -16.00212011034651 0.09082112209840427
164.47844228094573 -15.995778119155306 0.09088600713497193
164.97913769123784 -15.989130359654096 0.09095035326429017
165.4798331015299 -15.982177797166349 0.09101415476805742
165.98052851182194 -15.97492139701552 0.09107740592797212
166.48122392211405 -15.96736212452509 0.09114010102573263
166.9819193324061 -15.959500945018524 0.09120223434303734
167.48261474269816 -15.951338823819286 0.0912638001615847
167.98331015299027 -15.94287672625086 0.09132479276307308
168.48400556328232 -15.934115617636698 0.0913852064292009
168.98470097357443 -15.925056463300281 0.09144503544166656
169.4853963838665 -15.915700228565067 0.09150427408216845
169.98609179415854 -15.90604787875454 0.09156291663240498
170.48678720445065 -15.896100379192164 0.09162095737407458
170.9874826147427 -15.885858695201401 0.09167839058887559
171.48817802503476 -15.87532379210573 0.09173521055850646
171.98887343532687 -15.864496635228614 0.09179141156466561
172.48956884561892 -15.85337818989351 0.0918469878890514
172.99026425591097 -15.841969421423917 0.09190193381336226
173.49095966620308 -15.830271295143278 0.0919562436192966
173.99165507649514 -15.818284776375092 0.09200991158855278
174.4923504867872 -15.806010830442792 0.09206293200282925
174.9930458970793 -15.793450422669862 0.0921152991438244
175.49374130737135 -15.780604518379784 0.0921670072932366
175.9944367176634 -15.767474082896006 0.09221805073276429
176.49513212795551 -15.75406008154201 0.09226842374410588
176.99582753824757 -15.740363479641273 0.09231812060895975
177.49652294853962 -15.726385242517244 0.0923671356090243
177.99721835883173 -15.712126335493403 0.09241546302599796
178.49791376912378 -15.697587723893223 0.0924630971415791
178.99860917941584 -15.682770373040158 0.09251003223746615
179.49930458970795 -15.667675248257703 0.0925562625953575
180.0 -15.65230331486931 0.09260178249695157
