Polar data for a18sm at Re = 242857.14285714287
Alpha (deg) Cl Cd
-180.0 -9.816219107127717 1.1306325765873264
-179.49930458970792 -9.826609051200643 1.1279187095704295
-178.99860917941587 -9.836824469552564 1.1251859361066476
-178.49791376912378 -9.846864997178034 1.1224343960002454
-177.9972183588317 -9.856730269071612 1.119664229055491
-177.49652294853965 -9.86641992022786 1.1168755750766481
-176.99582753824757 -9.87593358564133 1.114068573867984
-176.4951321279555 -9.885270900306587 1.1112433652337643
-175.99443671766343 -9.894431499218186 1.1084000889782553
-175.49374130737135 -9.903415017370683 1.1055388849057228
-174.99304589707927 -9.912221089758646 1.1026598928204339
-174.49235048678722 -9.92084935137662 1.0997632525266534
-173.99165507649514 -9.929299437219175 1.0968491038286479
-173.49095966620305 -9.937570982280858 1.0939175865306832
-172.990264255911 -9.945663621556236 1.0909688404370248
-172.48956884561892 -9.953576990039869 1.088003005351941
-171.98887343532684 -9.961310722726306 1.0850202210796953
-171.48817802503476 -9.968864454610113 1.0820206274245556
-170.9874826147427 -9.97623782068585 1.0790043641907883
-170.48678720445062 -9.983430455948065 1.0759715711826556
-169.98609179415854 -9.990441995391329 1.072922388204428
-169.4853963838665 -9.997272074010189 1.069856955060369
-168.9847009735744 -10.00392032679921 1.0667754115547472
-168.48400556328232 -10.010386388752952 1.0636778974918253
-167.98331015299027 -10.016669894865966 1.0605645526758727
-167.4826147426982 -10.02277048013282 1.057435516911154
-166.9819193324061 -10.028687779548065 1.0542909300019334
-166.48122392211405 -10.034421428106258 1.0511309317524804
-165.98052851182197 -10.039971060801967 1.0479556619670582
-165.4798331015299 -10.045336312629741 1.0447652604499347
-164.97913769123784 -10.050516818584144 1.0415598670053747
-164.47844228094576 -10.05551221365973 1.0383396214376461
-163.97774687065368 -10.06032213285106 1.0351046635510122
-163.47705146036162 -10.06494621115269 1.0318551331497405
-162.97635605006954 -10.069384083559182 1.028591170038099
-162.47566063977746 -10.073635385065092 1.0253129140203507
-161.9749652294854 -10.077699750664982 1.0220205049007636
-161.47426981919332 -10.081576815353404 1.0187140824836016
-160.97357440890124 -10.085266214124923 1.0153937865731344
-160.4728789986092 -10.08876758197409 1.0120597569736243
-159.9721835883171 -10.092080553895473 1.0087121334893399
-159.47148817802503 -10.09520476488362 1.0053510559245453
-158.97079276773297 -10.098139849933094 1.0019766640835102
-158.4700973574409 -10.100885444038457 0.998589097770495
-157.9694019471488 -10.103441182194263 0.9951884967897702
-157.46870653685676 -10.105806699395071 0.9917750009455999
-156.96801112656468 -10.10798163063544 0.988348750042251
-156.4673157162726 -10.109965610909926 0.9849098838839903
-155.96662030598054 -10.111758275213093 0.9814585422750828
-155.46592489568846 -10.113359258539495 0.9779948650197936
-154.96522948539638 -10.11476819588369 0.9745189919223904
-154.46453407510432 -10.115984722240238 0.9710310627871375
-153.96383866481224 -10.117008472603697 0.9675312174183033
-153.46314325452016 -10.11783908196863 0.9640195956201529
-152.9624478442281 -10.118476185329584 0.9604963371969524
-152.46175243393603 -10.118919417681127 0.9569615819529658
-151.96105702364395 -10.119168414017816 0.9534154696924635
-151.4603616133519 -10.119222809334204 0.9498581402197079
-150.9596662030598 -10.119082238624861 0.9462897333389668
-150.45897079276773 -10.11874633688433 0.9427103888545061
-149.95827538247568 -10.118214739107179 0.9391202465705908
-149.4575799721836 -10.117487080287967 0.9355194462914869
-148.9568845618915 -10.116562995421248 0.9319081278214612
-148.45618915159943 -10.115442119501582 0.9282864309647814
-147.95549374130738 -10.114124087523528 0.9246544955257108
-147.4547983310153 -10.112608534481645 0.921012461308518
-146.95410292072324 -10.110895095370491 0.9173604681174663
-146.45340751043116 -10.10898340518462 0.9136986557568234
-145.95271210013908 -10.1068730989186 0.9100271640308544
-145.452016689847 -10.10456381156698 0.9063461327438278
-144.95132127955495 -10.102055178124319 0.902655701700007
-144.45062586926286 -10.099346833585184 0.8989560107036578
-143.94993045897078 -10.096438412944124 0.8952471995590481
-143.44923504867873 -10.093329551195705 0.8915294080704446
-142.94853963838665 -10.090019883334477 0.8878027760421123
-142.44784422809457 -10.086509044355003 0.8840674432783164
-141.9471488178025 -10.082796669251843 0.8803235495833228
-141.44645340751043 -10.078882393019553 0.8765712347614001
-140.94575799721835 -10.074765850652689 0.8728106386168106
-140.44506258692627 -10.070446677145819 0.8690419009538239
-139.94436717663422 -10.065924507493488 0.8652651615767042
-139.44367176634213 -10.061198976690267 0.8614805602897191
-138.94297635605005 -10.056269719730704 0.8576882368971328
-138.442280945758 -10.051136371609363 0.8538883312032113
-137.94158553546592 -10.045798567320803 0.8500809830122231
-137.44089012517384 -10.040255941859577 0.8462663321284298
-136.94019471488178 -10.034508130220253 0.8424445183561045
-136.4394993045897 -10.028554767397377 0.8386156814995058
-135.93880389429762 -10.022395488385516 0.8347799613629043
-135.43810848400557 -10.016029928179229 0.8309374977505641
-134.9374130737135 -10.009457721773067 0.8270884304667521
-134.4367176634214 -10.002678504161594 0.823232899315735
-133.93602225312935 -9.99569191033937 0.8193710441017779
-133.43532684283727 -9.988497575300947 0.8155030046291467
-132.9346314325452 -9.981095134040892 0.8116289207021075
-132.43393602225314 -9.973484221553752 0.8077489321249278
-131.93324061196105 -9.965664472834098 0.8038631787018711
-131.43254520166897 -9.957635522876478 0.7999718002372058
-130.93184979137692 -9.949397006675454 0.796074936535198
-130.43115438108484 -9.940948559225589 0.79217272740011
-129.93045897079276 -9.932289815521433 0.7882653126362149
-129.4297635605007 -9.923420410557553 0.7843528320477715
-128.92906815020862 -9.914339979328497 0.7804354254390502
-128.42837273991654 -9.905048156828833 0.7765132326143152
-127.92767732962449 -9.89554457805312 0.772586393377835
-127.4269819193324 -9.885828877995905 0.7686550475338711
-126.92628650904032 -9.875900691651754 0.7647193348866941
-126.42559109874827 -9.86575965401523 0.7607793952405679
-125.92489568845619 -9.855405400080883 0.7568353683997577
-125.42420027816411 -9.844837564843278 0.7528873941685339
-124.92350486787205 -9.834055783296964 0.7489356123511561
-124.42280945757997 -9.823059690436509 0.7449801627518957
-123.92211404728789 -9.81184892125647 0.7410211851750159
-123.42141863699584 -9.8004231107514 0.7370588194247853
-122.92072322670376 -9.788781893915864 0.7330932053054664
-122.42002781641168 -9.776924905744412 0.7291244826213277
-121.91933240611961 -9.76485178123161 0.7251527911766369
-121.41863699582754 -9.752562155372015 0.7211782707756555
-120.91794158553546 -9.740055663160181 0.7172010612226531
-120.41724617524339 -9.727331939590673 0.7132213023218938
-119.91655076495132 -9.714390619658044 0.7092391338776454
-119.41585535465924 -9.701231338356852 0.7052546956941728
-118.91515994436718 -9.687853730681663 0.701268127575742
-118.41446453407511 -9.674257431627025 0.6972795693266207
-117.91376912378303 -9.660442076187502 0.6932891607510732
-117.41307371349096 -9.646407299357655 0.6892970416533653
-116.91237830319889 -9.632152736132038 0.6853033518377638
-116.41168289290681 -9.61767802150521 0.6813082311085348
-115.91098748261474 -9.60298279047173 0.6773118192699459
-115.41029207232268 -9.588066678026157 0.6733142561262622
-114.9095966620306 -9.572929319163048 0.669315681481746
-114.40890125173853 -9.557570348876961 0.6653162351406687
-113.90820584144646 -9.541989402162457 0.6613160569072944
-113.40751043115438 -9.526186114014092 0.6573152865858873
-112.90681502086231 -9.510160119426425 0.6533140639807178
-112.40611961057024 -9.493911053394015 0.6493125288960464
-111.90542420027816 -9.477438550911417 0.6453108211361454
-111.4047287899861 -9.460742246973197 0.6413090805052761
-110.90403337969401 -9.443821776573905 0.6373074468077056
-110.40333796940195 -9.426676774708106 0.6333060598476996
-109.90264255910988 -9.409306876370355 0.629305059429526
-109.4019471488178 -9.391711716555209 0.6253045853574488
-108.90125173852573 -9.373890930257232 0.6213047774357376
-108.40055632823366 -9.355844152470976 0.6173057754686557
-107.89986091794158 -9.337571018191 0.6133077192604663
-107.39916550764951 -9.319071162411866 0.6093107486154425
-106.89847009735745 -9.300344220128132 0.605315003337844
-106.39777468706536 -9.281389826334351 0.6013206232319377
-105.8970792767733 -9.26220761602509 0.5973277481019956
-105.39638386648123 -9.242797224194906 0.5933365177522758
-104.89568845618915 -9.223158285838348 0.5893470719870504
-104.39499304589708 -9.203290435949981 0.5853595506105818
-103.89429763560501 -9.183193309524366 0.5813740934271385
-103.39360222531293 -9.162866541556054 0.5773908402409857
-102.89290681502086 -9.14230976703961 0.5734099308563876
-102.3922114047288 -9.121522620969593 0.5694315050776126
-101.89151599443672 -9.100504738340554 0.565455702708926
-101.39082058414465 -9.07925575414706 0.5614826635545953
-100.89012517385257 -9.057775303383664 0.5575125274188821
-100.3894297635605 -9.036063021044923 0.5535454341060577
-99.88873435326843 -9.014118542125402 0.5495815234203845
-99.38803894297635 -8.99194150161965 0.5456209351661327
-98.88734353268428 -8.969531534522233 0.5416638091475632
-98.38664812239222 -8.946888275827714 0.5377102851689453
-97.88595271210013 -8.924011360530635 0.533760503034544
-97.38525730180807 -8.900900423625572 0.5298146025486281
-96.884561891516 -8.87755510010707 0.5258727235154608
-96.38386648122392 -8.853975024969692 0.5219350057393062
-95.88317107093185 -8.830159833208002 0.5180015890244338
-95.38247566063978 -8.806109159816547 0.5140726131751105
-94.8817802503477 -8.781822639789894 0.5101482179955978
-94.38108484005564 -8.757299908122604 0.5062285432901652
-93.88038942976357 -8.732540599809225 0.5023137288630786
-93.37969401947149 -8.707544349844326 0.4984039145186012
-92.87899860917942 -8.682310793222456 0.4944992400610053
-92.37830319888734 -8.656839564938181 0.4905998452945515
-91.87760778859527 -8.631130299986053 0.4867058700235074
-91.3769123783032 -8.605182633360632 0.48281745405213994
-90.87621696801112 -8.578996200056483 0.47893473718471324
-90.37552155771905 -8.552570635068157 0.4750578592254968
-89.87482614742699 -8.525905573390212 0.47118695997875126
-89.3741307371349 -8.499000650017214 0.46732217924874697
-88.87343532684284 -8.471855499943713 0.4634636568397481
-88.37273991655077 -8.444469758164274 0.4596115325560224
-87.87204450625869 -8.41684305967345 0.45576594620183664
-87.37134909596662 -8.388975039465798 0.4519270375814506
-86.87065368567455 -8.360865332535887 0.44809494649913906
-86.36995827538247 -8.332513573878263 0.4442698127591618
-85.8692628650904 -8.30391939848749 0.44045177616578735
-85.36856745479834 -8.27508244135813 0.4366409765232844
-84.86787204450626 -8.246002337484736 0.4328375536359126
-84.36717663421419 -8.216678721861864 0.4290416473079415
-83.86648122392211 -8.187111229484078 0.42525339734364054
-83.36578581363004 -8.157299495345939 0.4214729435472713
-82.86509040333797 -8.127243154441992 0.41770042572309873
-82.36439499304589 -8.09694184176681 0.4139359836753942
-81.86369958275382 -8.06639519231495 0.41017975720841826
-81.36300417246176 -8.035602841080959 0.4064318861264422
-80.86230876216968 -8.004564423059406 0.40269251023372576
-80.36161335187761 -7.973279573244842 0.3989617693345402
-79.86091794158554 -7.941747926631827 0.39523980323315233
-79.36022253129346 -7.909969118214931 0.391526751733821
-78.85952712100139 -7.8779427829887005 0.38782275464082017
-78.35883171070932 -7.8456685559476895 0.3841279517584113
-77.85813630041724 -7.813146072086468 0.3804424828908648
-77.35744089012518 -7.780374966399592 0.3767664878424448
-76.85674547983311 -7.747354873881616 0.3731001064174111
-76.35605006954103 -7.7140854295270955 0.36944347842003844
-75.85535465924896 -7.680566268330601 0.36579674365458925
-75.35465924895689 -7.646797025286677 0.36216004192533036
-74.85396383866481 -7.612777335389886 0.3585335130365277
-74.35326842837274 -7.578506833634798 0.3549172967924481
-73.85257301808066 -7.543985155015953 0.35131153299735307
-73.3518776077886 -7.509211934527922 0.34771636145551743
-72.85118219749653 -7.47418680716526 0.34413192197119646
-72.35048678720445 -7.4389094079225195 0.340558354348665
-71.84979137691238 -7.403379371794269 0.3369957983921845
-71.34909596662031 -7.367596333775062 0.33344439390602454
-70.84840055632823 -7.331559928859452 0.32990428069444744
-70.34770514603616 -7.29526979204201 0.3263755985617227
-69.8470097357441 -7.258725558317284 0.32285848731211186
-69.34631432545201 -7.221926862679837 0.3193530867498844
-68.84561891515995 -7.1848733401242235 0.315859536679308
-68.34492350486788 -7.147564625645003 0.31237797690464686
-67.8442280945758 -7.110000354236735 0.3089085472301625
-67.34353268428373 -7.0721801608939785 0.3054513874601297
-66.84283727399166 -7.034103680611292 0.3020066373988055
-66.34214186369958 -6.995770548383231 0.2985744368504639
-65.84144645340751 -6.957180399204354 0.2951549256193664
-65.34075104311543 -6.918332868069228 0.2917482435097798
-64.84005563282336 -6.879227589972395 0.28835453032596914
-64.3393602225313 -6.839864199908433 0.28497392587220305
-63.838664812239216 -6.8002423328718855 0.2816065699527466
-63.33796940194715 -6.76036162385731 0.27825260237186744
-62.83727399165508 -6.7202217078592845 0.27491216293382714
-62.336578581363 -6.679822219872346 0.2715853914428952
-61.83588317107093 -6.63916279489105 0.2682724277033366
-61.335187760778865 -6.59824306790998 0.26497341151942
-60.834492350486784 -6.5570626739236815 0.2616884826954069
-60.333796940194716 -6.515621247926699 0.25841778103556856
-59.83310152990265 -6.473918424913606 0.2551614463441647
-59.33240611961057 -6.431953839878965 0.2519196184254675
-58.8317107093185 -6.38972712781732 0.24869243708373842
-58.33101529902643 -6.347237923723235 0.24548004212324523
-57.83031988873435 -6.304485862591278 0.2422825733482565
-57.329624478442284 -6.261470579415992 0.23910017056303554
-56.82892906815022 -6.218191709191949 0.23593297357184648
-56.328233657858135 -6.174648886913694 0.2327811221789606
-55.82753824756607 -6.1308417475757935 0.22964475618864208
-55.326842837273986 -6.08676992617281 0.22652401540515507
-54.82614742698192 -6.042433057699295 0.2234190396327664
-54.32545201668985 -5.9978307771498045 0.22032996867574026
-53.82475660639777 -5.952962719518904 0.2172569423383461
-53.3240611961057 -5.90782851980115 0.2142001004248508
-52.823365785813635 -5.8624278129911005 0.2111595827395176
-52.322670375521554 -5.816760234083308 0.20813552908661334
-51.82197496522949 -5.770825418072345 0.20512807927040397
-51.321279554937405 -5.72462299995275 0.20213737309515453
-50.82058414464535 -5.678152614719096 0.19916355036513275
-50.31988873435327 -5.631413897365942 0.19620675088460368
-49.81919332406119 -5.584406482887836 0.1932671144578377
-49.318497913769136 -5.5371300062793445 0.19034478088909276
-48.817802503477054 -5.489584102535023 0.18743988998264102
-48.31710709318497 -5.44176840664943 0.18455258154274398
-47.81641168289292 -5.393682553617129 0.1816829953736747
-47.31571627260084 -5.345326178432675 0.17883127127969375
-46.81502086230876 -5.296698916090612 0.17599754906506712
-46.3143254520167 -5.247800401585522 0.17318196853406428
-45.81363004172462 -5.1986302699119555 0.1703846694909494
-45.31293463143254 -5.1491881560644615 0.16760579173998755
-44.81223922114049 -5.099473695037609 0.16484547508544287
-44.311543810848406 -5.049486521825955 0.1621038593315893
-43.810848400556324 -4.99922627142405 0.15938108428268302
-43.31015299026427 -4.94869257882646 0.15667728974299708
-42.80945757997219 -4.897885079027745 0.15399261551679563
-42.30876216968011 -4.846803407022453 0.15132720140834463
-41.808066759388026 -4.795447197805146 0.14868118722190646
-41.30737134909597 -4.743816086370401 0.14605471276175772
-40.80667593880389 -4.69190970771275 0.1434479178321528
-40.30598052851181 -4.639727696826757 0.1408609422373612
-39.80528511821976 -4.5872696887070035 0.1382939257816542
-39.304589707927676 -4.534535318348013 0.13574700826929417
-38.803894297635594 -4.481524220744362 0.13322032950454174
-38.30319888734354 -4.42823603089062 0.13071402929166995
-37.80250347705146 -4.3746703837813214 0.12822824743494474
-37.30180806675938 -4.320826914411036 0.12576312373863027
-36.801112656467325 -4.266705257774333 0.1233187980069925
-36.30041724617524 -4.212305048865748 0.12089541004429913
-35.79972183588316 -4.157625922679859 0.11849309965481078
-35.29902642559111 -4.102667514211223 0.1161120066428005
-34.79833101529903 -4.047429458454374 0.11375227081253245
-34.297635605006946 -3.9919113904038994 0.11141403196826902
-33.79694019471489 -3.936112945054358 0.10909742991428326
-33.29624478442281 -3.8800337574002732 0.10680260445483222
-32.79554937413073 -3.8236734624362434 0.10452969539419074
-32.294853963838676 -3.7670316951568132 0.10227884253661942
-31.794158553546595 -3.710108090556531 0.10005018568638421
-31.293463143254513 -3.6529022836299596 0.09784386464775283
-30.79276773296246 -3.5954139093716755 0.09566001922499298
-30.29207232267038 -3.537642602776213 0.09349878922237062
-29.791376912378297 -3.4795879988381238 0.09136031444414636
-29.290681502086244 -3.4212497325520097 0.08924473469459146
-28.789986091794162 -3.362627438912387 0.08715218977796832
-28.28929068150208 -3.303720752913822 0.08508281949855176
-27.788595271210028 -3.244529309550895 0.08303676366059706
-27.287899860917946 -3.1850527438181437 0.08101416206837195
-26.787204450625865 -3.1252906907101234 0.07901515452614591
-26.28650904033381 -3.065242785221418 0.077039880838192
-25.78581363004173 -3.004908662346555 0.07508848080876193
-25.28511821974965 -2.9442879570801104 0.07316109424212877
-24.784422809457595 -2.8833803044166366 0.071257860942562
-24.283727399165514 -2.822185339350696 0.06937892071432047
-23.783031988873432 -2.7607026968768444 0.06752441336167367
-23.28233657858135 -2.698932011989637 0.06569447868888575
-22.781641168289298 -2.6368729196836433 0.06388925650022978
-22.280945757997216 -2.5745250549534155 0.062108886599962804
-21.780250347705135 -2.511888052793502 0.0603535087923561
-21.27955493741308 -2.448961548198479 0.0586232628816756
-20.778859527121 -2.3857451761628887 0.056918288672185485
-20.27816411682892 -2.322238571681307 0.055238725968151686
-19.777468706536865 -2.2584413697482724 0.05358471457383837
-19.276773296244784 -2.194353205358354 0.051956394293520364
-18.776077885952702 -2.1299737135061143 0.050353904931454724
-18.27538247566065 -2.0653025291860985 0.048777386291910946
-17.774687065368568 -2.0003392873928796 0.04722697817915675
-17.273991655076486 -1.935083623121006 0.045702820397450966
-16.773296244784433 -1.8695351713650474 0.04420505275106665
-16.27260083449235 -1.803693567119538 0.04273381504426796
-15.77190542420027 -1.7375584453790651 0.04128924708132617
-15.271210013908217 -1.6711294411381736 0.03987148866649834
-14.770514603616135 -1.6044061893914154 0.03848067960405396
-14.269819193324054 -1.5373883251333602 0.03711695969826431
-13.769123783032 -1.470075483358567 0.035780468753382894
-13.268428372739919 -1.4024672990615805 0.03447134657368808
-12.767732962447838 -1.3345634072369705 0.03318973296344227
-12.267037552155784 -1.2663634428792996 0.03193576772690784
-11.766342141863703 -1.197867040983109 0.030709590668356074
-11.265646731571621 -1.1290738365429753 0.029511341592047574
-10.764951321279568 -1.0599834645534507 0.02834116030225539
-10.264255910987487 -0.9905955600090834 0.027199186603236586
-9.763560500695405 -0.9209097579044467 0.02608556029926598
-9.262865090403352 -0.8509256932340925 0.02500042119460774
-8.76216968011127 -0.7806430009925833 0.02394390909352248
-8.261474269819189 -0.710061316174464 0.02291616380028147
-7.760778859527136 -0.6391802737743113 0.021917325119147096
-7.260083449235054 -0.5679995087866736 0.02094753285439241
-6.759388038942973 -0.4965186562061028 0.02000692681027802
-6.25869262865092 -0.42473735102717214 0.019095646791068094
-5.757997218358838 -0.3526552282444264 0.01821383260103035
-5.257301808066757 -0.28027192285243174 0.017361624044436058
-4.756606397774675 -0.20758706984575426 0.01653916092554583
-4.255910987482622 -0.13460030421893165 0.015746583048623836
-3.7552155771905404 -0.06131126096654427 0.014984030217939565
-3.254520166898459 0.012280424916870203 0.014251642237762513
-2.753824756606406 0.08617511843673853 0.013549558912351517
-2.2531293463143243 0.1603731845985088 0.012877920045979624
-1.7524339360222427 0.23483783031989028 0.01223311543810847
-1.2517385257301896 0.31093018080667456 0.011537607788595285
-0.7510431154381081 0.38779165507649516 0.010502753824756605
-0.25034770514602656 0.45715646731571746 0.009360667593880372
0.25034770514602656 0.5185917941585524 0.008789874826147431
0.7510431154381081 0.5785243393602224 0.008619666203059805
1.2517385257301896 0.6364450625869272 0.008529930458970793
1.7524339360222427 0.6916133518776066 0.008565438108484003
2.2531293463143243 0.7447760778859526 0.008691001390820583
2.753824756606406 0.7973038942976365 0.0089324478442281
3.254520166898459 0.8499737134909585 0.009288525730180798
3.7552155771905404 0.9017319888734351 0.009719902642559109
4.255910987482622 0.9516257301808074 0.0102622114047288
4.756606397774675 0.9989564673157152 0.011006495132127933
5.257301808066757 1.0392082058414462 0.012541543810848387
5.757997218358838 1.0740050069541034 0.014983184979137726
6.258692628650891 1.1092706536856736 0.01763002781641162
6.759388038942973 1.1454872044506257 0.020109499304589693
7.260083449235054 1.182554242002782 0.02255041724617527
7.760778859527107 1.2205799721835873 0.02527816411682885
8.261474269819189 1.2604408901251736 0.02937841446453403
8.76216968011127 1.2998724617524344 0.033858706536856784
9.262865090403324 1.3316741307371343 0.039054673157162545
9.763560500695405 1.346735605006954 0.04640712100139074
10.264255910987487 1.341225173852573 0.05437596662030604
10.76495132127954 1.3149115438108496 0.061877093184978915
11.265646731571621 1.2741043115438115 0.070007885952712
11.766342141863703 1.2274713490959663 0.08031717663421425
12.267037552155784 1.1791115330466986 0.09186384993739569
12.767732962447838 1.1307979786905524 0.10335182672141383
13.268428372739919 1.0825366732324682 0.11477406262941478
13.769123783032 1.0343279816778903 0.126130697465664
14.269819193324054 0.9861722690322636 0.1374218710344268
14.770514603616135 0.938069900301024 0.14864772313997063
15.271210013908217 0.8900212404896155 0.15980839358656088
15.77190542420027 0.8420266546034829 0.17090402217846298
16.27260083449235 0.7940865076480623 0.18193474871994422
16.773296244784433 0.746201164628798 0.19290071301527015
17.273991655076486 0.6983709905511342 0.2038020548687061
17.774687065368568 0.650596350420507 0.21463891408451943
18.27538247566065 0.6028776092423611 0.22541143046697562
18.776077885952702 0.5552151320221406 0.23611974382033998
19.276773296244784 0.5076092837652819 0.24676399394888002
19.777468706536865 0.460060429477229 0.25734432065686097
20.27816411682892 0.41256893416342644 0.26786086374854845
20.778859527121 0.36513516282931047 0.27831376302820965
21.27955493741308 0.31775948048032543 0.28870315830010995
21.780250347705135 0.2704422521219154 0.2990291893685152
22.280945757997216 0.22318384275951653 0.3092919960376922
22.781641168289298 0.17598461739857374 0.3194917181119067
23.28233657858135 0.12884494104453115 0.32962849539542394
23.783031988873432 0.08176517870282396 0.33970246769251145
24.283727399165514 0.03474569537889849 0.3497137748074345
24.784422809457567 -0.012213143921802505 0.3596625565444588
25.28511821974965 -0.059110974193842925 0.36954895270785126
25.78581363004173 -0.10594743043177779 0.37937310310187744
26.286509040333783 -0.15272214763016256 0.389135147530803
26.787204450625865 -0.19943476078356115 0.3988352257988952
27.287899860917946 -0.2460849048865299 0.4084734777104192
27.78859527121 -0.29267221493362383 0.4180500430696409
28.28929068150208 -0.33919632591940685 0.4275650616808272
28.789986091794162 -0.3856568728384353 0.43701867334824374
29.290681502086215 -0.43205349068526333 0.4464110178761559
29.791376912378297 -0.47838581445445616 0.45574223506883094
30.29207232267038 -0.5246534791405688 0.4650124647305345
30.79276773296246 -0.5708561197381603 0.47422184666553246
31.293463143254513 -0.6169933712417852 0.4833705206780905
31.794158553546595 -0.6630648686460083 0.4924586265724755
32.294853963838676 -0.7090702469453847 0.5014863041529534
32.79554937413073 -0.7550091411344702 0.5104536932237893
33.29624478442281 -0.8008811862078291 0.5193609335892505
33.79694019471489 -0.8466860171600166 0.5282081650536026
34.297635605006946 -0.892423268985588 0.5369955274211113
34.79833101529903 -0.9380925766791073 0.5457231604960433
35.29902642559111 -0.9836935752351308 0.5543912040826644
35.79972183588316 -1.029225899648214 0.5629997979852401
36.30041724617524 -1.0746891849129199 0.5715490820080376
36.801112656467325 -1.1200830660238053 0.5800391959553223
37.30180806675938 -1.1654071779754247 0.5884702796313599
37.80250347705146 -1.2106611557623426 0.5968424728404174
38.30319888734354 -1.2558446343791148 0.6051559153867601
38.803894297635594 -1.3009572488202963 0.613410747074654
39.304589707927676 -1.345998634080452 0.621607107708366
39.80528511821976 -1.3909684251541363 0.6297451370921616
40.30598052851181 -1.4358662570359058 0.6378249750303066
40.80667593880389 -1.4806917647203233 0.6458467613270676
41.30737134909597 -1.525444583201946 0.6538106357867106
41.808066759388026 -1.5701243474753284 0.6617167382135012
42.30876216968011 -1.6147306925350344 0.6695652084117061
42.80945757997219 -1.6592632533756193 0.677356186185591
43.31015299026424 -1.7037216649916402 0.6850898113394215
43.810848400556324 -1.7481055623776598 0.6927662236774647
44.311543810848406 -1.7924145805282343 0.7003855630039861
44.81223922114046 -1.8366483544379184 0.7079479691232515
45.31293463143254 -1.8808065191012764 0.7154535818395277
45.81363004172462 -1.9248887095128655 0.7229025409570803
46.314325452016675 -1.9688945606672394 0.7302949862801751
46.81502086230876 -2.0128237075589617 0.7376310576130787
47.31571627260084 -2.0566757851825894 0.7449108947600571
47.81641168289289 -2.100450428532678 0.7521346375253756
48.31710709318497 -2.1441472726037905 0.7593024257133016
48.817802503477054 -2.1877659523904827 0.7664143991281003
49.318497913769136 -2.2313061028873147 0.773470697574038
49.81919332406119 -2.27476735908884 0.7804714608553799
50.31988873435327 -2.3181493559896227 0.7874168287763934
50.82058414464535 -2.3614517285842185 0.7943069411413441
51.321279554937405 -2.404674111867184 0.8011419377544977
51.82197496522949 -2.4478161408330834 0.8079219584201207
52.32267037552157 -2.4908774504764706 0.8146471429424793
52.82336578581362 -2.533857675791902 0.8213176311258386
53.3240611961057 -2.5767564517739414 0.827933562774466
53.824756606397784 -2.619573413417146 0.8344950776926265
54.32545201668984 -2.6623081957160686 0.8410023156845867
54.82614742698192 -2.704960433665275 0.8474554165546124
55.326842837274 -2.7475297622593198 0.85385452010697
55.82753824756605 -2.790015816492761 0.8601997661459251
56.328233657858135 -2.832418231360159 0.8664912944757441
56.82892906815022 -2.874736641856071 0.8727292449006934
57.32962447844227 -2.9169706829750535 0.8789137572250383
57.83031988873435 -2.9591199897116693 0.8850449712530453
58.33101529902643 -3.001184197060474 0.8911230267889805
58.831710709318486 -3.043162940016024 0.8971480636371094
59.33240611961057 -3.0850558535728823 0.9031202216016991
59.83310152990265 -3.1268625727256047 0.9090396404870149
60.3337969401947 -3.1685827324687486 0.9149064600973227
60.834492350486784 -3.2102159677968745 0.9207208202368897
61.335187760778865 -3.2517619137045406 0.9264828607099809
61.83588317107092 -3.2932202051863024 0.9321927213208621
62.336578581363 -3.3345904772367225 0.9378505418738003
62.83727399165508 -3.3758723648503572 0.9434564621730614
63.337969401947134 -3.417065503021762 0.9490106220229111
63.838664812239216 -3.458169526745502 0.9545131612276154
64.3393602225313 -3.4991840710161313 0.9599642195914411
64.84005563282335 -3.5401087708282057 0.9653639369186533
65.34075104311543 -3.580943261176289 0.9707124530135187
65.84144645340751 -3.6216871770549384 0.9760099076803035
66.34214186369957 -3.6623401534587074 0.9812564407232724
66.84283727399165 -3.7029018253821606 0.9864521919466938
67.34353268428373 -3.7433718278198542 0.9915973011548318
67.84422809457581 -3.7837497957663464 0.9966919081519536
68.34492350486786 -3.8240353642161926 1.001736152742324
68.84561891515995 -3.8642281681639563 1.0067301747302106
69.34631432545203 -3.904327842604194 1.0116741139198784
69.84700973574408 -3.9443340225314616 1.0165681101155941
70.34770514603616 -3.984246342940321 1.0214123031216233
70.84840055632824 -4.024064438825329 1.0262068327422322
71.3490959666203 -4.063787945181042 1.030951838781687
71.84979137691238 -4.103416497002025 1.0356474610442536
72.35048678720446 -4.142949729282829 1.0402938393341985
72.85118219749651 -4.182387277018013 1.0448911134557868
73.3518776077886 -4.22172877520214 1.0494394232132855
73.85257301808068 -4.260973858829768 1.0539389084109605
74.35326842837273 -4.300122162895449 1.0583897088530771
74.85396383866481 -4.339173322393749 1.0627919643439026
75.35465924895689 -4.378126972319222 1.0671458146877024
75.85535465924895 -4.416982747666427 1.0714513996887425
76.35605006954103 -4.455740283429924 1.075708859151289
76.85674547983308 -4.494399214604268 1.0799183328796078
77.35744089012519 -4.532959176184024 1.0840799606779659
77.85813630041724 -4.571419803163742 1.0881938823506279
78.3588317107093 -4.6097807305379845 1.092260237701861
78.8595271210014 -4.648041593301313 1.096279166535931
79.36022253129346 -4.686202026448279 1.100250808657104
79.86091794158551 -4.724261664973445 1.1041753038696454
80.36161335187762 -4.762220143871373 1.1080527919778225
80.86230876216968 -4.8000770981366125 1.1118834127859
81.36300417246173 -4.8378321627637275 1.1156673060981446
81.86369958275384 -4.875484972747278 1.119404611718823
82.36439499304589 -4.913035163081817 1.1230954694522002
82.86509040333794 -4.9504823687619055 1.126740019102543
83.36578581363005 -4.987826224782109 1.1303384004741175
83.86648122392211 -5.025066366136972 1.1338907533711888
84.36717663421416 -5.0622024278210604 1.1373972175980236
84.86787204450627 -5.099234044828936 1.1408579329588886
85.36856745479832 -5.136160852155149 1.1442730392580487
85.86926286509038 -5.172982484794263 1.147642676299771
86.36995827538249 -5.209698577740839 1.1509669838883207
86.87065368567454 -5.246308765989427 1.1542461018279646
87.3713490959666 -5.282812684534592 1.157480169922968
87.8720445062587 -5.3192099683708935 1.1606693279775981
88.37273991655076 -5.355500252492884 1.1638137157961197
88.87343532684281 -5.3916831718951235 1.166913473182799
89.37413073713492 -5.427758361572176 1.1699687399419036
89.87482614742697 -5.463725456518592 1.1729796558776973
90.37552155771903 -5.4995840917289325 1.1759463607944485
90.87621696801114 -5.535333902197763 1.178868994496421
91.37691237830319 -5.570974522919631 1.1817476967878828
91.87760778859524 -5.606505588889099 1.1845826074730985
92.37830319888735 -5.6419267351007285 1.1873738663563354
92.8789986091794 -5.677237596549073 1.1901216132418582
93.37969401947146 -5.712437808228694 1.1928259879339338
93.88038942976357 -5.7475270051341525 1.1954871302368288
94.38108484005562 -5.782504822259998 1.1981051799548084
94.88178025034773 -5.817370894600801 1.200680276892139
95.38247566063978 -5.852124857151109 1.2032125608530868
95.88317107093184 -5.8867663449054835 1.205702171641917
96.38386648122395 -5.921294992858487 1.208149249062897
96.884561891516 -5.955710436004672 1.2105539329202915
97.38525730180805 -5.990012309338599 1.2129163630183672
97.88595271210016 -6.024200247854832 1.2152366791613909
98.38664812239222 -6.058273886547921 1.2175150211536274
98.88734353268427 -6.0922328604124285 1.2197515287993437
99.38803894297638 -6.126076804442917 1.2219463419028052
99.88873435326843 -6.159805353633933 1.2240996002682787
100.38942976356049 -6.193418142980045 1.226211443700029
100.8901251738526 -6.22691480747581 1.2282820120023243
101.39082058414465 -6.2602949821157825 1.2303114449794283
101.8915159944367 -6.293558301894521 1.2322998824356082
102.39221140472881 -6.326704401806593 1.2342474641751306
102.89290681502086 -6.359732916846543 1.2361543300022606
103.39360222531292 -6.392643482008941 1.2380206197212649
103.89429763560503 -6.42543573228834 1.239846473136409
104.39499304589708 -6.458109302679297 1.2416320300519597
104.89568845618913 -6.490663828176373 1.2433774302721818
105.39638386648124 -6.523098943774128 1.245082813601343
105.8970792767733 -6.5554142844671155 1.2467483198437082
106.39777468706535 -6.587609485249898 1.2483740888035437
106.89847009735746 -6.6196841811170355 1.249960260285116
107.39916550764951 -6.651638007063079 1.2515069740926907
107.89986091794157 -6.683470598082591 1.2530143700305345
108.40055632823368 -6.715181589170134 1.254482587902913
108.90125173852573 -6.7467706153202585 1.2559117675140914
109.40194714881778 -6.778237311527528 1.257302048668337
109.90264255910989 -6.809581312786502 1.258653571169916
110.40333796940195 -6.840802254091734 1.2599664748230934
110.904033379694 -6.8718997704377855 1.2612408994321362
111.40472878998611 -6.902873496819218 1.2624769848013098
111.90542420027816 -6.933723068230583 1.2636748707348808
112.40611961057022 -6.964448119666441 1.2648346970371145
112.90681502086233 -6.995048286121355 1.2659566035122782
113.40751043115438 -7.025523202589877 1.2670407299646367
113.90820584144643 -7.055872504066567 1.268087216198457
114.40890125173854 -7.086095825545989 1.2690962020180048
114.9095966620306 -7.116192802022693 1.2700678272275459
115.41029207232265 -7.146163068491244 1.271002231631347
115.91098748261476 -7.176006259946201 1.2718995550336731
116.41168289290681 -7.2057220113821145 1.2727599372387914
116.91237830319886 -7.235309957793547 1.2735835180509676
117.41307371349097 -7.26476973417506 1.2743704372744677
117.91376912378303 -7.294100975521207 1.2751208347135574
118.41446453407508 -7.32330331682655 1.2758348501725034
118.91515994436719 -7.352376393085647 1.2765126234555717
119.41585535465924 -7.381319839293056 1.2771542943670275
119.9165507649513 -7.410133290443332 1.277760002711138
120.4172461752434 -7.438816381531041 1.2783298882921692
120.91794158553546 -7.467368747550731 1.278864090914386
121.41863699582751 -7.495790023496967 1.2793627503820555
121.91933240611962 -7.52407984436431 1.2798260064994431
122.42002781641168 -7.55223784514731 1.2802539990708157
122.92072322670373 -7.580263660840533 1.280646867900439
123.42141863699584 -7.608156926438538 1.2810047527925785
123.92211404728789 -7.635917276935874 1.281327793551501
124.42280945757994 -7.663544347327107 1.2816161299814721
124.92350486787205 -7.691037772606794 1.281869901886759
125.42420027816411 -7.718397187769494 1.2820892490716256
125.92489568845616 -7.745622227809761 1.2822743113403396
126.42559109874827 -7.772712527722161 1.2824252284971671
126.92628650904032 -7.799667722501246 1.2825421403463735
127.42698191933238 -7.8264874471415755 1.2826251866922251
127.92767732962449 -7.853171336637715 1.2826745073389876
128.42837273991654 -7.87971902598421 1.2826902420909285
128.9290681502086 -7.906130150175628 1.2826725307523117
129.4297635605007 -7.932404344206525 1.2826215131274048
129.93045897079276 -7.958541243071458 1.282537329020473
130.4311543810848 -7.984540481764988 1.2824201182357833
130.93184979137692 -8.010401695281674 1.2822700205776016
131.43254520166897 -8.036124518616072 1.2820871758501928
131.93324061196108 -8.061708586762741 1.2818717238578243
132.43393602225314 -8.087153534716238 1.2816238044047612
132.9346314325452 -8.112458997471123 1.2813435572952712
133.4353268428373 -8.137624610021955 1.2810311223336182
133.93602225312935 -8.16265000736329 1.2806866393240692
134.4367176634214 -8.187534824489687 1.2803102480708903
134.93741307371351 -8.212278696395707 1.2799020883783483
135.43810848400557 -8.236881258075908 1.2794623000507082
135.93880389429762 -8.261342144524844 1.2789910228922359
136.43949930458973 -8.285660990737078 1.2784883967071987
136.94019471488178 -8.309837431707166 1.2779545612998617
137.44089012517384 -8.333871102429667 1.2773896564744913
137.94158553546595 -8.357761637899142 1.2767938220353534
138.442280945758 -8.381508673110144 1.2761671977867144
138.94297635605005 -8.405111843057234 1.2755099235328398
139.44367176634216 -8.428570782734976 1.274822139077996
139.94436717663422 -8.451885127137917 1.2741039842264492
140.44506258692627 -8.475054511260623 1.2733555987824656
140.94575799721838 -8.498078570097652 1.2725771225503106
141.44645340751043 -8.52095693864356 1.271768695334251
141.94714881780249 -8.543689251892905 1.2709304569385524
142.4478442280946 -8.566275144840251 1.2700625471674802
142.94853963838665 -8.588714252480148 1.2691651058253017
143.4492350486787 -8.611006209807162 1.2682382727162833
143.9499304589708 -8.633150651815848 1.2672821876446896
144.45062586926286 -8.655147213500763 1.2662969904147874
144.95132127955492 -8.676995529856466 1.265282820830843
145.45201668984703 -8.69869523587752 1.2642398186971213
145.95271210013908 -8.720245966558474 1.2631681238178902
146.45340751043113 -8.741647356893894 1.2620678759974149
146.95410292072324 -8.762899041878338 1.2609392150399612
147.4547983310153 -8.784000656506365 1.2597822807497947
147.95549374130735 -8.804951835772526 1.2585972129311827
148.45618915159946 -8.825752214671388 1.2573841513883905
148.9568845618915 -8.846401428197503 1.2561432359256848
149.45757997218357 -8.866899111345433 1.2548746063473304
149.95827538247568 -8.887244899109737 1.2535784024575947
150.45897079276773 -8.907438426484969 1.252254764060743
150.95966620305978 -8.927479328465694 1.2509038309610416
151.4603616133519 -8.947367240046468 1.2495257429627566
151.96105702364395 -8.967101796221844 1.2481206398701545
152.461752433936 -8.986682631986385 1.2466886614875003
152.9624478442281 -9.006109382334651 1.245229947619061
153.46314325452016 -9.025381682261196 1.2437446380691022
153.96383866481222 -9.04449916676058 1.242232872641891
154.46453407510432 -9.063461470827367 1.240694791141691
154.96522948539638 -9.082268229456105 1.2391305333727705
155.46592489568843 -9.10091907764136 1.2375402391393948
155.96662030598054 -9.119413650377691 1.235924048245831
156.4673157162726 -9.13775158265965 1.234282100496343
156.96801112656465 -9.155932509481797 1.2326145356951985
157.46870653685676 -9.173956065838697 1.2309214936466628
157.9694019471488 -9.1918218867249 1.229203114155004
158.47009735744086 -9.20952960713497 1.2274595370244852
158.97079276773297 -9.227078862063465 1.2256909020593734
159.47148817802503 -9.244469286504938 1.2238973490639358
159.97218358831708 -9.261700515453954 1.2220790178424366
160.4728789986092 -9.278772183905069 1.2202360481991448
160.97357440890124 -9.295683926852838 1.2183685799383224
161.4742698191933 -9.312435379291824 1.2164767528642397
161.9749652294854 -9.329026176216585 1.2145607067811592
162.47566063977746 -9.345455952621675 1.21262058149335
162.9763560500695 -9.36172434350166 1.210656516805076
163.47705146036162 -9.37783098385109 1.2086686525206034
163.97774687065368 -9.393775508664527 1.2066571284442003
164.47844228094573 -9.409557552936532 1.2046220843801294
164.97913769123784 -9.42517675166166 1.20256366013266
165.4798331015299 -9.440632739834468 1.200481995506056
165.98052851182194 -9.45592515244952 1.1983772303045852
166.48122392211405 -9.471053624501371 1.1962495043325114
166.9819193324061 -9.48601779098458 1.1940989573941037
167.48261474269816 -9.500817286893701 1.1919257292936252
167.98331015299027 -9.515451747223299 1.1897299598353437
168.48400556328232 -9.529920806967931 1.1875117888235247
168.98470097357443 -9.544224101122154 1.1852713560624342
169.4853963838665 -9.558361264680524 1.1830088013563393
169.98609179415854 -9.572331932637603 1.180724264509504
170.48678720445065 -9.586135739987949 1.178417885326197
170.9874826147427 -9.599772321726117 1.1760898036106815
171.48817802503476 -9.613241312846668 1.1737401591672267
171.98887343532687 -9.626542348344163 1.1713690918000956
172.48956884561892 -9.639675063213158 1.1689767413135554
172.99026425591097 -9.652639092448206 1.1665632475118743
173.49095966620308 -9.665434071043878 1.1641287501993147
173.99165507649514 -9.678059633994717 1.1616733891801452
174.4923504867872 -9.690515416295295 1.1591973042586303
174.9930458970793 -9.702801052940163 1.1567006352390383
175.49374130737135 -9.714916178923879 1.1541835219256324
175.9944367176634 -9.726860429241004 1.1516461041226809
176.49513212795551 -9.738633438886097 1.1490885216344482
176.99582753824757 -9.750234842853713 1.1465109142652026
177.49652294853962 -9.761664276138415 1.1439134218192086
177.99721835883173 -9.772921373734757 1.1412961841007319
178.49791376912378 -9.784005770637302 1.138659340914039
178.99860917941584 -9.794917101840602 1.1360030320633967
179.49930458970795 -9.805655002339222 1.1333273973530702
180.0 -9.816219107127717 1.1306325765873264
