Polar data for 2 at Re = 271428.5714285715
Alpha (deg) Cl Cd
-180.0 -12.013262900602692 1.5892600240588939
-179.49930458970792 -12.018573849580383 1.5853641945924561
-178.99860917941587 -12.023672630149582 1.5814412734228958
-178.49791376912378 -12.028559142114984 1.5774914645316667
-177.9972183588317 -12.033233285281268 1.5735149719002237
-177.49652294853965 -12.037694959453125 1.5695119995100235
-176.99582753824757 -12.04194406443523 1.5654827513425191
-176.4951321279555 -12.04598050003228 1.5614274313791672
-175.99443671766343 -12.04980416604895 1.5573462436014216
-175.49374130737135 -12.05341496228993 1.553239391990739
-174.99304589707927 -12.056812788559904 1.5491070805285752
-174.49235048678722 -12.059997544663558 1.5449495131963804
-173.99165507649514 -12.062969130405572 1.5407668939756158
-173.49095966620305 -12.065727445590637 1.5365594268477327
-172.990264255911 -12.068272390023433 1.5323273157941868
-172.48956884561892 -12.07060386350865 1.5280707647964338
-171.98887343532684 -12.072721765850968 1.5237899778359294
-171.48817802503476 -12.074625996855076 1.5194851588941258
-170.9874826147427 -12.076316456325653 1.5151565119524832
-170.48678720445062 -12.07779304406739 1.5108042409924511
-169.98609179415854 -12.079055659884968 1.506428549995488
-169.4853963838665 -12.080104203583078 1.5020296429430484
-168.9847009735744 -12.080938574966394 1.4976077238165857
-168.48400556328232 -12.081558673839615 1.4931629965975572
-167.98331015299027 -12.081964400007413 1.4886956652674188
-167.4826147426982 -12.08215565327448 1.4842059338076226
-166.9819193324061 -12.082132333445497 1.4796940061996242
-166.48122392211405 -12.081894340325153 1.4751600864248804
-165.98052851182197 -12.08144157371813 1.470604378464846
-165.4798331015299 -12.080773933429116 1.4660270863009757
-164.97913769123784 -12.079891319262789 1.4614284139147218
-164.47844228094576 -12.078793631023842 1.4568085652875453
-163.97774687065368 -12.077480768516951 1.4521677444008958
-163.47705146036162 -12.075952631546812 1.4475061552362298
-162.97635605006954 -12.074209119918102 1.442824001775005
-162.47566063977746 -12.07225013343551 1.438121487998675
-161.9749652294854 -12.070075571903716 1.4333988178886932
-161.47426981919332 -12.06768533512741 1.428656195426516
-160.97357440890124 -12.06507932291127 1.4238938245935984
-160.4728789986092 -12.062257435059994 1.419111909371396
-159.9721835883171 -12.059219571378252 1.4143106537413628
-159.47148817802503 -12.05596563167074 1.4094902616849554
-158.97079276773297 -12.052495515742136 1.4046509371836295
-158.4700973574409 -12.048809123397128 1.3997928842188365
-157.9694019471488 -12.044906354440394 1.394916306772033
-157.46870653685676 -12.040787108676634 1.3900214088246745
-156.96801112656468 -12.036451285910516 1.3851083943582188
-156.4673157162726 -12.031898785946739 1.3801774673541178
-155.96662030598054 -12.02712950858998 1.3752288317938275
-155.46592489568846 -12.022143353644926 1.3702626916588017
-154.96522948539638 -12.016940220916258 1.365279250930496
-154.46453407510432 -12.011520010208669 1.3602787135903682
-153.96383866481224 -12.005882621326833 1.3552612836198712
-153.46314325452016 -12.000027954075449 1.3502271650004598
-152.9624478442281 -11.993955908259188 1.345176561713588
-152.46175243393603 -11.987666383682747 1.3401096777407142
-151.96105702364395 -11.981159280150802 1.3350267170632906
-151.4603616133519 -11.974434497468039 1.3299278836627737
-150.9596662030598 -11.967491935439142 1.3248133815206193
-150.45897079276773 -11.960331493868804 1.3196834146182796
-149.95827538247568 -11.952953072561705 1.3145381869372121
-149.4575799721836 -11.945356571322524 1.3093779024588708
-148.9568845618915 -11.937541889955956 1.3042027651647095
-148.45618915159943 -11.929508928266678 1.2990129790361884
-147.95549374130738 -11.921257586059376 1.293808748054757
-147.4547983310153 -11.912787763138745 1.2885902762018757
-146.95410292072324 -11.904099359309456 1.2833577674589938
-146.45340751043116 -11.8951922743762 1.2781114258075705
-145.95271210013908 -11.886066408143662 1.2728514552290582
-145.452016689847 -11.876721660416528 1.2675780597049124
-144.95132127955495 -11.867157930999483 1.2622914432165908
-144.45062586926286 -11.85737511969721 1.2569918097455455
-143.94993045897078 -11.84737312631438 1.251679363273233
-143.44923504867873 -11.837151850655705 1.2463543077811083
-142.94853963838665 -11.826711192525856 1.2410168472506298
-142.44784422809457 -11.81605105172952 1.2356671856632433
-141.9471488178025 -11.805171328071378 1.2303055270004135
-141.44645340751043 -11.794071921356117 1.2249320752435908
-140.94575799721835 -11.782752731388427 1.219547034374231
-140.44506258692627 -11.771213657972986 1.2141506083737896
-139.94436717663422 -11.75945460091448 1.2087430012237208
-139.44367176634213 -11.7474754600176 1.203324416905481
-138.94297635605005 -11.735276135087016 1.197895059400527
-138.442280945758 -11.722856525927433 1.1924551326903083
-137.94158553546592 -11.71021653234352 1.187004840756285
-137.44089012517384 -11.69735605413997 1.1815443875799092
-136.94019471488178 -11.684274991121466 1.1760739771426385
-136.4394993045897 -11.670973243092693 1.170593813425925
-135.93880389429762 -11.657450709858335 1.1651041004112273
-135.43810848400557 -11.643707291223077 1.1596050420799973
-134.9374130737135 -11.629742886991604 1.1540968424136908
-134.4367176634214 -11.615557396968601 1.1485797053937636
-133.93602225312935 -11.601150720958756 1.1430538350016741
-133.43532684283727 -11.586522758766751 1.137519435218871
-132.9346314325452 -11.571673410197263 1.131976710026814
-132.43393602225314 -11.556602575054992 1.126425863406956
-131.93324061196105 -11.541310153144607 1.1208670993407521
-131.43254520166897 -11.525796044270813 1.1153006218096557
-130.93184979137692 -11.510060148238278 1.1097266347951287
-130.43115438108484 -11.494102364851692 1.1041453422786178
-129.93045897079276 -11.477922593915743 1.098556948241586
-129.4297635605007 -11.461520735235112 1.0929616566654836
-128.92906815020862 -11.444896688614485 1.0873596715317637
-128.42837273991654 -11.428050353858549 1.0817511968218847
-127.92767732962449 -11.410981630771982 1.0761364365173023
-127.4269819193324 -11.393690419159476 1.0705155945994704
-126.92628650904032 -11.376176618825706 1.0648888750498413
-126.42559109874827 -11.358440129575381 1.059256481849876
-125.92489568845619 -11.340480851213155 1.0536186189810257
-125.42420027816411 -11.322298683543735 1.0479754904247445
-124.92350486787205 -11.303893526371795 1.0423273001624915
-124.42280945757997 -11.285265279502024 1.0366742521757173
-123.92211404728789 -11.266413842739109 1.031016550445881
-123.42141863699584 -11.247339115887726 1.0253543989544367
-122.92072322670376 -11.228040998752569 1.0196880016828356
-122.42002781641168 -11.208519391138317 1.014017562612536
-121.91933240611961 -11.188774192849664 1.0083432857249948
-121.41863699582754 -11.168805303691283 1.0026653750016665
-120.91794158553546 -11.148612623467859 0.996984034424
-120.41724617524339 -11.128196051984094 0.9912994679734597
-119.91655076495132 -11.10755548904465 0.9856118796314925
-119.41585535465924 -11.086690834454231 0.9799214733795596
-118.91515994436718 -11.065601988017512 0.974228453199113
-118.41446453407511 -11.044288849539175 0.9685330230716085
-117.91376912378303 -11.022751318823918 0.9628353869785
-117.41307371349096 -11.000989295676412 0.9571357489012469
-116.91237830319889 -10.979002679901352 0.9514343128212976
-116.41168289290681 -10.956791371303417 0.9457312827201116
-115.91098748261474 -10.934355269687295 0.9400268625791428
-115.41029207232268 -10.911694274857666 0.9343212563798504
-114.9095966620306 -10.888808286619213 0.9286146681036795
-114.40890125173853 -10.865697204776637 0.9229073017320948
-113.90820584144646 -10.8423609291346 0.9171993612465466
-113.40751043115438 -10.818799359497802 0.9114910506284906
-112.90681502086231 -10.79501239567093 0.9057825738593843
-112.40611961057024 -10.770999937458658 0.9000741349206818
-111.90542420027816 -10.74676188466568 0.8943659377938351
-111.4047287899861 -10.72229813709668 0.8886581864603036
-110.90403337969401 -10.697608594556332 0.8829510849015394
-110.40333796940195 -10.672693156849341 0.877244837099
-109.90264255910988 -10.64755172378037 0.8715396470341341
-109.4019471488178 -10.622184195154116 0.8658357186884063
-108.90125173852573 -10.596590470775261 0.8601332560432668
-108.40055632823366 -10.5707704504485 0.8544324630801734
-107.89986091794158 -10.544724033978497 0.848733543780571
-107.39916550764951 -10.518451121169953 0.8430367021259313
-106.89847009735745 -10.491951611827549 0.8373421420976941
-106.39777468706536 -10.465225405755966 0.8316500676773222
-105.8970792767733 -10.438272402759896 0.8259606828462731
-105.39638386648123 -10.411092502644017 0.8202741915859972
-104.89568845618915 -10.383685605213017 0.8145907978779485
-104.39499304589708 -10.356051610271585 0.8089107057035863
-103.89429763560501 -10.328190417624405 0.8032341190443608
-103.39360222531293 -10.300101927076145 0.7975612418817315
-102.89290681502086 -10.271786038431507 0.791892278197154
-102.3922114047288 -10.243242651495187 0.786227431972077
-101.89151599443672 -10.214471666071837 0.7805669071879597
-101.39082058414465 -10.185472981966171 0.7749109078262633
-100.89012517385257 -10.156246498982863 0.7692596378684344
-100.3894297635605 -10.126792116926595 0.7636133012959254
-99.88873435326843 -10.097109735602054 0.7579721020902026
-99.38803894297635 -10.067199254813925 0.7523362442327128
-98.88734353268428 -10.037060574366901 0.7467059317049136
-98.38664812239222 -10.006693594065656 0.7410813684882624
-97.88595271210013 -9.97609821371487 0.7354627585642097
-97.38525730180807 -9.945274333119247 0.7298503059142094
-96.884561891516 -9.914221852083458 0.7242442145197261
-96.38386648122392 -9.88294067041219 0.7186446883622031
-95.88317107093185 -9.851430687910131 0.713051931423105
-95.38247566063978 -9.819691804381964 0.7074661476838839
-94.8817802503477 -9.787723919632374 0.7018875411259886
-94.38108484005564 -9.755526933466047 0.6963163157308818
-93.88038942976357 -9.723100745687663 0.6907526754800157
-93.37969401947149 -9.690445256101906 0.6851968243548443
-92.87899860917942 -9.657560364513476 0.6796489663368286
-92.37830319888734 -9.624445970727045 0.6741093054074172
-91.87760778859527 -9.591101974547293 0.6685780455480694
-91.3769123783032 -9.557528275778918 0.6630553907402357
-90.87621696801112 -9.523724774226594 0.6575415449653734
-90.37552155771905 -9.48969136969502 0.6520367122049384
-89.87482614742699 -9.455427961988867 0.6465410964403864
-89.3741307371349 -9.420934450912824 0.641054901653173
-88.87343532684284 -9.386210736271579 0.6355783318247488
-88.37273991655077 -9.351256717869813 0.6301115909365729
-87.87204450625869 -9.316072295512214 0.6246548829700975
-87.37134909596662 -9.280657369003453 0.6192084119067784
-86.87065368567455 -9.245011838148248 0.6137723817280785
-86.36995827538247 -9.20913560275125 0.6083469964154391
-85.8692628650904 -9.173028562617155 0.6029324599503267
-85.36856745479834 -9.13669061755066 0.5975289763141935
-84.86787204450626 -9.10012166735643 0.5921367494884864
-84.36717663421419 -9.063321611839164 0.5867559834546716
-83.86648122392211 -9.026290350803546 0.5813868821941979
-83.36578581363004 -8.989027784054255 0.5760296496885244
-82.86509040333797 -8.95153381139598 0.5706844899191035
-82.36439499304589 -8.913808332633401 0.5653516068673925
-81.86369958275382 -8.875851247571209 0.5600312045148419
-81.36300417246176 -8.837662456014076 0.554723486842911
-80.86230876216968 -8.79924185776671 0.5494286578330501
-80.36161335187761 -8.760589352633783 0.5441469214667238
-79.86091794158554 -8.721704840419964 0.5388784817253791
-79.36022253129346 -8.682588220929969 0.5336235425904698
-78.85952712100139 -8.643239393968457 0.5283823080434553
-78.35883171070932 -8.60365825934013 0.5231549820657895
-77.85813630041724 -8.563844716849665 0.5179417686389298
-77.35744089012518 -8.523798666301754 0.5127428717443339
-76.85674547983311 -8.48352000750107 0.5075584953634449
-76.35605006954103 -8.443008640252302 0.5023888434777257
-75.85535465924896 -8.40226446436014 0.4972341200686321
-75.35465924895689 -8.36128737962926 0.492094529117618
-74.85396383866481 -8.320077285864365 0.4869702746061373
-74.35326842837274 -8.278634082870123 0.4818615605156511
-73.85257301808066 -8.236957670451211 0.4767685908276027
-73.3518776077886 -8.195047948412341 0.4716915695234638
-72.85118219749653 -8.152904816558184 0.46663070058466705
-72.35048678720445 -8.110528174693414 0.4615861879926877
-71.84979137691238 -8.067917922622726 0.45655823572896903
-71.34909596662031 -8.025073960150813 0.4515470477749757
-70.84840055632823 -7.981996187082352 0.44655282811215624
-70.34770514603616 -7.938684503222021 0.44157578072197
-69.8470097357441 -7.895138808374519 0.43661610958586206
-69.34631432545201 -7.851359002344509 0.431674018685297
-68.84561891515995 -7.807344984936712 0.4267497120017305
-68.34492350486788 -7.763096655955778 0.42184339351661304
-67.8442280945758 -7.718613915206404 0.4169552672114003
-67.34353268428373 -7.673896662493277 0.41208553706755335
-66.84283727399166 -7.628944797621095 0.4072344070665137
-66.34214186369958 -7.5837582203945075 0.40240208118975307
-65.84144645340751 -7.538336830618235 0.3975887634187112
-65.34075104311543 -7.49268052809694 0.3927946577348562
-64.84005563282336 -7.446789212635316 0.38801996811963324
-64.3393602225313 -7.4006627840380546 0.3832648985545033
-63.838664812239216 -7.354301142109833 0.37852965302092034
-63.33796940194715 -7.307704186655329 0.3738144355003419
-62.83727399165508 -7.2608718174792415 0.36911944997421475
-62.336578581363 -7.213803934386249 0.3644449004240018
-61.83588317107093 -7.166500437181028 0.3597909908311516
-61.335187760778865 -7.118961225668286 0.35515792517713063
-60.834492350486784 -7.071186199652686 0.3505459074433821
-60.333796940194716 -7.023175258938913 0.34595514161136887
-59.83310152990265 -6.974928303331673 0.3413858316625378
-59.33240611961057 -6.926445232635629 0.33683818157835166
-58.8317107093185 -6.877725946655481 0.3323123953402609
-58.33101529902643 -6.828770345195899 0.3278086769297248
-57.83031988873435 -6.779578328061582 0.3233272303281973
-57.329624478442284 -6.730149795057201 0.3188682595171306
-56.82892906815022 -6.680484645987455 0.31443196847797683
-56.328233657858135 -6.630582780657036 0.3100185611922024
-55.82753824756607 -6.580444098870586 0.30562824164125413
-55.326842837273986 -6.53006850043284 0.30126121380658777
-54.82614742698192 -6.479455885148475 0.29691768166966437
-54.32545201668985 -6.428606152822134 0.29259784921192544
-53.82475660639777 -6.377519203258544 0.2883019204148374
-53.3240611961057 -6.326194936262375 0.2840300992598541
-52.823365785813635 -6.2746332516383205 0.27978258972842784
-52.322670375521554 -6.222834049191057 0.27555959580201783
-51.82197496522949 -6.17079722872527 0.2713613214620745
-51.321279554937405 -6.118522690045637 0.2671879706900553
-50.82058414464535 -6.066010332956871 0.26303974746741243
-50.31988873435327 -6.013260057263629 0.25891685577560697
-49.81919332406119 -5.960271762770596 0.25481949959609107
-49.318497913769136 -5.90704534928247 0.25074788291031513
-48.817802503477054 -5.853580716603936 0.24670220969974022
-48.31710709318497 -5.799877764539666 0.2426826839458167
-47.81641168289292 -5.745936392894357 0.2386895096300039
-47.31571627260084 -5.691756501472689 0.23472289073375752
-46.81502086230876 -5.637337990079352 0.23078303123852795
-46.3143254520167 -5.582680758519018 0.2268701351257727
-45.81363004172462 -5.5277847065963925 0.22298440637695283
-45.31293463143254 -5.472649734116139 0.21912604897351162
-44.81223922114049 -5.417275740882964 0.21529526689691192
-44.311543810848406 -5.361662626701531 0.2114922641286059
-43.810848400556324 -5.305810291376531 0.20771724465004748
-43.31015299026427 -5.249718634712657 0.20397041244269953
-42.80945757997219 -5.193387556514587 0.2002519714880071
-42.30876216968011 -5.136816956587005 0.19656212576743304
-41.808066759388026 -5.080006734734589 0.19290107926242772
-41.30737134909597 -5.022956790762059 0.18926903595444688
-40.80667593880389 -4.965667024474058 0.18566619982494803
-40.30598052851181 -4.908137335675292 0.18209277485538333
-39.80528511821976 -4.8503676241704525 0.17854896502721207
-39.304589707927676 -4.792357789764189 0.17503497432188286
-38.803894297635594 -4.734107732261229 0.17155100672085677
-38.30319888734354 -4.675617351466244 0.1680972662055824
-37.80250347705146 -4.616886547183896 0.1646739567575244
-37.30180806675938 -4.557915219218884 0.16128128235812955
-36.801112656467325 -4.498703267375923 0.15791944698885896
-36.30041724617524 -4.439250591459647 0.15458865463116123
-35.79972183588316 -4.379557091274769 0.15128910926649208
-35.29902642559111 -4.319622666625989 0.14802101487631258
-34.79833101529903 -4.2594472173179625 0.1447845754420749
-34.297635605006946 -4.199030643155375 0.141579994945233
-33.79694019471489 -4.138372843942939 0.13840747736724612
-33.29624478442281 -4.077473719485305 0.13526722668955937
-32.79554937413073 -4.016333169587185 0.13215944689363912
-32.294853963838676 -3.954951094053264 0.129084341960934
-31.794158553546595 -3.8933273926881924 0.1260421158728997
-31.293463143254513 -3.8314619652966897 0.12303297261099377
-30.79276773296246 -3.769354711683441 0.12005711615667014
-30.29207232267038 -3.7070055316531025 0.11711475049138809
-29.791376912378297 -3.6444143250103735 0.11420607959658913
-29.290681502086244 -3.5815809915599672 0.1113313074537432
-28.789986091794162 -3.518505431106533 0.10849063804429893
-28.28929068150208 -3.4551875434547625 0.10568427534970848
-27.788595271210028 -3.3916272284093623 0.10291242335144002
-27.287899860917946 -3.327824385774967 0.10017528603092796
-26.787204450625865 -3.263778915356319 0.09747306736964756
-26.28650904033381 -3.199490716958074 0.0948059713490439
-25.78581363004173 -3.1349596903849246 0.09217420195056913
-25.28511821974965 -3.070185735441541 0.08957796315568611
-24.784422809457595 -3.0051687519326364 0.08701745894584523
-24.283727399165514 -2.9399086396628533 0.08449289330249865
-23.783031988873432 -2.874405298436912 0.08200447020711277
-23.28233657858135 -2.8086586280595114 0.0795523936411291
-22.781641168289298 -2.7426685283352867 0.07713686758601046
-22.280945757997216 -2.6764348990689513 0.0747580960232126
-21.780250347705135 -2.609957640065197 0.0724162829341859
-21.27955493741308 -2.5432366511287015 0.07011163230038964
-20.778859527121 -2.4762718320641284 0.06784434810327422
-20.27816411682892 -2.409063082676198 0.0656146343243007
-19.777468706536865 -2.341610302769574 0.06342269494492125
-19.276773296244784 -2.2739133921489483 0.061268733946589826
-18.776077885952702 -2.2059722506189985 0.05915295531076037
-18.27538247566065 -2.1377867779844166 0.05707556301889216
-17.774687065368568 -2.0693568740498876 0.055036761052442706
-17.273991655076486 -2.000682438620096 0.053036753392855296
-16.773296244784433 -1.931763371499727 0.051075744021596314
-16.27260083449235 -1.862599572493444 0.04915393692011971
-15.77190542420027 -1.7931909414059746 0.04727153606987411
-15.271210013908217 -1.723537378041975 0.045428745452318786
-14.770514603616135 -1.653638782206123 0.04362576904890769
-14.269819193324054 -1.5834950537031318 0.04186281084109833
-13.769123783032 -1.513106092337658 0.040140074810342874
-13.268428372739919 -1.4424717979144077 0.03845776493809705
-12.767732962447838 -1.3715920702380515 0.03681608520581836
-12.267037552155784 -1.3004668091132814 0.035215239594957204
-11.766342141863703 -1.229095914344775 0.033655432086974635
-11.265646731571621 -1.1574792857372316 0.032136866663319275
-10.764951321279568 -1.0856168230953287 0.030659747305453955
-10.264255910987487 -1.0135084262237442 0.02922427799482552
-9.763560500695405 -0.9411539949271699 0.027830662712891474
-9.262865090403352 -0.8685534290102908 0.02647910544110932
-8.76216968011127 -0.7957066282777916 0.02516981016093478
-8.261474269819189 -0.7226134925343572 0.023902980853823586
-7.760778859527136 -0.6492739215846655 0.02267882150122258
-7.260083449235054 -0.5756878152334153 0.02149753608459637
-6.759388038942973 -0.5018550732852773 0.020359328585395353
-6.25869262865092 -0.4277755955449436 0.019264402985077034
-5.757997218358838 -0.3534492818170918 0.018212963265093585
-5.257301808066757 -0.2788760319064352 0.017205213406900732
-4.756606397774675 -0.20405574561762307 0.016241357391959532
-4.255910987482622 -0.12898832275533323 0.015321599201715053
-3.7552155771905404 -0.05367366312430022 0.014446142817628349
-3.254520166898459 0.021888333470819532 0.013615192221156924
-2.753824756606406 0.0976977672253696 0.01282895139374407
-2.2531293463143243 0.1737547383346154 0.012087624316863277
-1.7524339360222427 0.2500290681502102 0.011385883171070917
-1.2517385257301896 0.3263350486787191 0.010689916550764964
-0.7510431154381081 0.39940458970792775 0.009822169680111265
-0.25034770514602656 0.462860361613353 0.00873578581363002
0.25034770514602656 0.5221927677329612 0.008074867872044509
0.7510431154381081 0.581016828929068 0.007954895688456188
1.2517385257301896 0.636842976356051 0.007950139082058414
1.7524339360222427 0.6914609179415844 0.008040681502086228
2.2531293463143243 0.7443760778859526 0.008231502086230875
2.753824756606406 0.7969546592489577 0.008522600834492355
3.254520166898459 0.8497246175243381 0.008898706536856737
3.7552155771905404 0.901480945757997 0.00935521557719054
4.255910987482622 0.9514280945758004 0.009927566063977756
4.756606397774675 0.9987025034770503 0.010727552155771883
5.257301808066757 1.0394257301808063 0.012419902642559098
5.757997218358838 1.0754757997218363 0.014813226703755247
6.258692628650891 1.1126641168289282 0.017159986091794102
6.759388038942973 1.1500872044506256 0.019489123783031973
7.260083449235054 1.187726425591099 0.021717552155771928
7.760778859527107 1.224298052851181 0.024957051460361496
8.261474269819189 1.262811543810848 0.02837012517385255
8.76216968011127 1.3031443671766345 0.031591515994436756
9.262865090403324 1.338370792767732 0.03605070931849777
9.763560500695405 1.3637261474269817 0.041475132127955436
10.264255910987487 1.3698874826147427 0.04886789986091801
10.76495132127954 1.3571318497913776 0.05651556328233638
11.265646731571621 1.3332175243393607 0.06257586926286503
11.766342141863703 1.2090418636995814 0.06975912378303205
12.267037552155784 1.0730329624478423 0.08185726008344961
12.767732962447838 1.002031571627261 0.09724043115438087
13.268428372739919 0.9319589707927673 0.11328129346314333
13.769123783032 0.861587019624702 0.12974043632438803
14.269819193324054 0.7913747556582087 0.14611473916919238
14.770514603616135 0.7213413952555818 0.16239422846778562
15.271210013908217 0.6514870386121405 0.17857910820162182
15.77190542420027 0.5818117859232044 0.19466958235215537
16.27260083449235 0.5123157373840801 0.21066585490084277
16.773296244784433 0.44299899319008684 0.22656812982913843
17.273991655076486 0.3738616535365433 0.24237661111849662
17.774687065368568 0.30490381861875804 0.25809150275037407
18.27538247566065 0.23612558863204836 0.27371300870622495
18.776077885952702 0.16752706377173432 0.28924133296750365
19.276773296244784 0.09910834423312309 0.3046766795156669
19.777468706536865 0.030869530211532936 0.3200192523321689
20.27816411682892 -0.037189278097716105 0.33526925539846386
20.778859527121 -0.10506798049931687 0.3504268926960086
21.27955493741308 -0.1727664767979511 0.3654923682062574
21.780250347705135 -0.24028466679829918 0.38046588591066455
22.280945757997216 -0.30762245030505353 0.3953476497906867
22.781641168289298 -0.3747797271228963 0.41013786382777817
23.28233657858135 -0.4417563970565075 0.424836732003393
23.783031988873432 -0.5085523599105795 0.43944445829898826
24.283727399165514 -0.5751675154897944 0.4539612466960181
24.784422809457567 -0.6416017635988327 0.46838730117593663
25.28511821974965 -0.7078550040423868 0.48272282572020075
25.78581363004173 -0.7739271366251383 0.49696802431026466
26.286509040333783 -0.8398180611517678 0.5111231009275826
26.787204450625865 -0.905527677426968 0.5251882595536115
27.287899860917946 -0.9710558852554194 0.5391637041698053
27.78859527121 -1.0364025844418046 0.5530496387576185
28.28929068150208 -1.1015676747908145 0.5668462672985077
28.789986091794162 -1.1665510561071306 0.5805537937739272
29.290681502086215 -1.2313526281954346 0.5941724221653314
29.791376912378297 -1.2959722908604183 0.6077023564541768
30.29207232267038 -1.3604099439067632 0.6211438006219179
30.79276773296246 -1.424665487139154 0.6344969586500095
31.293463143254513 -1.488738820362273 0.6477620345199064
31.794158553546595 -1.5526298433808101 0.6609392322130647
32.294853963838676 -1.6163384559994487 0.674028755710939
32.79554937413073 -1.679864558022869 0.6870308089949835
33.29624478442281 -1.7432080492557631 0.6999455960466547
33.79694019471489 -1.806368829502813 0.7127733208474072
34.297635605006946 -1.8693467985687002 0.7255141873786952
34.79833101529903 -1.9321418562581147 0.7381683996219752
35.29902642559111 -1.9947539023757397 0.7507361615587018
35.79972183588316 -2.0571828367262572 0.7632176771703292
36.30041724617524 -2.1194285591143567 0.7756131504383139
36.801112656467325 -2.181490969344722 0.7879227853441102
37.30180806675938 -2.2433699672220335 0.8001467858691729
37.80250347705146 -2.3050654525509815 0.8122853559949579
38.30319888734354 -2.3665773251362507 0.8243386997029201
38.803894297635594 -2.42790548478252 0.8363070209745134
39.304589707927676 -2.4890498312944818 0.8481905237911944
39.80528511821976 -2.5500102644768186 0.8599894121344178
40.30598052851181 -2.61078668413421 0.871703889985638
40.80667593880389 -2.6713789900713483 0.883334161326311
41.30737134909597 -2.731787082092916 0.8948804301378916
41.808066759388026 -2.792010860003594 0.9063429004018344
42.30876216968011 -2.8520502236080745 0.9177217760995953
42.80945757997219 -2.911905072711038 0.9290172612126288
43.31015299026424 -2.971575307117167 0.9402295597223895
43.810848400556324 -3.031060826631151 0.9513588756103337
44.311543810848406 -3.0903615310576757 0.962405412857916
44.81223922114046 -3.1494773202014184 0.9733693754465906
45.31293463143254 -3.2084080938670727 0.9842509673578141
45.81363004172462 -3.26715375185932 0.9950503925730412
46.314325452016675 -3.325714193982841 1.0057678550737257
46.81502086230876 -3.384089320042329 1.016403558841324
47.31571627260084 -3.4422790298424646 1.0269577078572911
47.81641168289289 -3.500283223187928 1.037430506103081
48.31710709318497 -3.5581017998834135 1.0478221575601505
48.817802503477054 -3.615734659733601 1.0581328662099536
49.318497913769136 -3.673181702543175 1.0683628360339457
49.81919332406119 -3.730442828116818 1.078512271013581
50.31988873435327 -3.7875179362592215 1.088581375130316
50.82058414464535 -3.844406926775066 1.0985703523656052
51.321279554937405 -3.9011096994690337 1.1084794067009027
51.82197496522949 -3.957626154145818 1.1183087421176654
52.32267037552157 -4.013956190610098 1.1280585625973472
52.82336578581362 -4.0700997086665565 1.1377290721214033
53.3240611961057 -4.126056608119883 1.1473204746712893
53.824756606397784 -4.181826788774762 1.1568329742284598
54.32545201668984 -4.237410150435872 1.1662667747743696
54.82614742698192 -4.292806592907908 1.1756220802904749
55.326842837274 -4.348016015995551 1.1848990947582294
55.82753824756605 -4.403038319503478 1.1940980221590891
56.328233657858135 -4.457873403236387 1.2032190664745093
56.82892906815022 -4.5125211669989564 1.2122624316859443
57.32962447844227 -4.566981510595866 1.2212283217748494
57.83031988873435 -4.62125433383181 1.2301169407226804
58.33101529902643 -4.675339536511471 1.2389284925108914
58.831710709318486 -4.729237018439526 1.2476631811209375
59.33240611961057 -4.782946679420671 1.2563212105342751
59.83310152990265 -4.836468419259587 1.264902784732358
60.3337969401947 -4.8898021377609515 1.2734081076966415
60.834492350486784 -4.94294773472946 1.2818373834085808
61.335187760778865 -4.9959051099697955 1.2901908158496316
61.83588317107092 -5.048674163286634 1.2984686090012476
62.336578581363 -5.101254794484671 1.306670966844885
62.83727399165508 -5.153646903368589 1.314798093361999
63.337969401947134 -5.205850389743066 1.3228501925340437
63.838664812239216 -5.257865153412796 1.3308274683424748
64.3393602225313 -5.309691094182462 1.338730124768748
64.84005563282335 -5.361328111856739 1.346558365794317
65.34075104311543 -5.412776106240328 1.3543123954006377
65.84144645340751 -5.464034977137903 1.3619924175691658
66.34214186369957 -5.515104624354148 1.369598636281355
66.84283727399165 -5.565984947693757 1.3771312555186612
67.34353268428373 -5.616675846961407 1.3845904792625396
67.84422809457581 -5.667177221961785 1.3919765114944451
68.34492350486786 -5.717488972499575 1.3992895561958323
68.84561891515995 -5.767610998379464 1.4065298173481573
69.34631432545203 -5.817543199406137 1.413697498932874
69.84700973574408 -5.867285475384275 1.4207928049314384
70.34770514603616 -5.916837726118569 1.4278159393253056
70.84840055632824 -5.9661998514137 1.4347671060959297
71.3490959666203 -6.015371751074351 1.4416465092247668
71.84979137691238 -6.064353324905211 1.448454352693272
72.35048678720446 -6.113144472710964 1.4551908404828997
72.85118219749651 -6.161745094296293 1.4618561765751057
73.3518776077886 -6.210155089465886 1.468450564951344
73.85257301808068 -6.258374358024424 1.474974209593071
74.35326842837273 -6.306402799776592 1.4814273144817407
74.85396383866481 -6.354240314527081 1.4878100835988086
75.35465924895689 -6.40188680208057 1.4941227209257306
75.85535465924895 -6.449342162241743 1.5003654304439602
76.35605006954103 -6.496606294815292 1.5065384161349535
76.85674547983308 -6.5436790996058924 1.5126418819801655
77.35744089012519 -6.59056047641824 1.5186760319610517
77.85813630041724 -6.6372503250570105 1.5246410700590658
78.3588317107093 -6.683748545326889 1.530537200255664
78.8595271210014 -6.730055037032571 1.5363646265323019
79.36022253129346 -6.776169699978727 1.542123552870433
79.86091794158551 -6.822092433970049 1.5478141832515133
80.36161335187762 -6.867823138811227 1.5534367216569984
80.86230876216968 -6.9133617143069355 1.5589913720683426
81.36300417246173 -6.958708060261866 1.5644783384670007
81.86369958275384 -7.003862076480704 1.5698978248344289
82.36439499304589 -7.048823662768129 1.575250035152081
82.86509040333794 -7.093592718928829 1.5805351734014128
83.36578581363005 -7.138169144767492 1.5857534435638803
83.86648122392211 -7.182552840088796 1.5909050496209367
84.36717663421416 -7.226743704697432 1.5959901955540385
84.86787204450627 -7.270741638398084 1.6010090853446401
85.36856745479832 -7.314546540995433 1.6059619229741968
85.86926286509038 -7.358158312294165 1.6108489124241634
86.36995827538249 -7.401576852098973 1.6156702576759958
86.87065368567454 -7.4448020602145295 1.620426162711148
87.3713490959666 -7.487833836445525 1.6251168315110756
87.8720445062587 -7.5306720805966485 1.6297424680572343
88.37273991655076 -7.573316692472577 1.634303276331078
88.87343532684281 -7.615767571878001 1.6387994603140623
89.37413073713492 -7.658024618617606 1.6432312239876432
89.87482614742697 -7.700087732496071 1.647598771333274
90.37552155771903 -7.741956813318085 1.6519023063324108
90.87621696801114 -7.783631760888335 1.6561420329665095
91.37691237830319 -7.825112475011501 1.6603181552170239
91.87760778859524 -7.866398855492269 1.664430877065409
92.37830319888735 -7.907490802135328 1.6684804024931212
92.8789986091794 -7.948388214745359 1.672466935481614
93.37969401947146 -7.989090993127046 1.676390680012343
93.88038942976357 -8.02959903708508 1.6802518400667648
94.38108484005562 -8.069912246424138 1.6840506196263325
94.88178025034773 -8.11003052094891 1.687787222672502
95.38247566063978 -8.149953760464081 1.6914618531867287
95.88317107093184 -8.18968186477433 1.6950747151504664
96.38386648122395 -8.229214733684351 1.6986260125451715
96.884561891516 -8.268552266998821 1.702115949352299
97.38525730180805 -8.307694364522428 1.7055447295533028
97.88595271210016 -8.34664092605986 1.70891255712964
98.38664812239222 -8.385391851415797 1.7122196360627635
98.88734353268427 -8.423947040394925 1.7154661703341296
99.38803894297638 -8.462306392801931 1.7186523639251936
99.88873435326843 -8.500469808441496 1.7217784208174103
100.38942976356049 -8.538437187118308 1.7248445449922336
100.8901251738526 -8.576208428637056 1.727850940431121
101.39082058414465 -8.613783432802414 1.7307978111155258
101.8915159944367 -8.651162099419075 1.733685361026903
102.39221140472881 -8.688344328291727 1.7365137941467088
102.89290681502086 -8.725330019225042 1.7392833144563973
103.39360222531292 -8.762119072023715 1.741994125937424
103.89429763560503 -8.798711386492434 1.7446464325712445
104.39499304589708 -8.835106862435872 1.7472404383393125
104.89568845618913 -8.871305399658723 1.7497763472230847
105.39638386648124 -8.907306897965672 1.7522543632040155
105.8970792767733 -8.943111257161396 1.7546746902635597
106.39777468706535 -8.978718377050587 1.7570375323831722
106.89847009735746 -9.014128157437934 1.7593430935443086
107.39916550764951 -9.049340498128107 1.761591577728424
107.89986091794157 -9.084355298925804 1.7637831889169737
108.40055632823368 -9.119172459635706 1.765918131091412
108.90125173852573 -9.153791880062498 1.7679966082331942
109.40194714881778 -9.18821346001086 1.7700188243237762
109.90264255910989 -9.22243709928549 1.771984983344613
110.40333796940195 -9.256462697691056 1.7738952892771573
110.904033379694 -9.290290155032256 1.7757499461028683
111.40472878998611 -9.323919371113767 1.777549157803198
111.90542420027816 -9.35735024574028 1.7792931283596016
112.40611961057022 -9.390582678716473 1.7809820617535355
112.90681502086233 -9.42361656984704 1.7826161619664544
113.40751043115438 -9.456451818936657 1.7841956329798125
113.90820584144643 -9.489088325790014 1.7857206787750664
114.40890125173854 -9.521525990211792 1.7871915033336707
114.9095966620306 -9.553764712006682 1.7886083106370787
115.41029207232265 -9.585804390979362 1.7899713046667487
115.91098748261476 -9.617644926934524 1.7912806894041333
116.41168289290681 -9.649286219676846 1.792536668830687
116.91237830319886 -9.680728169011017 1.793739446927868
117.41307371349097 -9.71197067474172 1.7948892276771296
117.91376912378303 -9.743013636673641 1.7959862150599255
118.41446453407508 -9.773856954611464 1.7970306130577134
118.91515994436719 -9.804500528359878 1.7980226256519471
119.41585535465924 -9.83494425772356 1.7989624568240807
119.9165507649513 -9.865188042507203 1.7998503105555717
120.4172461752434 -9.895231782515484 1.8006863908278734
120.91794158553546 -9.925075377553096 1.8014709016224413
121.41863699582751 -9.954718727424718 1.8022040469207292
121.91933240611962 -9.984161731935039 1.8028860307041947
122.42002781641168 -10.013404290888738 1.8035170569542918
122.92072322670373 -10.042446304090507 1.8040973296524747
123.42141863699584 -10.071287671345026 1.8046270527801997
123.92211404728789 -10.099928292456983 1.8051064303189222
124.42280945757994 -10.128368067231058 1.805535666250095
124.92350486787205 -10.156606895471946 1.8059149645551758
125.42420027816411 -10.18464467698432 1.8062445292156184
125.92489568845616 -10.21248131157287 1.8065245642128778
126.42559109874827 -10.240116699042282 1.8067552735284091
126.92628650904032 -10.26755073919724 1.8069368611436682
127.42698191933238 -10.294783331842426 1.807069531040109
127.92767732962449 -10.321814376782534 1.8071534871991881
128.42837273991654 -10.348643773822236 1.8071889336023599
128.9290681502086 -10.375271422766225 1.8071760742310774
129.4297635605007 -10.401697223419186 1.8071151130667982
129.93045897079276 -10.427921075585804 1.8070062540909784
130.4311543810848 -10.453942879070755 1.8068497012850697
130.93184979137692 -10.479762533678741 1.8066456586305302
131.43254520166897 -10.505379939214428 1.8063943301088137
131.93324061196108 -10.530794995482516 1.8060959197013737
132.43393602225314 -10.556007602287679 1.8057506313896678
132.9346314325452 -10.581017659434611 1.8053586691551513
133.4353268428373 -10.605825066727993 1.8049202369792772
133.93602225312935 -10.630429723972505 1.8044355388435007
134.4367176634214 -10.654831530972835 1.803904778729279
134.93741307371351 -10.679030387533674 1.8033281606180651
135.43810848400557 -10.703026193459698 1.8027058884913147
135.93880389429762 -10.726818848555599 1.802038166330484
136.43949930458973 -10.75040825262606 1.8013251981170275
136.94019471488178 -10.77379430547576 1.8005671878323986
137.44089012517384 -10.79697690690939 1.7997643394580547
137.94158553546595 -10.819955956731638 1.79891685697545
138.442280945758 -10.84273135474718 1.7980249443660385
138.94297635605005 -10.865303000760708 1.7970888056112773
139.44367176634216 -10.887670794576904 1.7961086446926204
139.94436717663422 -10.90983463600045 1.7950846655915225
140.44506258692627 -10.931794424836033 1.7940170722894395
140.94575799721838 -10.953550060888345 1.7929060687678264
141.44645340751043 -10.97510144396206 1.7917518590081372
141.94714881780249 -10.996448473861872 1.7905546469918296
142.4478442280946 -11.017591050392461 1.7893146367003556
142.94853963838665 -11.038529073358507 1.7880320321151713
143.4492350486787 -11.059262442564702 1.7867070372177327
143.9499304589708 -11.079791057815733 1.785339855989494
144.45062586926286 -11.100114818916278 1.7839306924119103
144.95132127955492 -11.120233625671029 1.7824797504664378
145.45201668984703 -11.140147377884665 1.7809872341345292
145.95271210013908 -11.15985597536187 1.7794533473976433
146.45340751043113 -11.179359317907332 1.7778782942372318
146.95410292072324 -11.19865730532574 1.7762622786347513
147.4547983310153 -11.21774983742177 1.7746055045716567
147.95549374130735 -11.236636814000114 1.7729081760294019
148.45618915159946 -11.255318134865457 1.771170496989444
148.9568845618915 -11.273793699822477 1.7693926714332373
149.45757997218357 -11.292063408675862 1.7675749033422359
149.95827538247568 -11.310127161230302 1.7657173966978958
150.45897079276773 -11.327984857290474 1.763820355481673
150.95966620305978 -11.345636396661071 1.7618839836750206
151.4603616133519 -11.363081679146774 1.7599084852593947
151.96105702364395 -11.380320604552262 1.7578940642162513
152.461752433936 -11.397353072682227 1.755840924527043
152.9624478442281 -11.414178983341356 1.7537492701732278
153.46314325452016 -11.430798236334327 1.7516193051362596
153.96383866481222 -11.447210731465832 1.749451233397592
154.46453407510432 -11.463416368540551 1.7472452589386824
154.96522948539638 -11.479415047363165 1.7450015857409849
155.46592489568843 -11.495206667738367 1.7427204177859537
155.96662030598054 -11.510791129470842 1.7404019590550446
156.4673157162726 -11.526168332365271 1.7380464135297142
156.96801112656465 -11.541338176226336 1.7356539851914148
157.46870653685676 -11.556300560858729 1.7332248780216037
157.9694019471488 -11.571055386067128 1.7307592960017355
158.47009735744086 -11.585602551656219 1.7282574431132645
158.97079276773297 -11.599941957430696 1.7257195233376468
159.47148817802503 -11.614073503195236 1.723145740656336
159.97218358831708 -11.627997088754519 1.7205362990507886
160.4728789986092 -11.641712613913242 1.7178914025024588
160.97357440890124 -11.65521997847608 1.7152112549928038
161.4742698191933 -11.66851908224772 1.712496060503275
161.9749652294854 -11.681609825032854 1.70974602301533
162.47566063977746 -11.69449210663616 1.7069613465104245
162.9763560500695 -11.70716582686232 1.7041422349700115
163.47705146036162 -11.719630885516027 1.7012888923755458
163.97774687065368 -11.73188718240196 1.6984015227084868
164.47844228094573 -11.743934617324808 1.6954803299502839
164.97913769123784 -11.755773090089253 1.6925255180823955
165.4798331015299 -11.767402500499983 1.6895372910862765
165.98052851182194 -11.778822748361678 1.6865158529433808
166.48122392211405 -11.790033733479028 1.6834614076351642
166.9819193324061 -11.80103535565671 1.6803741591430823
167.48261474269816 -11.811827514699415 1.6772543114485892
167.98331015299027 -11.822410110411834 1.6741020685331405
168.48400556328232 -11.832783042598642 1.670917634378192
168.98470097357443 -11.842946211064525 1.6677012129651967
169.4853963838665 -11.85289951561417 1.6644530082756113
169.98609179415854 -11.862642856052265 1.6611732242908905
170.48678720445065 -11.872176132183489 1.6578620649924902
170.9874826147427 -11.881499243812529 1.6545197343618652
171.48817802503476 -11.890612090744073 1.6511464363804684
171.98887343532687 -11.8995145727828 1.6477423750297575
172.48956884561892 -11.908206589733405 1.6443077542911873
172.99026425591097 -11.91668804140056 1.6408427781462116
173.49095966620308 -11.924958827588958 1.6373476505762845
173.99165507649514 -11.93301884810328 1.6338225755628661
174.4923504867872 -11.940868002748216 1.630267757087406
174.9930458970793 -11.948506191328445 1.6266833991313607
175.49374130737135 -11.955933313648657 1.6230697056761887
175.9944367176634 -11.963149269513533 1.6194268807033412
176.49513212795551 -11.97015395872776 1.615755128194273
176.99582753824757 -11.976947281096022 1.6120546521304435
177.49652294853962 -11.983529136423007 1.608325656493303
177.99721835883173 -11.989899424513393 1.6045683452643082
178.49791376912378 -11.996058045171871 1.6007829224249157
178.99860917941584 -12.002004898203124 1.5969695919565785
179.49930458970795 -12.007739883411837 1.5931285578407532
180.0 -12.013262900602692 1.5892600240588939
