Polar data for 2 at Re = 145714.28571428574
Alpha (deg) Cl Cd
-180.0 -12.076796201595467 1.4055651218555847
-179.49930458970792 -12.08704639293378 1.4020856429991133
-178.99860917941587 -12.097086701954732 1.398582527658743
-178.49791376912378 -12.106916780767136 1.3950559559800884
-177.9972183588317 -12.116536281479808 1.3915061081087663
-177.49652294853965 -12.12594485620157 1.3879331641903898
-176.99582753824757 -12.135142157041228 1.3843373043705747
-176.4951321279555 -12.144127836107604 1.3807187087949366
-175.99443671766343 -12.152901545509515 1.3770775576090897
-175.49374130737135 -12.161462937355768 1.3734140309586496
-174.99304589707927 -12.16981166375519 1.3697283089892311
-174.49235048678722 -12.177947376816588 1.3660205718464484
-173.99165507649514 -12.18586972864878 1.362290999675918
-173.49095966620305 -12.193578371360584 1.358539772623253
-172.990264255911 -12.201072957060811 1.354767070834071
-172.48956884561892 -12.20835313785828 1.3509730744539843
-171.98887343532684 -12.21541856586181 1.3471579636286102
-171.48817802503476 -12.222268893180209 1.3433219185035619
-170.9874826147427 -12.228903771922296 1.339465119224455
-170.48678720445062 -12.235322854196891 1.3355877459369048
-169.98609179415854 -12.2415257921128 1.3316899787865275
-169.4853963838665 -12.247512237778844 1.3277719979189346
-168.9847009735744 -12.253281843303846 1.3238339834797455
-168.48400556328232 -12.258834260796608 1.3198761156145722
-167.98331015299027 -12.264169142365958 1.3158985744690315
-167.4826147426982 -12.269286140120698 1.3119015401887364
-166.9819193324061 -12.274184906169655 1.3078851929193027
-166.48122392211405 -12.278865092621643 1.303849712806347
-165.98052851182197 -12.283326351585472 1.2997952799954826
-165.4798331015299 -12.287568335169963 1.295722074632325
-164.97913769123784 -12.291590695483931 1.2916302768624883
-164.47844228094576 -12.295393084636189 1.28752006683159
-163.97774687065368 -12.298975154735553 1.2833916246852424
-163.47705146036162 -12.302336557890843 1.279245130569062
-162.97635605006954 -12.305476946210867 1.2750807646286628
-162.47566063977746 -12.308395971804451 1.2708987070096616
-161.9749652294854 -12.3110932867804 1.2666991378576722
-161.47426981919332 -12.313568543247532 1.2624822373183078
-160.97357440890124 -12.315821393314671 1.2582481855371876
-160.4728789986092 -12.317851489090623 1.2539971626599222
-159.9721835883171 -12.319658482684206 1.2497293488321308
-159.47148817802503 -12.32124202620424 1.2454449241994257
-158.97079276773297 -12.322601771759537 1.2411440689074242
-158.4700973574409 -12.32373737145891 1.2368269631017361
-157.9694019471488 -12.32464847741118 1.2324937869279815
-157.46870653685676 -12.32533474172516 1.2281447205317735
-156.96801112656468 -12.325795816509665 1.2237799440587287
-156.4673157162726 -12.326031353873512 1.2193996376544602
-155.96662030598054 -12.326041005925516 1.2150039814645848
-155.46592489568846 -12.325824424774497 1.2105931556347163
-154.96522948539638 -12.325381262529259 1.2061673403104687
-154.46453407510432 -12.324711171298627 1.2017267156374587
-153.96383866481224 -12.32381380319142 1.1972714617613012
-153.46314325452016 -12.322688810316443 1.192801758827611
-152.9624478442281 -12.321335844782517 1.188317786982003
-152.46175243393603 -12.319754558698463 1.1838197263700894
-151.96105702364395 -12.317944604173086 1.1793077571374904
-151.4603616133519 -12.315905633315205 1.174782059429819
-150.9596662030598 -12.313637298233644 1.1702428133926903
-150.45897079276773 -12.311139251037208 1.1656901991717181
-149.95827538247568 -12.308411143834718 1.1611243969125182
-149.4575799721836 -12.305452628734987 1.1565455867607046
-148.9568845618915 -12.30226335784683 1.1519539488618922
-148.45618915159943 -12.298842983279071 1.1473496633617002
-147.95549374130738 -12.295191157140513 1.142732910405739
-147.4547983310153 -12.291307531539978 1.1381038701396256
-146.95410292072324 -12.287191758586289 1.1334627227089744
-146.45340751043116 -12.282843490388245 1.1288096482594006
-145.95271210013908 -12.278262379054674 1.124144826936517
-145.452016689847 -12.27344807669439 1.1194684388859442
-144.95132127955495 -12.268400235416205 1.1147806642532914
-144.45062586926286 -12.26311850732894 1.1100816831841762
-143.94993045897078 -12.257602544541403 1.1053716758242127
-143.44923504867873 -12.251851999162415 1.1006508223190183
-142.94853963838665 -12.245866523300794 1.095919302814208
-142.44784422809457 -12.239645769065348 1.0911772974553922
-141.9471488178025 -12.233189388564895 1.08642498638819
-141.44645340751043 -12.226497033908258 1.081662549758214
-140.94575799721835 -12.219568357204242 1.0768901677110814
-140.44506258692627 -12.212403010561669 1.072108020392408
-139.94436717663422 -12.205000646089356 1.0673162879478044
-139.44367176634213 -12.197360915896112 1.0625151505228907
-138.94297635605005 -12.189483472090759 1.057704788263279
-138.442280945758 -12.181367966782112 1.0528853813145835
-137.94158553546592 -12.173014052078981 1.0480571098224207
-137.44089012517384 -12.164421380090186 1.0432201539324073
-136.94019471488178 -12.155589602924543 1.0383746937901563
-136.4394993045897 -12.146518372690867 1.033520909541281
-135.93880389429762 -12.137207341497973 1.0286589813314004
-135.43810848400557 -12.127656161454677 1.023789089306127
-134.9374130737135 -12.117864484669793 1.0189114136110764
-134.4367176634214 -12.10783196325214 1.01402613439186
-133.93602225312935 -12.097558249310532 1.0091334317941005
-133.43532684283727 -12.087042994953782 1.0042334859634077
-132.9346314325452 -12.076285852290713 0.9993264770453998
-132.43393602225314 -12.065286473430131 0.9944125851856873
-131.93324061196105 -12.054044510480859 0.9894919905298869
-131.43254520166897 -12.042559615551706 0.9845648732236134
-130.93184979137692 -12.030831440751495 0.9796314134124853
-130.43115438108484 -12.018859638189038 0.9746917912421138
-129.93045897079276 -12.00664385997315 0.9697461868581156
-129.4297635605007 -11.994183758212648 0.9647947804061066
-128.92906815020862 -11.981478985016349 0.959837752031697
-128.42837273991654 -11.968529192493062 0.9548752818805106
-127.92767732962449 -11.955334032751608 0.9499075500981526
-127.4269819193324 -11.941893157900807 0.9449347368302441
-126.92628650904032 -11.928206220049464 0.9399570222223963
-126.42559109874827 -11.914272871306405 0.9349745864202295
-125.92489568845619 -11.900092763780439 0.9299876095693549
-125.42420027816411 -11.885665549580382 0.9249962718153875
-124.92350486787205 -11.870990880815054 0.9200007533039429
-124.42280945757997 -11.856068409593263 0.9150012341806353
-123.92211404728789 -11.840897788023831 0.9099978945910847
-123.42141863699584 -11.825478668215577 0.9049909146808999
-122.92072322670376 -11.809810702277307 0.8999804745956974
-122.42002781641168 -11.79389354231784 0.8949667544810922
-121.91933240611961 -11.777726840445997 0.8899499344827035
-121.41863699582754 -11.761310248770588 0.884930194746141
-120.91794158553546 -11.744643419400427 0.8799077154170185
-120.41724617524339 -11.727726004444339 0.8748826766409581
-119.91655076495132 -11.71055765601113 0.8698552585635702
-119.41585535465924 -11.693138026209617 0.8648256413304696
-118.91515994436718 -11.67546676714862 0.8597940050872739
-118.41446453407511 -11.657543530936952 0.8547605299795953
-117.91376912378303 -11.63936796968343 0.8497253961530478
-117.41307371349096 -11.620939735496869 0.8446887837532515
-116.91237830319889 -11.602258480486078 0.8396508729258179
-116.41168289290681 -11.583323856759886 0.8346118438163617
-115.91098748261474 -11.564135516427097 0.8295718765704978
-115.41029207232268 -11.544693111596533 0.8245311513338447
-114.9095966620306 -11.524996294377011 0.8194898482520137
-114.40890125173853 -11.505044716877336 0.8144481474706222
-113.90820584144646 -11.484838031206333 0.8094062291352808
-113.40751043115438 -11.46437588947282 0.8043642733916105
-112.90681502086231 -11.443657943785606 0.7993224603852218
-112.40611961057024 -11.42268384625351 0.794280970261733
-111.90542420027816 -11.40145324898534 0.7892399831667583
-111.4047287899861 -11.379965804089924 0.7841996792459114
-110.90403337969401 -11.358221163676074 0.7791602386448073
-110.40333796940195 -11.336218979852596 0.7741218415090609
-109.90264255910988 -11.313958904728317 0.769084667984288
-109.4019471488178 -11.291440590412048 0.7640488982161042
-108.90125173852573 -11.268663689012609 0.7590147123501245
-108.40055632823366 -11.245627852638808 0.753982290531962
-107.89986091794158 -11.222332733399465 0.7489518129072323
-107.39916550764951 -11.198777983403396 0.7439234596215558
-106.89847009735745 -11.174963254759412 0.7388974108205384
-106.39777468706536 -11.150888199576336 0.7338738466497994
-105.8970792767733 -11.12655246996298 0.7288529472549554
-105.39638386648123 -11.101955718028158 0.7238348927816205
-104.89568845618915 -11.077097595880687 0.7188198633754068
-104.39499304589708 -11.051977755629387 0.7138080391819346
-103.89429763560501 -11.026595849383064 0.708799600346816
-103.39360222531293 -11.000951529250539 0.7037947270156641
-102.89290681502086 -10.975044447340633 0.6987935993340983
-102.3922114047288 -10.948874255762153 0.693796397447729
-101.89151599443672 -10.922440606623919 0.688803301502172
-101.39082058414465 -10.895743152034747 0.6838144916430473
-100.89012517385257 -10.868781544103445 0.6788301480159646
-100.3894297635605 -10.841555434938844 0.6738504507665388
-99.88873435326843 -10.814064476649751 0.6688755800403892
-99.38803894297635 -10.786308321344965 0.663905715983127
-98.88734353268428 -10.758286621133333 0.6589410387403689
-98.38664812239222 -10.729999028123654 0.6539817284577316
-97.88595271210013 -10.701445194424736 0.6490279652808255
-97.38525730180807 -10.672624772145415 0.6440799293552726
-96.884561891516 -10.643537413394494 0.6391378008266779
-96.38386648122392 -10.614182770280788 0.6342017598406653
-95.88317107093185 -10.58456049491311 0.6292719865428451
-95.38247566063978 -10.554670239400284 0.6243486610788367
-94.8817802503477 -10.524511655851121 0.619431963594246
-94.38108484005564 -10.494084396374436 0.6145220742346995
-93.88038942976357 -10.463388113079048 0.6096191731458076
-93.37969401947149 -10.43242245807377 0.6047234404731798
-92.87899860917942 -10.401187083467416 0.5998350563624391
-92.37830319888734 -10.36968164136881 0.5949542009591957
-91.87760778859527 -10.337905783886757 0.5900810544090709
-91.3769123783032 -10.305859163130076 0.5852157968576697
-90.87621696801112 -10.273541431207587 0.5803586084506132
-90.37552155771905 -10.240952240228104 0.5755096693335189
-89.87482614742699 -10.208091242300437 0.5706691596519955
-89.3741307371349 -10.174958089533408 0.5658372595516623
-88.87343532684284 -10.141552434035834 0.5610141491781351
-88.37273991655077 -10.107873927916518 0.556200008677026
-87.87204450625869 -10.073922223284292 0.5513950181939491
-87.37134909596662 -10.039696972247963 0.5465993578745201
-86.87065368567455 -10.00519782691634 0.54181320786436
-86.36995827538247 -9.970424439398258 0.5370367483090741
-85.8692628650904 -9.935376461802516 0.5322701593542851
-85.36856745479834 -9.900053546237931 0.5275136211456088
-84.86787204450626 -9.864455344813326 0.5227673138286504
-84.36717663421419 -9.828581509637516 0.5180314175490326
-83.86648122392211 -9.792431692819317 0.5133061124523748
-83.36578581363004 -9.75600554646753 0.5085915786842803
-82.86509040333797 -9.719302722690987 0.5038879963903702
-82.36439499304589 -9.682322873598505 0.49919554571626024
-81.86369958275382 -9.645065651298882 0.4945144068075662
-81.36300417246176 -9.607530707900949 0.4898447598099003
-80.86230876216968 -9.569717695513521 0.48518678486887645
-80.36161335187761 -9.531626266245407 0.4805406621301176
-79.86091794158554 -9.493256072205423 0.475906571739227
-79.36022253129346 -9.454606765502394 0.47128469384182936
-78.85952712100139 -9.415677998245123 0.46667520858353506
-78.35883171070932 -9.376469422542431 0.4620782961099581
-77.85813630041724 -9.33698069050314 0.4574941365667178
-77.35744089012518 -9.297211454236056 0.45292291009942987
-76.85674547983311 -9.25716136585 0.44836479685370123
-76.35605006954103 -9.216830077453782 0.44381997697515296
-75.85535465924896 -9.176217241156223 0.4392886306094026
-75.35465924895689 -9.135322509066139 0.4347709379020588
-74.85396383866481 -9.094145533292352 0.43026707899874084
-74.35326842837274 -9.052685965943656 0.42577723404506096
-73.85257301808066 -9.010943459128885 0.4213015831866349
-73.3518776077886 -8.968917664956852 0.416840306569082
-72.85118219749653 -8.926608235536367 0.4123935843380091
-72.35048678720445 -8.884014822976251 0.4079615966390391
-71.84979137691238 -8.84113707938532 0.40354452361778237
-71.34909596662031 -8.797974656872391 0.3991425454198565
-70.84840055632823 -8.754527207546264 0.39475584219087545
-70.34770514603616 -8.710794383515776 0.390384594076455
-69.8470097357441 -8.66677583688973 0.38602898122220375
-69.34631432545201 -8.622471219776937 0.3816891837737464
-68.84561891515995 -8.577880184286236 0.37736538187669155
-68.34492350486788 -8.533002382526423 0.37305775567665855
-67.8442280945758 -8.487837466606308 0.3687664853192578
-67.34353268428373 -8.442385088634726 0.3644917509501122
-66.84283727399166 -8.396644900720485 0.36023373271482684
-66.34214186369958 -8.350616554972383 0.355992610759021
-65.84144645340751 -8.304299703499264 0.35176856522831046
-65.34075104311543 -8.257693998409938 0.3475617762683092
-64.84005563282336 -8.210799091813193 0.34337242402463475
-64.3393602225313 -8.163614635817883 0.33920068864289754
-63.838664812239216 -8.1161402825328 0.3350467502687169
-63.33796940194715 -8.068375684066755 0.33091078904770854
-62.83727399165508 -8.02032049252859 0.32679298512548116
-62.336578581363 -7.971974360027101 0.32269351864765583
-61.83588317107093 -7.9233369386710955 0.318612569759843
-61.335187760778865 -7.874407880569414 0.3145503186076637
-60.834492350486784 -7.825186837830859 0.31050694533672485
-60.333796940194716 -7.775673462564235 0.3064826300926511
-59.83310152990265 -7.725867406878379 0.3024775530210475
-59.33240611961057 -7.675768322882103 0.2984918942675352
-58.8317107093185 -7.625375862684198 0.29452583397772814
-58.33101529902643 -7.574689678393504 0.29057955229723853
-57.83031988873435 -7.523709422118838 0.28665322937168924
-57.329624478442284 -7.472434745969 0.28274704534668893
-56.82892906815022 -7.420865302052814 0.2788611803678498
-56.328233657858135 -7.369000742479102 0.2749958145807947
-55.82753824756607 -7.316840719356666 0.27115112813113407
-55.326842837273986 -7.264384884794328 0.26732730116448367
-54.82614742698192 -7.211632890900912 0.2635245138264557
-54.32545201668985 -7.158584389785215 0.2597429462626677
-53.82475660639777 -7.105239033556071 0.2559827786187372
-53.3240611961057 -7.0515964743222845 0.2522441910402764
-52.823365785813635 -6.997656364192675 0.24852736367290107
-52.322670375521554 -6.943418355276055 0.24483247666222518
-51.82197496522949 -6.8888820996812505 0.2411597101538645
-51.321279554937405 -6.8340472495170665 0.237509244293433
-50.82058414464535 -6.778913456892315 0.23388125922654823
-50.31988873435327 -6.72348037391583 0.23027593509882416
-49.81919332406119 -6.667747652696409 0.22669345205587654
-49.318497913769136 -6.611714945342872 0.22313399024331582
-48.817802503477054 -6.555381903964037 0.2195977298067613
-48.31710709318497 -6.49874818066872 0.21608485089182872
-47.81641168289292 -6.441813427565734 0.21259553364412853
-47.31571627260084 -6.384577296763904 0.20912995820928182
-46.81502086230876 -6.327039440372033 0.20568830473290078
-46.3143254520167 -6.269199510498947 0.20227075336059586
-45.81363004172462 -6.211057159253446 0.19887748423799168
-45.31293463143254 -6.152612038744362 0.19550867751069512
-44.81223922114049 -6.093863801080509 0.19216451332432194
-44.311543810848406 -6.034812098370693 0.18884517182449323
-43.810848400556324 -5.975456582723734 0.18555083315681764
-43.31015299026427 -5.915796906248453 0.18228167746691448
-42.80945757997219 -5.855832721053655 0.17903788490039063
-42.30876216968011 -5.795563679248161 0.17581963560287606
-41.808066759388026 -5.7349894329407896 0.17262710971996875
-41.30737134909597 -5.674109634240363 0.16946048739729513
-40.80667593880389 -5.612923935255676 0.1663199487804674
-40.30598052851181 -5.551431988095555 0.1632056740151031
-39.80528511821976 -5.489633444868833 0.1601178432468109
-39.304589707927676 -5.427527957684301 0.15705663662121183
-38.803894297635594 -5.365115178650779 0.1540222342839146
-38.30319888734354 -5.302394759877092 0.15101481638054204
-37.80250347705146 -5.239366353472047 0.14803456305670104
-37.30180806675938 -5.176029611544461 0.14508165445801446
-36.801112656467325 -5.112384186203162 0.14215627073009096
-36.30041724617524 -5.048429729556947 0.13925859201854984
-35.79972183588316 -4.984165893714636 0.13638879846900154
-35.29902642559111 -4.919592330785061 0.13354707022706536
-34.79833101529903 -4.854708692877015 0.13073358743835706
-34.297635605006946 -4.789514632099323 0.12794853024848707
-33.79694019471489 -4.724009800560818 0.1251920788030747
-33.29624478442281 -4.658193850370285 0.12246441324773039
-32.79554937413073 -4.59206643363655 0.11976571372807521
-32.294853963838676 -4.525627202468446 0.11709616038971782
-31.794158553546595 -4.458875808974756 0.11445593337827575
-31.293463143254513 -4.39181190526433 0.11184521283936832
-30.79276773296246 -4.324435143445971 0.10926417891860418
-30.29207232267038 -4.2567451756284775 0.10671301176160264
-29.791376912378297 -4.188741653920683 0.10419189151397412
-29.290681502086244 -4.120424230431414 0.10170099832133617
-28.789986091794162 -4.051792557269454 0.09924051232930453
-28.28929068150208 -3.982846286543644 0.09681061368349675
-27.788595271210028 -3.9135850703627955 0.09441148252952858
-27.287899860917946 -3.844008560835707 0.09204329901300157
-26.787204450625865 -3.7741164100712186 0.0897062432795439
-26.28650904033381 -3.70390827017815 0.0874004954747678
-25.78581363004173 -3.6333837932652773 0.08512623574429079
-25.28511821974965 -3.5625426314414415 0.08288364423371974
-24.784422809457595 -3.491384436815476 0.08067290108868108
-24.283727399165514 -3.419908861496157 0.07849418645477635
-23.783031988873432 -3.3481155575923327 0.07634768047763374
-23.28233657858135 -3.276004177212808 0.07423356330285658
-22.781641168289298 -3.2035743724663948 0.07215201507606772
-22.280945757997216 -3.1308257954619125 0.07010321594288293
-21.780250347705135 -3.0577580983081734 0.06808734604891087
-21.27955493741308 -2.9843709331140107 0.06610458553976906
-20.778859527121 -2.910663951988201 0.06415511456107326
-20.27816411682892 -2.8366368070395995 0.06223911325844278
-19.777468706536865 -2.7622891503770037 0.0603567617774845
-19.276773296244784 -2.687620634109219 0.058508240263817735
-18.776077885952702 -2.6126309103450924 0.056693728863058235
-18.27538247566065 -2.5373196311934083 0.05491340772081821
-17.774687065368568 -2.461686448762993 0.05316745698271874
-17.273991655076486 -2.3857310151626723 0.05145605679436849
-16.773296244784433 -2.309452982501259 0.04977938730138143
-16.27260083449235 -2.2328520028875434 0.048137628649380426
-15.77190542420027 -2.1559277284303735 0.04653096098397236
-15.271210013908217 -2.0786798112385543 0.04495956445077831
-14.770514603616135 -2.0011079034208907 0.043423619195408714
-14.269819193324054 -1.9232116570862163 0.0419233053634811
-13.769123783032 -1.844990724343336 0.040458803100607676
-13.268428372739919 -1.766444757301055 0.039030292552405976
-12.767732962447838 -1.687573408068221 0.03763795386449709
-12.267037552155784 -1.6083763287536175 0.036281967182482555
-11.766342141863703 -1.528853171466071 0.034962512651985245
-11.265646731571621 -1.4490035883144006 0.03367977041861914
-10.764951321279568 -1.3688272314074257 0.03243392062800354
-10.264255910987487 -1.2883237528539513 0.031225143425743562
-9.763560500695405 -1.2074928047627895 0.03005361895746561
-9.262865090403352 -1.1263340392427739 0.02891952736877479
-8.76216968011127 -1.0448471084027093 0.027823048805290407
-8.261474269819189 -0.963031664351401 0.02676436341263
-7.760778859527136 -0.8808873591976893 0.025743651336403994
-7.260083449235054 -0.7984138450503795 0.02476109272223348
-6.759388038942973 -0.7156107740182693 0.02381686771572533
-6.25869262865092 -0.6324777982101994 0.022911156462502413
-5.757997218358838 -0.5490145697349749 0.0220441391081716
-5.257301808066757 -0.46522074070140773 0.02121599579835398
-4.756606397774675 -0.3810959632183173 0.02042690667866709
-4.255910987482622 -0.2966398893945157 0.019677051894716024
-3.7552155771905404 -0.21185217133882928 0.018966611592125426
-3.254520166898459 -0.1267324611600702 0.018295765916505724
-2.753824756606406 -0.04128041096704349 0.0176646950134709
-2.2531293463143243 0.0445043271314387 0.017073579028640262
-1.7524339360222427 0.13058136300417425 0.016517677329624468
-1.2517385257301896 0.2157575799721821 0.015932155771905435
-0.7510431154381081 0.29469666203059813 0.014738692628650903
-0.25034770514602656 0.3722933240611977 0.013770111265646728
0.25034770514602656 0.45440737134909437 0.013579847009735748
0.7510431154381081 0.5357668984700973 0.013289248956884561
1.2517385257301896 0.6099371349095979 0.012958956884561886
1.7524339360222427 0.6777271210013894 0.012628247566063984
2.2531293463143243 0.7410211404728788 0.012323435326842838
2.753824756606406 0.7970023643949938 0.012068011126564668
3.254520166898459 0.8499300417246163 0.012011265646731568
3.7552155771905404 0.9022872044506257 0.012233129346314325
4.255910987482622 0.952784005563283 0.01256937413073714
4.756606397774675 1.0002511821974953 0.013027134909596649
5.257301808066757 1.0430356050069538 0.013820041724617519
5.757997218358838 1.0737486787204453 0.016064061196105747
6.258692628650891 1.0977002781641163 0.019640194714881685
6.759388038942973 1.1270602225312933 0.023089332406119586
7.260083449235054 1.1635066759388044 0.02643058414464538
7.760778859527107 1.2068481223922103 0.0301023504867871
8.261474269819189 1.2526372739916547 0.034487218358831666
8.76216968011127 1.2930237830319893 0.04022296244784429
9.262865090403324 1.3163036161335184 0.048462155771905144
9.763560500695405 1.327698331015299 0.05616203059805279
10.264255910987487 1.2564243393602212 0.059835465924895706
10.76495132127954 1.1572536856745497 0.06565638386648094
11.265646731571621 1.0972848400556334 0.07587641168289279
11.766342141863703 1.033283031988873 0.08805872044506267
12.267037552155784 0.9697748261474255 0.10203613351877644
12.767732962447838 0.9088034515211592 0.11660436782221756
13.268428372739919 0.8479153384936897 0.13109772101990658
13.769123783032 0.7871209121280018 0.14550726909828193
14.269819193324054 0.7264205203152834 0.15983319220295783
14.770514603616135 0.6658145109467117 0.17407567047955086
15.271210013908217 0.605303231913475 0.18823488407367533
15.77190542420027 0.5448870311067611 0.20231101313094546
16.27260083449235 0.48456625641774664 0.21630423779697772
16.773296244784433 0.42434125573762005 0.23021473821738636
17.273991655076486 0.3642123769575698 0.2440426945377857
17.774687065368568 0.30417996796877267 0.2577882869037923
18.27538247566065 0.24424437666241605 0.27145169546102044
18.776077885952702 0.18440595092968826 0.2850331003550842
19.276773296244784 0.12466503866176692 0.2985326817316003
19.777468706536865 0.06502198774983947 0.3119506197361829
20.27816411682892 0.005477146085094198 0.32528709451444626
20.778859527121 -0.0539691384412917 0.338542286212007
21.27955493741308 -0.11331651793813036 0.35171637497447916
21.780250347705135 -0.17256464451423392 0.3648095409474772
22.280945757997216 -0.2317131702784252 0.37782196427661763
22.781641168289298 -0.2907617473395163 0.39075382510751455
23.28233657858135 -0.349710027806319 0.4036053035857825
23.783031988873432 -0.40855766378765646 0.4163765798570378
24.283727399165514 -0.46730430739233997 0.42906783406689475
24.784422809457567 -0.5259496107291826 0.44167924636096756
25.28511821974965 -0.5844932259070057 0.4542109968848729
25.78581363004173 -0.6429348050346229 0.4666632657842249
26.286509040333783 -0.7012740002208457 0.47903623320463784
26.787204450625865 -0.7595104635744967 0.49133007929172834
27.287899860917946 -0.8176438472043879 0.5035449841911104
27.78859527121 -0.8756738032193319 0.5156811280483987
28.28929068150208 -0.9335999837281506 0.5277386910092094
28.789986091794162 -0.9914220408396566 0.5397178532191569
29.290681502086215 -1.049139626662662 0.5516187948238555
29.791376912378297 -1.1067523933059893 0.5634416959689217
30.29207232267038 -1.1642599928784505 0.5751867367999697
30.79276773296246 -1.2216620774888618 0.5868540974626143
31.293463143254513 -1.2789582992460349 0.5984439581024705
31.794158553546595 -1.336148310258792 0.6099564988651539
32.294853963838676 -1.3932317626359465 0.6213918998962795
32.79554937413073 -1.4502083084863093 0.6327503413414611
33.29624478442281 -1.5070775999187038 0.6440320033463153
33.79694019471489 -1.5638392890419408 0.6552370660564566
34.297635605006946 -1.620493027964835 0.6663657096174991
34.79833101529903 -1.6770384687962063 0.6774181141750593
35.29902642559111 -1.7334752636448685 0.6883944598747513
35.79972183588316 -1.7898030646196328 0.6992949268621897
36.30041724617524 -1.846021523829322 0.710119695282991
36.801112656467325 -1.9021302933827493 0.7208689452827692
37.30180806675938 -1.9581290253887258 0.731542857007139
37.80250347705146 -2.0140173719560743 0.742141610601716
38.30319888734354 -2.069794985193606 0.7526653862121155
38.803894297635594 -2.125461517210136 0.7631143639839513
39.304589707927676 -2.1810166201144825 0.7734887240628399
39.80528511821976 -2.236459946015462 0.7837886465943955
40.30598052851181 -2.291791147021884 0.7940143117242326
40.80667593880389 -2.347009875242571 0.8041658995979677
41.30737134909597 -2.402115782786337 0.8142435903612146
41.808066759388026 -2.457108521761992 0.8242475641595886
42.30876216968011 -2.5119877442783607 0.834178001138705
42.80945757997219 -2.566753102444254 0.8440350814441788
43.31015299026424 -2.6214042483684845 0.853818985221624
43.810848400556324 -2.675940834159874 0.8635298926166575
44.311543810848406 -2.730362511927235 0.8731679837748927
44.81223922114046 -2.7846689337793804 0.8827334388419448
45.31293463143254 -2.8388597518251317 0.8922264379634299
45.81363004172462 -2.8929346181733027 0.9016471612849621
46.314325452016675 -2.9468931849327027 0.9109957889521563
46.81502086230876 -3.0007351042121573 0.9202725011106281
47.31571627260084 -3.054460028120477 0.9294774779059927
47.81641168289289 -3.108067608766475 0.9386108994838636
48.31710709318497 -3.1615574982589716 0.9476729459898576
48.817802503477054 -3.214929348706781 0.9566637975695891
49.318497913769136 -3.2681828122187198 0.965583634368673
49.81919332406119 -3.3213175409035975 0.9744326365327236
50.31988873435327 -3.374333186870238 0.9832109842073573
50.82058414464535 -3.427229402227453 0.9919188575381885
51.321279554937405 -3.480005839084057 1.0005564366708315
51.82197496522949 -3.532662149548868 1.0091239017509026
52.32267037552157 -3.585197985730703 1.017621432924016
52.82336578581362 -3.6376129997383706 1.0260492103357868
53.3240611961057 -3.6899068436806943 1.0344074141318305
53.824756606397784 -3.742079169666488 1.0426962244577618
54.32545201668984 -3.7941296298045617 1.050915821459195
54.82614742698192 -3.8460578762037385 1.0590663852817461
55.326842837274 -3.8978635609728305 1.06714809607103
55.82753824756605 -3.9495463362206524 1.0751611339726612
56.328233657858135 -4.001105854056021 1.0831056791322553
56.82892906815022 -4.052541766587755 1.0909819116954267
57.32962447844227 -4.1038537259246635 1.0987900118077907
57.83031988873435 -4.155041384175567 1.106530159614963
58.33101529902643 -4.206104393449282 1.1142025352625575
58.831710709318486 -4.257042405854616 1.1218073188961897
59.33240611961057 -4.307855073500397 1.1293446906614746
59.83310152990265 -4.358542048495432 1.1368148307040276
60.3337969401947 -4.409102982948536 1.1442179191694628
60.834492350486784 -4.45953752896853 1.1515541362033963
61.335187760778865 -4.509845338664228 1.1588236619514423
61.83588317107092 -4.5600260641444414 1.1660266765592155
62.336578581363 -4.610079357517991 1.1731633601723321
62.83727399165508 -4.660004870893692 1.180233892936407
63.337969401947134 -4.709802256380355 1.1872384549970538
63.838664812239216 -4.759471166086804 1.1941772264998889
64.3393602225313 -4.809011252121849 1.2010503875905267
64.84005563282335 -4.858422166594302 1.2078581184145822
65.34075104311543 -4.907703561612987 1.2146005991176714
65.84144645340751 -4.956855089286716 1.2212780098454081
66.34214186369957 -5.005876401724299 1.2278905307434071
66.84283727399165 -5.054767151034563 1.2344383419572846
67.34353268428373 -5.1035269893263155 1.2409216236326552
67.84422809457581 -5.152155568708377 1.2473405559151338
68.34492350486786 -5.2006525412895535 1.2536953189503348
68.84561891515995 -5.249017559178673 1.259986092883874
69.34631432545203 -5.297250274484545 1.2662130578613668
69.84700973574408 -5.345350339315983 1.272376394028427
70.34770514603616 -5.393317405781808 1.2784762815306705
70.84840055632824 -5.441151125990833 1.2845129005137117
71.3490959666203 -5.488851152051872 1.290486431123166
71.84979137691238 -5.536417136073744 1.296397053504649
72.35048678720446 -5.583848730165263 1.3022449478037748
72.85118219749651 -5.631145586435242 1.3080302941661583
73.3518776077886 -5.6783073569925016 1.3137532727374153
73.85257301808068 -5.725333693945855 1.3194140636631608
74.35326842837273 -5.772224249404115 1.3250128470890086
74.85396383866481 -5.818978675476103 1.3305498031605751
75.35465924895689 -5.86559662427063 1.3360251120234747
75.85535465924895 -5.912077747896513 1.3414389538233222
76.35605006954103 -5.958421698462571 1.3467915087057338
76.85674547983308 -6.004628128077613 1.3520829568163226
77.35744089012519 -6.050696688850461 1.3573134783007057
77.85813630041724 -6.096627032889925 1.3624832533044964
78.3588317107093 -6.142418812304824 1.3675924619733097
78.8595271210014 -6.188071679203976 1.3726412844527631
79.36022253129346 -6.23358528569619 1.3776299008884685
79.86091794158551 -6.278959283890284 1.3825584914260423
80.36161335187762 -6.324193325895083 1.3874272362110998
80.86230876216968 -6.369287063819385 1.3922363153892559
81.36300417246173 -6.41424014977202 1.3969859091061245
81.86369958275384 -6.459052235861801 1.401676197507322
82.36439499304589 -6.503722974197537 1.4063073607384629
82.86509040333794 -6.548252016888048 1.4108795789451618
83.36578581363005 -6.592639016042154 1.4153930322730353
83.86648122392211 -6.636883623768664 1.419847900867696
84.36717663421416 -6.680985492176392 1.4242443648747607
84.86787204450627 -6.724944273374167 1.428582604439844
85.36856745479832 -6.768759619470787 1.4328627997085608
85.86926286509038 -6.812431182575075 1.4370851308265256
86.36995827538249 -6.855958614795856 1.4412497779393543
86.87065368567454 -6.89934156824193 1.4453569211926613
87.3713490959666 -6.942579695022122 1.4494067407320619
87.8720445062587 -6.985672647245247 1.4533994167031719
88.37273991655076 -7.028620077020115 1.4573351292516044
88.87343532684281 -7.071421636455547 1.4612140585229756
89.37413073713492 -7.114076977660362 1.465036384662901
89.87482614742697 -7.156585752743364 1.4688022878169948
90.37552155771903 -7.1989476138133774 1.472511948130872
90.87621696801114 -7.241162212979221 1.4761655457501481
91.37691237830319 -7.283229202349698 1.4797632608204376
91.87760778859524 -7.325148234033634 1.4833052734873557
92.37830319888735 -7.366918960139845 1.4867917638965185
92.8789986091794 -7.408541032777141 1.490222912193539
93.37969401947146 -7.450014104054338 1.4935988985240332
93.88038942976357 -7.49133782608026 1.4969199030336167
94.38108484005562 -7.5325118509637115 1.5001861058679042
94.88178025034773 -7.573535830813517 1.5033976871725099
95.38247566063978 -7.614409417738486 1.5065548270930496
95.88317107093184 -7.655132263847435 1.5096577057751375
96.38386648122395 -7.6957040212491865 1.5127065033643903
96.884561891516 -7.736124342052543 1.5157014000064213
97.38525730180805 -7.77639287836633 1.518642575846846
97.88595271210016 -7.816509282299366 1.5215302110312798
98.38664812239222 -7.856473205960459 1.5243644857053373
98.88734353268427 -7.896284301458422 1.527145580014634
99.38803894297638 -7.935942220902083 1.529873674104785
99.88873435326843 -7.975446616400248 1.532548948121404
100.38942976356049 -8.01479714006173 1.5351715822101073
100.8901251738526 -8.05399344399536 1.5377417565165101
101.39082058414465 -8.093035180309935 1.5402596511862259
101.8915159944367 -8.13192200111428 1.5427254463648712
102.39221140472881 -8.170653558517214 1.5451393221980607
102.89290681502086 -8.209229504627544 1.5475014588314087
103.39360222531292 -8.24764949155409 1.549812036410531
103.89429763560503 -8.28591317140567 1.5520712350810428
104.39499304589708 -8.324020196291094 1.5542792349885581
104.89568845618913 -8.361970218319183 1.5564362162786924
105.39638386648124 -8.399762889598753 1.5585423590970615
105.8970792767733 -8.437397862238612 1.5605978435892793
106.39777468706535 -8.47487478834758 1.562602849900961
106.89847009735746 -8.51219332003448 1.564557558177722
107.39916550764951 -8.549353109408113 1.566462148565177
107.89986091794157 -8.586353808577305 1.5683168012089412
108.40055632823368 -8.623195069650874 1.57012169625463
108.90125173852573 -8.659876544737626 1.5718770138478575
109.40194714881778 -8.69639788594638 1.5735829341342393
109.90264255910989 -8.732758745385958 1.575239637259391
110.40333796940195 -8.768958775165167 1.5768473033689263
110.904033379694 -8.804997627392826 1.578406112608461
111.40472878998611 -8.840874954177755 1.57991624512361
111.90542420027816 -8.876590407628761 1.581377881059988
112.40611961057022 -8.912143639854666 1.58279120056321
112.90681502086233 -8.947534302964286 1.5841563837788926
113.40751043115438 -8.98276204906643 1.5854736108526486
113.90820584144643 -9.01782653026992 1.5867430619300944
114.40890125173854 -9.052727398683572 1.587964917156844
114.9095966620306 -9.087464306416194 1.5891393566785137
115.41029207232265 -9.12203690557661 1.590266560640717
115.91098748261476 -9.156444848273637 1.5913467091890705
116.41168289290681 -9.190687786616078 1.5923799824691873
116.91237830319886 -9.22476537271276 1.5933665606266845
117.41307371349097 -9.258677258672499 1.5943066238071764
117.91376912378303 -9.292423096604104 1.595200352156277
118.41446453407508 -9.32600253861639 1.5960479258196025
118.91515994436719 -9.359415236818183 1.596849524942767
119.41585535465924 -9.39266084331829 1.597605329671387
119.9165507649513 -9.425739010225524 1.5983155201510757
120.4172461752434 -9.458649389648713 1.5989802765274488
120.91794158553546 -9.491391633696658 1.5995997789461216
121.41863699582751 -9.523965394478184 1.6001742075527094
121.91933240611962 -9.556370324102105 1.6007037424928263
122.42002781641168 -9.588606074677235 1.601188563912088
122.92072322670373 -9.620672298312389 1.6016288519561102
123.42141863699584 -9.65256864711639 1.6020247867705064
123.92211404728789 -9.68429477319804 1.602376548500892
124.42280945757994 -9.715850328666164 1.6026843172928824
124.92350486787205 -9.74723496562958 1.6029482732920919
125.42420027816411 -9.778448336197094 1.6031685966441367
125.92489568845616 -9.809490092477528 1.6033454674946312
126.42559109874827 -9.840359886579702 1.60347906598919
126.92628650904032 -9.871057370612423 1.6035695722734291
127.42698191933238 -9.901582196684506 1.6036171664929635
127.92767732962449 -9.931934016904776 1.6036220287934067
128.42837273991654 -9.962112483382043 1.6035843393203753
128.9290681502086 -9.992117248225119 1.6035042782194828
129.4297635605007 -10.02194796354283 1.6033820256363456
129.93045897079276 -10.051604281443979 1.6032177617165784
130.4311543810848 -10.081085854037388 1.6030116666057956
130.93184979137692 -10.110392333431879 1.6027639204496136
131.43254520166897 -10.139523371736255 1.6024747033936457
131.93324061196108 -10.16847862105934 1.6021441955835078
132.43393602225314 -10.197257733509947 1.6017725771648152
132.9346314325452 -10.22586036119689 1.6013600282831828
133.4353268428373 -10.25428615622899 1.600906729084224
133.93602225312935 -10.282534770715056 1.6004128597135556
134.4367176634214 -10.310605856763907 1.5998786003167929
134.93741307371351 -10.338499066484362 1.5993041310395493
135.43810848400557 -10.366214051985228 1.598689632027441
135.93880389429762 -10.393750465375327 1.5980352834260827
136.43949930458973 -10.421107958763479 1.5973412653810903
136.94019471488178 -10.448286184258485 1.596607758038077
137.44089012517384 -10.475284793969173 1.5958349415426591
137.94158553546595 -10.50210344000436 1.5950229960404514
138.442280945758 -10.528741774472852 1.5941721016770682
138.94297635605005 -10.555199449483467 1.5932824385981255
139.44367176634216 -10.58147611714503 1.5923541869492375
139.94436717663422 -10.607571429566345 1.59138752687602
140.44506258692627 -10.633485038856232 1.5903826385240871
140.94575799721838 -10.659216597123512 1.5893397020390563
141.44645340751043 -10.68476575647699 1.5882588975665393
141.94714881780249 -10.710132169025492 1.5871404052521523
142.4478442280946 -10.735315486877827 1.5859844052415102
142.94853963838665 -10.760315362142808 1.5847910776802288
143.4492350486787 -10.78513144692926 1.5835606027139233
143.9499304589708 -10.809763393345994 1.5822931604882065
144.45062586926286 -10.834210853501823 1.5809889311486967
144.95132127955492 -10.858473479505566 1.5796480948410057
145.45201668984703 -10.882550923466038 1.578270831710751
145.95271210013908 -10.906442837492051 1.5768573219035462
146.45340751043113 -10.93014887369243 1.575407745565007
146.95410292072324 -10.95366868417598 1.573922282840748
147.4547983310153 -10.977001921051524 1.5724011138763838
147.95549374130735 -11.000148236427872 1.5708444188175308
148.45618915159946 -11.023107282413843 1.5692523778098029
148.9568845618915 -11.045878711118256 1.5676251709988154
149.45757997218357 -11.068462174649916 1.5659629785301832
149.95827538247568 -11.09085732511765 1.5642659805495216
150.45897079276773 -11.113063814630268 1.5625343572024455
150.95966620305978 -11.135081295296583 1.5607682886345697
151.4603616133519 -11.156909419225418 1.5589679549915088
151.96105702364395 -11.178547838525587 1.5571335364188796
152.461752433936 -11.199996205305897 1.5552652130622955
152.9624478442281 -11.221254171675174 1.5533631650673707
153.46314325452016 -11.24232138974223 1.5514275725797224
153.96383866481222 -11.263197511615878 1.5494586157449655
154.46453407510432 -11.283882189404942 1.5474564747087138
154.96522948539638 -11.304375075218225 1.545421329616582
155.46592489568843 -11.324675821164549 1.543353360614186
155.96662030598054 -11.344784079352735 1.541252747847141
156.4673157162726 -11.36469950189159 1.5391196714610615
156.96801112656465 -11.38442174088993 1.5369543116015614
157.46870653685676 -11.403950448456582 1.5347568484142584
157.9694019471488 -11.423285276700348 1.5325274620447658
158.47009735744086 -11.442425877730045 1.5302663326386992
158.97079276773297 -11.461371903654502 1.527973640341673
159.47148817802503 -11.480123006582518 1.5256495652993023
159.97218358831708 -11.49867883862292 1.5232942876572027
160.4728789986092 -11.51703905188452 1.520907987560988
160.97357440890124 -11.535203298476127 1.5184908451562749
161.4742698191933 -11.55317123050657 1.5160430405886773
161.9749652294854 -11.570942500084652 1.5135647540038104
162.47566063977746 -11.588516759319194 1.5110561655472898
162.9763560500695 -11.605893660319015 1.5085174553647296
163.47705146036162 -11.623072855192927 1.5059488036017454
163.97774687065368 -11.640053996049744 1.5033503904039531
164.47844228094573 -11.656836734998285 1.5007223959169649
164.97913769123784 -11.673420724147363 1.4980650002863978
165.4798331015299 -11.689805615605794 1.4953783836578671
165.98052851182194 -11.705991061482397 1.4926627261769878
166.48122392211405 -11.721976713885983 1.489918207989373
166.9819193324061 -11.737762224925373 1.4871450092406404
167.48261474269816 -11.753347246709374 1.484343310076403
167.98331015299027 -11.76873143134681 1.4815132906422772
168.48400556328232 -11.783914430946494 1.478655131083878
168.98470097357443 -11.79889589761724 1.4757690115468185
169.4853963838665 -11.813675483467863 1.4728551121767153
169.98609179415854 -11.828252840607185 1.4699136131191832
170.48678720445065 -11.842627621144013 1.4669446945198363
170.9874826147427 -11.856799477187167 1.4639485365242921
171.48817802503476 -11.870768060845464 1.4609253192781633
171.98887343532687 -11.884533024227718 1.457875222927065
172.48956884561892 -11.898094019442745 1.4547984276166155
172.99026425591097 -11.911450698599358 1.4516951134924245
173.49095966620308 -11.924602713806376 1.4485654607001097
173.99165507649514 -11.937549717172615 1.4454096493852868
174.4923504867872 -11.950291360806887 1.4422278596935698
174.9930458970793 -11.96282729681801 1.4390202717705727
175.49374130737135 -11.975157177314799 1.4357870657619138
175.9944367176634 -11.98728065440607 1.4325284218132055
176.49513212795551 -11.999197380200638 1.4292445200700625
176.99582753824757 -12.010907006807322 1.4259355406781025
177.49652294853962 -12.022409186334931 1.4226016637829384
177.99721835883173 -12.03370357089229 1.419243069530186
178.49791376912378 -12.044789812588204 1.4158599380654586
178.99860917941584 -12.055667563531495 1.4124524495343727
179.49930458970795 -12.06633647583098 1.409020784082543
180.0 -12.076796201595467 1.4055651218555847
