Polar data for a18sm at Re = 220000.0
Alpha (deg) Cl Cd
-180.0 -7.80461167251444 0.6257974878930294
-179.49930458970792 -7.821721051472936 0.6244310046103164
-178.99860917941587 -7.838691196826694 0.6230544374877157
-178.49791376912378 -7.855521395813799 0.6216678550424594
-177.9972183588317 -7.872210935672333 0.6202713257917795
-177.49652294853965 -7.8887591036403855 0.6188649182529068
-176.99582753824757 -7.905165186956044 0.6174487009430732
-176.4951321279555 -7.921428472857389 0.6160227423795107
-175.99443671766343 -7.937548248582509 0.6145871110794506
-175.49374130737135 -7.95352380136949 0.6131418755601249
-174.99304589707927 -7.969354418456419 0.6116871043387654
-174.49235048678722 -7.985039387081377 0.6102228659326036
-173.99165507649514 -8.000577994482454 0.6087492288588706
-173.49095966620305 -8.015969527897735 0.6072662616347987
-172.990264255911 -8.031213274565303 0.605774032777619
-172.48956884561892 -8.046308521723248 0.6042726108045638
-171.98887343532684 -8.061254556609654 0.6027620642328649
-171.48817802503476 -8.076050666462606 0.6012424615797535
-170.9874826147427 -8.09069613852019 0.5997138713624613
-170.48678720445062 -8.105190260020493 0.5981763620982198
-169.98609179415854 -8.119532318201596 0.5966300023042613
-169.4853963838665 -8.133721600301591 0.5950748604978165
-168.9847009735744 -8.14775739355856 0.5935110051961178
-168.48400556328232 -8.16163898521059 0.5919385049163969
-167.98331015299027 -8.175365662495768 0.5903574281758853
-167.4826147426982 -8.188936712652175 0.588767843491815
-166.9819193324061 -8.202351422917902 0.5871698193814167
-166.48122392211405 -8.215609080531031 0.5855634243619229
-165.98052851182197 -8.228708972729649 0.5839487269505655
-165.4798331015299 -8.241650386751846 0.582325795664575
-164.97913769123784 -8.254432609835703 0.5806946990211842
-164.47844228094576 -8.267054929219302 0.5790555055376242
-163.97774687065368 -8.279516632140739 0.5774082837311266
-163.47705146036162 -8.29181700583809 0.5757531021189236
-162.97635605006954 -8.303955337549446 0.5740900292182464
-162.47566063977746 -8.31593091451289 0.5724191335463272
-161.9749652294854 -8.32774302396651 0.5707404836203976
-161.47426981919332 -8.339390953148396 0.5690541479576873
-160.97357440890124 -8.350873989296623 0.5673601950754307
-160.4728789986092 -8.362191419649282 0.5656586934908588
-159.9721835883171 -8.373342531444461 0.5639497117212019
-159.47148817802503 -8.384326611920244 0.562233318283693
-158.97079276773297 -8.395142948314714 0.5605095816955642
-158.4700973574409 -8.405790827865962 0.5587785704740459
-157.9694019471488 -8.41626953781207 0.55704035313637
-157.46870653685676 -8.426578365391126 0.555294998199768
-156.96801112656468 -8.436716597841214 0.5535425741814731
-156.4673157162726 -8.446683522400416 0.5517831495987146
-155.96662030598054 -8.456478426306827 0.5500167929687264
-155.46592489568846 -8.466100596798528 0.5482435728087388
-154.96522948539638 -8.4755493211136 0.5464635576359836
-154.46453407510432 -8.484823886490137 0.5446768159676928
-153.96383866481224 -8.49392358016622 0.5428834163210982
-153.46314325452016 -8.502847689379934 0.5410834272134312
-152.9624478442281 -8.511595501369365 0.5392769171619237
-152.46175243393603 -8.520166303372603 0.5374639546838064
-151.96105702364395 -8.528559382627732 0.5356446082963123
-151.4603616133519 -8.536774026372832 0.5338189465166726
-150.9596662030598 -8.544809521845997 0.5319870378621191
-150.45897079276773 -8.552665156285306 0.5301489508498832
-149.95827538247568 -8.560340216928848 0.5283047539971965
-149.4575799721836 -8.567833991014712 0.5264545158212898
-148.9568845618915 -8.575145765780976 0.5245983048393973
-148.45618915159943 -8.582274828465732 0.5227361895687482
-147.95549374130738 -8.589220466307061 0.5208682385265754
-147.4547983310153 -8.595981966543054 0.5189945202301102
-146.95410292072324 -8.602558616411791 0.5171151031965845
-146.45340751043116 -8.608949703151364 0.5152300559432293
-145.95271210013908 -8.615154513999855 0.5133394469872766
-145.452016689847 -8.62117233619535 0.5114433448459595
-144.95132127955495 -8.627002456975932 0.5095418180365073
-144.45062586926286 -8.632644163579695 0.5076349350761528
-143.94993045897078 -8.638096743244715 0.5057227644821277
-143.44923504867873 -8.643359483209084 0.5038053747716641
-142.94853963838665 -8.648431670710883 0.5018828344619929
-142.44784422809457 -8.653312592988204 0.49995521207034643
-141.9471488178025 -8.658001537279128 0.49802257611395484
-141.44645340751043 -8.662497790821742 0.49608499511005133
-140.94575799721835 -8.666800640854133 0.49414253757586823
-140.44506258692627 -8.670909374614384 0.4921952720286352
-139.94436717663422 -8.674823279340583 0.4902432669855846
-139.44367176634213 -8.678541642270812 0.4882865909639488
-138.94297635605005 -8.68206375064316 0.48632531248095956
-138.442280945758 -8.685388891695716 0.4843595000538471
-137.94158553546592 -8.688516352666559 0.48238922219984415
-137.44089012517384 -8.69144542079378 0.4804145474361826
-136.94019471488178 -8.69417538331546 0.4784355442800935
-136.4394993045897 -8.696705527469689 0.4764522812488091
-135.93880389429762 -8.699035140494551 0.4744648268595605
-135.43810848400557 -8.701163509628133 0.47247324962957904
-134.9374130737135 -8.703089922108516 0.47047761807609756
-134.4367176634214 -8.704813665173793 0.4684780007163466
-133.93602225312935 -8.706334026062043 0.46647446606755893
-133.43532684283727 -8.707650292011357 0.4644670826469651
-132.9346314325452 -8.708761750259814 0.46245591897179794
-132.43393602225314 -8.70966768804551 0.46044104355928794
-131.93324061196105 -8.710367392606523 0.45842252492666746
-131.43254520166897 -8.710860151180938 0.4564004315911675
-130.93184979137692 -8.711145251006844 0.4543748320700217
-130.43115438108484 -8.711221979322328 0.45234579488045845
-129.93045897079276 -8.71108962336547 0.45031338853971226
-129.4297635605007 -8.710747470374363 0.44827768156501413
-128.92906815020862 -8.710194807587088 0.44623874247359463
-128.42837273991654 -8.709430922241733 0.4441966397826861
-127.92767732962449 -8.708455101576382 0.44215144200952083
-127.4269819193324 -8.707266632829118 0.44010321767132987
-126.92628650904032 -8.705864803238036 0.4380520352853442
-126.42559109874827 -8.70424890004121 0.4359979633687975
-125.92489568845619 -8.702418210476736 0.43394107043891894
-125.42420027816411 -8.700372021782693 0.4318814250129418
-124.92350486787205 -8.698109621197169 0.42981909560809795
-124.42280945757997 -8.695630295958253 0.4277541507416175
-123.92211404728789 -8.692933333304023 0.4256866589307341
-123.42141863699584 -8.690018020472571 0.42361668869267743
-122.92072322670376 -8.68688364470198 0.42154430854468117
-122.42002781641168 -8.683529493230338 0.4194695870039754
-121.91933240611961 -8.679954853295728 0.4173925925877925
-121.41863699582754 -8.676159012136237 0.4153133938133643
-120.91794158553546 -8.672141256989955 0.41323205919792094
-120.41724617524339 -8.667900875094961 0.41114865725869654
-119.91655076495132 -8.66343715368934 0.4090632565129212
-119.41585535465924 -8.658749380011182 0.4069759254778268
-118.91515994436718 -8.653836841298572 0.40488673267064523
-118.41446453407511 -8.6486988247896 0.40279574660860795
-117.91376912378303 -8.643334617722342 0.4007030358089464
-117.41307371349096 -8.637743507334891 0.3986086687888938
-116.91237830319889 -8.631924780865331 0.3965127140656789
-116.41168289290681 -8.625877725551748 0.39441524015653584
-115.91098748261474 -8.619601628632225 0.3923163155786965
-115.41029207232268 -8.613095777344848 0.39021600884939056
-114.9095966620306 -8.606359458927708 0.3881143884858508
-114.40890125173853 -8.599391960618888 0.38601152300530905
-113.90820584144646 -8.59219256965647 0.38390748092499594
-113.40751043115438 -8.584760573278546 0.3818023307621442
-112.90681502086231 -8.577095258723194 0.3796961410339862
-112.40611961057024 -8.569195913228508 0.3775889802577511
-111.90542420027816 -8.561061824032565 0.37548091695067354
-111.4047287899861 -8.55269227837346 0.3733720196299831
-110.90403337969401 -8.544086563489273 0.37126235681291087
-110.40333796940195 -8.535243966618092 0.3691519970166909
-109.90264255910988 -8.526163774998004 0.36704100875855417
-109.4019471488178 -8.516845275867087 0.3649294605557313
-108.90125173852573 -8.507287756463436 0.3628174209254541
-108.40055632823366 -8.497490504025134 0.36070495838495586
-107.89986091794158 -8.487452805790264 0.3585921414514658
-107.39916550764951 -8.477173948996912 0.3564790386422171
-106.89847009735745 -8.466653220883169 0.3543657184744421
-106.39777468706536 -8.455889908687114 0.3522522494653696
-105.8970792767733 -8.444883299646834 0.350138700132235
-105.39638386648123 -8.433632681000418 0.3480251389922676
-104.89568845618915 -8.422137339985952 0.3459116345626988
-104.39499304589708 -8.410396563841516 0.3437982553607618
-103.89429763560501 -8.398409639805203 0.3416850699036885
-103.39360222531293 -8.386175855115091 0.3395721467087086
-102.89290681502086 -8.373694497009273 0.33745955429305485
-102.3922114047288 -8.360964852725834 0.33534736117395914
-101.89151599443672 -8.347986209502858 0.333235635868652
-101.39082058414465 -8.334757854578424 0.33112444689436715
-100.89012517385257 -8.321279075190626 0.3290138627683342
-100.3894297635605 -8.307549158577553 0.326903952007786
-99.88873435326843 -8.293567391977279 0.3247947831299539
-99.38803894297635 -8.279333062627895 0.32268642465206987
-98.88734353268428 -8.264845457767493 0.32057894509136486
-98.38664812239222 -8.250103864634154 0.3184724129650712
-97.88595271210013 -8.235107570465958 0.3163668967904195
-97.38525730180807 -8.219855862501003 0.3142624650846434
-96.884561891516 -8.204348027977357 0.3121591863649743
-96.38386648122392 -8.188583354133124 0.31005712914864103
-95.88317107093185 -8.172561128206384 0.3079563619528781
-95.38247566063978 -8.156280637435216 0.30585695329491613
-94.8817802503477 -8.13974116905771 0.30375897169198607
-94.38108484005564 -8.122942010311958 0.3016624856613225
-93.88038942976357 -8.105882448436034 0.2995675637201537
-93.37969401947149 -8.08856177066804 0.2974742743857116
-92.87899860917942 -8.070979264246043 0.29538268617523034
-92.37830319888734 -8.05313421640814 0.2932928676059404
-91.87760778859527 -8.03502591439241 0.29120488719507287
-91.3769123783032 -8.016653645436941 0.2891188134598609
-90.87621696801112 -7.998016696779832 0.2870347149175333
-90.37552155771905 -7.979114355659146 0.2849526600853246
-89.87482614742699 -7.959945909312982 0.2828727174804645
-89.3741307371349 -7.940510644979428 0.2807949556201862
-88.87343532684284 -7.92080784989656 0.27871944302172025
-88.37273991655077 -7.900836811302476 0.27664624820229855
-87.87204450625869 -7.880596816435245 0.2745754396791543
-87.37134909596662 -7.860087152532975 0.27250708596951634
-86.87065368567455 -7.839307106833729 0.2704412555906187
-86.36995827538247 -7.818255966575611 0.26837801705969155
-85.8692628650904 -7.7969330189966914 0.26631743889396853
-85.36856745479834 -7.775337551335063 0.26425958961067886
-84.86787204450626 -7.753468850828819 0.2622045377270549
-84.36717663421419 -7.731326204716032 0.26015235176032936
-83.86648122392211 -7.708908900234793 0.25810310022773375
-83.36578581363004 -7.686216224623191 0.25605685164649994
-82.86509040333797 -7.66324746511931 0.2540136745338567
-82.36439499304589 -7.64000190896123 0.2519736374070404
-81.86369958275382 -7.61647884338705 0.2499368087832788
-81.36300417246176 -7.592677555634836 0.24790325717980485
-80.86230876216968 -7.568597332942696 0.24587305111385035
-80.36161335187761 -7.5442374625487005 0.2438462591026481
-79.86091794158554 -7.519597231690934 0.24182294966342818
-79.36022253129346 -7.4946759276074975 0.23980319131342206
-78.85952712100139 -7.469472837536465 0.23778705256986296
-78.35883171070932 -7.443987248715917 0.23577460194998098
-77.85813630041724 -7.418218448383952 0.23376590797100846
-77.35744089012518 -7.392165723778646 0.23176103915017862
-76.85674547983311 -7.3658283621380924 0.2297600640047198
-76.35605006954103 -7.339205650700373 0.22776305105186698
-75.85535465924896 -7.312296876703575 0.22577006880884806
-75.35465924895689 -7.285101327385782 0.22378118579289893
-74.85396383866481 -7.257618289985075 0.22179647052124882
-74.35326842837274 -7.229847051739549 0.2198159915111305
-73.85257301808066 -7.20178689988729 0.2178398172797736
-73.3518776077886 -7.173437121666375 0.21586801634441274
-72.85118219749653 -7.1447970043149045 0.2139006572222771
-72.35048678720445 -7.11586583507094 0.21193780843059948
-71.84979137691238 -7.086642901172588 0.20997953848661086
-71.34909596662031 -7.057127489857935 0.20802591590754446
-70.84840055632823 -7.027318888365043 0.2060770092106304
-70.34770514603616 -6.997216383932024 0.20413288691310102
-69.8470097357441 -6.966819263796962 0.20219361753218731
-69.34631432545201 -6.936126815197921 0.20025926958512116
-68.84561891515995 -6.905138325373009 0.19832991158913535
-68.34492350486788 -6.8738530815602985 0.19640561206146087
-67.8442280945758 -6.842270370997882 0.19448643951932917
-67.34353268428373 -6.81038948092384 0.1925724624799717
-66.84283727399166 -6.778209698576266 0.19066374946062034
-66.34214186369958 -6.745730311193238 0.18876036897850654
-65.84144645340751 -6.7129506060128445 0.1868623895508635
-65.34075104311543 -6.679869870273176 0.18496987969492004
-64.84005563282336 -6.6464873912123075 0.1830829079279098
-64.3393602225313 -6.612802456068335 0.1812015427670651
-63.838664812239216 -6.578814352079345 0.17932585272961518
-63.33796940194715 -6.5445223664834025 0.1774559063327946
-62.83727399165508 -6.509925786518627 0.175591772093833
-62.336578581363 -6.475023899423082 0.17373351852996186
-61.83588317107093 -6.439815992434852 0.17188121415841393
-61.335187760778865 -6.4043013527920305 0.17003492749642155
-60.834492350486784 -6.368479267732704 0.16819472706121438
-60.333796940194716 -6.332349024494945 0.16636068137002522
-59.83310152990265 -6.295909910316858 0.16453285894008549
-59.33240611961057 -6.259161212436522 0.16271132828862797
-58.8317107093185 -6.222102218092017 0.1608961579328819
-58.33101529902643 -6.184732214521439 0.15908741639008048
-57.83031988873435 -6.14705048896286 0.1572851721774556
-57.329624478442284 -6.109056328654374 0.15548949381223917
-56.82892906815022 -6.0707490208340715 0.15370044981166128
-56.328233657858135 -6.032127852740027 0.15191810869295605
-55.82753824756607 -5.993192111610332 0.1501425389733527
-55.326842837273986 -5.953941084683073 0.14837380917008444
-54.82614742698192 -5.914374059196335 0.1466119878003823
-54.32545201668985 -5.874490322388207 0.1448571433814768
-53.82475660639777 -5.834289161496766 0.14310934443060205
-53.3240611961057 -5.793769863760108 0.1413686594649873
-52.823365785813635 -5.75293171641631 0.1396351570018671
-52.322670375521554 -5.711774006703459 0.1379089055584711
-51.82197496522949 -5.670296021859649 0.13618997365203075
-51.321279554937405 -5.628497049122956 0.1344784297997784
-50.82058414464535 -5.58637637573147 0.13277434251894546
-50.31988873435327 -5.543933288923284 0.13107778032676384
-49.81919332406119 -5.501167075936461 0.12938881174046543
-49.318497913769136 -5.458077024009116 0.1277075052772821
-48.817802503477054 -5.414662420379315 0.12603392945444444
-48.31710709318497 -5.370922552285144 0.12436815278918387
-47.81641168289292 -5.326856706964703 0.12271024379873405
-47.31571627260084 -5.2824641716560645 0.1210602710003251
-46.81502086230876 -5.2377442335973186 0.11941830291118802
-46.3143254520167 -5.192696180026548 0.11778440804855692
-45.81363004172462 -5.147319298181847 0.1161586549296619
-45.31293463143254 -5.101612875301287 0.11454111207173576
-44.81223922114049 -5.055576198622973 0.11293184799200681
-44.311543810848406 -5.009208555384975 0.11133093120771051
-43.810848400556324 -4.962509232825381 0.10973843023607607
-43.31015299026427 -4.915477518182282 0.10815441359433806
-42.80945757997219 -4.868112698693766 0.1065789497997239
-42.30876216968011 -4.820414061597903 0.10501210736946906
-41.808066759388026 -4.7723808941328 0.10345395482080363
-41.30737134909597 -4.724012483536535 0.10190456067095863
-40.80667593880389 -4.675308117047178 0.1003639934371677
-40.30598052851181 -4.62626708190283 0.09883232163666097
-39.80528511821976 -4.576888665341588 0.09730961378667122
-39.304589707927676 -4.527172154601514 0.09579593840442943
-38.803894297635594 -4.477116836920702 0.09429136400716573
-38.30319888734354 -4.42672199953725 0.09279595911211466
-37.80250347705146 -4.375986929689223 0.09130979223650545
-37.30180806675938 -4.324910914614717 0.08983293189757088
-36.801112656467325 -4.273493241551829 0.08836544661254372
-36.30041724617524 -4.221733197738622 0.08690740489865409
-35.79972183588316 -4.169630070413195 0.08545887527313298
-35.29902642559111 -4.117183146813645 0.08401992625321406
-34.79833101529903 -4.064391714178036 0.08259062635612743
-34.297635605006946 -4.011255059744457 0.08117104409910589
-33.79694019471489 -3.95777247075101 0.07976124799938131
-33.29624478442281 -3.9039432344357614 0.0783613065741838
-32.79554937413073 -3.8497666380368045 0.07697128834074615
-32.294853963838676 -3.7952419687922383 0.07559126181629935
-31.794158553546595 -3.7403685139401297 0.07422129551807619
-31.293463143254513 -3.68514556071856 0.07286145796330587
-30.79276773296246 -3.6295723963656474 0.07151181766922296
-30.29207232267038 -3.573648308119436 0.07017244315305934
-29.791376912378297 -3.5173725832180445 0.06884340293204425
-29.290681502086244 -3.4607445088995465 0.06752476552340955
-28.789986091794162 -3.40376337240202 0.06621659944438804
-28.28929068150208 -3.346428460963553 0.06491897321221249
-27.788595271210028 -3.2887390618222465 0.0636319553441139
-27.287899860917946 -3.230694462216176 0.062355614357319705
-26.787204450625865 -3.1722939493834215 0.061090018769068916
-26.28650904033381 -3.1135368105620795 0.059835237096587196
-25.78581363004173 -3.0544223329902227 0.0585913378571091
-25.28511821974965 -2.9949498039059446 0.05735838956786474
-24.784422809457595 -2.935118510547344 0.05613646074608866
-24.283727399165514 -2.874927740152488 0.05492561990900832
-23.783031988873432 -2.8143767799594475 0.05372593557385916
-23.28233657858135 -2.7534649172063546 0.05253747625787128
-22.781641168289298 -2.692191439131264 0.0513603104782748
-22.280945757997216 -2.63055563297225 0.050194506752304274
-21.780250347705135 -2.568556785967436 0.04904013359718892
-21.27955493741308 -2.5061941853548824 0.04789725953016241
-20.778859527121 -2.4434671183726735 0.04676595306845485
-20.27816411682892 -2.380374872258903 0.0456462827293008
-19.777468706536865 -2.3169167342516594 0.04453831702992769
-19.276773296244784 -2.253091991589006 0.04344212448757098
-18.776077885952702 -2.1888999315090647 0.042357773619456335
-18.27538247566065 -2.1243398412498955 0.04128533294282363
-17.774687065368568 -2.059411008049583 0.04022487097490032
-17.273991655076486 -1.9941127191462282 0.039176456232917406
-16.773296244784433 -1.9284442617779103 0.03814015723410766
-16.27260083449235 -1.8624049231827158 0.03711604249570208
-15.77190542420027 -1.7959939905987206 0.036104180534932556
-15.271210013908217 -1.729210751264029 0.035104639869032755
-14.770514603616135 -1.662054492416706 0.0341174890152319
-14.269819193324054 -1.594524501294849 0.03314279649076099
-13.769123783032 -1.5266200651365534 0.03218063081285369
-13.268428372739919 -1.458340471179886 0.031231060498741886
-12.767732962447838 -1.389685006662937 0.030294154065655693
-12.267037552155784 -1.3206529588238016 0.029369980030828774
-11.766342141863703 -1.2512436149005577 0.02845860691148769
-11.265646731571621 -1.1814562621312952 0.02756010322487054
-10.764951321279568 -1.1112901877540953 0.026674537488208333
-10.264255910987487 -1.0407446790070463 0.025801978218727623
-9.763560500695405 -0.9698190231282275 0.024942493933666515
-9.262865090403352 -0.8985125073557398 0.024096153150248906
-8.76216968011127 -0.8268244189276626 0.023263024385714676
-8.261474269819189 -0.7547540450820645 0.022443176157291272
-7.760778859527136 -0.6823006730570675 0.021636676982208808
-7.260083449235054 -0.6094635900907122 0.02084359537770361
-6.759388038942973 -0.5362420834211168 0.02006399986100224
-6.25869262865092 -0.4626354402863626 0.019297958949340138
-5.757997218358838 -0.38864294792452014 0.018545541159947415
-5.257301808066757 -0.31426389357369366 0.017806815010056848
-4.756606397774675 -0.23949756447195725 0.017081849016899436
-4.255910987482622 -0.16434324785739562 0.016370711697705292
-3.7552155771905404 -0.08880023096810952 0.01567347156970808
-3.254520166898459 -0.012867801042169447 0.014990197150140577
-2.753824756606406 0.0634547546823363 0.01432095695623023
-2.2531293463143243 0.14016814896731766 0.01366581950521159
-1.7524339360222427 0.21722517385257462 0.01302311543810847
-1.2517385257301896 0.29755966620305835 0.012292851182197511
-0.7510431154381081 0.3749518776077887 0.011192878998609178
-0.25034770514602656 0.4445527121001404 0.010085577190542405
0.25034770514602656 0.512747426981918 0.009514784422809463
0.7510431154381081 0.5763226703755215 0.009279666203059806
1.2517385257301896 0.6345499304589718 0.009154687065368566
1.7524339360222427 0.691120166898469 0.00912009735744089
2.2531293463143243 0.7451279554937412 0.009170500695410292
2.753824756606406 0.7976008344923513 0.00934706536856746
3.254520166898459 0.8501246175243382 0.00967343532684283
3.7552155771905404 0.9019830319888733 0.010084589707927676
4.255910987482622 0.9518745479833108 0.010596856745479843
4.756606397774675 0.9991564673157152 0.011300834492350467
5.257301808066757 1.0397684283727398 0.01269318497913768
5.757997218358838 1.0735118219749655 0.015141863699582791
6.258692628650891 1.1073671766342132 0.017920723226703687
6.759388038942973 1.1430203059805282 0.02049731571627258
7.260083449235054 1.1784578581363008 0.023286105702364432
7.760778859527107 1.2168924895688444 0.026320319888734272
8.261474269819189 1.2587161335187755 0.029793810848400524
8.76216968011127 1.2974664812239225 0.034880417246175306
9.262865090403324 1.3269123783031982 0.041184673157162545
9.763560500695405 1.339517802503477 0.04892719054241994
10.264255910987487 1.3401186369958276 0.057785048678720516
10.76495132127954 1.3272532684283733 0.06507821974965211
11.265646731571621 1.3039065159262657 0.07104182690398328
11.766342141863703 1.2804693414741188 0.07697585955850955
12.267037552155784 1.2569311998616013 0.08287671806607633
12.767732962447838 1.233292803850629 0.08874447094391497
13.268428372739919 1.2095548662031135 0.09457918670925777
13.769123783032 1.1857180996809706 0.10038093387933611
14.269819193324054 1.161783217046116 0.10614978097138131
14.770514603616135 1.1377509310604605 0.11188579650262565
15.271210013908217 1.1136219544859205 0.11758904899030054
15.77190542420027 1.0893970000844115 0.12325960695163729
16.27260083449235 1.0650767806178447 0.1288975389038682
16.773296244784433 1.0406620088481362 0.13450291336422465
17.273991655076486 1.016153397537201 0.14007579884993798
17.774687065368568 0.9915516594469514 0.14561626387824048
18.27538247566065 0.9668575073393028 0.1511243769663635
18.776077885952702 0.9420716539761707 0.1566002066315384
19.276773296244784 0.9171948121194664 0.16204382139099746
19.777468706536865 0.8922276945311058 0.16745528976197213
20.27816411682892 0.8671710139730048 0.17283468026169363
20.778859527121 0.8420254832070746 0.1781820614073943
21.27955493741308 0.8167918149952308 0.1834975017163055
21.780250347705135 0.7914707220993893 0.18878106970565858
22.280945757997216 0.7660629172814615 0.19403283389268586
22.781641168289298 0.740569113303363 0.1992528627946187
23.28233657858135 0.7149900229270096 0.20444122492868846
23.783031988873432 0.6893263589143126 0.20959798881212735
24.283727399165514 0.6635788340271878 0.21472322296216675
24.784422809457567 0.6377481610275506 0.21981699589603812
25.28511821974965 0.6118350526773133 0.2248793761309736
25.78581363004173 0.5858402217383905 0.22991043218420468
26.286509040333783 0.5597643809726982 0.2349102325729627
26.787204450625865 0.5336082431421483 0.23987884581447985
27.287899860917946 0.5073725210086562 0.24481634042598757
27.78859527121 0.48105792733413777 0.2497227849247172
28.28929068150208 0.45466517488050395 0.25459824782790097
28.789986091794162 0.42819497640967086 0.25944279765277034
29.290681502086215 0.401648044683554 0.26425650291655667
29.791376912378297 0.37502509246406524 0.2690394321364922
30.29207232267038 0.34832683251311947 0.2737916538298082
30.79276773296246 0.3215539775926317 0.2785132365137364
31.293463143254513 0.29470724046451724 0.2832042487055083
31.794158553546595 0.26778733389068754 0.28786475892235597
32.294853963838676 0.24079497063305833 0.2924948356815109
32.79554937413073 0.21373086345354553 0.2970945475002045
33.29624478442281 0.18659572511406042 0.3016639628956689
33.79694019471489 0.15939026837651826 0.30620315038513546
34.297635605006946 0.13211520600283566 0.31071217848583566
34.79833101529903 0.10477125075492322 0.3151911157150018
35.29902642559111 0.07735911539469686 0.319640030589865
35.79972183588316 0.049879512684072536 0.32405899162765706
36.30041724617524 0.0223331553849615 0.32844806734560983
36.801112656467325 -0.0052792437407207515 0.3328073262609549
37.30180806675938 -0.032956971931057844 0.33713683689092355
37.80250347705146 -0.06069931642413917 0.34143666775274806
38.30319888734354 -0.0885055644580488 0.34570688736365984
38.803894297635594 -0.11637500327087058 0.34994756424089013
39.304589707927676 -0.14430692010069368 0.35415876690167136
39.80528511821976 -0.17230060218560217 0.35834056386323476
40.30598052851181 -0.20035533676368056 0.362493023642812
40.80667593880389 -0.2284704110730167 0.36661621475763495
41.30737134909597 -0.25664511235169574 0.3707102057249352
41.808066759388026 -0.28487872783780155 0.37477506506194413
42.30876216968011 -0.31317054476942285 0.3788108612858938
42.80945757997219 -0.34151985038464394 0.38281766291401575
43.31015299026424 -0.36992593192154866 0.3867955384635413
43.810848400556324 -0.3983880766182266 0.3907445564517029
44.311543810848406 -0.4269055717127612 0.3946647853957317
44.81223922114046 -0.45547770444323676 0.39855629381285895
45.31293463143254 -0.4841037620477424 0.40241915022031727
45.81363004172462 -0.5127830317643625 0.40625342313533774
46.314325452016675 -0.5415148008311803 0.41005918107515194
46.81502086230876 -0.5702983564862856 0.41383649255699195
47.31571627260084 -0.5991329859677621 0.41758542609808924
47.81641168289289 -0.6280179765136937 0.42130605021567535
48.31710709318497 -0.6569526153621701 0.42499843342698207
48.817802503477054 -0.685936189751275 0.42866264424924116
49.318497913769136 -0.7149679869190937 0.4322987511996842
49.81919332406119 -0.7440472941037108 0.4359068227955426
50.31988873435327 -0.7731733985432157 0.4394869275540486
50.82058414464535 -0.8023455874756911 0.44303913399243344
51.321279554937405 -0.8315631481392227 0.44656351062792854
51.82197496522949 -0.8608253677718984 0.45006012597776623
52.32267037552157 -0.890131533611803 0.45352904855917786
52.82336578581362 -0.9194809328970197 0.456970346889395
53.3240611961057 -0.9488728528656383 0.46038408948564946
53.824756606397784 -0.978306580755743 0.463770344865173
54.32545201668984 -1.0077814038054167 0.4671291815451969
54.82614742698192 -1.03729660925275 0.4704606680429533
55.326842837274 -1.0668514843358259 0.4737648728756736
55.82753824756605 -1.096445316292729 0.4770418645605893
56.328233657858135 -1.1260773923615477 0.48029171161493245
56.82892906815022 -1.155746999780367 0.48351448255593477
57.32962447844227 -1.1854534257872706 0.48671024590082734
57.83031988873435 -1.215195957620347 0.4898790701668424
58.33101529902643 -1.244973882517681 0.4930210238712115
58.831710709318486 -1.274786487717356 0.49613617553116596
59.33240611961057 -1.3046330604574616 0.499224593663938
59.83310152990265 -1.3345128879760817 0.5022863467867589
60.3337969401947 -1.3644252575113 0.5053215034168602
60.834492350486784 -1.394369456301206 0.508330132071474
61.335187760778865 -1.424344771583884 0.5113123012678319
61.83588317107092 -1.4543504905974176 0.5142680795231651
62.336578581363 -1.4843859005798956 0.5171975353547058
62.83727399165508 -1.5144502887694027 0.5201007372796855
63.337969401947134 -1.5445429424040227 0.5229777538153357
63.838664812239216 -1.5746631487218448 0.5258286534788884
64.3393602225313 -1.6048101949609528 0.528653504787575
64.84005563282335 -1.634983368359431 0.5314523762586271
65.34075104311543 -1.6651819561553678 0.5342253364092767
65.84144645340751 -1.6954052455868482 0.5369724537567552
66.34214186369957 -1.7256525238919562 0.5396937968182942
66.84283727399165 -1.75592307830878 0.5423894341111256
67.34353268428373 -1.7862161960754044 0.5450594341524811
67.84422809457581 -1.8165311644299145 0.5477038654595922
68.34492350486786 -1.846867270610395 0.5503227965496904
68.84561891515995 -1.8772238018549352 0.5529162959400078
69.34631432545203 -1.907600045401618 0.5554844321477759
69.84700973574408 -1.937995288488528 0.5580272736902262
70.34770514603616 -1.9684088183537551 0.5605448890845904
70.84840055632824 -1.9988399222353825 0.5630373468481004
71.3490959666203 -2.029287887371494 0.5655047154979876
71.84979137691238 -2.05975200100018 0.5679470635514839
72.35048678720446 -2.0902315503595226 0.5703644595258209
72.85118219749651 -2.120725822687607 0.5727569719382302
73.3518776077886 -2.151234105222523 0.5751246693059434
73.85257301808068 -2.1817556852023534 0.5774676201461924
74.35326842837273 -2.212289849865183 0.5797858929762084
74.85396383866481 -2.2428358864491003 0.5820795563132237
75.35465924895689 -2.2733930821921895 0.5843486786744696
75.85535465924895 -2.3039607243325344 0.5865933285771777
76.35605006954103 -2.334538100108225 0.5888135745385801
76.85674547983308 -2.3651244967573426 0.5910094850759077
77.35744089012519 -2.395719201517979 0.5931811287063933
77.85813630041724 -2.4263215016282125 0.5953285739472672
78.3588317107093 -2.4569306843261325 0.5974518893157621
78.8595271210014 -2.487546036849828 0.5995511433291094
79.36022253129346 -2.518166846437378 0.6016264045045406
79.86091794158551 -2.548792400326871 0.6036777413592875
80.36161335187762 -2.5794219857563974 0.6057052224105819
80.86230876216968 -2.610054889964035 0.6077089161756551
81.36300417246173 -2.6406904001878733 0.6096888911717391
81.86369958275384 -2.671327803666001 0.6116452159160654
82.36439499304589 -2.7019663876364977 0.6135779589258656
82.86509040333794 -2.732605439337453 0.6154871887183716
83.36578581363005 -2.7632442460069555 0.6173729738108151
83.86648122392211 -2.7938820948830827 0.6192353827204274
84.36717663421416 -2.8245182732039265 0.6210744839644404
84.86787204450627 -2.8551520682075733 0.622890346060086
85.36856745479832 -2.8857827671321044 0.6246830375245953
85.86926286509038 -2.916409657215607 0.6264526268752004
86.36995827538249 -2.9470320256961706 0.628199182629133
86.87065368567454 -2.9776491598118753 0.6299227733036243
87.3713490959666 -3.0082603468008093 0.6316234674159064
87.8720445062587 -3.038864873901062 0.6333013334832113
88.37273991655076 -3.0694620283507117 0.6349564400227695
88.87343532684281 -3.1000510973878486 0.6365888555518138
89.37413073713492 -3.130631368250561 0.6381986485875757
89.87482614742697 -3.161202128176928 0.6397858876472862
90.37552155771903 -3.191762664405039 0.6413506412481774
90.87621696801114 -3.2223122641729827 0.6428929779074813
91.37691237830319 -3.2528502147188387 0.6444129661424292
91.87760778859524 -3.2833758032806966 0.6459106744702525
92.37830319888735 -3.3138883170966427 0.6473861714081833
92.8789986091794 -3.3443870434047582 0.6488395254734532
93.37969401947146 -3.3748712694431333 0.6502708051832938
93.88038942976357 -3.4053402824498544 0.6516800790549369
94.38108484005562 -3.4357933696630027 0.6530674156056139
94.88178025034773 -3.4662298183206692 0.6544328833525566
95.38247566063978 -3.496648915660934 0.6557765508129968
95.88317107093184 -3.527049948921885 0.6570984865041659
96.38386648122395 -3.5574322053416116 0.6583987589432957
96.884561891516 -3.5877949721581937 0.6596774366476181
97.38525730180805 -3.6181375366097193 0.6609345881343645
97.88595271210016 -3.6484591859342785 0.6621702819207664
98.38664812239222 -3.67875920736995 0.6633845865240557
98.88734353268427 -3.709036888154822 0.6645775704614642
99.38803894297638 -3.7392915155269844 0.6657493022502234
99.88873435326843 -3.7695223767245167 0.666899850407565
100.38942976356049 -3.7997287589855073 0.6680292834507204
100.8901251738526 -3.8299099495480444 0.6691376698969221
101.39082058414465 -3.860065235650209 0.6702250782634004
101.8915159944367 -3.890193904530088 0.6712915770673883
102.39221140472881 -3.920295243425773 0.6723372348261171
102.89290681502086 -3.950368539575341 0.6733621200568178
103.39360222531292 -3.9804130802168824 0.6743663012767228
103.89429763560503 -4.010428152588484 0.6753498470030636
104.39499304589708 -4.040413043928228 0.6763128257530717
104.89568845618913 -4.070367041474201 0.6772553060439789
105.39638386648124 -4.100289432464494 0.6781773563930168
105.8970792767733 -4.130179504137184 0.6790790453174173
106.39777468706535 -4.160036543730361 0.6799604413344116
106.89847009735746 -4.189859838482114 0.6808216129612318
107.39916550764951 -4.219648675630523 0.6816626287151093
107.89986091794157 -4.249402342413678 0.6824835571132759
108.40055632823368 -4.279120126069664 0.6832844666729634
108.90125173852573 -4.308801313836563 0.6840654259114031
109.40194714881778 -4.338445192952462 0.684826503345827
109.90264255910989 -4.368051050655453 0.6855677674934667
110.40333796940195 -4.397618174183614 0.6862892868715537
110.904033379694 -4.427145850775033 0.6869911299973196
111.40472878998611 -4.456633367667799 0.6876733653879967
111.90542420027816 -4.486080012099993 0.688336061560816
112.40611961057022 -4.515485071309703 0.688979287033009
112.90681502086233 -4.544847832535017 0.6896031103218084
113.40751043115438 -4.574167583014015 0.6902075999444447
113.90820584144643 -4.603443609984787 0.6907928244181504
114.40890125173854 -4.632675200685419 0.6913588522601567
114.9095966620306 -4.661861642353994 0.6919057519876955
115.41029207232265 -4.691002222228597 0.6924335921179986
115.91098748261476 -4.720096227547322 0.6929424411682972
116.41168289290681 -4.749142945548244 0.6934323676558233
116.91237830319886 -4.778141663469453 0.6939034400978085
117.41307371349097 -4.807091668549039 0.6943557270114845
117.91376912378303 -4.8359922480250805 0.6947892969140828
118.41446453407508 -4.864842689135667 0.6952042183228354
118.91515994436719 -4.893642279118886 0.6956005597549737
119.41585535465924 -4.922390305212819 0.6959783897277294
119.9165507649513 -4.951086054655552 0.6963377767583342
120.4172461752434 -4.979728814685178 0.6966787893640197
120.91794158553546 -5.008317872539772 0.6970014960620179
121.41863699582751 -5.036852515457426 0.69730596536956
121.91933240611962 -5.0653320306762275 0.6975922658038779
122.42002781641168 -5.093755705434257 0.6978604658822031
122.92072322670373 -5.1221228269695995 0.6981106341217674
123.42141863699584 -5.15043268252035 0.6983428390398028
123.92211404728789 -5.178684559324584 0.6985571491535404
124.42280945757994 -5.2068777446203915 0.6987536329802121
124.92350486787205 -5.23501152564586 0.6989323590370501
125.42420027816411 -5.263085189639073 0.6990933958412849
125.92489568845616 -5.291098023838114 0.699236811910149
126.42559109874827 -5.319049315481075 0.6993626757608739
126.92628650904032 -5.346938351806035 0.6994710559106915
127.42698191933238 -5.374764420051081 0.6995620208768327
127.92767732962449 -5.402526807454304 0.69963563917653
128.42837273991654 -5.430224801253784 0.699691979327015
128.9290681502086 -5.457857688687611 0.6997311098455188
129.4297635605007 -5.4854247569938686 0.6997530992492734
129.93045897079276 -5.512925293410639 0.6997580160555105
130.4311543810848 -5.540358585176013 0.6997459287814619
130.93184979137692 -5.567723919528077 0.699716905944359
131.43254520166897 -5.59502058370491 0.6996710160614337
131.93324061196108 -5.622247864944609 0.6996083276499172
132.43393602225314 -5.649405050485248 0.6995289092270415
132.9346314325452 -5.676491427564916 0.6994328293100386
133.4353268428373 -5.703506283421705 0.6993201564161396
133.93602225312935 -5.730448905293692 0.6991909590625766
134.4367176634214 -5.757318580418968 0.699045305766581
134.93741307371351 -5.7841145960356215 0.6988832650453843
135.43810848400557 -5.810836239381729 0.6987049054162188
135.93880389429762 -5.837482797695383 0.6985102953963153
136.43949930458973 -5.864053558214669 0.6982995035029064
136.94019471488178 -5.89054780817767 0.6980725982532229
137.44089012517384 -5.916964834822474 0.6978296481644971
137.94158553546595 -5.943303925387168 0.6975707217539607
138.442280945758 -5.969564367109832 0.6972958875388447
138.94297635605005 -5.995745447228555 0.6970052140363815
139.44367176634216 -6.021846452981428 0.696698769763802
139.94436717663422 -6.047866671606526 0.6963766232383389
140.44506258692627 -6.073805390341944 0.6960388429772227
140.94575799721838 -6.099661896425764 0.6956854974976862
141.44645340751043 -6.125435477096071 0.6953166553169604
141.94714881780249 -6.151125419590951 0.6949323849522772
142.4478442280946 -6.176731011148494 0.6945327549208676
142.94853963838665 -6.202251539006779 0.6941178337399642
143.4492350486787 -6.227686290403895 0.6936876899267984
143.9499304589708 -6.25303455257793 0.6932423919986016
144.45062586926286 -6.278295612766964 0.6927820084726058
144.95132127955492 -6.303468758209087 0.6923066078660424
145.45201668984703 -6.328553276142387 0.6918162586961428
145.95271210013908 -6.353548453804944 0.6913110294801396
146.45340751043113 -6.3784535784348435 0.6907909887352633
146.95410292072324 -6.403267937270179 0.6902562049787467
147.4547983310153 -6.427990817549031 0.6897067467278207
147.95549374130735 -6.452621506509482 0.6891426824997172
148.45618915159946 -6.477159291389624 0.6885640808116681
148.9568845618915 -6.501603459427539 0.6879710101809048
149.45757997218357 -6.525953297861312 0.687363539124659
149.95827538247568 -6.550208093929033 0.6867417361601621
150.45897079276773 -6.574367134868783 0.686105669804646
150.95966620305978 -6.598429707918651 0.6854554085753429
151.4603616133519 -6.622395100316723 0.6847910209894835
151.96105702364395 -6.64626259930108 0.6841125755643002
152.461752433936 -6.6700314921098105 0.6834201408170241
152.9624478442281 -6.693701065981005 0.6827137852648878
153.46314325452016 -6.717270608152742 0.6819935774251219
153.96383866481222 -6.74073940586311 0.6812595858149585
154.46453407510432 -6.764106746350198 0.6805118789516297
154.96522948539638 -6.787371916852086 0.6797505253523662
155.46592489568843 -6.810534204606862 0.6789755935344003
155.96662030598054 -6.833592896852615 0.6781871520149639
156.4673157162726 -6.856547280827424 0.6773852693112884
156.96801112656465 -6.879396643769379 0.6765700139406049
157.46870653685676 -6.902140272916569 0.675741454420146
157.9694019471488 -6.924777455507071 0.6748996592671433
158.47009735744086 -6.947307478778978 0.6740446969988277
158.97079276773297 -6.9697296299703755 0.6731766361324311
159.47148817802503 -6.992043196319344 0.6722955451851859
159.97218358831708 -7.014247465063972 0.6714014926743229
160.4728789986092 -7.0363417234423515 0.6704945471170739
160.97357440890124 -7.058325258692555 0.6695747770306714
161.4742698191933 -7.080197358052679 0.6686422509323459
161.9749652294854 -7.101957308760808 0.6676970373393297
162.47566063977746 -7.123604398055022 0.6667392047688548
162.9763560500695 -7.145137913173411 0.665768821738152
163.47705146036162 -7.166557141354062 0.6647859567644531
163.97774687065368 -7.187861369835055 0.6637906783649908
164.47844228094573 -7.209049885854483 0.6627830550569954
164.97913769123784 -7.230121976650427 0.6617631553576996
165.4798331015299 -7.251076929460973 0.6607310477843346
165.98052851182194 -7.271914031524208 0.6596868008541322
166.48122392211405 -7.29263257007822 0.6586304830843238
166.9819193324061 -7.3132318323610885 0.6575621629921414
167.48261474269816 -7.333711105610904 0.6564819090948167
167.98331015299027 -7.354069677065752 0.6553897899095812
168.48400556328232 -7.374306833963715 0.6542858739536662
168.98470097357443 -7.394421863542886 0.6531702297443039
169.4853963838665 -7.414414053041341 0.6520429257987265
169.98609179415854 -7.43428268969717 0.6509040306341641
170.48678720445065 -7.454027060748462 0.6497536127678497
170.9874826147427 -7.4736464534332985 0.6485917407170149
171.48817802503476 -7.493140154989767 0.6474184829988904
171.98887343532687 -7.512507452655953 0.6462339081307084
172.48956884561892 -7.531747633669941 0.6450380846297009
172.99026425591097 -7.550859985269819 0.6438310810130995
173.49095966620308 -7.569843794693671 0.6426129657981349
173.99165507649514 -7.588698349179584 0.6413838075020407
174.4923504867872 -7.6074229359656425 0.6401436746420462
174.9930458970793 -7.6260168422899355 0.6388926357353849
175.49374130737135 -7.644479355390541 0.6376307592992879
175.9944367176634 -7.66280976250555 0.6363581138509867
176.49513212795551 -7.681007350873051 0.6350747679077128
176.99582753824757 -7.699071407731125 0.6337807899866988
177.49652294853962 -7.717001220317858 0.632476248605175
177.99721835883173 -7.7347960758713405 0.6311612122803737
178.49791376912378 -7.7524552616296525 0.6298357495295271
178.99860917941584 -7.769978064830884 0.6284999288698668
179.49930458970795 -7.7873637727131175 0.6271538188186235
180.0 -7.80461167251444 0.6257974878930294
