Polar data for a18sm at Re = 300000.0
Alpha (deg) Cl Cd
-180.0 -10.08481933184066 1.019478886947665
-179.49930458970792 -10.097308997352975 1.0170821984744332
-178.99860917941587 -10.109619542453423 1.0146684587764594
-178.49791376912378 -10.12175050065505 1.0122377914915872
-177.9972183588317 -10.133701405470902 1.0097903202576597
-177.49652294853965 -10.145471790414025 1.0073261687125186
-176.99582753824757 -10.15706118899746 1.0048454604940082
-176.4951321279555 -10.168469134734254 1.0023483192399714
-175.99443671766343 -10.179695161137452 0.9998348685882533
-175.49374130737135 -10.190738801720103 0.9973052321766934
-174.99304589707927 -10.20159958999525 0.9947595336431384
-174.49235048678722 -10.21227705947594 0.9921978966254305
-173.99165507649514 -10.22277074367522 0.9896204447614118
-173.49095966620305 -10.233080176106128 0.9870273016889272
-172.990264255911 -10.243204890281715 0.9844185910458171
-172.48956884561892 -10.253144419715028 0.981794436469929
-171.98887343532684 -10.262898297919108 0.979154961599103
-171.48817802503476 -10.272466058407002 0.9765002900711833
-170.9874826147427 -10.281847234691757 0.9738305455240136
-170.48678720445062 -10.291041360286417 0.9711458515954355
-169.98609179415854 -10.300047968704028 0.968446331923294
-169.4853963838665 -10.308866593457639 0.9657321101454311
-168.9847009735744 -10.317496768060288 0.963003309899691
-168.48400556328232 -10.325938026025025 0.9602600548239174
-167.98331015299027 -10.334189900864894 0.9575024685559518
-167.4826147426982 -10.342251926092942 0.9547306747336372
-166.9819193324061 -10.350123635222214 0.9519447969948197
-166.48122392211405 -10.357804561765757 0.9491449589773399
-165.98052851182197 -10.365294239236615 0.9463312843190429
-165.4798331015299 -10.37259220114783 0.9435038966577692
-164.97913769123784 -10.37969798101245 0.9406629196313651
-164.47844228094576 -10.386611112343523 0.9378084768776721
-163.97774687065368 -10.393331128654092 0.934940692034533
-163.47705146036162 -10.399857563457202 0.9320596887397926
-162.97635605006954 -10.406189950265901 0.9291655906312931
-162.47566063977746 -10.412327822593234 0.9262585213468789
-161.9749652294854 -10.418270713952243 0.9233386045243913
-161.47426981919332 -10.424018157855976 0.9204059638016743
-160.97357440890124 -10.429569687817478 0.9174607228165726
-160.4728789986092 -10.434924837349794 0.9145030052069277
-159.9721835883171 -10.440083139965973 0.9115329346105826
-159.47148817802503 -10.445044129179056 0.908550634665383
-158.97079276773297 -10.44980733850209 0.9055562290091707
-158.4700973574409 -10.454372301448123 0.9025498412797878
-157.9694019471488 -10.458738551530194 0.8995315951150774
-157.46870653685676 -10.462905622261353 0.8965016141528853
-156.96801112656468 -10.466873047154646 0.8934600220310515
-156.4673157162726 -10.470640359723118 0.8904069423874216
-155.96662030598054 -10.474207093479812 0.8873424988598396
-155.46592489568846 -10.47757278193778 0.8842668150861456
-154.96522948539638 -10.48073695861006 0.8811800147041847
-154.46453407510432 -10.483699157009697 0.8780822213518006
-153.96383866481224 -10.486458910649745 0.8749735586668349
-153.46314325452016 -10.48901575304324 0.8718541502871334
-152.9624478442281 -10.49136921770323 0.8687241198505365
-152.46175243393603 -10.493518838142766 0.8655835909948887
-151.96105702364395 -10.49546414787489 0.8624326873580342
-151.4603616133519 -10.497204680412647 0.8592715325778145
-150.9596662030598 -10.498739969269081 0.8561002502920748
-150.45897079276773 -10.500069547957239 0.8529189641386555
-149.95827538247568 -10.501192949990164 0.8497277977554033
-149.4575799721836 -10.502109708880907 0.8465268747801572
-148.9568845618915 -10.502819358142508 0.8433163188507639
-148.45618915159943 -10.503321431288015 0.8400962536050663
-147.95549374130738 -10.503615461830478 0.8368668026809055
-147.4547983310153 -10.503700983282933 0.8336280897161267
-146.95410292072324 -10.50357752915843 0.8303802383485733
-146.45340751043116 -10.503244632970016 0.8271233722160872
-145.95271210013908 -10.502701828230734 0.8238576149565123
-145.452016689847 -10.50194864845363 0.8205830902076917
-144.95132127955495 -10.500984627151752 0.8172999216074693
-144.45062586926286 -10.499809297838146 0.8140082327936865
-143.94993045897078 -10.49842219402585 0.8107081474041872
-143.44923504867873 -10.496822849227916 0.8073997890768171
-142.94853963838665 -10.495010796957386 0.8040832814494167
-142.44784422809457 -10.49298557072731 0.8007587481598307
-141.9471488178025 -10.490746704050729 0.7974263128459015
-141.44645340751043 -10.48829373044069 0.7940860991454711
-140.94575799721835 -10.485626183410238 0.7907382306963845
-140.44506258692627 -10.482743596472421 0.7873828311364856
-139.94436717663422 -10.479645503140283 0.7840200241036165
-139.44367176634213 -10.476331436926868 0.7806499332356204
-138.94297635605005 -10.472800931345223 0.7772726821703412
-138.442280945758 -10.46905351990839 0.7738883945456202
-137.94158553546592 -10.46508873612942 0.770497193999304
-137.44089012517384 -10.460906113521354 0.7670992041692323
-136.94019471488178 -10.456505185597244 0.7636945486932515
-136.4394993045897 -10.451885485870127 0.7602833512092021
-135.93880389429762 -10.447046547853052 0.7568657353549281
-135.43810848400557 -10.441987905059065 0.7534418247682743
-134.9374130737135 -10.43670909100121 0.750011743087082
-134.4367176634214 -10.431209639192536 0.7465756139491943
-133.93602225312935 -10.425489083146084 0.7431335609924569
-133.43532684283727 -10.419546956374903 0.739685707854712
-132.9346314325452 -10.413382792392039 0.7362321781738009
-132.43393602225314 -10.406996124710533 0.7327730955875676
-131.93324061196105 -10.400386486843432 0.729308583733857
-131.43254520166897 -10.393553412303785 0.7258387662505111
-130.93184979137692 -10.38649643460463 0.7223637667753741
-130.43115438108484 -10.379215087259022 0.7188837089462871
-129.93045897079276 -10.371708903779998 0.7153987164010959
-129.4297635605007 -10.363977417680614 0.7119089127776436
-128.92906815020862 -10.356020162473902 0.7084144217137688
-128.42837273991654 -10.347836671672916 0.7049153668473217
-127.92767732962449 -10.339426478790699 0.7014118718161401
-127.4269819193324 -10.330789117340299 0.6979040602580705
-126.92628650904032 -10.321924120834757 0.6943920558109534
-126.42559109874827 -10.31283102278712 0.6908759821126346
-125.92489568845619 -10.303509356710443 0.6873559628009561
-125.42420027816411 -10.293958656117754 0.6838321215137612
-124.92350486787205 -10.28417845452211 0.6803045818888928
-124.42280945757997 -10.274168285436552 0.6767734675641958
-123.92211404728789 -10.26392768237413 0.6732389021775115
-123.42141863699584 -10.253456178847884 0.6697010093666848
-122.92072322670376 -10.242753308370864 0.6661599127695569
-122.42002781641168 -10.231818604456112 0.662615736023971
-121.91933240611961 -10.22065160061668 0.6590686027677736
-121.41863699582754 -10.209251830365606 0.6555186366388043
-120.91794158553546 -10.197618827215935 0.6519659612749088
-120.41724617524339 -10.185752124680718 0.6484107003139276
-119.91655076495132 -10.173651256272997 0.6448529773937063
-119.41585535465924 -10.161315755505818 0.6412929161520898
-118.91515994436718 -10.148745155892229 0.6377306402269168
-118.41446453407511 -10.135938990945272 0.6341662732560339
-117.91376912378303 -10.122896794177993 0.6305999388772824
-117.41307371349096 -10.10961809910344 0.6270317607285071
-116.91237830319889 -10.096102439234654 0.6234618624475502
-116.41168289290681 -10.082349348084684 0.6198903676722539
-115.91098748261474 -10.068358359166576 0.616317400040464
-115.41029207232268 -10.05412900599337 0.6127430831900226
-114.9095966620306 -10.03966082207812 0.609167540758771
-114.40890125173853 -10.02495334093387 0.6055908963845559
-113.90820584144646 -10.010006096073656 0.6020132737052194
-113.40751043115438 -9.994818621010532 0.5984347963586029
-112.90681502086231 -9.979390449257542 0.594855587982552
-112.40611961057024 -9.96372111432773 0.5912757722149072
-111.90542420027816 -9.947810149734142 0.5876954726935152
-111.4047287899861 -9.931657088989827 0.5841148130562172
-110.90403337969401 -9.915261465607822 0.5805339169408562
-110.40333796940195 -9.898622813101184 0.5769529079852763
-109.90264255910988 -9.881740664982946 0.5733719098273197
-109.4019471488178 -9.864614554766161 0.5697910461048311
-108.90125173852573 -9.847244015963875 0.566210440455651
-108.40055632823366 -9.82962858208913 0.562630216517627
-107.89986091794158 -9.811767786654972 0.5590504979285985
-107.39916550764951 -9.793661163174452 0.5554714083264113
-106.89847009735745 -9.775308245160609 0.5518930713489058
-106.39777468706536 -9.756708566126488 0.5483156106339268
-105.8970792767733 -9.737861659585139 0.5447391498193191
-105.39638386648123 -9.7187670590496 0.5411638125429242
-104.89568845618915 -9.699424298032929 0.5375897224425842
-104.39499304589708 -9.67983291004816 0.5340170031561448
-103.89429763560501 -9.659992428608348 0.530445778321449
-103.39360222531293 -9.639902387226526 0.5268761715763365
-102.89290681502086 -9.61956231941575 0.5233083065586556
-102.3922114047288 -9.59897175868906 0.5197423069062467
-101.89151599443672 -9.578130238559504 0.5161782962569529
-101.39082058414465 -9.557037292540127 0.5126163982486182
-100.89012517385257 -9.535692454143975 0.5090567365190856
-100.3894297635605 -9.514095256884094 0.5054994347061982
-99.88873435326843 -9.49224523427353 0.5019446164478009
-99.38803894297635 -9.470141919825318 0.498392405381734
-98.88734353268428 -9.447784847052523 0.4948429251458416
-98.38664812239222 -9.425173549468175 0.49129629937796937
-97.88595271210013 -9.402307560585323 0.48775265171595683
-97.38525730180807 -9.379186413917013 0.4842121057976506
-96.884561891516 -9.355809642976292 0.480674785260892
-96.38386648122392 -9.332176781276205 0.47714081374352235
-95.88317107093185 -9.3082873623298 0.47361031488339
-95.38247566063978 -9.284140919650117 0.4700834123183354
-94.8817802503477 -9.259736986750204 0.4665602296861998
-94.38108484005564 -9.235075097143104 0.463040890624829
-93.88038942976357 -9.210154784341867 0.45952551877206693
-93.37969401947149 -9.184975581859536 0.456014237765754
-92.87899860917942 -9.159537023209156 0.45250717124373596
-92.37830319888734 -9.133838641903779 0.4490044428438541
-91.87760778859527 -9.107879971456438 0.4455061762039524
-91.3769123783032 -9.081660545380185 0.44201249496187567
-90.87621696801112 -9.055179897188067 0.43852352275546613
-90.37552155771905 -9.028437560393128 0.4350393832225651
-89.87482614742699 -9.001433068508414 0.43156020000101736
-89.3741307371349 -8.974165955046974 0.42808609672866516
-88.87343532684284 -8.94663575352184 0.424617197043356
-88.37273991655077 -8.918841997446076 0.4211536245829267
-87.87204450625869 -8.890784220332714 0.4176955029852266
-87.37134909596662 -8.862461955694805 0.4142429558880917
-86.87065368567455 -8.833874737045392 0.41079610692937385
-86.36995827538247 -8.805022097897522 0.4073550797469091
-85.8692628650904 -8.775903571764237 0.4039199979785423
-85.36856745479834 -8.74651869215859 0.4004909852621218
-84.86787204450626 -8.716866992593623 0.3970681652354845
-84.36717663421419 -8.68694800658238 0.393651661536477
-83.86648122392211 -8.656761267637904 0.39024159780294243
-83.36578581363004 -8.626306309273247 0.38683809767272204
-82.86509040333797 -8.595582665001448 0.3834412847836598
-82.36439499304589 -8.564589868335556 0.3800512827735988
-81.86369958275382 -8.53332745278862 0.37666821528038474
-81.36300417246176 -8.501794951873672 0.3732922059418572
-80.86230876216968 -8.469991899103777 0.369923378395861
-80.36161335187761 -8.437917827991967 0.36656185628024185
-79.86091794158554 -8.405572272051284 0.36320776323283754
-79.36022253129346 -8.37295476479479 0.35986122289149824
-78.85952712100139 -8.340064839735515 0.3565223588940599
-78.35883171070932 -8.306902030386508 0.3531912948783683
-77.85813630041724 -8.273465870260823 0.34986815448227093
-77.35744089012518 -8.239755892871496 0.3465530613436073
-76.85674547983311 -8.205771631731576 0.34324613910021873
-76.35605006954103 -8.171512620354104 0.33994751138995183
-75.85535465924896 -8.136978392252136 0.3366573018506497
-75.35465924895689 -8.102168480938705 0.3333756341201536
-74.85396383866481 -8.067082419926862 0.3301026318363084
-74.35326842837274 -8.03171974272966 0.32683841863695806
-73.85257301808066 -7.9960799828601274 0.3235831181599421
-73.3518776077886 -7.960162673831327 0.3203368540431072
-72.85118219749653 -7.9239673491563 0.3170997499242937
-72.35048678720445 -7.8874935423480785 0.3138719294413491
-71.84979137691238 -7.850740786919722 0.3106535162321121
-71.34909596662031 -7.813708616384279 0.3074446339344302
-70.84840055632823 -7.7763965642547745 0.30424540618614293
-70.34770514603616 -7.738804164044279 0.30105595662509776
-69.8470097357441 -7.700930949265821 0.2978764088891298
-69.34631432545201 -7.66277645343245 0.2947068866160928
-68.84561891515995 -7.624340210057213 0.2915475134438227
-68.34492350486788 -7.585621752653157 0.2883984130101661
-67.8442280945758 -7.546620614733325 0.2852597089529626
-67.34353268428373 -7.507336329810766 0.28213152491006144
-66.84283727399166 -7.467768431398525 0.2790139845193004
-66.34214186369958 -7.427916453009637 0.27590721141852337
-65.84144645340751 -7.387779928157158 0.27281132924557705
-65.34075104311543 -7.347358390354135 0.26972646163830005
-64.84005563282336 -7.306651373113606 0.266652732234539
-64.3393602225313 -7.265658409948621 0.263590264672137
-63.838664812239216 -7.224379034372227 0.26053918258893527
-63.33796940194715 -7.182812779897457 0.25749960962277874
-62.83727399165508 -7.140959180037381 0.25447166941151045
-62.336578581363 -7.098817768305022 0.2514554855929735
-61.83588317107093 -7.056388078213427 0.24845118180501002
-61.335187760778865 -7.013669643275659 0.24545888168546492
-60.834492350486784 -6.970661997004747 0.24247870887218037
-60.333796940194716 -6.92736467291374 0.23951078700299944
-59.83310152990265 -6.883777204515688 0.23655523971576609
-59.33240611961057 -6.839899125323633 0.2336121906483234
-58.8317107093185 -6.795729968850619 0.23068176343851354
-58.33101529902643 -6.751269268609697 0.2277640817241805
-57.83031988873435 -6.706516558113904 0.22485926914316823
-57.329624478442284 -6.661471370876292 0.22196744933332158
-56.82892906815022 -6.6161332404099085 0.21908874593247918
-56.328233657858135 -6.570501700227794 0.21622328257848766
-55.82753824756607 -6.52457628384299 0.21337118290918833
-55.326842837273986 -6.478356524768557 0.2105325705624269
-54.82614742698192 -6.431841956517523 0.20770756917604472
-54.32545201668985 -6.385032112602939 0.20489630238788303
-53.82475660639777 -6.33792652653786 0.20209889383578938
-53.3240611961057 -6.290524731835323 0.19931546715760595
-52.823365785813635 -6.242826262008364 0.19654614599117404
-52.322670375521554 -6.194830650570054 0.1937910539743385
-51.82197496522949 -6.1465374310334155 0.1910503147449406
-51.321279554937405 -6.097946136911503 0.18832405194082524
-50.82058414464535 -6.049056301717361 0.18561238919983725
-50.31988873435327 -5.999867458964037 0.18291545015981525
-49.81919332406119 -5.950379142164568 0.18023335845860855
-49.318497913769136 -5.90059088483201 0.177566237734054
-48.817802503477054 -5.850502220479406 0.17491421162399912
-48.31710709318497 -5.8001126826197975 0.1722774037662843
-47.81641168289292 -5.749421804766229 0.16965593779875798
-47.31571627260084 -5.698429120431754 0.16704993735925788
-46.81502086230876 -5.647134163129408 0.16445952608562708
-46.3143254520167 -5.595536466372245 0.161884827615714
-45.81363004172462 -5.543635563673313 0.15932596558735812
-45.31293463143254 -5.491430988545638 0.15678306363840344
-44.81223922114049 -5.438922274502289 0.15425624540669036
-44.311543810848406 -5.386108955056301 0.15174563453006729
-43.810848400556324 -5.33299056372071 0.14925135464637374
-43.31015299026427 -5.279566634008582 0.14677352939345634
-42.80945757997219 -5.22583669943295 0.14431228240915284
-42.30876216968011 -5.171800293506855 0.14186773733131253
-41.808066759388026 -5.1174569497433495 0.13944001779777404
-41.30737134909597 -5.062806201655487 0.137029247446384
-40.80667593880389 -5.007847582756295 0.13463554991498283
-40.30598052851181 -4.952580626558824 0.13225904884141626
-39.80528511821976 -4.897004866576143 0.12989986786352736
-39.304589707927676 -4.841119836321258 0.12755813061915566
-38.803894297635594 -4.784925069307242 0.1252339607461478
-38.30319888734354 -4.728420099047142 0.12292748188234681
-37.80250347705146 -4.671604459053977 0.1206388176655967
-37.30180806675938 -4.614477682840814 0.11836809173373608
-36.801112656467325 -4.557039303920707 0.11611542772461514
-36.30041724617524 -4.499288855806675 0.11388094927607162
-35.79972183588316 -4.441225872011778 0.1116647800259486
-35.29902642559111 -4.3828498860490726 0.10946704361209358
-34.79833101529903 -4.324160431431576 0.10728786367234788
-34.297635605006946 -4.2651570416723565 0.10512736384455368
-33.79694019471489 -4.20583925028447 0.10298566776655493
-33.29624478442281 -4.1462065907809205 0.10086289907619472
-32.79554937413073 -4.086258596674778 0.0987591814113179
-32.294853963838676 -4.025994801479111 0.09667463840976398
-31.794158553546595 -3.965414738706919 0.0946093937093796
-31.293463143254513 -3.9045179418712768 0.09256357094800693
-30.79276773296246 -3.843303944485236 0.09053729376348907
-30.29207232267038 -3.781772280061816 0.08853068579366818
-29.791376912378297 -3.719922482114072 0.08654387067638825
-29.290681502086244 -3.6577540841550698 0.08457697204949499
-28.789986091794162 -3.595266619697821 0.08263011355082617
-28.28929068150208 -3.532459622255392 0.08070341881823195
-27.788595271210028 -3.469332625340837 0.07879701148955276
-27.287899860917946 -3.4058851624671758 0.07691101520262544
-26.787204450625865 -3.342116767147463 0.07504555359530196
-26.28650904033381 -3.278026972894765 0.07320075030542539
-25.78581363004173 -3.2136153132221 0.07137672897083258
-25.28511821974965 -3.1488813216425204 0.06957361322937283
-24.784422809457595 -3.083824531669084 0.06779152671888478
-24.283727399165514 -3.018444476814818 0.06603059307721149
-23.783031988873432 -2.9527406905927767 0.06429093594220137
-23.28233657858135 -2.886712706516015 0.06257267895169216
-22.781641168289298 -2.820360058097567 0.0608759457435305
-22.280945757997216 -2.75368227885047 0.059200859955562124
-21.780250347705135 -2.6866789022877993 0.057547545225623
-21.27955493741308 -2.6193494619225715 0.05591612519155975
-20.778859527121 -2.5516934912678377 0.05430672349121635
-20.27816411682892 -2.483710523836653 0.05271946376243852
-19.777468706536865 -2.415400093142058 0.05115446964306403
-19.276773296244784 -2.3467617326970864 0.04961186477094037
-18.776077885952702 -2.2777949760148073 0.04809177278390708
-18.27538247566065 -2.2084993566082507 0.04659431731980901
-17.774687065368568 -2.1388744079904574 0.04511962201649278
-17.273991655076486 -2.068919663674482 0.04366781051179702
-16.773296244784433 -1.998634657173373 0.042239006443566596
-16.27260083449235 -1.9280189220001707 0.04083333344964457
-15.77190542420027 -1.8570719916679157 0.0394509151678758
-15.271210013908217 -1.785793399689663 0.03809187523610069
-14.770514603616135 -1.7141826795784572 0.0367563372921641
-14.269819193324054 -1.6422393648473315 0.03544442497391176
-13.769123783032 -1.5699629890093552 0.03415626191917964
-13.268428372739919 -1.497353085577537 0.03289197176581704
-12.767732962447838 -1.4244091880649639 0.03165167815166792
-12.267037552155784 -1.3511308299846552 0.03043550471457268
-11.766342141863703 -1.2775175448496552 0.02924357509237263
-11.265646731571621 -1.203568866173026 0.028076012922914395
-10.764951321279568 -1.129284327467801 0.026932941844041935
-10.264255910987487 -1.0546634622470248 0.025814485493594774
-9.763560500695405 -0.9797058040237485 0.024720767509420427
-9.262865090403352 -0.9044108863110201 0.023651911529358416
-8.76216968011127 -0.8287782426218766 0.022608041191251815
-8.261474269819189 -0.752807406469366 0.02158928013294903
-7.760778859527136 -0.6764979113665395 0.020595751992286027
-7.260083449235054 -0.5998492908264343 0.019627580407114764
-6.759388038942973 -0.5228610783621019 0.018684889015269435
-6.25869262865092 -0.4455328074865972 0.017767801454601995
-5.757997218358838 -0.36786401171292527 0.01687644136294486
-5.257301808066757 -0.28985422455419085 0.016010932378151765
-4.756606397774675 -0.21150297952339558 0.015171398138062231
-4.255910987482622 -0.13280981013359439 0.014357962280517556
-3.7552155771905404 -0.05377424989784574 0.013570748443360814
-3.254520166898459 0.0256041676708203 0.012809880264438633
-2.753824756606406 0.1053259090593488 0.012075481381586983
-2.2531293463143243 0.1853914407547026 0.011367675432663149
-1.7524339360222427 0.2657591098748278 0.01068331015299025
-1.2517385257301896 0.34080834492350365 0.010002364394993059
-0.7510431154381081 0.4085129346314326 0.009226815020862308
-0.25034770514602656 0.4687620305980539 0.008175855354659225
0.25034770514602656 0.5245895688456178 0.007514937413073715
0.7510431154381081 0.5811168289290681 0.007464979137691238
1.2517385257301896 0.6367415855354669 0.007505312934631434
1.7524339360222427 0.6910094575799711 0.007635827538247562
2.2531293463143243 0.7439279554937412 0.007871877607788595
2.753824756606406 0.7967561891516003 0.008202753824756612
3.254520166898459 0.8496246175243382 0.008593796940194706
3.7552155771905404 0.9013299026425589 0.009060319888734352
4.255910987482622 0.95138164116829 0.00964780250347706
4.756606397774675 0.9985458970792757 0.010514005563282311
5.257301808066757 1.0389228094575798 0.012259902642559096
5.757997218358838 1.0762173852573023 0.014591307371349125
6.258692628650891 1.1157506258692618 0.016740292072322617
6.759388038942973 1.155276634214186 0.018793866481223907
7.260083449235054 1.1903892906815023 0.021438929068150245
7.760778859527107 1.2265666203059795 0.024284756606397704
8.261474269819189 1.2667179415855352 0.026781223922114024
8.76216968011127 1.3055151599443675 0.029821891515994473
9.262865090403324 1.339539916550764 0.03537885952712079
9.763560500695405 1.3606890125173852 0.04195420027816406
10.264255910987487 1.36744561891516 0.047620959666203104
10.76495132127954 1.3539456189151609 0.05394641168289269
11.265646731571621 1.320313908205842 0.06150972183588308
11.766342141863703 1.277189986091794 0.07074730180806682
12.267037552155784 1.2309288896379595 0.08107331552091274
12.767732962447838 1.1846877719516347 0.09134712515352805
13.268428372739919 1.1384695015474033 0.10156246488391846
13.769123783032 1.0922745449122229 0.11171945834992658
14.269819193324054 1.0461033685330503 0.12181822918939511
14.770514603616135 0.9999564388968352 0.1318589010401684
15.271210013908217 0.9538342224905343 0.14184159754008913
15.77190542420027 0.907737185801105 0.15176644232699987
16.27260083449235 0.8616657953154967 0.16163355903874516
16.773296244784433 0.8156205175206666 0.1714430713131676
17.273991655076486 0.7696018189035714 0.1811951027881098
17.774687065368568 0.7236101659511607 0.19088977710141614
18.27538247566065 0.6776460251503917 0.2005272178909293
18.776077885952702 0.6317098629882214 0.210107548794492
19.276773296244784 0.5858021459515994 0.21963089344994846
19.777468706536865 0.5399233405274826 0.22909737549514153
20.27816411682892 0.49407391320282823 0.2385071185679138
20.778859527121 0.44825433046458585 0.2478602463061096
21.27955493741308 0.4024650587997123 0.2571568823475716
21.780250347705135 0.3567065646951644 0.26639715033014266
22.280945757997216 0.31097931463789186 0.27558117389166675
22.781641168289298 0.26528377511485246 0.28470907666998696
23.28233657858135 0.2196204126130028 0.29378098230294564
23.783031988873432 0.1739896936192915 0.30279701442838736
24.283727399165514 0.12839208462067653 0.31175729668415464
24.784422809457567 0.08282805210411492 0.3206619527080903
25.28511821974965 0.03729806255655577 0.3295111061380387
25.78581363004173 -0.008197417535043439 0.33830488061184216
26.286509040333783 -0.05365792168372563 0.3470433997673439
26.787204450625865 -0.09908298340254218 0.3557267872423878
27.287899860917946 -0.1444721362045347 0.3643551666748168
27.78859527121 -0.18982491360274656 0.3729286617024735
28.28929068150208 -0.23514084911022914 0.3814473959632023
28.789986091794162 -0.2804194762400245 0.38991149309484563
29.290681502086215 -0.32566032850517557 0.39832107673524664
29.791376912378297 -0.3708629394187333 0.4066762705222493
30.29207232267038 -0.41602684249374056 0.4149771980936964
30.79276773296246 -0.46115157124324213 0.42322398308743114
31.293463143254513 -0.5062366591802818 0.43141674914129624
31.794158553546595 -0.5512816398179097 0.43955561989313596
32.294853963838676 -0.5962860466691686 0.44764071898079316
32.79554937413073 -0.641249413247102 0.45567217004211036
33.29624478442281 -0.68617127306476 0.46365009671493185
33.79694019471489 -0.7310511596351859 0.4715746226371006
34.297635605006946 -0.7758886064714217 0.479445871446459
34.79833101529903 -0.8206831470865188 0.4872639667808515
35.29902642559111 -0.8654343149935197 0.49502903227812056
35.79972183588316 -0.9101416437054675 0.5027411915761094
36.30041724617524 -0.9548046667354129 0.5104005683126619
36.801112656467325 -0.9994229175963985 0.5180072861256207
37.30180806675938 -1.0439959298014676 0.525561468652829
37.80250347705146 -1.0885232368636704 0.5330632395321305
38.30319888734354 -1.13300437229605 0.5405127224013683
38.803894297635594 -1.177438869611649 0.5479100408983849
39.304589707927676 -1.221826262323518 0.5552553186610246
39.80528511821976 -1.2661660839447006 0.5625486793271302
40.30598052851181 -1.310457867988239 0.5697902465345445
40.80667593880389 -1.3547011479671842 0.5769801439211115
41.30737134909597 -1.3988954573945787 0.5841184951246742
41.808066759388026 -1.4430403297834657 0.5912054237830753
42.30876216968011 -1.487135298646895 0.5982410535341586
42.80945757997219 -1.5311798974979114 0.6052255080157672
43.31015299026424 -1.5751736598495558 0.6121589108657443
43.810848400556324 -1.6191161192148793 0.6190413857219331
44.311543810848406 -1.6630068091069252 0.625873056222177
44.81223922114046 -1.7068452630387365 0.6326540460043187
45.31293463143254 -1.7506310145233628 0.6393844787062024
45.81363004172462 -1.7943635970738492 0.6460644779656707
46.314325452016675 -1.8380425442032364 0.6526941674205663
46.81502086230876 -1.881667389424575 0.6592736707087336
47.31571627260084 -1.9252376662509092 0.6658031114680153
47.81641168289289 -1.9687529081952806 0.6722826133362542
48.31710709318497 -2.0122126487707424 0.6787122999512941
48.817802503477054 -2.0556164214903334 0.6850922949509785
49.318497913769136 -2.0989637598671025 0.6914227219731498
49.81919332406119 -2.1422541974140903 0.6977037046556515
50.31988873435327 -2.18548726764435 0.7039353666363272
50.82058414464535 -2.2286625040709214 0.71011783155302
51.321279554937405 -2.2717794402068496 0.7162512230435726
51.82197496522949 -2.3148376095651844 0.722335664745829
52.32267037552157 -2.357836545658968 0.7283712802976322
52.82336578581362 -2.400775782001246 0.7343581933368251
53.3240611961057 -2.4436548521050656 0.7402965275012513
53.824756606397784 -2.4864732894834716 0.7461864064287539
54.32545201668984 -2.5292306276495062 0.7520279537571761
54.82614742698192 -2.571926400116221 0.7578212931243612
55.326842837274 -2.6145601403966574 0.7635665481681525
55.82753824756605 -2.657131382003859 0.7692638425263928
56.328233657858135 -2.699639658450876 0.774913299836926
56.82892906815022 -2.742084503250752 0.7805150437375951
57.32962447844227 -2.784465449916531 0.7860691978662427
57.83031988873435 -2.8267820319612613 0.791575885860713
58.33101529902643 -2.869033782897986 0.797035231358849
58.831710709318486 -2.9112202362397492 0.8024473579984933
59.33240611961057 -2.9533409254996017 0.8078123894174898
59.83310152990265 -2.995395384190585 0.8131304492536816
60.3337969401947 -3.037383145825743 0.8184016611449115
60.834492350486784 -3.0793037439181252 0.8236261487290234
61.335187760778865 -3.121156711980776 0.8288040356438601
61.83588317107092 -3.1629415835267376 0.8339354455272648
62.336578581363 -3.20465789206906 0.8390205020170812
62.83727399165508 -3.246305171120787 0.8440593287511521
63.337969401947134 -3.2878829541949615 0.8490520493673205
63.838664812239216 -3.3293907748046325 0.8539987875034304
64.3393602225313 -3.370828166462846 0.8588996667973244
64.84005563282335 -3.412194662682642 0.8637548108868459
65.34075104311543 -3.4534897969770717 0.8685643434098386
65.84144645340751 -3.4947131028591785 0.8733283880041448
66.34214186369957 -3.5358641138420057 0.8780470683076081
66.84283727399165 -3.576942363438603 0.8827205079580726
67.34353268428373 -3.617947385162014 0.8873488305933804
67.84422809457581 -3.6588787125252833 0.8919321598513753
68.34492350486786 -3.6997358790414547 0.8964706193699
68.84561891515995 -3.7405184182235787 0.9009643327867983
69.34631432545203 -3.7812258635846976 0.9054134237399135
69.84700973574408 -3.821857748637855 0.9098180158670882
70.34770514603616 -3.8624136068961 0.9141782328061662
70.84840055632824 -3.9028929718724785 0.9184941981949907
71.3490959666203 -3.94329537708003 0.9227660356714044
71.84979137691238 -3.9836203560318064 0.9269938688732512
72.35048678720446 -4.023867442240851 0.931177821438374
72.85118219749651 -4.064036169220207 0.9353180170046159
73.3518776077886 -4.104126070482925 0.9394145792098204
73.85257301808068 -4.144136679542045 0.9434676316918308
74.35326842837273 -4.184067529910616 0.9474772980884897
74.85396383866481 -4.223918155101682 0.9514437020376417
75.35465924895689 -4.263688088628289 0.9553669671771287
75.85535465924895 -4.30337686400348 0.959247217144794
76.35605006954103 -4.3429840147403045 0.9630845755784817
76.85674547983308 -4.382509074351805 0.9668791661160342
77.35744089012519 -4.421951576351033 0.9706311123952954
77.85813630041724 -4.4613110542510235 0.9743405380541078
78.3588317107093 -4.5005870415648275 0.9780075667303155
78.8595271210014 -4.539779071805494 0.9816323220617612
79.36022253129346 -4.578886678486061 0.9852149276862879
79.86091794158551 -4.617909395119581 0.9887555072417392
80.36161335187762 -4.656846755219096 0.992254184365959
80.86230876216968 -4.695698292297649 0.9957110826967891
81.36300417246173 -4.734463539868289 0.9991263258720734
81.86369958275384 -4.773142031444065 1.0025000375296558
82.36439499304589 -4.811733300538014 1.0058323413073782
82.86509040333794 -4.850236880663186 1.0091233608430845
83.36578581363005 -4.888652305332629 1.0123732197746187
83.86648122392211 -4.926979108059381 1.015582041739823
84.36717663421416 -4.965216822356494 1.0187499503765407
84.86787204450627 -5.003364981737015 1.0218770693226156
85.36856745479832 -5.041423119713981 1.0249635222158906
85.86926286509038 -5.079390769800442 1.0280094326942084
86.36995827538249 -5.11726746550945 1.0310149243954139
86.87065368567454 -5.155052740354037 1.0339801209573483
87.3713490959666 -5.192746127847258 1.036905146017856
87.8720445062587 -5.230347161502161 1.0397901232147801
88.37273991655076 -5.267855374831781 1.0426351761859634
88.87343532684281 -5.30527030134917 1.0454404285692496
89.37413073713492 -5.342591474567374 1.0482060040024819
89.87482614742697 -5.379818427999437 1.050932026123503
90.37552155771903 -5.416950695158404 1.0536186185701575
90.87621696801114 -5.453987809557322 1.0562659049802874
91.37691237830319 -5.490929304709235 1.0588740089917357
91.87760778859524 -5.527774714127185 1.0614430542423459
92.37830319888735 -5.564523571324228 1.063973164369962
92.8789986091794 -5.601175409813401 1.0664644630124265
93.37969401947146 -5.637729763107746 1.068917073807583
93.88038942976357 -5.674186164720322 1.0713311203932752
94.38108484005562 -5.710544148164159 1.073706726407345
94.88178025034773 -5.746803246952316 1.0760440154876365
95.38247566063978 -5.782962994597828 1.0783431112719928
95.88317107093184 -5.819022924613742 1.080604137398257
96.38386648122395 -5.854982570513114 1.0828272175042724
96.884561891516 -5.890841465808974 1.0850124752278827
97.38525730180805 -5.926599144014377 1.0871600342069305
97.88595271210016 -5.9622551386423694 1.0892700180792594
98.38664812239222 -5.997808983205989 1.091342550482712
98.88734353268427 -6.033260211218288 1.093377755055132
99.38803894297638 -6.068608356192314 1.0953757554343633
99.88873435326843 -6.103852951641102 1.0973366752582479
100.38942976356049 -6.1389935310777055 1.0992606381646297
100.8901251738526 -6.17402962801517 1.1011477677913524
101.39082058414465 -6.208960775966537 1.1029981877762585
101.8915159944367 -6.243786508444854 1.104812021757191
102.39221140472881 -6.27850635896317 1.1065893933719941
102.89290681502086 -6.313119861034524 1.1083304262585099
103.39360222531292 -6.347626548171963 1.1100352440545822
103.89429763560503 -6.382025953888538 1.1117039703980547
104.39499304589708 -6.416317611697288 1.11333672892677
104.89568845618913 -6.450501055111259 1.114933643278572
105.39638386648124 -6.484575817643503 1.1164948370913028
105.8970792767733 -6.518541432807057 1.1180204340028066
106.39777468706535 -6.552397434114971 1.1195105576509259
106.89847009735746 -6.586143355080292 1.120965331673505
107.39916550764951 -6.61977872921606 1.122384879708386
107.89986091794157 -6.653303090035324 1.1237693253934125
108.40055632823368 -6.686715971051132 1.125118792366429
108.90125173852573 -6.720016905776523 1.1264334042652764
109.40194714881778 -6.753205427724547 1.1277132847277995
109.90264255910989 -6.786281070408251 1.1289585573918415
110.40333796940195 -6.819243367340675 1.1301693458952449
110.904033379694 -6.852091852034867 1.1313457738758528
111.40472878998611 -6.884826058003876 1.1324879649715096
111.90542420027816 -6.917445518760742 1.133596042820058
112.40611961057022 -6.949949767818509 1.134670131059341
112.90681502086233 -6.982338338690234 1.1357103533272022
113.40751043115438 -7.01461076488895 1.136716833261484
113.90820584144643 -7.046766579927706 1.1376896945000308
114.40890125173854 -7.078805317319553 1.1386290606806848
114.9095966620306 -7.110726510577528 1.1395350554412897
115.41029207232265 -7.142529693214682 1.1404078024196886
115.91098748261476 -7.174214398744063 1.1412474252537255
116.41168289290681 -7.205780160678705 1.1420540475812424
116.91237830319886 -7.237226512531663 1.1428277930400834
117.41307371349097 -7.268552987815983 1.1435687852680916
117.91376912378303 -7.2997591200447065 1.14427714790311
118.41446453407508 -7.33084444273088 1.1449530045829817
118.91515994436719 -7.361808489387551 1.1455964789455502
119.41585535465924 -7.3926507935277606 1.1462076946286595
119.9165507649513 -7.423370888664557 1.1467867752701508
120.4172461752434 -7.453968308310987 1.1473338445078696
120.91794158553546 -7.484442585980094 1.147849025979657
121.41863699582751 -7.514793255184921 1.148332443323358
121.91933240611962 -7.545019849438523 1.148784220176815
122.42002781641168 -7.575121902253935 1.1492044801778714
122.92072322670373 -7.605098947144205 1.1495933469643704
123.42141863699584 -7.634950517622384 1.1499509441741558
123.92211404728789 -7.664676147201508 1.15027739544507
124.42280945757994 -7.6942753693946315 1.1505728244149562
124.92350486787205 -7.723747717714797 1.1508373547216584
125.42420027816411 -7.753092725675046 1.151071110003019
125.92489568845616 -7.782309926788429 1.1512742138968814
126.42559109874827 -7.81139885456799 1.1514467900410894
126.92628650904032 -7.840359042526773 1.1515889620734865
127.42698191933238 -7.869190024177824 1.1517008536319149
127.92767732962449 -7.897891333034192 1.151782588354218
128.42837273991654 -7.926462502608915 1.1518342898782392
128.9290681502086 -7.954903066415046 1.1518560818418218
129.4297635605007 -7.9832125579656275 1.1518480878828097
129.93045897079276 -8.011390510773703 1.1518104316390447
130.4311543810848 -8.039436458352318 1.1517432367483722
130.93184979137692 -8.067349934214526 1.1516466268486334
131.43254520166897 -8.095130471873363 1.1515207255776714
131.93324061196108 -8.122777604841877 1.1513656565733306
132.43393602225314 -8.150290866633114 1.151181543473454
132.9346314325452 -8.177669790760119 1.1509685099158848
133.4353268428373 -8.204913910735941 1.150726679538466
133.93602225312935 -8.23202276007362 1.1504561759790408
134.4367176634214 -8.258995872286203 1.1501571228754535
134.93741307371351 -8.285832780886741 1.1498296438655453
135.43810848400557 -8.312533019388269 1.1494738625871612
135.93880389429762 -8.339096121303841 1.1490899026781434
136.43949930458973 -8.365521620146502 1.1486778877763357
136.94019471488178 -8.391809049429291 1.148237941519581
137.44089012517384 -8.41795794266526 1.147770187545723
137.94158553546595 -8.443967833367452 1.1472747494926048
138.442280945758 -8.469838255048913 1.1467517509980691
138.94297635605005 -8.495568741222687 1.1462013156999595
139.44367176634216 -8.521158825401823 1.145623567236119
139.94436717663422 -8.546608041099363 1.145018629244392
140.44506258692627 -8.571915921828353 1.1443866253626203
140.94575799721838 -8.597082001101839 1.1437276792286473
141.44645340751043 -8.622105812432865 1.1430419144803174
141.94714881780249 -8.646986889334478 1.142329454755472
142.4478442280946 -8.671724765319727 1.141590423691956
142.94853963838665 -8.69631897390165 1.1408249449276116
143.4492350486787 -8.720769048593295 1.1400331421002825
143.9499304589708 -8.745074522907714 1.1392151388478116
144.45062586926286 -8.769234930357943 1.1383710588080427
144.95132127955492 -8.793249804457032 1.1375010256188185
145.45201668984703 -8.817118678718028 1.136605162917983
145.95271210013908 -8.840841086653972 1.1356835943433783
146.45340751043113 -8.864416561777913 1.1347364435328484
146.95410292072324 -8.887844637602896 1.133763834124236
147.4547983310153 -8.911124847641966 1.132765889755385
147.95549374130735 -8.934256725408169 1.1317427340641384
148.45618915159946 -8.957239804414549 1.1306944906883394
148.9568845618915 -8.980073618174153 1.129621283265831
149.45757997218357 -9.002757700200025 1.1285232354344563
149.95827538247568 -9.02529158400521 1.1274004708320593
150.45897079276773 -9.047674803102757 1.1262531130964821
150.95966620305978 -9.069906891005704 1.1250812858655697
151.4603616133519 -9.09198738122711 1.1238851127771632
151.96105702364395 -9.113915807280007 1.1226647174691076
152.461752433936 -9.135691702677445 1.121420223579245
152.9624478442281 -9.157314600932473 1.1201517547454194
153.46314325452016 -9.17878403555813 1.1188594346054734
153.96383866481222 -9.200099540067466 1.1175433867972506
154.46453407510432 -9.221260647973526 1.116203734958594
154.96522948539638 -9.242266892789354 1.1148406027273468
155.46592489568843 -9.263117808027996 1.1134541137413527
155.96662030598054 -9.283812927202499 1.1120443916384546
156.4673157162726 -9.304351783825908 1.1106115600564959
156.96801112656465 -9.324733911411265 1.1091557426333196
157.46870653685676 -9.34495884347162 1.1076770630067685
157.9694019471488 -9.365026113520017 1.1061756448146869
158.47009735744086 -9.384935255069498 1.1046516116949179
158.97079276773297 -9.404685801633114 1.1031050872853037
159.47148817802503 -9.424277286723907 1.1015361952236886
159.97218358831708 -9.443709243854922 1.0999450591479154
160.4728789986092 -9.462981206539212 1.0983318026958266
160.97357440890124 -9.48209270828981 1.0966965495052667
161.4742698191933 -9.501043282619769 1.0950394232140788
161.9749652294854 -9.519832463042135 1.0933605474601054
162.47566063977746 -9.53845978306995 1.09166004588119
162.9763560500695 -9.556924776216261 1.0899380421151759
163.47705146036162 -9.575226975994116 1.0881946597999068
163.97774687065368 -9.593365915916557 1.0864300225732255
164.47844228094573 -9.61134112949663 1.0846442540729742
164.97913769123784 -9.62915215024738 1.0828374779369976
165.4798331015299 -9.646798511681855 1.0810098178031384
165.98052851182194 -9.664279747313099 1.0791613973092407
166.48122392211405 -9.681595390654156 1.077292340093146
166.9819193324061 -9.698744975218073 1.0754027697926984
167.48261474269816 -9.715728034517895 1.073492810045742
167.98331015299027 -9.73254410206667 1.0715625844901187
168.48400556328232 -9.74919271137744 1.069612216763673
168.98470097357443 -9.765673395963253 1.0676418305042463
169.4853963838665 -9.781985689337152 1.0656515493496839
169.98609179415854 -9.798129125012181 1.0636414969378274
170.48678720445065 -9.814103236501392 1.0616117969065213
170.9874826147427 -9.829907557317824 1.0595625728936073
171.48817802503476 -9.845541620974524 1.0574939485369308
171.98887343532687 -9.861004960984541 1.055406047474333
172.48956884561892 -9.87629711086092 1.0532989933436578
172.99026425591097 -9.891417604116699 1.0511729097827498
173.49095966620308 -9.906365974264933 1.0490279204294493
173.99165507649514 -9.92114175481866 1.0468641489216033
174.4923504867872 -9.935744479290932 1.0446817188970514
174.9930458970793 -9.950173681194787 1.0424807539936385
175.49374130737135 -9.96442889404328 1.040261377849208
175.9944367176634 -9.978509651349444 1.038023714101603
176.49513212795551 -9.992415486626339 1.0357678863886668
176.99582753824757 -10.006145933386998 1.0334940183482422
177.49652294853962 -10.019700525144472 1.0312022336181728
177.99721835883173 -10.033078795411809 1.0288926558363016
178.49791376912378 -10.046280277702047 1.0265654086404719
178.99860917941584 -10.059304505528242 1.024220615668527
179.49930458970795 -10.072151012403431 1.0218584005583105
180.0 -10.08481933184066 1.019478886947665
