Polar data for a18sm at Re = 71428.57142857143
Alpha (deg) Cl Cd
-180.0 -4.527782670547884 0.6602164986963858
-179.49930458970792 -4.542062161752951 0.6587819012398489
-178.99860917941587 -4.556261864628999 0.6573373153794188
-178.49791376912378 -4.570381154890532 0.6558828085834977
-177.9972183588317 -4.584419408252047 0.6544184483204872
-177.49652294853965 -4.5983760004280505 0.6529443020587903
-176.99582753824757 -4.612250307133043 0.6514604372668086
-176.4951321279555 -4.626041704081524 0.6499669214129452
-175.99443671766343 -4.6397495669879945 0.6484638219656026
-175.49374130737135 -4.653373271566961 0.6469512063931814
-174.99304589707927 -4.666912193532918 0.6454291421640862
-174.49235048678722 -4.680365708600371 0.6438976967467177
-173.99165507649514 -4.693733192483822 0.6423569376094783
-173.49095966620305 -4.7070140208977715 0.6408069322207702
-172.990264255911 -4.720207569556724 0.6392477480489963
-172.48956884561892 -4.733313214175174 0.6376794525625585
-171.98887343532684 -4.746330330467629 0.63610211322986
-171.48817802503476 -4.75925829414859 0.6345157975193013
-170.9874826147427 -4.772096480932554 0.632920572899286
-170.48678720445062 -4.784844266534029 0.6313165068382157
-169.98609179415854 -4.797501026667511 0.6297036668044936
-169.4853963838665 -4.810066137047505 0.6280821202665213
-168.9847009735744 -4.822538973388511 0.626451934692701
-168.48400556328232 -4.8349189114050315 0.6248131775514355
-167.98331015299027 -4.847205326811566 0.623165916311126
-167.4826147426982 -4.859397595322618 0.6215102184401765
-166.9819193324061 -4.8714950926526885 0.6198461514069876
-166.48122392211405 -4.883497194516278 0.6181737826799628
-165.98052851182197 -4.895403276627889 0.6164931797275041
-165.4798331015299 -4.907212714702024 0.6148044100180129
-164.97913769123784 -4.918924884453185 0.6131075410198924
-164.47844228094576 -4.930539161595869 0.611402640201545
-163.97774687065368 -4.942054921844583 0.609689775031372
-163.47705146036162 -4.953471540913825 0.6079690129777767
-162.97635605006954 -4.964788394518097 0.6062404215091609
-162.47566063977746 -4.976004858371902 0.6045040680939272
-161.9749652294854 -4.9871203081897395 0.6027600202004774
-161.47426981919332 -4.998134119686114 0.6010083452972136
-160.97357440890124 -5.009045668575524 0.5992491108525396
-160.4728789986092 -5.019854330572473 0.5974823843348559
-159.9721835883171 -5.030559481391462 0.5957082332125655
-159.47148817802503 -5.04116049674699 0.5939267249540708
-158.97079276773297 -5.051656752353561 0.5921379270277748
-158.4700973574409 -5.062047623925678 0.5903419069020776
-157.9694019471488 -5.07233248717784 0.5885387320453838
-157.46870653685676 -5.082510717824551 0.5867284699260936
-156.96801112656468 -5.092581691580309 0.5849111880126109
-156.4673157162726 -5.102544784159617 0.5830869537733384
-155.96662030598054 -5.112399371276978 0.5812558346766769
-155.46592489568846 -5.122144828646891 0.5794178981910291
-154.96522948539638 -5.131780531983862 0.577573211784797
-154.46453407510432 -5.141305857002386 0.5757218429263841
-153.96383866481224 -5.15072017941697 0.5738638590841917
-153.46314325452016 -5.160022874942111 0.5719993277266223
-152.9624478442281 -5.169213319292315 0.5701283163220779
-152.46175243393603 -5.178290888182083 0.5682508923389614
-151.96105702364395 -5.187254957325914 0.5663671232456747
-151.4603616133519 -5.196104902438309 0.5644770765106194
-150.9596662030598 -5.204840099233773 0.5625808196021992
-150.45897079276773 -5.213459923426805 0.5606784199888152
-149.95827538247568 -5.221963750731906 0.5587699451388716
-149.4575799721836 -5.230350956863582 0.5568554625207681
-148.9568845618915 -5.238620917536327 0.5549350396029077
-148.45618915159943 -5.246773008464649 0.5530087438536936
-147.95549374130738 -5.254806605363047 0.5510766427415282
-147.4547983310153 -5.262721083946022 0.5491388037348127
-146.95410292072324 -5.270515819928075 0.5471952943019495
-146.45340751043116 -5.278190189023711 0.5452461819113418
-145.95271210013908 -5.285743566947433 0.5432915340313907
-145.452016689847 -5.293175329413733 0.5413314181305001
-144.95132127955495 -5.300484852137119 0.5393659016770705
-144.45062586926286 -5.307671510832096 0.5373950521395053
-143.94993045897078 -5.314734681213158 0.535418936986206
-143.44923504867873 -5.321673738994813 0.5334376236855759
-142.94853963838665 -5.328488059891552 0.5314511797060174
-142.44784422809457 -5.33517701961789 0.5294596725159307
-141.9471488178025 -5.341739993888322 0.5274631695837201
-141.44645340751043 -5.348176358417351 0.525461738377787
-140.94575799721835 -5.354485488919476 0.5234554463665352
-140.44506258692627 -5.3606667611092025 0.5214443610183649
-139.94436717663422 -5.366719550701028 0.5194285498016785
-139.44367176634213 -5.372643233409454 0.5174080801848807
-138.94297635605005 -5.378437184948982 0.5153830196363712
-138.442280945758 -5.38410078103412 0.5133534356245529
-137.94158553546592 -5.389633397379362 0.5113193956178287
-137.44089012517384 -5.395034409699211 0.5092809670846005
-136.94019471488178 -5.400303193708171 0.5072382174932711
-136.4394993045897 -5.405439125120744 0.5051912143122422
-135.93880389429762 -5.410441579651426 0.5031400250099153
-135.43810848400557 -5.415309933014726 0.501084717054694
-134.9374130737135 -5.420043560925139 0.4990253579149809
-134.4367176634214 -5.424641839097173 0.49696201505917703
-133.93602225312935 -5.429104143245324 0.4948947559556852
-133.43532684283727 -5.433429849084094 0.49282364807290835
-132.9346314325452 -5.437618332327985 0.4907487588792475
-132.43393602225314 -5.441668968691503 0.488670155843106
-131.93324061196105 -5.445581133889147 0.4865879064328845
-131.43254520166897 -5.449354203635415 0.4845020781169872
-130.93184979137692 -5.452987553644807 0.48241273836381604
-130.43115438108484 -5.456480559631835 0.4803199546417717
-129.93045897079276 -5.459832597310989 0.4782237944192592
-129.4297635605007 -5.463043042396778 0.4761243251646793
-128.92906815020862 -5.466111270603703 0.474021614346433
-128.42837273991654 -5.46903665764626 0.4719157294329249
-127.92767732962449 -5.471818579238955 0.4698067378925558
-127.4269819193324 -5.4744564110962886 0.46769470719372885
-126.92628650904032 -5.4769495289327645 0.46557970480484523
-126.42559109874827 -5.47929730846288 0.4634617981943082
-125.92489568845619 -5.48149912540114 0.46134105483052024
-125.42420027816411 -5.483554355462044 0.4592175421818828
-124.92350486787205 -5.485462374360095 0.4570913277167984
-124.42280945757997 -5.487222557809796 0.45496247890366937
-123.92211404728789 -5.488834281525637 0.4528310632108986
-123.42141863699584 -5.4902969212221375 0.4506971481068872
-122.92072322670376 -5.49160985261379 0.4485608010600385
-122.42002781641168 -5.492772451415095 0.44642208953875395
-121.91933240611961 -5.493784093340552 0.44428108101143693
-121.41863699582754 -5.494644154104669 0.44213784294648895
-120.91794158553546 -5.495352009421944 0.43999244281231153
-120.41724617524339 -5.49590703500688 0.437844948077308
-119.91655076495132 -5.496308606573978 0.4356954262098812
-119.41585535465924 -5.496556099837738 0.43354394467843227
-118.91515994436718 -5.49664889051266 0.43139057095136446
-118.41446453407511 -5.496586354313251 0.42923537249707844
-117.91376912378303 -5.496367866954007 0.4270784167839784
-117.41307371349096 -5.495992804149435 0.42491977128046543
-116.91237830319889 -5.495460541614034 0.4227595034549424
-116.41168289290681 -5.494770455062302 0.42059768077581083
-115.91098748261474 -5.493921920208743 0.4184343707114745
-115.41029207232268 -5.49291431276786 0.41626964073033357
-114.9095966620306 -5.491747008454155 0.4141035583007927
-114.40890125173853 -5.490419382982132 0.41193619089125166
-113.90820584144646 -5.4889308120662825 0.4097676059701142
-113.40751043115438 -5.48728067142112 0.4075978710057827
-112.90681502086231 -5.485468336761134 0.4054270534666601
-112.40611961057024 -5.483493183800836 0.40325522082114607
-111.90542420027816 -5.48135458825472 0.4010824405376453
-111.4047287899861 -5.479051925837296 0.3989087800845602
-110.90403337969401 -5.476584572263058 0.39673430693029144
-110.40333796940195 -5.473951903246514 0.3945590885432423
-109.90264255910988 -5.471153294502157 0.3923831923918143
-109.4019471488178 -5.468188121744495 0.3902066859444112
-108.90125173852573 -5.4650557606880295 0.3880296366694328
-108.40055632823366 -5.4617555870472625 0.385852112035285
-107.89986091794158 -5.458286976536693 0.38367417951036586
-107.39916550764951 -5.454649304870818 0.38149590656308086
-106.89847009735745 -5.450841947764146 0.37931736066183064
-106.39777468706536 -5.446864280931179 0.3771386092750185
-105.8970792767733 -5.442715680086413 0.3749597198710465
-105.39638386648123 -5.438395520944352 0.3727807599183165
-104.89568845618915 -5.433903179219504 0.3706017968852314
-104.39499304589708 -5.429238030626358 0.3684228982401928
-103.89429763560501 -5.4243994508794255 0.3662441314516035
-103.39360222531293 -5.419386815693203 0.3640655639878655
-102.89290681502086 -5.414199500782198 0.3618872633173803
-102.3922114047288 -5.4088368818609025 0.3597092969085526
-101.89151599443672 -5.403298334643828 0.3575317322297812
-101.39082058414465 -5.397583234845466 0.35535463674947165
-100.89012517385257 -5.391690958180326 0.3531780779360242
-100.3894297635605 -5.385620880362908 0.3510021232578421
-99.88873435326843 -5.379372377107712 0.34882684018332777
-99.38803894297635 -5.372944824129236 0.34665229618088234
-98.88734353268428 -5.366337597141992 0.3444785587189091
-98.38664812239222 -5.359550071860472 0.34230569526581
-97.88595271210013 -5.35258162399918 0.34013377328998706
-97.38525730180807 -5.345431629272614 0.3379628602598431
-96.884561891516 -5.338099463395284 0.33579302364378194
-96.38386648122392 -5.330584502081687 0.3336243309102015
-95.88317107093185 -5.322886121046321 0.33145684952750776
-95.38247566063978 -5.315003696003694 0.3292906469641027
-94.8817802503477 -5.306936602668308 0.3271257906883861
-94.38108484005564 -5.298684216754653 0.324962348168763
-93.88038942976357 -5.290245913977243 0.32280038687363455
-93.37969401947149 -5.281621070050578 0.32063997427140223
-92.87899860917942 -5.272809060689152 0.31848117783047114
-92.37830319888734 -5.263809261607477 0.31632406501923926
-91.87760778859527 -5.2546210485200415 0.314168703306113
-91.3769123783032 -5.245243797141359 0.31201516015949304
-90.87621696801112 -5.235676883185925 0.3098635030477813
-90.37552155771905 -5.225919682368239 0.3077137994393794
-89.87482614742699 -5.215971570402808 0.30556611680269097
-89.3741307371349 -5.205831923004135 0.30342052260611674
-88.87343532684284 -5.195500115886713 0.3012770843180622
-88.37273991655077 -5.184975524765052 0.29913586940692627
-87.87204450625869 -5.174257525353642 0.29699694534111354
-87.37134909596662 -5.1633454933670055 0.2948603795890229
-86.87065368567455 -5.152238804519623 0.2927262396190621
-86.36995827538247 -5.1409368345260065 0.29059459289962775
-85.8692628650904 -5.129438959100653 0.28846550689912587
-85.36856745479834 -5.117744553958063 0.286339049085958
-84.86787204450626 -5.105852994812745 0.28421528692852427
-84.36717663421419 -5.093763657379196 0.2820942878952294
-83.86648122392211 -5.081475917371916 0.2799761194544771
-83.36578581363004 -5.068989150505409 0.27786084907466535
-82.86509040333797 -5.056302732494176 0.2757485442241988
-82.36439499304589 -5.043416039052719 0.2736392723714799
-81.86369958275382 -5.03032844589554 0.2715331009849101
-81.36300417246176 -5.017039328737141 0.2694300975328924
-80.86230876216968 -5.0035480632920235 0.2673303294838282
-80.36161335187761 -4.989854025274684 0.26523386430612217
-79.86091794158554 -4.975956590399627 0.2631407694681728
-79.36022253129346 -4.9618551343813575 0.2610511124383855
-78.85952712100139 -4.947549032934376 0.25896496068516106
-78.35883171070932 -4.933037661773179 0.2568823816769018
-77.85813630041724 -4.91832039661227 0.25480344288201107
-77.35744089012518 -4.903396613166153 0.25272821176889126
-76.85674547983311 -4.888265687149332 0.25065675580594216
-76.35605006954103 -4.8729269942763 0.2485891424615688
-75.85535465924896 -4.8573799102615665 0.24652543920417055
-75.35465924895689 -4.841623810819628 0.24446571350215382
-74.85396383866481 -4.825658071664988 0.24241003282391835
-74.35326842837274 -4.80948206851215 0.24035846463786656
-73.85257301808066 -4.793095177075612 0.2383110764123991
-73.3518776077886 -4.776496773069873 0.23626793561592238
-72.85118219749653 -4.759686232209448 0.2342291097168344
-72.35048678720445 -4.7426629302088195 0.23219466618354065
-71.84979137691238 -4.725426242782509 0.23016467248444092
-71.34909596662031 -4.707975545645001 0.22813919608794028
-70.84840055632823 -4.6903102145107995 0.2261183044624385
-70.34770514603616 -4.672429625094412 0.2241020650763402
-69.8470097357441 -4.654333153110348 0.22209054539804338
-69.34631432545201 -4.636020174273088 0.22008381289595488
-68.84561891515995 -4.617490064297147 0.21808193503847625
-68.34492350486788 -4.5987421988970265 0.2160849792940077
-67.8442280945758 -4.579775953787227 0.21409301313095205
-67.34353268428373 -4.560590704682243 0.212106104017714
-66.84283727399166 -4.541185827296591 0.2101243194226928
-66.34214186369958 -4.521560697344755 0.2081477268142918
-65.84144645340751 -4.501714690541244 0.20617639366091386
-65.34075104311543 -4.481647182600569 0.20421038743096007
-64.84005563282336 -4.461357549237216 0.20224977559283372
-64.3393602225313 -4.440845166165695 0.2002946256149377
-63.838664812239216 -4.42010940910051 0.19834500496567262
-63.33796940194715 -4.399149653756147 0.1964009811134427
-62.83727399165508 -4.377965275847133 0.1944626215266477
-62.336578581363 -4.356555651087948 0.19252999367369225
-61.83588317107093 -4.334920155193101 0.190603165022977
-61.335187760778865 -4.313058163877095 0.18868220304290614
-60.834492350486784 -4.29096905285443 0.18676717520187944
-60.333796940194716 -4.268652197839606 0.18485814896830152
-59.83310152990265 -4.246106974547129 0.18295519181057304
-59.33240611961057 -4.223332758691497 0.18105837119709686
-58.8317107093185 -4.200328925987212 0.1791677545962754
-58.33101529902643 -4.177094852148775 0.1772834094765102
-57.83031988873435 -4.153629912890686 0.175405403306205
-57.329624478442284 -4.12993348392745 0.17353380355376177
-56.82892906815022 -4.10600494097357 0.1716686776875803
-56.328233657858135 -4.081843659743543 0.16981009317606652
-55.82753824756607 -4.057449015951871 0.1679581174876202
-55.326842837273986 -4.032820385313053 0.16611281809064601
-54.82614742698192 -4.007957143541602 0.16427426245354412
-54.32545201668985 -3.9828586663520094 0.16244251804471563
-53.82475660639777 -3.957524329458777 0.1606176523325656
-53.3240611961057 -3.931953508576413 0.1587997327854956
-52.823365785813635 -3.906145579419407 0.15698882687190716
-52.322670375521554 -3.8800999177022746 0.155185002060204
-51.82197496522949 -3.8538158991395104 0.15338832581878722
-51.321279554937405 -3.827292899445613 0.15159886561605837
-50.82058414464535 -3.800530294335088 0.14981668892042074
-50.31988873435327 -3.77352745952244 0.1480418632002772
-49.81919332406119 -3.7462837707221555 0.14627445592402974
-49.318497913769136 -3.7187986036487564 0.14451453456007943
-48.817802503477054 -3.6910713340167334 0.14276216657682914
-48.31710709318497 -3.6631013375405903 0.14101741944268129
-47.81641168289292 -3.6348879899348248 0.13928036062603963
-47.31571627260084 -3.606430666913946 0.13755105759530437
-46.81502086230876 -3.577728744192445 0.13582957781887792
-46.3143254520167 -3.548781597484835 0.1341159887651636
-45.81363004172462 -3.519588602505607 0.1324103579025638
-45.31293463143254 -3.490149134969263 0.13071275269948054
-44.81223922114049 -3.4604625705903187 0.12902324062431444
-44.311543810848406 -3.4305282850832635 0.1273418891454706
-43.810848400556324 -3.4003456541625985 0.12566876573134786
-43.31015299026427 -3.369914053542825 0.1240039378503531
-42.80945757997219 -3.3392328589384572 0.12234747297088341
-42.30876216968011 -3.3083014460639752 0.12069943856134566
-41.808066759388026 -3.2771191906338952 0.1190599020901387
-41.30737134909597 -3.2456854683627263 0.11742893102566673
-40.80667593880389 -3.2139996549649457 0.1158065928363313
-40.30598052851181 -3.182061126155073 0.1141929549905357
-39.80528511821976 -3.149869257647606 0.11258808495668235
-39.304589707927676 -3.117423425157045 0.11099205020317102
-38.803894297635594 -3.0847230043978913 0.109404918198405
-38.30319888734354 -3.0517673710846527 0.10782675641079029
-37.80250347705146 -3.0185559009318155 0.10625763230872484
-37.30180806675938 -2.985087969653895 0.10469761336061109
-36.801112656467325 -2.951362952965397 0.10314676703485412
-36.30041724617524 -2.9173802265808018 0.1016051607998528
-35.79972183588316 -2.8831391662146295 0.10007286212401043
-35.29902642559111 -2.8486391475813777 0.09854993847573298
-34.79833101529903 -2.8138795463955395 0.09703645732341756
-34.297635605006946 -2.7788597383716267 0.09553248613546925
-33.79694019471489 -2.743579099224145 0.09403809238028868
-33.29624478442281 -2.7080370046675784 0.09255334352628006
-32.79554937413073 -2.6722328304164362 0.09107830704184491
-32.294853963838676 -2.636165952185234 0.08961305039538567
-31.794158553546595 -2.59983574568845 0.08815764105530297
-31.293463143254513 -2.563241586640597 0.086712146490001
-30.79276773296246 -2.5263828507561863 0.08527663416788309
-30.29207232267038 -2.4892589137496968 0.08385117155734986
-29.791376912378297 -2.4518691513356474 0.08243582612680109
-29.290681502086244 -2.414212939228544 0.08103066534464451
-28.789986091794162 -2.3762896531428703 0.07963575667927722
-28.28929068150208 -2.3380986687931324 0.07825116759910519
-27.788595271210028 -2.2996393618938384 0.07687696557252907
-27.287899860917946 -2.2609111081594992 0.07551321806795128
-26.787204450625865 -2.2219132833045876 0.07415999255377334
-26.28650904033381 -2.182645263043634 0.07281735649840124
-25.78581363004173 -2.143106423091119 0.07148537737023294
-25.28511821974965 -2.1032961391615554 0.07016412263767266
-24.784422809457595 -2.063213786969448 0.06885365976912103
-24.283727399165514 -2.0228587422292934 0.06755405623298136
-23.783031988873432 -1.9822303806555783 0.06626537949765696
-23.28233657858135 -1.9413280779628372 0.06498769703154936
-22.781641168289298 -1.900151209865547 0.06372107630306009
-22.280945757997216 -1.8586991520781992 0.06246558478059336
-21.780250347705135 -1.816971280315334 0.0612212899325498
-21.27955493741308 -1.7749669702914266 0.059988259227332724
-20.778859527121 -1.7326855977209676 0.05876656013334278
-20.27816411682892 -1.6901265383184805 0.057556260118984154
-19.777468706536865 -1.6472891677984667 0.05635742665265661
-19.276773296244784 -1.6041728618754008 0.055170127202765235
-18.776077885952702 -1.5607769962638265 0.05399442923771067
-18.27538247566065 -1.5171009466782113 0.05283040022589622
-17.774687065368568 -1.4731440888330638 0.05167810763572342
-17.273991655076486 -1.4289057984428999 0.05053761893559469
-16.773296244784433 -1.3843854512222078 0.049409001593912455
-16.27260083449235 -1.339582422885483 0.04829232307907824
-15.77190542420027 -1.2944960891472481 0.04718765085949714
-15.271210013908217 -1.2491258257219913 0.04609505240356712
-14.770514603616135 -1.2034710083242144 0.04501459517969417
-14.269819193324054 -1.157531012668412 0.04394634665627892
-13.769123783032 -1.1113052144691078 0.042890374301722906
-13.268428372739919 -1.0647929894407762 0.04184674558442944
-12.767732962447838 -1.017993713297932 0.04081552797280094
-12.267037552155784 -0.9709067617550853 0.03979678893524072
-11.766342141863703 -0.9235315105267239 0.03879059594014764
-11.265646731571621 -0.8758673353273565 0.0377970164559259
-10.764951321279568 -0.8279136118714783 0.03681611795098058
-10.264255910987487 -0.7796697158736057 0.035847967893707894
-9.763560500695405 -0.7311350230482119 0.03489263375251736
-9.262865090403352 -0.6823089091098347 0.033950182995804296
-8.76216968011127 -0.6331907497729408 0.03302068309197645
-8.261474269819189 -0.5837799207520529 0.032104201509434466
-7.760778859527136 -0.5340757977616737 0.031200805716577216
-7.260083449235054 -0.48407775651629104 0.030310563181810666
-6.759388038942973 -0.4337851727304207 0.02943354137353635
-6.25869262865092 -0.3831974221185579 0.028569807760156694
-5.757997218358838 -0.3323138803951906 0.027719429810074112
-5.257301808066757 -0.28113392327484177 0.026882474991691028
-4.756606397774675 -0.22965692647200653 0.026059010773408085
-4.255910987482622 -0.17788226570118004 0.025249104623627703
-3.7552155771905404 -0.12580931667686368 0.024452824010755856
-3.254520166898459 -0.07343745511357436 0.02367023640319141
-2.753824756606406 -0.020766056725799897 0.022901409269335014
-2.2531293463143243 0.03220550277196521 0.022146410077592635
-1.7524339360222427 0.08544102920723337 0.02140360222531292
-1.2517385257301896 0.13881432545201575 0.02078173852573019
-0.7510431154381081 0.19159151599443675 0.01958894297635605
-0.25034770514602656 0.23487607788595338 0.019174255910987502
0.25034770514602656 0.2737300417246167 0.020456036161335157
0.7510431154381081 0.33978484005563275 0.021887858136300415
1.2517385257301896 0.4300184979137707 0.023108720445062608
1.7524339360222427 0.5169496522948522 0.024069137691237814
2.2531293463143243 0.5970881780250346 0.024829193324061194
2.753824756606406 0.674587482614744 0.025388442280945764
3.254520166898459 0.7557193324061178 0.02536566063977748
3.7552155771905404 0.8443575799721832 0.023950904033379704
4.255910987482622 0.9223125173852582 0.022272350486787187
4.756606397774675 0.9835663421418623 0.02118033379694022
5.257301808066757 1.0358834492350484 0.02014083449235049
5.757997218358838 1.0735638386648125 0.01985575799721836
6.258692628650891 1.0882726008344923 0.02301013908205827
6.759388038942973 1.1071090403337966 0.028202308762169646
7.260083449235054 1.1511527121001397 0.03294200278164122
7.760778859527107 1.2020171070931835 0.03821766342141848
8.261474269819189 1.2477684283727395 0.04456926286509034
8.76216968011127 1.2785965229485399 0.052142878998609254
9.262865090403324 1.2937675938803892 0.06109381084840028
9.763560500695405 1.2774043115438112 0.07081415855354649
10.264255910987487 1.25999123783032 0.08209510431154392
10.76495132127954 1.212007093184982 0.09223623087621673
11.265646731571621 1.1201773296244795 0.10737812239221114
11.766342141863703 0.9650774687065355 0.12402267037552164
12.267037552155784 0.8391292072322658 0.14326539638386712
12.767732962447838 0.7963232267037557 0.1571236717663421
13.268428372739919 0.7733724617524339 0.16214503477051465
13.769123783032 0.7809179415855361 0.16992108484005586
14.269819193324054 0.7814230876216971 0.1759036717663421
14.770514603616135 0.7688833101529903 0.18033730180806676
15.271210013908217 0.7623557192346424 0.18588027182346062
15.77190542420027 0.7557152060675044 0.19139438146584792
16.27260083449235 0.7489490913003849 0.19687630559999067
16.773296244784433 0.7420579992187827 0.20232611169429093
17.273991655076486 0.7350425541081966 0.20774386721715063
17.774687065368568 0.7279033802541244 0.21312963963697268
18.27538247566065 0.7206411019420649 0.21848349642215906
18.776077885952702 0.713256343457517 0.22380550504111177
19.276773296244784 0.7057497290859782 0.22909573296223362
19.777468706536865 0.6981218831129476 0.2343542476539267
20.27816411682892 0.6903734298239241 0.23958111658459288
20.778859527121 0.6825049935044054 0.24477640722263516
21.27955493741308 0.6745171984398901 0.24994018703645543
21.780250347705135 0.6664106689158774 0.25507252349445575
22.280945757997216 0.6581860292178647 0.26017348406503893
22.781641168289298 0.649843903631351 0.26524313621660706
23.28233657858135 0.6413849164418354 0.27028154741756194
23.783031988873432 0.6328096919348152 0.27528878513630667
24.283727399165514 0.6241188543957895 0.28026491684124305
24.784422809457567 0.6153130281102572 0.2852100100007732
25.28511821974965 0.6063928373637157 0.2901241320832999
25.78581363004173 0.5973589064416642 0.2950073505572252
26.286509040333783 0.5882118596296015 0.299859732890951
26.787204450625865 0.5789523212130252 0.30468134655288037
27.287899860917946 0.5695809154774342 0.3094722590114151
27.78859527121 0.5600982667083274 0.3142325377349573
28.28929068150208 0.5505049991912025 0.3189622501919097
28.789986091794162 0.5408017372115583 0.3236614638506745
29.290681502086215 0.5309891050548938 0.3283302461796535
29.791376912378297 0.5210677270067066 0.33296866464724967
30.29207232267038 0.5110382273524955 0.3375767867218649
30.79276773296246 0.500901230377759 0.3421546798719017
31.293463143254513 0.4906573603679963 0.34670241156576176
31.794158553546595 0.48030724160870464 0.3512200492718482
32.294853963838676 0.4698514983853831 0.35570766045856284
32.79554937413073 0.45929075498353067 0.3601653125943078
33.29624478442281 0.44862563568864466 0.3645930731474858
33.79694019471489 0.43785676478622426 0.368991009586499
34.297635605006946 0.4269847665617685 0.37335918937974927
34.79833101529903 0.4160102653007745 0.3776976799956395
35.29902642559111 0.4049338852887415 0.38200654890257174
35.79972183588316 0.3937562508111687 0.38628586356894795
36.30041724617524 0.382477986153553 0.39053569146317096
36.801112656467325 0.3710997156013939 0.3947561000536428
37.30180806675938 0.3596220634401902 0.39894715680876547
37.80250347705146 0.3480456539554393 0.40310892919694186
38.30319888734354 0.3363711114326401 0.40724148468657384
38.803894297635594 0.3245990601572919 0.4113448907460635
39.304589707927676 0.3127301244148919 0.4154192148438137
39.80528511821976 0.30076492849093917 0.41946452444822635
40.30598052851181 0.2887040966709328 0.42348088702770376
40.80667593880389 0.27654825324037 0.4274683700506483
41.30737134909597 0.26429802248475 0.4314270409854623
41.808066759388026 0.25195402868957173 0.4353569673005477
42.30876216968011 0.23951689614033245 0.4392582164643073
42.80945757997219 0.22698724912253132 0.4431308559451431
43.31015299026424 0.21436571192166753 0.4469749532114572
43.810848400556324 0.20165290882323816 0.4507905757316523
44.311543810848406 0.1888494641127424 0.45457779097413054
44.81223922114046 0.1759560020756793 0.4583366664072938
45.31293463143254 0.16297314699754606 0.4620672694995451
45.81363004172462 0.14990152316384187 0.4657696677192861
46.314325452016675 0.1367417548600658 0.4694439285349193
46.81502086230876 0.12349446637171502 0.473090119414847
47.31571627260084 0.11016028198428873 0.47670830782747164
47.81641168289289 0.0967398259832859 0.4802985612411951
48.31710709318497 0.08323372265420392 0.4838609471244201
48.817802503477054 0.06964259628254188 0.48739553294554877
49.318497913769136 0.055967071153798065 0.49090238617298343
49.81919332406119 0.042207771553471884 0.49438157427512586
50.31988873435327 0.02836532176706008 0.4978331647203791
50.82058414464535 0.014440346080062394 0.5012572249771451
51.321279554937405 0.00043346877797745265 0.504653822513826
51.82197496522949 -0.013654685853697446 0.5080230247988242
52.32267037552157 -0.027823493529463006 0.5113648993005423
52.82336578581362 -0.042072329963820154 0.514679513487382
53.3240611961057 -0.05640057087127193 0.517966934827746
53.824756606397784 -0.07080759196631903 0.5212272307900366
54.32545201668984 -0.08529276896346216 0.5244604688426556
54.82614742698192 -0.09985547757720448 0.527666716454006
55.326842837274 -0.11449509352204701 0.5308460410924897
55.82753824756605 -0.1292109925124898 0.5339985102265087
56.328233657858135 -0.14400255026303643 0.5371241913244659
56.82892906815022 -0.1588691424881874 0.540223151854763
57.32962447844227 -0.17381014490244362 0.5432954592858027
57.83031988873435 -0.18882493322030824 0.5463411810859871
58.33101529902643 -0.20391288315628198 0.5493603847237186
58.831710709318486 -0.21907337042486552 0.5523531376673991
59.33240611961057 -0.23430577074056158 0.5553195073854317
59.83310152990265 -0.24960945981787153 0.5582595613462179
60.3337969401947 -0.26498381337129584 0.5611733670181601
60.834492350486784 -0.28042820711533767 0.564060991869661
61.335187760778865 -0.2959420167644973 0.5669225033691225
61.83588317107092 -0.3115246180332758 0.5697579689849469
62.336578581363 -0.32717538663617685 0.5725674561855368
62.83727399165508 -0.34289369828770044 0.5753510324392942
63.337969401947134 -0.3586789287023473 0.5781087652146214
63.838664812239216 -0.3745304535946208 0.5808407219799206
64.3393602225313 -0.3904476486790216 0.5835469702035946
64.84005563282335 -0.4064298896700502 0.586227577354045
65.34075104311543 -0.42247655228221026 0.5888826108996746
65.84144645340751 -0.4385870122300022 0.5915121383088854
66.34214186369957 -0.4547606452279265 0.5941162270500796
66.84283727399165 -0.4709968269904865 0.5966949445916598
67.34353268428373 -0.48729493323218365 0.5992483584020282
67.84422809457581 -0.5036543396675179 0.6017765359495869
68.34492350486786 -0.520074422010991 0.6042795447027384
68.84561891515995 -0.5365545559771061 0.6067574521298846
69.34631432545203 -0.5530941172803636 0.6092103256994283
69.84700973574408 -0.5696924816352642 0.6116382328797715
70.34770514603616 -0.5863490247563112 0.6140412411393165
70.84840055632824 -0.6030631223580059 0.6164194179464656
71.3490959666203 -0.6198341501548474 0.6187728307696211
71.84979137691238 -0.6366614838613407 0.6211015470771853
72.35048678720446 -0.653544499191985 0.6234056343375606
72.85118219749651 -0.6704825718612819 0.625685160019149
73.3518776077886 -0.6874750775837344 0.6279401915903529
73.85257301808068 -0.7045213920738433 0.6301707965195745
74.35326842837273 -0.721620891046109 0.6323770422752164
74.85396383866481 -0.7387729502150346 0.6345589963256806
75.35465924895689 -0.755976945295121 0.6367167261393695
75.85535465924895 -0.773232252000869 0.6388502991846853
76.35605006954103 -0.7905382460467816 0.6409597829300304
76.85674547983308 -0.8078943031473584 0.6430452448438069
77.35744089012519 -0.8252997990171043 0.6451067523944175
77.85813630041724 -0.8427541093705166 0.6471443730502638
78.3588317107093 -0.860256609922099 0.6491581742797486
78.8595271210014 -0.8778066763863543 0.6511482235512743
79.36022253129346 -0.8954036844777808 0.6531145883332425
79.86091794158551 -0.9130470099108818 0.6550573360940563
80.36161335187762 -0.9307360284001609 0.6569765343021174
80.86230876216968 -0.9484701156601154 0.6588722504258283
81.36300417246173 -0.9662486474052492 0.6607445519335912
81.86369958275384 -0.9840709993500651 0.6625935062938086
82.36439499304589 -1.0019365472090616 0.6644191809748826
82.86509040333794 -1.0198446666967411 0.6662216434452155
83.36578581363005 -1.0377947335276085 0.6680009611732097
83.86648122392211 -1.0557861234161596 0.6697572016272672
84.36717663421416 -1.0738182120768995 0.6714904322757905
84.86787204450627 -1.0918903752243312 0.673200720587182
85.36856745479832 -1.1100019885729517 0.6748881340298438
85.86926286509038 -1.128152427837265 0.6765527400721779
86.36995827538249 -1.1463410687317748 0.6781946061825875
86.87065368567454 -1.1645672869709787 0.6798137998294739
87.3713490959666 -1.1828304582693792 0.6814103884812398
87.8720445062587 -1.201129958341481 0.6829844396062876
88.37273991655076 -1.2194651629017812 0.6845360206730193
88.87343532684281 -1.2378354476647828 0.6860651991498372
89.37413073713492 -1.2562401883449896 0.687572042505144
89.87482614742697 -1.2746787606569001 0.6890566182073415
90.37552155771903 -1.2931505403150167 0.6905189937248324
90.87621696801114 -1.3116549030338434 0.6919592365260187
91.37691237830319 -1.330191224527877 0.6933774140793024
91.87760778859524 -1.3487588805116222 0.6947735938530862
92.37830319888735 -1.367357246699582 0.6961478433157727
92.8789986091794 -1.3859856988062533 0.6975002299357635
93.37969401947146 -1.4046436125461408 0.6988308211814611
93.88038942976357 -1.4233303636337469 0.7001396845212681
94.38108484005562 -1.4420453277835696 0.7014268874235866
94.88178025034773 -1.4607878807101151 0.7026924973568186
95.38247566063978 -1.4795573981278787 0.7039365817893668
95.88317107093184 -1.4983532557513672 0.705159208189633
96.38386648122395 -1.517174829295082 0.70636044402602
96.884561891516 -1.53602149447352 0.70754035676693
97.38525730180805 -1.554892627001187 0.708699013880765
97.88595271210016 -1.5737876025925848 0.7098364828359274
98.38664812239222 -1.5927057969622112 0.7109528311008195
98.88734353268427 -1.6116465858245699 0.7120481261438434
99.38803894297638 -1.6306093448941652 0.713122435433402
99.88873435326843 -1.6495934498854925 0.7141758264378969
100.38942976356049 -1.6685982765130574 0.7152083666257308
100.8901251738526 -1.6876232004913627 0.7162201234653058
101.39082058414465 -1.7066675975349066 0.717211164425024
101.8915159944367 -1.7257308433581906 0.718181556973288
102.39221140472881 -1.7448123136757203 0.7191313685785001
102.89290681502086 -1.763911384201992 0.7200606667090624
103.39360222531292 -1.7830274306515104 0.7209695188333771
103.89429763560503 -1.8021598287387783 0.7218579924198468
104.39499304589708 -1.8213079541782926 0.7227261549368739
104.89568845618913 -1.8404711826845583 0.72357407385286
105.39638386648124 -1.8596488899720776 0.7244018166362078
105.8970792767733 -1.8788404517553479 0.7252094507553196
106.39777468706535 -1.8980452437488748 0.7259970436785977
106.89847009735746 -1.9172626416671592 0.7267646628744445
107.39916550764951 -1.9364920212246999 0.727512375811262
107.89986091794157 -1.9557327581360002 0.7282402499574524
108.40055632823368 -1.9749842281155645 0.7289483527814185
108.90125173852573 -1.994245806877889 0.7296367517515621
109.40194714881778 -2.0135168701374777 0.7303055143362857
109.90264255910989 -2.032796793608834 0.7309547080039916
110.40333796940195 -2.0520849530064567 0.731584400223082
110.904033379694 -2.0713807240448467 0.7321946584619591
111.40472878998611 -2.0906834824385108 0.7327855501890252
111.90542420027816 -2.1099926039019437 0.7333571428726829
112.40611961057022 -2.12930746414965 0.7339095039813343
112.90681502086233 -2.148627438896133 0.7344427009833815
113.40751043115438 -2.167951903855891 0.7349568013472267
113.90820584144643 -2.187280234743427 0.7354518725412728
114.40890125173854 -2.2066118072732444 0.7359279820339215
114.9095966620306 -2.2259459971598394 0.7363851972935754
115.41029207232265 -2.2452821801177185 0.7368235857886364
115.91098748261476 -2.2646197318613837 0.7372432149875072
116.41168289290681 -2.2839580281053324 0.7376441523585899
116.91237830319886 -2.303296444564068 0.738026465370287
117.41307371349097 -2.3226343569520944 0.7383902214910004
117.91376912378303 -2.341971140983908 0.7387354881891325
118.41446453407508 -2.3613061723740136 0.7390623329330859
118.91515994436719 -2.3806388268369147 0.7393708231912626
119.41585535465924 -2.399968480087108 0.7396610264320648
119.9165507649513 -2.4192945078390986 0.7399330101238948
120.4172461752434 -2.438616285807388 0.7401868417351551
120.91794158553546 -2.457933189706475 0.740422588734248
121.41863699582751 -2.4772445952508626 0.7406403185895757
121.91933240611962 -2.4965498781550552 0.7408400987695403
122.42002781641168 -2.515848414133549 0.7410219967425443
122.92072322670373 -2.535139578900849 0.7411860799769899
123.42141863699584 -2.554422748171457 0.7413324159412794
123.92211404728789 -2.573697297659871 0.7414610721038151
124.42280945757994 -2.592962603080596 0.7415721159329992
124.92350486787205 -2.612218040148133 0.7416656148972343
125.42420027816411 -2.6314629845769817 0.741741636464922
125.92489568845616 -2.6506968120816454 0.7418002481044651
126.42559109874827 -2.6699188983766273 0.7418415172842662
126.92628650904032 -2.689128619176424 0.7418655114727268
127.42698191933238 -2.7083253501955404 0.7418722981382495
127.92767732962449 -2.7275084671484784 0.741861944749237
128.42837273991654 -2.7466773457497364 0.7418345187740912
128.9290681502086 -2.76583136171382 0.741790087681214
129.4297635605007 -2.78496989075523 0.7417287189390086
129.93045897079276 -2.804092308588463 0.7416504800158763
130.4311543810848 -2.8231979909280254 0.7415554383802203
130.93184979137692 -2.842286313488419 0.7414436615004424
131.43254520166897 -2.861356651984143 0.7413152168449448
131.93324061196108 -2.8804083821297004 0.74117017188213
132.43393602225314 -2.8994408796395916 0.7410085940804001
132.9346314325452 -2.918453520228316 0.7408305509081575
133.4353268428373 -2.9374456796103816 0.7406361098338045
133.93602225312935 -2.9564167335002844 0.7404253383257434
134.4367176634214 -2.9753660576125274 0.7401983038523764
134.93741307371351 -2.9942930276616133 0.7399550738821058
135.43810848400557 -3.0131970193620408 0.7396957158833338
135.93880389429762 -3.0320774084283135 0.7394202973244629
136.43949930458973 -3.0509335705749345 0.7391288856738952
136.94019471488178 -3.0697648815164023 0.7388215484000332
137.44089012517384 -3.0885707169672196 0.7384983529712791
137.94158553546595 -3.1073504526418887 0.7381593668560348
138.442280945758 -3.126103464254909 0.7378046575227034
138.94297635605005 -3.144829127520784 0.7374342924396863
139.44367176634216 -3.1635268181540157 0.7370483390753862
139.94436717663422 -3.1821959118691012 0.7366468648982055
140.44506258692627 -3.2008357843805477 0.7362299373765465
140.94575799721838 -3.2194458114028546 0.735797623978811
141.44645340751043 -3.238025368650522 0.7353499921734018
141.94714881780249 -3.256573831838052 0.7348871094287209
142.4478442280946 -3.2750905766799505 0.7344090432131706
142.94853963838665 -3.293574978890711 0.7339158609951532
143.4492350486787 -3.3120264141848397 0.7334076302430715
143.9499304589708 -3.3304442582768408 0.7328844184253268
144.45062586926286 -3.3488278868812102 0.7323462930103225
144.95132127955492 -3.367176675712451 0.7317933214664599
145.45201668984703 -3.3854900004850697 0.7312255712621413
145.95271210013908 -3.40376723691356 0.7306431098657701
146.45340751043113 -3.422007760712428 0.7300460047457474
146.95410292072324 -3.440210947596176 0.729434323370476
147.4547983310153 -3.4583761732793032 0.7288081332083581
147.95549374130735 -3.4765028134763103 0.7281675017277961
148.45618915159946 -3.494590243901701 0.7275124963971923
148.9568845618915 -3.512637840269976 0.7268431846849489
149.45757997218357 -3.530644978295638 0.7261596340594677
149.95827538247568 -3.548611033693189 0.7254619119891516
150.45897079276773 -3.5665353821771264 0.7247500859424026
150.95966620305978 -3.5844173994619535 0.7240242233876236
151.4603616133519 -3.6022564612621766 0.723284391793216
151.96105702364395 -3.6200519432922906 0.7225306586275825
152.461752433936 -3.6378032212667986 0.7217630913591254
152.9624478442281 -3.655509670900207 0.720981757456247
153.46314325452016 -3.6731706679070104 0.7201867243873495
153.96383866481222 -3.690785588001713 0.7193780596208353
154.46453407510432 -3.7083538068988204 0.7185558306251062
154.96522948539638 -3.725874700312829 0.7177201048685654
155.46592489568843 -3.7433476439582405 0.7168709498196143
155.96662030598054 -3.76077201354956 0.7160084329466555
156.4673157162726 -3.778147184801285 0.7151326217180914
156.96801112656465 -3.795472533427919 0.7142435836023243
157.46870653685676 -3.812747435143965 0.7133413860677563
157.9694019471488 -3.8299712656639198 0.7124260965827897
158.47009735744086 -3.84714340070229 0.711497782615827
158.97079276773297 -3.864263215973577 0.7105565116352702
159.47148817802503 -3.881330087192276 0.7096023511095223
159.97218358831708 -3.8983433900728963 0.708635368506984
160.4728789986092 -3.915302500329936 0.7076556312960592
160.97357440890124 -3.9322067936778957 0.7066632069451494
161.4742698191933 -3.9490556458312778 0.7056581629226574
161.9749652294854 -3.9658484325045844 0.7046405666969847
162.47566063977746 -3.982584529412316 0.7036104857365343
162.9763560500695 -3.999263312268975 0.7025679875097081
163.47705146036162 -4.015884156789065 0.7015131394849082
163.97774687065368 -4.032446438687082 0.7004460091305379
164.47844228094573 -4.048949533677531 0.6993666639149979
164.97913769123784 -4.0653928174749145 0.6982751713066918
165.4798331015299 -4.0817756657937325 0.6971715987740216
165.98052851182194 -4.098097454348484 0.6960560137853894
166.48122392211405 -4.114357558853679 0.6949284838091973
166.9819193324061 -4.130555355023808 0.6937890763138476
167.48261474269816 -4.146690218573379 0.6926378587677425
167.98331015299027 -4.162761525216895 0.691474898639285
168.48400556328232 -4.178768650668852 0.6903002633968772
168.98470097357443 -4.194710970643757 0.6891140205089209
169.4853963838665 -4.210587860856107 0.6879162374438182
169.98609179415854 -4.226398697020404 0.6867069816699721
170.48678720445065 -4.242142854851153 0.6854863206557843
170.9874826147427 -4.2578197100628525 0.6842543218696583
171.48817802503476 -4.273428638370005 0.6830110527799943
171.98887343532687 -4.288969015487114 0.6817565808551963
172.48956884561892 -4.304440217128675 0.6804909735636656
172.99026425591097 -4.319841619009195 0.6792142983738058
173.49095966620308 -4.3351725968431785 0.6779266227540172
173.99165507649514 -4.350432526345117 0.6766280141727034
174.4923504867872 -4.36562078322952 0.675318540098267
174.9930458970793 -4.380736743210887 0.6739982679991093
175.49374130737135 -4.395779782003718 0.6726672653436326
175.9944367176634 -4.410749275322516 0.67132559960024
176.49513212795551 -4.425644598881784 0.6699733382373333
176.99582753824757 -4.440465128396019 0.668610548723315
177.49652294853962 -4.455210239579724 0.6672372985265872
177.99721835883173 -4.469879308147406 0.665853655115552
178.49791376912378 -4.484471709813561 0.6644596859586122
178.99860917941584 -4.49898682029269 0.6630554585241696
179.49930458970795 -4.513424015299297 0.6616410402806273
180.0 -4.527782670547884 0.6602164986963858
