Polar data for NACA 0012 at Re = 421724.13793103455
Alpha (deg) Cl Cd
-180.0 -2.306162759829699 0.9946882992459025
-179.49930458970792 -2.3236447117038495 0.9923944903247646
-178.99860917941587 -2.3410899951847313 0.9900841664571616
-178.49791376912378 -2.3584978213398093 0.9877574442418655
-177.9972183588317 -2.3758674012365377 0.9854144402776426
-177.49652294853965 -2.3931979459423767 0.983055271163263
-176.99582753824757 -2.4104886665247847 0.9806800534974964
-176.4951321279555 -2.4277387740512166 0.9782889038791118
-175.99443671766343 -2.444947479589124 0.9758819389068789
-175.49374130737135 -2.462113994205972 0.9734592751795657
-174.99304589707927 -2.479237528969213 0.9710210292959436
-174.49235048678722 -2.496317294946305 0.9685673178547798
-173.99165507649514 -2.51335250320471 0.966098257454844
-173.49095966620305 -2.530342364811883 0.9636139646949056
-172.990264255911 -2.5472860908352803 0.9611145561737333
-172.48956884561892 -2.5641828923423517 0.9586001484900979
-171.98887343532684 -2.581031980400568 0.9560708582427686
-171.48817802503476 -2.597832566077379 0.953526802030513
-170.9874826147427 -2.6145838604402396 0.9509680964521017
-170.48678720445062 -2.631285074556618 0.9483948581063018
-169.98609179415854 -2.6479354194939537 0.9458072035918856
-169.4853963838665 -2.66453410631972 0.9432052495076204
-168.9847009735744 -2.6810803461013695 0.9405891124522758
-168.48400556328232 -2.697573349906354 0.9379589090246216
-167.98331015299027 -2.7140123288021387 0.9353147558234272
-167.4826147426982 -2.7303964938561753 0.9326567694474608
-166.9819193324061 -2.7467250561359204 0.9299850664954918
-166.48122392211405 -2.762997226708837 0.9272997635662896
-165.98052851182197 -2.779212216642377 0.9246009772586257
-165.4798331015299 -2.7953692370039995 0.9218888241712653
-164.97913769123784 -2.8114674988611617 0.9191634209029795
-164.47844228094576 -2.827506213281324 0.9164248840525391
-163.97774687065368 -2.843484591331939 0.9136733302187101
-163.47705146036162 -2.859401844080467 0.910908876000265
-162.97635605006954 -2.8752571825943596 0.9081316379959714
-162.47566063977746 -2.89104981794108 0.905341732804599
-161.9749652294854 -2.906778961188084 0.9025392770249183
-161.47426981919332 -2.922443823402829 0.8997243872556939
-160.97357440890124 -2.938043615652771 0.8968971800957
-160.4728789986092 -2.9535775490053675 0.8940577721437035
-159.9721835883171 -2.9690448345280798 0.8912062799984743
-159.47148817802503 -2.9844446832883564 0.8883428202587831
-158.97079276773297 -2.9997763063536587 0.8854675095233968
-158.4700973574409 -3.0150389147914494 0.8825804643910853
-157.9694019471488 -3.030231719669181 0.8796818014606178
-157.46870653685676 -3.0453539320543124 0.8767716373307646
-156.96801112656468 -3.0604047630142928 0.8738500886002931
-156.4673157162726 -3.0753834236165902 0.8709172718679745
-155.96662030598054 -3.0902891249286553 0.8679733037325776
-155.46592489568846 -3.105121078017951 0.86501830079287
-154.96522948539638 -3.1198784939519326 0.8620523796476218
-154.46453407510432 -3.1345605837980495 0.8590756568956042
-153.96383866481224 -3.1491665586237714 0.8560882491355841
-153.46314325452016 -3.1636956294965453 0.8530902729663323
-152.9624478442281 -3.178147007483836 0.8500818449866159
-152.46175243393603 -3.1925199036530953 0.8470630817952058
-151.96105702364395 -3.206813529071785 0.8440340999908711
-151.4603616133519 -3.221027094807357 0.8409950161723814
-150.9596662030598 -3.2351598119272724 0.8379459469385055
-150.45897079276773 -3.2492108914989855 0.8348870088880125
-149.95827538247568 -3.263179544589959 0.8318183186196719
-149.4575799721836 -3.2770649822676488 0.8287399927322523
-148.9568845618915 -3.290866415599507 0.8256521478245229
-148.45618915159943 -3.304583055652988 0.8225549004952553
-147.95549374130738 -3.3182141134955634 0.8194483673432151
-147.4547983310153 -3.33175880019468 0.8163326649671745
-146.95410292072324 -3.345216326817792 0.8132079099659022
-146.45340751043116 -3.358585904432366 0.8100742189381662
-145.95271210013908 -3.371866744105861 0.806931708482735
-145.452016689847 -3.3850580569057174 0.8037804951983809
-144.95132127955495 -3.3981590538994064 0.800620695683872
-144.45062586926286 -3.4111689461543806 0.7974524265379761
-143.94993045897078 -3.4240869447381064 0.7942758043594635
-143.44923504867873 -3.436912260718027 0.791090945747104
-142.94853963838665 -3.4496441051616005 0.7878979672996673
-142.44784422809457 -3.4622816891362946 0.78469698561592
-141.9471488178025 -3.4748242237095655 0.7814881172946329
-141.44645340751043 -3.487270919948865 0.7782714789345746
-140.94575799721835 -3.499620988921648 0.7750471871345173
-140.44506258692627 -3.5118736416953764 0.7718153584932261
-139.94436717663422 -3.5240280893375084 0.7685761096094728
-139.44367176634213 -3.536083542915496 0.765329557082026
-138.94297635605005 -3.548039213496799 0.7620758175096556
-138.442280945758 -3.55989431214888 0.7588150074911304
-137.94158553546592 -3.571648049939191 0.7555472436252184
-137.44089012517384 -3.583299637935185 0.7522726425106903
-136.94019471488178 -3.5948482872043295 0.7489913207463157
-136.4394993045897 -3.6062932088140736 0.7457033949308627
-135.93880389429762 -3.6176336138318765 0.7424089816630992
-135.43810848400557 -3.628868713325198 0.7391081975417986
-134.9374130737135 -3.6399977183614913 0.7358011591657261
-134.4367176634214 -3.65101984000822 0.7324879831336542
-133.93602225312935 -3.661934289332833 0.7291687860443499
-133.43532684283727 -3.672740277402796 0.7258436844965821
-132.9346314325452 -3.6834370152855564 0.7225127950891224
-132.43393602225314 -3.6940237140485843 0.7191762344207386
-131.93324061196105 -3.704499584759323 0.7158341190901989
-131.43254520166897 -3.7148638384852424 0.7124865656962747
-130.93184979137692 -3.7251156862937895 0.7091336908377348
-130.43115438108484 -3.7352543392524273 0.7057756111133464
-129.93045897079276 -3.7452790084286063 0.702412443121881
-129.4297635605007 -3.7551889048897946 0.6990443034621074
-128.92906815020862 -3.764983239703443 0.6956713087327937
-128.42837273991654 -3.7746612239370085 0.6922935755327122
-127.92767732962449 -3.784222068657951 0.6889112204606274
-127.4269819193324 -3.7936649849337263 0.6855243601153125
-126.92628650904032 -3.80298918383179 0.6821331110955346
-126.42559109874827 -3.812193876419598 0.6787375900000654
-125.92489568845619 -3.821278273764613 0.6753379134276709
-125.42420027816411 -3.8302415869342914 0.6719341979771218
-124.92350486787205 -3.8390830269960903 0.668526560247187
-124.42280945757997 -3.8478018050174603 0.665115116836638
-123.92211404728789 -3.856397132065859 0.661699984344241
-123.42141863699584 -3.8648682192087565 0.6582812793687667
-122.92072322670376 -3.8732142775136014 0.6548591185089847
-122.42002781641168 -3.8814345180478513 0.6514336183636631
-121.91933240611961 -3.8895281518789586 0.6480048955315725
-121.41863699582754 -3.897494390074386 0.6445730666114808
-120.91794158553546 -3.905332443701597 0.641138248202157
-120.41724617524339 -3.9130415238280394 0.6377005569023726
-119.91655076495132 -3.920620841521168 0.6342601093108955
-119.41585535465924 -3.928069607848445 0.6308170220264937
-118.91515994436718 -3.9353870338773307 0.6273714116479379
-118.41446453407511 -3.942572330675282 0.6239233947739986
-117.91376912378303 -3.949624709309748 0.620473088003443
-117.41307371349096 -3.9565433808481947 0.6170206079350409
-116.91237830319889 -3.9633275563580765 0.6135660711675601
-116.41168289290681 -3.9699764469068493 0.6101095942997714
-115.91098748261474 -3.9764892635619686 0.6066512939304463
-115.41029207232268 -3.9828652173908905 0.6031912866583509
-114.9095966620306 -3.9891035194610884 0.5997296890822532
-114.40890125173853 -3.995203380839997 0.5962666178009284
-113.90820584144646 -4.001164012595086 0.592802189413139
-113.40751043115438 -4.00698462579381 0.5893365205176566
-112.90681502086231 -4.012664431503629 0.5858697277132519
-112.40611961057024 -4.018202640791999 0.5824019275986927
-111.90542420027816 -4.023598464726368 0.5789332367727507
-111.4047287899861 -4.028851114374205 0.575463771834192
-110.90403337969401 -4.033959800802966 0.5719936493817863
-110.40333796940195 -4.038923735080105 0.5685229860143044
-109.90264255910988 -4.043742128273078 0.5650518983305142
-109.4019471488178 -4.04841419144934 0.5615805029291872
-108.90125173852573 -4.052939135676364 0.5581089164090896
-108.40055632823366 -4.057316172021589 0.554637255368992
-107.89986091794158 -4.061544511552479 0.5511656364076634
-107.39916550764951 -4.065623365336488 0.5476941761238734
-106.89847009735745 -4.069551944441083 0.5442229911163909
-106.39777468706536 -4.073329459933711 0.5407521979839867
-105.8970792767733 -4.076955122881832 0.5372819133254285
-105.39638386648123 -4.080428144352905 0.5338122537394845
-104.89568845618915 -4.083747735414387 0.5303433358249261
-104.39499304589708 -4.086913107133735 0.5268752761805213
-103.89429763560501 -4.089923470578401 0.5234081914050417
-103.39360222531293 -4.09277803681585 0.5199421980972534
-102.89290681502086 -4.0954760169135325 0.5164774128559262
-102.3922114047288 -4.098016621938917 0.5130139522798298
-101.89151599443672 -4.100399062959455 0.509551932967734
-101.39082058414465 -4.102622551042587 0.5060914715184095
-100.89012517385257 -4.104686297255795 0.5026326845306206
-100.3894297635605 -4.106589512666534 0.49917568860314154
-99.88873435326843 -4.108331408342244 0.4957206003347385
-99.38803894297635 -4.109911195350391 0.49226753632418396
-98.88734353268428 -4.111328084758434 0.48881661317024405
-98.38664812239222 -4.112581287633831 0.48536794747168943
-97.88595271210013 -4.113670015044041 0.4819216558272881
-97.38525730180807 -4.1145934780565065 0.4784778548358124
-96.884561891516 -4.115350887738708 0.4750366610960286
-96.38386648122392 -4.115941455158086 0.47159819120670554
-95.88317107093185 -4.116364391382102 0.46816256176661564
-95.38247566063978 -4.116618907478212 0.46472988937452686
-94.8817802503477 -4.116704214513882 0.4613002906292045
-94.38108484005564 -4.116619523556559 0.4578738821294237
-93.88038942976357 -4.116364045673703 0.4544507804739488
-93.37969401947149 -4.115936991932771 0.4510311022615532
-92.87899860917942 -4.1153375734012245 0.44761496409100476
-92.37830319888734 -4.114565001146514 0.44420248256107064
-91.87760778859527 -4.113618486236095 0.44079377427052413
-91.3769123783032 -4.112497239737432 0.43738895581813053
-90.87621696801112 -4.111200472717985 0.4339881438026614
-90.37552155771905 -4.109727396245202 0.4305914548228855
-89.87482614742699 -4.108077221386549 0.42719900547757006
-89.3741307371349 -4.10624915920948 0.4238109123654874
-88.87343532684284 -4.104242420781442 0.42042729208540464
-88.37273991655077 -4.102056217169909 0.4170482612360933
-87.87204450625869 -4.099689759442323 0.41367393641632133
-87.37134909596662 -4.097142258666156 0.41030443422485496
-86.87065368567455 -4.094412925908851 0.40693987126047015
-86.36995827538247 -4.09150097223788 0.40358036412192955
-85.8692628650904 -4.088405608720685 0.40022602940800733
-85.36856745479834 -4.085126046424734 0.3968769837174697
-84.86787204450626 -4.081661496417486 0.39353334364908643
-84.36717663421419 -4.078011169766383 0.39019522580162724
-83.86648122392211 -4.074174277538897 0.3868627467738619
-83.36578581363004 -4.070150030802476 0.38353602316456015
-82.86509040333797 -4.065937640624585 0.3802151715724873
-82.36439499304589 -4.061536318072675 0.37690030859641754
-81.86369958275382 -4.05694527421421 0.37359155083511797
-81.36300417246176 -4.052163720116643 0.3702890148873583
-80.86230876216968 -4.047190866847434 0.3669928173519048
-80.36161335187761 -4.042025925474033 0.3637030748275316
-79.86091794158554 -4.036668107063909 0.3604199039130067
-79.36022253129346 -4.0311166226845065 0.3571434212070963
-78.85952712100139 -4.025370683403287 0.3538737433085719
-78.35883171070932 -4.019429500287715 0.3506109868162024
-77.85813630041724 -4.01329228440524 0.3473552683287575
-77.35744089012518 -4.006958246823314 0.34410670444500613
-76.85674547983311 -4.000426598609416 0.3408654117637162
-76.35605006954103 -3.99369655083098 0.33763150688366017
-75.85535465924896 -3.9867673145554727 0.3344051064036042
-75.35465924895689 -3.9796381008503543 0.331186326922319
-74.85396383866481 -3.9723081207830715 0.327975285038576
-74.35326842837274 -3.9647765854210872 0.32477209735113877
-73.85257301808066 -3.9570427058318716 0.32157688045878063
-73.3518776077886 -3.9491056930828536 0.31838975096027045
-72.85118219749653 -3.940964758241525 0.31521082545437795
-72.35048678720445 -3.9326191123753143 0.31204022053987024
-71.84979137691238 -3.92406796655169 0.30887805281551706
-71.34909596662031 -3.915310531838114 0.30572443888008904
-70.84840055632823 -3.9063460193020303 0.30257949533235506
-70.34770514603616 -3.8971736400109114 0.29944333877108575
-69.8470097357441 -3.8877926050322094 0.29631608579504554
-69.34631432545201 -3.8782021254333765 0.2931978530030086
-68.84561891515995 -3.8684014122818704 0.29008875699374204
-68.34492350486788 -3.8583896766451433 0.2869889143660165
-67.8442280945758 -3.8481661295906724 0.283898441718599
-67.34353268428373 -3.837729982185901 0.2808174556502594
-66.84283727399166 -3.827080445498285 0.27774607275976915
-66.34214186369958 -3.8162167305952854 0.27468440964589536
-65.84144645340751 -3.8051380485443564 0.27163258290740955
-65.34075104311543 -3.7938436104129627 0.26859070914307615
-64.84005563282336 -3.782332627268553 0.26555890495166756
-64.3393602225313 -3.770604310178588 0.26253728693195444
-63.838664812239216 -3.758657870210528 0.25952597168270475
-63.33796940194715 -3.746492518431814 0.25652507580268735
-62.83727399165508 -3.734107465909932 0.253534715890672
-62.336578581363 -3.7215019237123164 0.25055500854542667
-61.83588317107093 -3.7086751029064358 0.24758607036572114
-61.335187760778865 -3.6956262145597334 0.24462801795032865
-60.834492350486784 -3.682354469739688 0.241680967898011
-60.333796940194716 -3.6688590795137346 0.23874503680754325
-59.83310152990265 -3.6551392549493444 0.2358203412776925
-59.33240611961057 -3.64119420711397 0.2329069979072276
-58.8317107093185 -3.6270231470750742 0.2300051232949192
-58.33101529902643 -3.612625285900118 0.2271148340395335
-57.83031988873435 -3.597999834656533 0.22423624673984557
-57.329624478442284 -3.5831460044117955 0.22136947799461895
-56.82892906815022 -3.5680630062333707 0.21851464440262516
-56.328233657858135 -3.5527500511886965 0.21567186256263574
-55.82753824756607 -3.537206350345241 0.2128412490734151
-55.326842837273986 -3.5214311147704658 0.21002292053373742
-54.82614742698192 -3.505423555531821 0.20721699354236625
-54.32545201668985 -3.489182883696766 0.204423584698074
-53.82475660639777 -3.472708310332762 0.201642810599634
-53.3240611961057 -3.4559990465072543 0.19887478784580884
-52.823365785813635 -3.4390543032877128 0.19611963303537008
-52.322670375521554 -3.4218732917415844 0.19337746276708748
-51.82197496522949 -3.4044552229363356 0.19064839363973254
-51.321279554937405 -3.386799307939417 0.18793254225206882
-50.82058414464535 -3.3689047578182825 0.1852300252028705
-50.31988873435327 -3.3507707836404075 0.18254095909090465
-49.81919332406119 -3.3323965964732265 0.1798654605149437
-49.318497913769136 -3.313781407384208 0.1772036460737512
-48.817802503477054 -3.2949244274408107 0.17455563236609864
-48.31710709318497 -3.2758248677104875 0.17192153599075757
-47.81641168289292 -3.2564819392607065 0.16930147354649597
-47.31571627260084 -3.2368948531589057 0.16669556163208357
-46.81502086230876 -3.2170628204725586 0.16410391684628658
-46.3143254520167 -3.196985052269116 0.1615266557878792
-45.81363004172462 -3.1766607596160368 0.1589638950556285
-45.31293463143254 -3.1560891535807576 0.15641575124830245
-44.81223922114049 -3.135269445230782 0.15388234096466993
-44.311543810848406 -3.1142008456335324 0.15136378080350246
-43.810848400556324 -3.092882565856468 0.14886018736356535
-43.31015299026427 -3.071313816967053 0.14637167724363545
-42.80945757997219 -3.0494938100327547 0.14389836704247275
-42.30876216968011 -3.0274217561210106 0.1414403733588541
-41.808066759388026 -3.005096866299289 0.1389978127915448
-41.30737134909597 -2.982518351635046 0.1365708019393155
-40.80667593880389 -2.9596854231957286 0.13415945740093507
-40.30598052851181 -2.9365972920488064 0.13176389577517147
-39.80528511821976 -2.9132531692617354 0.12938423366079801
-39.304589707927676 -2.8896522659019697 0.12702058765657911
-38.803894297635594 -2.865793793036974 0.12467307436128541
-38.30319888734354 -2.8416769617341915 0.12234181037368666
-37.80250347705146 -2.8173009830610907 0.1200269122925526
-37.30180806675938 -2.792665068085129 0.11772849671665211
-36.801112656467325 -2.76776842787375 0.11544668024475582
-36.30041724617524 -2.742610273494429 0.11318157947562904
-35.79972183588316 -2.7171898160146073 0.1109333110080433
-35.29902642559111 -2.6915062665017553 0.10870199144077189
-34.79833101529903 -2.665558836023327 0.10648773737257569
-34.297635605006946 -2.639346735646771 0.10429066540223245
-33.79694019471489 -2.612869176439557 0.1021108921285048
-33.29624478442281 -2.5861253694691326 0.09994853415016516
-32.79554937413073 -2.559114525802955 0.09780370806598329
-32.294853963838676 -2.531835856508496 0.09567653047472538
-31.794158553546595 -2.5042885726531887 0.09356711797516296
-31.293463143254513 -2.476471885304517 0.09147558716606755
-30.79276773296246 -2.4483850055299223 0.08940205464620446
-30.29207232267038 -2.420027144396852 0.08734663701434434
-29.791376912378297 -2.39139751297279 0.08530945086925515
-29.290681502086244 -2.3624953223251657 0.0832906128097102
-28.789986091794162 -2.333319783521463 0.08129023943447392
-28.28929068150208 -2.303870107629117 0.0793084473423187
-27.788595271210028 -2.27414550571559 0.07734535313201343
-27.287899860917946 -2.244145188848365 0.0754010734023243
-26.787204450625865 -2.2138683680948565 0.0734757247520246
-26.28650904033381 -2.1833142545225437 0.07156942377988232
-25.78581363004173 -2.1524820591988805 0.06968228708466542
-25.28511821974965 -2.12137099319133 0.06781443126514544
-24.784422809457595 -2.0899802675673547 0.06596597292008857
-24.283727399165514 -2.058309093394395 0.06413702864826545
-23.783031988873432 -2.026356681739906 0.062327715048446725
-23.28233657858135 -1.9941222436713708 0.06053814871939858
-22.781641168289298 -1.9616049902562345 0.05876844625989522
-22.280945757997216 -1.928804132561935 0.05701872426870283
-21.780250347705135 -1.8957188816559583 0.05528909934458762
-21.27955493741308 -1.8623484486057353 0.05357968808632199
-20.778859527121 -1.8286920444787451 0.05189060709267748
-20.27816411682892 -1.7947488803424292 0.050221972962421174
-19.777468706536865 -1.76051816726427 0.048573902294320154
-19.276773296244784 -1.7259991163116772 0.046946511687146836
-18.776077885952702 -1.6911909385521688 0.045339917739668306
-18.27538247566065 -1.6560928450531527 0.04375423705065609
-17.774687065368568 -1.6207040468821023 0.04218958621887728
-17.273991655076486 -1.5850237551064825 0.04064608184310162
-16.773296244784433 -1.5490511807937455 0.039123840522100634
-16.27260083449235 -1.5127855350113435 0.03762297885463964
-15.77190542420027 -1.4762260288267413 0.036143613439491046
-15.271210013908217 -1.439371873307391 0.03468586087542372
-14.770514603616135 -1.4022222795207575 0.033249837761203854
-14.269819193324054 -1.3647764585342805 0.031835660695605644
-13.769123783032 -1.327033621415439 0.03044344627739351
-13.268428372739919 -1.2889929792316852 0.029073311105338978
-12.767732962447838 -1.2506537430504483 0.0277253717782118
-12.267037552155784 -1.2120151239392232 0.026399744894780836
-11.766342141863703 -1.173076332965462 0.025096547053815838
-11.265646731571621 -1.1338365811966014 0.023815894854083003
-10.764951321279568 -1.0942950797001074 0.022557904894356523
-10.264255910987487 -1.0544510395434468 0.02132269377340082
-9.763560500695405 -1.0143375521557716 0.020107816411682883
-9.262865090403352 -0.9756994436717674 0.01874910987482619
-8.76216968011127 -0.9374162726008349 0.017402990264255923
-8.261474269819189 -0.8976610570236436 0.016313407510431144
-7.760778859527136 -0.8582885952712112 0.015277635605006985
-7.260083449235054 -0.8188066759388044 0.014298150208623099
-6.759388038942973 -0.7786066759388036 0.013425771905424193
-6.25869262865092 -0.7380093184979151 0.012618386648122416
-5.757997218358838 -0.69691057023644 0.011856995827538257
-5.257301808066757 -0.654873574408901 0.011149638386648118
-4.756606397774675 -0.6058346314325439 0.010498456189151585
-4.255910987482622 -0.540344923504869 0.009857566063977757
-3.7552155771905404 -0.46380528511821945 0.009246050069541026
-3.254520166898459 -0.38811808066759224 0.008684881780250335
-2.753824756606406 -0.3147553546592501 0.008163824756606406
-2.2531293463143243 -0.2458561891515993 0.007687816411682892
-1.7524339360222427 -0.18423282336578461 0.007261947148817794
-1.2517385257301896 -0.12908080667593974 0.006920973574408906
-0.7510431154381081 -0.07728233657858133 0.006717760778859527
-0.25034770514602656 -0.02576077885952613 0.006592586926286507
0.25034770514602656 0.025735744089011532 0.006565048678720444
0.7510431154381081 0.07725744089012514 0.006690375521557719
1.2517385257301896 0.12908080667593974 0.006920973574408906
1.7524339360222427 0.18423282336578461 0.007261947148817794
2.2531293463143243 0.2458561891515993 0.007687816411682892
2.753824756606406 0.3147553546592501 0.008163824756606406
3.254520166898459 0.38811808066759224 0.008684881780250335
3.7552155771905404 0.46380528511821945 0.009246050069541026
4.255910987482622 0.540344923504869 0.009857566063977757
4.756606397774675 0.6057833101529889 0.010498456189151585
5.257301808066757 0.654773574408901 0.011144492350486784
5.757997218358838 0.69681057023644 0.011852155771905433
6.258692628650891 0.7379610570236429 0.012618386648122372
6.759388038942973 0.778554798331015 0.013425771905424193
7.260083449235054 0.8187066759388044 0.014298150208623099
7.760778859527107 0.8581885952712089 0.015277635605006924
8.261474269819189 0.8976133518776075 0.016313407510431144
8.76216968011127 0.9374687065368571 0.017402990264255923
9.262865090403324 0.9757994436717653 0.018743852573018038
9.763560500695405 1.0144375521557716 0.02010308762169679
10.264255910987487 1.0508937413073716 0.021737023643949947
10.76495132127954 1.0859474269819183 0.02343246175243389
11.265646731571621 1.1200420027816407 0.025029763560500677
11.766342141863703 1.1466723226703757 0.02724030598052853
12.267037552155784 1.1670940194714887 0.029683031988873492
12.767732962447838 1.1845745479833099 0.0320993741307371
13.268428372739919 1.199079137691238 0.03496109874826149
13.769123783032 1.2049923504867872 0.03907356050069553
14.269819193324054 1.2022018080667596 0.04442593880389421
14.770514603616135 1.1930830319888734 0.05106984700973577
15.271210013908217 1.1760719054242 0.05958417246175264
15.77190542420027 1.1487630041724624 0.0705353685674546
16.27260083449235 1.1041955493741304 0.085661933240612
16.773296244784433 0.9915532684283694 0.12400961057023757
17.273991655076486 0.8304294853963868 0.17966691237830218
17.774687065368568 0.7691269819193324 0.20730613351877608
18.27538247566065 0.7800972183588317 0.21593511821974987
18.776077885952702 0.7899031988873432 0.22500600834492337
19.276773296244784 0.8074280945757997 0.23064381084840055
19.777468706536865 0.8222707927677332 0.23773778859527137
20.27816411682892 0.83355316301909 0.2467119510248377
20.778859527121 0.84464111067671 0.25563761120830975
21.27955493741308 0.8555140572464515 0.2645095614379267
21.780250347705135 0.8661727916608566 0.2733279183124575
22.280945757997216 0.8766181028524693 0.28209279843067236
22.781641168289298 0.8868507797538319 0.2908043183913399
23.28233657858135 0.8968716112974864 0.2994625947932291
23.783031988873432 0.9066813864159768 0.30806774423510996
24.283727399165514 0.9162808940418454 0.3166198833157514
24.784422809457567 0.9256709231076341 0.3251191286339221
25.28511821974965 0.934852262545887 0.33356559678839226
25.78581363004173 0.9438257012891464 0.3419594043779307
26.286509040333783 0.9525920282699545 0.3503006680013063
26.787204450625865 0.9611520324208547 0.3585895042572891
27.287899860917946 0.9695065026743896 0.36682602974464784
27.78859527121 0.9776562279631017 0.37501036106215135
28.28929068150208 0.9856019972195342 0.38314261480857004
28.789986091794162 0.9933445993762298 0.3912229075826723
29.290681502086215 1.0008848233657306 0.39925135598322714
29.791376912378297 1.0082234581205802 0.40722807660900484
30.29207232267038 1.015361292573321 0.41515318605877405
30.79276773296246 1.0222991156564962 0.42302680093130396
31.293463143254513 1.0290377163026476 0.43084903782536343
31.794158553546595 1.0355778834443188 0.43862001333972256
32.294853963838676 1.0419204060140523 0.4463398440731504
32.79554937413073 1.0480660729443905 0.4540086466244154
33.29624478442281 1.0540156731678767 0.461626537592288
33.79694019471489 1.0597699956170537 0.4691936335755369
34.297635605006946 1.0653298292244637 0.47671005117293075
34.79833101529903 1.07069596292265 0.48417590698323976
35.29902642559111 1.0758691856441551 0.4915913176052329
35.79972183588316 1.0808502863215217 0.4989563996376789
36.30041724617524 1.085640053887293 0.5062712696793477
36.801112656467325 1.0902392772740115 0.5135360443290085
37.30180806675938 1.0946487454142195 0.5207508401854297
37.80250347705146 1.0988692472404606 0.5279157738473816
38.30319888734354 1.102901571685277 0.5350309619136331
38.803894297635594 1.1067465076812113 0.542096520982953
39.304589707927676 1.1104048441608068 0.5491125676541113
39.80528511821976 1.113877370056606 0.5560792185258768
40.30598052851181 1.1171648743011517 0.5629965901970184
40.80667593880389 1.1202681458269867 0.5698647992663064
41.30737134909597 1.1231879735666537 0.5766839623325092
41.808066759388026 1.1259251464526954 0.5834541959943959
42.30876216968011 1.1284804534176551 0.5901756168507366
42.80945757997219 1.1308546833940747 0.5968483415003
43.31015299026424 1.1330486253144973 0.603472486541855
43.810848400556324 1.135063068111466 0.6100481685741717
44.311543810848406 1.1368988007175231 0.616575504196019
44.81223922114046 1.1385566120652115 0.6230546100061656
45.31293463143254 1.1400372910870742 0.6294856026033817
45.81363004172462 1.1413416267156535 0.6358685985864359
46.314325452016675 1.1424704078834926 0.6422037145540973
46.81502086230876 1.1434244235231343 0.6484910671051359
47.31571627260084 1.1442044625671213 0.6547307728383205
47.81641168289289 1.1448113139479956 0.6609229483524199
48.31710709318497 1.1452457665983014 0.6670677102462043
48.817802503477054 1.1455086094505798 0.6731651751184424
49.318497913769136 1.1456006314373752 0.6792154595679039
49.81919332406119 1.1455226214912293 0.6852186801933566
50.31988873435327 1.145275368544685 0.6911749535935717
50.82058414464535 1.1448596615302853 0.6970843963673176
51.321279554937405 1.1442762893805727 0.7029471251133628
51.82197496522949 1.1435260410280903 0.708763256430478
52.32267037552157 1.1426097054053805 0.7145329069174315
52.82336578581362 1.1415280714449867 0.7202561931729924
53.3240611961057 1.1402819280794512 0.7259332317959308
53.824756606397784 1.1388720642413162 0.7315641393850152
54.32545201668984 1.1372992688631256 0.7371490325390151
54.82614742698192 1.1355643308774217 0.7426880278567001
55.326842837274 1.1336680392167464 0.7481812419368389
55.82753824756605 1.131611182813644 0.7536287913782007
56.328233657858135 1.1293945506006564 0.7590307927795557
56.82892906815022 1.1270189315103263 0.7643873627396719
57.32962447844227 1.1244851144751968 0.7696986178573192
57.83031988873435 1.1217938884278102 0.7749646747312671
58.33101529902643 1.11894604230071 0.7801856499602842
58.831710709318486 1.1159423650264382 0.7853616601431399
59.33240611961057 1.1127836455375377 0.7904928218786041
59.83310152990265 1.1094706727665515 0.7955792517654453
60.3337969401947 1.106004235646023 0.8006210664024329
60.834492350486784 1.1023851231084933 0.8056183823883367
61.335187760778865 1.0986141240865066 0.8105713163219251
61.83588317107092 1.0946920275126055 0.8154799848019679
62.336578581363 1.090619622319332 0.8203445044272342
62.83727399165508 1.086397697439229 0.8251649917964935
63.337969401947134 1.0820270418048403 0.8299415635085144
63.838664812239216 1.0775084443487077 0.8346743361620668
64.3393602225313 1.072842694003374 0.83936342635592
64.84005563282335 1.0680305797013825 0.8440089506888426
65.34075104311543 1.0630728903752755 0.8486110257596042
65.84144645340751 1.0579704149575955 0.8531697681669743
66.34214186369957 1.0527239423808863 0.8576852945097218
66.84283727399165 1.0473342615776902 0.8621577213866161
67.34353268428373 1.0418021614805488 0.8665871653964263
67.84422809457581 1.0361284310220065 0.8709737431379219
68.34492350486786 1.0303138591346055 0.875317571209872
68.84561891515995 1.0243592347508883 0.879618766211046
69.34631432545203 1.0182653468033973 0.8838774447402129
69.84700973574408 1.0120329842246762 0.8880937233961419
70.34770514603616 1.005662935947268 0.8922677187776027
70.84840055632824 0.9991559909037131 0.8963995474833639
71.3490959666203 0.9925129380265585 0.9004893261121956
71.84979137691238 0.9857345662483425 0.9045371712628663
72.35048678720446 0.9788216645016108 0.9085431995341453
72.85118219749651 0.9717750217189047 0.9125075275248025
73.3518776077886 0.9645954268327677 0.9164302718336066
73.85257301808068 0.957283668775742 0.9203115490593268
74.35326842837273 0.9498405364803706 0.9241514758007325
74.85396383866481 0.9422668188791963 0.927950168656593
75.35465924895689 0.9345633049047624 0.931707744225678
75.85535465924895 0.9267307834896108 0.9354243191067557
76.35605006954103 0.9187700435662849 0.939100009898596
76.85674547983308 0.9106818740673275 0.9427349331999679
77.35744089012519 0.9024670639252801 0.9463292056096417
77.85813630041724 0.8941264020726865 0.9498829437263849
78.3588317107093 0.8856606774420894 0.9533962641489677
78.8595271210014 0.8770706789660319 0.9568692834761598
79.36022253129346 0.8683571955770566 0.9603021183067293
79.86091794158551 0.8595210162077065 0.9636948852394462
80.36161335187762 0.8505629297905222 0.96704770087308
80.86230876216968 0.8414837252580496 0.9703606818063994
81.36300417246173 0.8322841915428298 0.9736339446381737
81.86369958275384 0.8229651175774049 0.9768676059671724
82.36439499304589 0.8135272922943197 0.9800617823921642
82.86509040333794 0.8039715046261156 0.9832165905119192
83.36578581363005 0.7942985435053347 0.9863321469252064
83.86648122392211 0.7845091978645222 0.9894085682307945
84.36717663421416 0.7746042566362183 0.9924459710274531
84.86787204450627 0.7645845087529664 0.9954444719139517
85.36856745479832 0.7544507431473109 0.9984041874890592
85.86926286509038 0.7442037487517925 1.0013252343515449
86.36995827538249 0.7338443144989546 1.0042077291001783
86.87065368567454 0.7233732293213404 1.0070517883337284
87.3713490959666 0.7127912821514928 1.0098575286509643
87.8720445062587 0.7020992619219533 1.0126250666506558
88.37273991655076 0.6912979575652665 1.0153545189315716
88.87343532684281 0.6803881580139739 1.0180460020924813
89.37413073713492 0.6693706522006175 1.020699632732154
89.87482614742697 0.6582462290577424 1.0233155274493588
90.37552155771903 0.6470156775178897 1.0258938028428652
90.87621696801114 0.6356797865136026 1.0284345755114426
91.37691237830319 0.624239344977424 1.0309379620538597
91.87760778859524 0.6126951418418958 1.033404079068886
92.37830319888735 0.6010479660395609 1.0358330431552913
92.8789986091794 0.5892986065029644 1.0382249709118443
93.37969401947146 0.5774478521646464 1.0405799789373138
93.88038942976357 0.5654964919571495 1.0428981838304698
94.38108484005562 0.5534453148130194 1.0451797021900815
94.88178025034773 0.5412951096647942 1.047424650614918
95.38247566063978 0.5290466654450225 1.0496331457037487
95.88317107093184 0.5167007710862423 1.0518053040553421
96.38386648122395 0.5042582155209978 1.0539412422684682
96.884561891516 0.4917197876818331 1.0560410769418964
97.38525730180805 0.4790862765012893 1.0581049246743952
97.88595271210016 0.4663584709119093 1.0601329020647345
98.38664812239222 0.45353715984623677 1.0621251257116833
98.88734353268427 0.44062313223681415 1.064081712214011
99.38803894297638 0.42761717701618296 1.0660027781704864
99.88873435326843 0.41452008311688826 1.0678884401798792
100.38942976356049 0.40133263947147113 1.0697388148409583
100.8901251738526 0.3880556350124753 1.071554018752494
101.39082058414465 0.3746898586724414 1.0733341685132538
101.8915159944367 0.3612360993839163 1.075079380722008
102.39221140472881 0.3476951460794375 1.076789771977526
102.89290681502086 0.3340677876915523 1.0784654588785765
103.39360222531292 0.32035481315280223 1.0801065580239293
103.89429763560503 0.306557011395727 1.0817131860123534
104.39499304589708 0.29267517135287524 1.083285459442618
104.89568845618913 0.2787100819567849 1.084823494913492
105.39638386648124 0.26466253213999935 1.0863274090237451
105.8970792767733 0.2505333108350627 1.087797318372147
106.39777468706535 0.23632320697451822 1.0892333395574658
106.89847009735746 0.22203300949090574 1.0906355891784718
107.39916550764951 0.20766350731677205 1.0920041838339338
107.89986091794157 0.1932154893846569 1.0933392401226203
108.40055632823368 0.1786897446271036 1.0946408746433025
108.90125173852573 0.16408706197665543 1.0959092039947478
109.40194714881778 0.14940823036585657 1.097144344775726
109.90264255910989 0.13465403872724588 1.0983464135850072
110.40333796940195 0.1198252759933702 1.0995155270213595
110.904033379694 0.10492273109677017 1.100651801683552
111.40472878998611 0.08994719296998818 1.101755354170355
111.90542420027816 0.07489945054556932 1.1028263010805375
112.40611961057022 0.059780292756053316 1.103864759012868
112.90681502086233 0.04459050853398347 1.1048708445661168
113.40751043115438 0.029330886811905738 1.1058446743390522
113.90820584144643 0.014002216522359862 1.106786364930444
114.40890125173854 -0.0013947134021108643 1.1076960329390615
114.9095966620306 -0.016859114028963146 1.1085737949636738
115.41029207232265 -0.0323901964256528 1.10941976760305
115.91098748261476 -0.04798717165964275 1.1102340674559594
116.41168289290681 -0.06364925079838438 1.111016811121171
116.91237830319886 -0.07937564490933616 1.1117681151974546
117.41307371349097 -0.09516556505995658 1.1124880962835797
117.91376912378303 -0.11101822231770145 1.1131768709783145
118.41446453407508 -0.12693282775002748 1.1138345558804292
118.91515994436719 -0.1429085924243976 1.1144612675886922
119.41585535465924 -0.1589447274082614 1.1150571227018735
119.9165507649513 -0.17504044376907915 1.115622237818742
120.4172461752434 -0.191194952574312 1.1161567295380674
120.91794158553546 -0.2074074648914104 1.1166607144586183
121.41863699582751 -0.22367719178783377 1.1171343091791641
121.91933240611962 -0.24000334433104412 1.117577630298474
122.42002781641168 -0.2563851335884919 1.1179907944153176
122.92072322670373 -0.27282177062763746 1.118373918128464
123.42141863699584 -0.2893124665159401 1.1187271180366827
123.92211404728789 -0.305856432320853 1.1190505107387423
124.42280945757994 -0.32245287910983467 1.1193442128334128
124.92350486787205 -0.3391010179503444 1.1196083409194626
125.42420027816411 -0.3558000599098372 1.1198430115956615
125.92489568845616 -0.3725492160557715 1.1200483414607787
126.42559109874827 -0.38934769745560494 1.1202244471135836
126.92628650904032 -0.4061947151767915 1.1203714451528455
127.42698191933238 -0.4230894802867924 1.1204894521773325
127.92767732962449 -0.44003120385306427 1.1205785847858156
128.42837273991654 -0.4570190969430603 1.1206389595770632
128.9290681502086 -0.47405237062424344 1.120670693149844
129.4297635605007 -0.4911302359640686 1.1206739021029282
129.93045897079276 -0.5082519040299898 1.1206487030350847
130.4311543810848 -0.5254165858894682 1.1205952125450822
130.93184979137692 -0.5426234926099631 1.1205135472316912
131.43254520166897 -0.559871835258926 1.1204038236936802
131.93324061196108 -0.5771608249038198 1.120266158529818
132.43393602225314 -0.5944896726120958 1.1201006683388746
132.9346314325452 -0.6118575894512117 1.119907469719619
133.4353268428373 -0.6292637864886312 1.1196866792708202
133.93602225312935 -0.6467074747918076 1.1194384135912478
134.4367176634214 -0.6641878654281956 1.1191627892796707
134.93741307371351 -0.6817041694652592 1.1188599229348586
135.43810848400557 -0.6992555979704471 1.1185299311555807
135.93880389429762 -0.7168413620112222 1.1181729305406054
136.43949930458973 -0.734460672655042 1.1177890376887032
136.94019471488178 -0.7521127409693606 1.1173783691986425
137.44089012517384 -0.7697967780216357 1.116941041669193
137.94158553546595 -0.7875119948793265 1.116477171699124
138.442280945758 -0.805257602609889 1.1159868758872038
138.94297635605005 -0.8230328122807815 1.1154702708322028
139.44367176634216 -0.8408368349594617 1.11492747313289
139.94436717663422 -0.8586688817133818 1.1143585993880347
140.44506258692627 -0.876528163610004 1.1137637661964048
140.94575799721838 -0.8944138917167874 1.113143090156772
141.44645340751043 -0.9123252771011818 1.1124966878679035
141.94714881780249 -0.9302615308306519 1.111824675928569
142.4478442280946 -0.9482218639726525 1.1111271709375388
142.94853963838665 -0.9662054875946378 1.1104042894935804
143.4492350486787 -0.9842116127640679 1.1096561481954652
143.9499304589708 -1.0022394505484022 1.10888286364196
144.45062586926286 -1.0202882120150913 1.108084552431836
144.95132127955492 -1.0383571082315999 1.1072613311638622
145.45201668984703 -1.0564453502653828 1.1064133164368066
145.95271210013908 -1.0745521491838932 1.1055406248494395
146.45340751043113 -1.0926767160545905 1.10464337300053
146.95410292072324 -1.1108182619449367 1.1037216774888472
147.4547983310153 -1.1289759979223832 1.1027756549131602
147.95549374130735 -1.1471491350543876 1.1018054218722393
148.45618915159946 -1.1653368844084102 1.1008110949648524
148.9568845618915 -1.1835384570519067 1.0997927907897693
149.45757997218357 -1.201753064052333 1.0987506259457593
149.95827538247568 -1.2199799164771503 1.0976847170315909
150.45897079276773 -1.2382182253938143 1.0965951806460346
150.95966620305978 -1.2564672018697773 1.0954821333878593
151.4603616133519 -1.2747260569725032 1.0943456918558334
151.96105702364395 -1.2929940017694441 1.0931859726487276
152.461752433936 -1.3112702473280613 1.09200309236531
152.9624478442281 -1.3295540047158105 1.090797167604349
153.46314325452016 -1.3478444850001485 1.0895683149646163
153.96383866481222 -1.366140899248531 1.0883166510448798
154.46453407510432 -1.3844424585284212 1.0870422924439087
154.96522948539638 -1.4027483739072701 1.0857453557604722
155.46592489568843 -1.4210578564525356 1.0844259575933395
155.96662030598054 -1.4393701172316786 1.0830842145412805
156.4673157162726 -1.4576843673121525 1.081720243203064
156.96801112656465 -1.4759998177614173 1.0803341601774588
157.46870653685676 -1.4943156796469308 1.0789260820632351
157.9694019471488 -1.5126311640361434 1.077496125459162
158.47009735744086 -1.5309454819965198 1.0760444069640072
158.97079276773297 -1.5492578445955185 1.0745710431765418
159.47148817802503 -1.5675674629005882 1.0730761506955349
159.97218358831708 -1.5858735479791946 1.071559846119755
160.4728789986092 -1.6041753108987915 1.0700222460479714
160.97357440890124 -1.6224719627268331 1.0684634670789535
161.4742698191933 -1.6407627145307806 1.0668836258114707
161.9749652294854 -1.6590467773780906 1.0652828388442919
162.47566063977746 -1.6773233623362207 1.0636612227761877
162.9763560500695 -1.6955916804726259 1.0620188942059252
163.47705146036162 -1.7138509428547664 1.060355969732275
163.97774687065368 -1.7321003605500962 1.0586725659540062
164.47844228094573 -1.7503391446260756 1.0569687994698873
164.97913769123784 -1.768566506150164 1.0552447868786892
165.4798331015299 -1.7867816561898084 1.0535006447791797
165.98052851182194 -1.804983805812477 1.0517364897701287
166.48122392211405 -1.8231721660856228 1.049952438450304
166.9819193324061 -1.8413459480767018 1.0481486074184774
167.48261474269816 -1.8595043628531742 1.0463251132734162
167.98331015299027 -1.8776466214824958 1.0444820726138906
168.48400556328232 -1.8957719350321207 1.0426196020386695
168.98470097357443 -1.9138795145695144 1.0407378181465223
169.4853963838665 -1.931968571162124 1.0388368375362174
169.98609179415854 -1.950038315877413 1.0369167768065253
170.48678720445065 -1.9680879597828376 1.034977752556214
170.9874826147427 -1.9861167139458533 1.0330198813840543
171.48817802503476 -2.00412378943392 1.0310432798888145
171.98887343532687 -2.0221083973144918 1.0290480646692644
172.48956884561892 -2.0400697486550268 1.0270343523241714
172.99026425591097 -2.058007054522985 1.0250022594523076
173.49095966620308 -2.0759195259858236 1.0229519026524396
173.99165507649514 -2.0938063741109962 1.020883398523339
174.4923504867872 -2.1116668099659597 1.018796863663774
174.9930458970793 -2.1295000446181804 1.0166924146725125
175.49374130737135 -2.1473052891351037 1.0145701681483257
175.9944367176634 -2.1650817545841905 1.0124302406899826
176.49513212795551 -2.182828652032901 1.0102727488962515
176.99582753824757 -2.20054519254869 1.0080978093659023
177.49652294853962 -2.2182305871990184 1.0059055386977043
177.99721835883173 -2.2358840470513393 1.0036960534904262
178.49791376912378 -2.253504783173108 1.0014694703428375
178.99860917941584 -2.271092006631786 0.9992259058537083
179.49930458970795 -2.288644928494832 0.9969654766218061
180.0 -2.306162759829699 0.9946882992459025
