Polar data for NACA 0012 at Re = 1794137.931034483
Alpha (deg) Cl Cd
-180.0 -10.880795244455577 2.0653299535297927
-179.49930458970792 -10.876982683776028 2.0598518539838433
-178.99860917941587 -10.872964312380446 2.0543351418465243
-178.49791376912378 -10.868740647317125 2.048780130518867
-177.9972183588317 -10.864312205634342 2.0431871334018976
-177.49652294853965 -10.859679504380367 2.0375564638966437
-176.99582753824757 -10.854843060603486 2.0318884354041304
-176.4951321279555 -10.84980339135198 2.026183361325392
-175.99443671766343 -10.84456101367413 2.020441555061454
-175.49374130737135 -10.839116444618213 2.014663330013341
-174.99304589707927 -10.833470201232519 2.0088489995820855
-174.49235048678722 -10.827622800565312 2.0029988771687086
-173.99165507649514 -10.82157475966488 1.997113276174248
-173.49095966620305 -10.815326595579506 1.9911925099997219
-172.990264255911 -10.808878825357457 1.9852368920461614
-172.48956884561892 -10.802231966047032 1.979246735714598
-171.98887343532684 -10.795386534696501 1.9732223544060594
-171.48817802503476 -10.78834304835414 1.96716406152157
-170.9874826147427 -10.781102024068247 1.9610721704621574
-170.48678720445062 -10.773663978887068 1.9549469946288496
-169.98609179415854 -10.76602942985891 1.9487888474226778
-169.4853963838665 -10.758198894032049 1.9425980422446663
-168.9847009735744 -10.75017288845476 1.9363748924958446
-168.48400556328232 -10.741951930175325 1.9301197115772406
-167.98331015299027 -10.733536536242024 1.923832812889882
-167.4826147426982 -10.724927223703137 1.9175145098347985
-166.9819193324061 -10.71612450960695 1.911165115813016
-166.48122392211405 -10.707128911001728 1.9047849442255607
-165.98052851182197 -10.697940944935763 1.8983743084734654
-165.4798331015299 -10.68856112845733 1.8919335219577529
-164.97913769123784 -10.678989978614709 1.8854628980794526
-164.47844228094576 -10.669228012456191 1.878962750239594
-163.97774687065368 -10.659275747030037 1.8724333918392033
-163.47705146036162 -10.649133699384535 1.8658751362793082
-162.97635605006954 -10.638802386567974 1.8592882969609383
-162.47566063977746 -10.628282325628625 1.8526731872851232
-161.9749652294854 -10.617574033614765 1.8460301206528853
-161.47426981919332 -10.60667802757468 1.8393594104652542
-160.97357440890124 -10.595594824556649 1.8326613701232612
-160.4728789986092 -10.584324941608951 1.8259363130279307
-159.9721835883171 -10.572868895779866 1.819184552580292
-159.47148817802503 -10.561227204117678 1.8124064021813733
-158.97079276773297 -10.549400383670665 1.8056021752322038
-158.4700973574409 -10.537388951487099 1.798772185133806
-157.9694019471488 -10.525193424615267 1.7919167452872133
-157.46870653685676 -10.512814320103445 1.7850361690934498
-156.96801112656468 -10.50025215499992 1.7781307699535485
-156.4673157162726 -10.487507446352964 1.7712008612685302
-155.96662030598054 -10.474580711210866 1.7642467564394297
-155.46592489568846 -10.461472466621899 1.757268768867268
-154.96522948539638 -10.448183229634342 1.7502672119530778
-154.46453407510432 -10.434713517296487 1.7432423990978871
-153.96383866481224 -10.421063846656597 1.736194643702722
-153.46314325452016 -10.407234734762966 1.7291242591686138
-152.9624478442281 -10.39322669866386 1.7220315588965867
-152.46175243393603 -10.379040255407567 1.7149168562876649
-151.96105702364395 -10.364675922042366 1.7077804647428834
-151.4603616133519 -10.350134215616539 1.7006226976632681
-150.9596662030598 -10.33541565317837 1.6934438684498452
-150.45897079276773 -10.320520751776122 1.6862442905036423
-149.95827538247568 -10.305450028458097 1.6790242772256945
-149.4575799721836 -10.29020400027256 1.671784142017017
-148.9568845618915 -10.27478318426779 1.6645241982786483
-148.45618915159943 -10.259188097492082 1.6572447594116126
-147.95549374130738 -10.243419256993697 1.6499461388169343
-147.4547983310153 -10.22747717982093 1.6426286498956482
-146.95410292072324 -10.211362383022056 1.6352926060487785
-146.45340751043116 -10.195075383645346 1.6279383206773494
-145.95271210013908 -10.178616698739095 1.6205661071823925
-145.452016689847 -10.16198684535157 1.6131762789649406
-144.95132127955495 -10.145186340531062 1.605769149426013
-144.45062586926286 -10.128215701325846 1.5983450319666423
-143.94993045897078 -10.111075444784198 1.590904239987855
-143.44923504867873 -10.093766087954403 1.5834470868906805
-142.94853963838665 -10.076288147884746 1.5759738860761465
-142.44784422809457 -10.058642141623494 1.5684849509452792
-141.9471488178025 -10.040828586218932 1.5609805948991045
-141.44645340751043 -10.022847998719342 1.5534611313386537
-140.94575799721835 -10.004700896173002 1.5459268736649565
-140.44506258692627 -9.9863877956282 1.5383781352790336
-139.94436717663422 -9.967909214133208 1.5308152295819215
-139.44367176634213 -9.94926566873631 1.5232384699746464
-138.94297635605005 -9.93045767648578 1.5156481698582307
-138.442280945758 -9.911485754429894 1.5080446426337022
-137.94158553546592 -9.892350419616946 1.5004282017020976
-137.44089012517384 -9.873052189095208 1.4927991604644357
-136.94019471488178 -9.853591579912973 1.4851578323217516
-136.4394993045897 -9.833969109118492 1.4775045306750676
-135.93880389429762 -9.814185293760065 1.4698395689254116
-135.43810848400557 -9.794240650885978 1.4621632604738166
-134.9374130737135 -9.774135697544498 1.4544759187213052
-134.4367176634214 -9.753870950783906 1.446777857068907
-133.93602225312935 -9.73344692765248 1.4390693889176513
-133.43532684283727 -9.712864145198516 1.4313508276685627
-132.9346314325452 -9.692123120470278 1.4236224867226759
-132.43393602225314 -9.67122437051605 1.415884679481008
-131.93324061196105 -9.650168412384112 1.4081377193445976
-131.43254520166897 -9.62895576312274 1.4003819197144654
-130.93184979137692 -9.607586939780226 1.3926175939916443
-130.43115438108484 -9.586062459404836 1.384845055577157
-129.93045897079276 -9.56438283904486 1.37706461787204
-129.4297635605007 -9.542548595748585 1.3692765942773106
-128.92906815020862 -9.520560246564266 1.3614812981939983
-128.42837273991654 -9.498418308540202 1.3536790430231416
-127.92767732962449 -9.476123298724666 1.345870142165754
-127.4269819193324 -9.453675734165948 1.338054909022874
-126.92628650904032 -9.431076131912306 1.330233656995524
-126.42559109874827 -9.408325009012046 1.3224066994847354
-125.92489568845619 -9.385422882513424 1.3145743498915343
-125.42420027816411 -9.362370269464748 1.3067369216169467
-124.92350486787205 -9.339167686914266 1.2988947280620002
-124.42280945757997 -9.315815651910285 1.2910480826277282
-123.92211404728789 -9.292314681501075 1.2831972987151565
-123.42141863699584 -9.268665292734909 1.2753426897253113
-122.92072322670376 -9.244868002660077 1.2674845690592202
-122.42002781641168 -9.220923328324844 1.2596232501179094
-121.91933240611961 -9.196831786777516 1.2517590463024137
-121.41863699582754 -9.172593895066349 1.2438922710137539
-120.91794158553546 -9.148210170239636 1.2360232376529594
-120.41724617524339 -9.123681129345655 1.2281522596210581
-119.91655076495132 -9.099007289432684 1.2202796503190831
-119.41585535465924 -9.074189167548987 1.2124057231480516
-118.91515994436718 -9.049227280742876 1.2045307915090055
-118.41446453407511 -9.02412214606261 1.1966551688029603
-117.91376912378303 -8.998874280556464 1.188779168430949
-117.41307371349096 -8.973484201272747 1.180903103794003
-116.91237830319889 -8.947952425259707 1.173027288293143
-116.41168289290681 -8.92227946956563 1.165152035329402
-115.91098748261474 -8.896465851238816 1.1572776583038027
-115.41029207232268 -8.87051208732752 1.1494044706173798
-114.9095966620306 -8.844418694880034 1.141532785671156
-114.40890125173853 -8.818186190944644 1.1336629168661623
-113.90820584144646 -8.791815092569614 1.125795177603425
-113.40751043115438 -8.765305916803236 1.1179298812839717
-112.90681502086231 -8.738659180693794 1.1100673413088304
-112.40611961057024 -8.711875401289554 1.1022078710790324
-111.90542420027816 -8.684955095638806 1.0943517839955983
-111.4047287899861 -8.657898780789829 1.0864993934595648
-110.90403337969401 -8.630706973790893 1.0786510128719509
-110.40333796940195 -8.603380191690292 1.0708069556337878
-109.90264255910988 -8.575918951536288 1.062967535146107
-109.4019471488178 -8.548323770377188 1.0551330648099344
-108.90125173852573 -8.520595165261248 1.047303858026296
-108.40055632823366 -8.492733653236762 1.0394802281962252
-107.89986091794158 -8.464739751351999 1.0316624887207388
-107.39916550764951 -8.436613976655252 1.023850953000879
-106.89847009735745 -8.408356846194792 1.0160459344376576
-106.39777468706536 -8.379968877018882 1.008247746432113
-105.8970792767733 -8.351450586175844 1.0004567023852764
-105.39638386648123 -8.322802490713919 0.9926731156981669
-104.89568845618915 -8.294025107681406 0.9848972997718158
-104.39499304589708 -8.265118954126585 0.977129568007251
-103.89429763560501 -8.236084547097747 0.9693702338055038
-103.39360222531293 -8.206922403643127 0.9616196105675948
-102.89290681502086 -8.177633040811045 0.9538780116945554
-102.3922114047288 -8.148216975649781 0.9461457505874188
-101.89151599443672 -8.118674725207583 0.9384231406472056
-101.39082058414465 -8.089006806532787 0.9307104952749435
-100.89012517385257 -8.059213736673613 0.9230081278716676
-100.3894297635605 -8.029296032678374 0.915316351838395
-99.88873435326843 -7.999254211595351 0.907635480576164
-99.38803894297635 -7.969088790472797 0.8999658274859973
-98.88734353268428 -7.93880028635902 0.8923077059689243
-98.38664812239222 -7.9083892163022975 0.884661429425971
-97.88595271210013 -7.877856097350894 0.8770273112581689
-97.38525730180807 -7.847201446553101 0.8694056648665421
-96.884561891516 -7.816425780957197 0.8617968036521203
-96.38386648122392 -7.78552961761146 0.8542010410159312
-95.88317107093185 -7.754513473564168 0.8466186903589991
-95.38247566063978 -7.723377865863612 0.8390500650823624
-94.8817802503477 -7.692123311558043 0.8314954785870347
-94.38108484005564 -7.660750327695774 0.8239552442740544
-93.88038942976357 -7.6292594313250754 0.8164296755444477
-93.37969401947149 -7.597651139494212 0.8089190857992316
-92.87899860917942 -7.565925969251489 0.8014237884394534
-92.37830319888734 -7.534084437645164 0.793944096866125
-91.87760778859527 -7.502127061723535 0.786480324480283
-91.3769123783032 -7.470054358534868 0.7790327846829518
-90.87621696801112 -7.437866845127439 0.7716017908751572
-90.37552155771905 -7.405565038549548 0.7641876564579343
-89.87482614742699 -7.3731494558494655 0.7567906948323037
-89.3741307371349 -7.340620614075463 0.7494112193992949
-88.87343532684284 -7.307979030275825 0.7420495435599394
-88.37273991655077 -7.275225221498837 0.7347059807152613
-87.87204450625869 -7.242359704792784 0.7273808442662902
-87.37134909596662 -7.209382997205922 0.7200744476140469
-86.87065368567455 -7.176295615786558 0.7127871041595769
-86.36995827538247 -7.143098077582956 0.7055191273038867
-85.8692628650904 -7.109790899643394 0.69827083044802
-85.36856745479834 -7.0763745990161775 0.6910425269930046
-84.86787204450626 -7.042849692749557 0.6838345303398542
-84.36717663421419 -7.009216697891817 0.6766471538896072
-83.86648122392211 -6.975476131491264 0.6694807110432931
-83.36578581363004 -6.94162851059614 0.6623355152019345
-82.86509040333797 -6.907674352254731 0.655211879766559
-82.36439499304589 -6.8736141735153575 0.6481101181382017
-81.86369958275382 -6.839448491426247 0.6410305437178815
-81.36300417246176 -6.805177823035714 0.6339734699066332
-80.86230876216968 -6.770802685392014 0.6269392101054757
-80.36161335187761 -6.736323595543454 0.6199280777154476
-79.86091794158554 -6.701741070538291 0.612940386137573
-79.36022253129346 -6.6670556274248165 0.6059764487728762
-78.85952712100139 -6.632267783251302 0.5990365790223885
-78.35883171070932 -6.597378055066039 0.592121090287136
-77.85813630041724 -6.562386959917299 0.5852302959681447
-77.35744089012518 -6.527295014853373 0.5783645094664548
-76.85674547983311 -6.492102736922527 0.5715240441830763
-76.35605006954103 -6.456810643173044 0.5647092135190478
-75.85535465924896 -6.421419250653202 0.5579203308753952
-75.35465924895689 -6.385929076411295 0.551157709653148
-74.85396383866481 -6.350340637495592 0.5444216632533289
-74.35326842837274 -6.31465445095438 0.5377125050769761
-73.85257301808066 -6.27887103383592 0.5310305485251016
-73.3518776077886 -6.242990903188521 0.5243761069987526
-72.85118219749653 -6.207014576060424 0.5177494938989339
-72.35048678720445 -6.1709425694999505 0.511151022626691
-71.84979137691238 -6.134775400555356 0.5045810065830482
-71.34909596662031 -6.098513586274941 0.4980397591690314
-70.84840055632823 -6.062157643706954 0.49152759378567035
-70.34770514603616 -6.0257080898996955 0.4850448238339927
-69.8470097357441 -5.9891654419014495 0.47859176271501747
-69.34631432545201 -5.952530216760473 0.4721687238297848
-68.84561891515995 -5.9158029315250795 0.46577602057932255
-68.34492350486788 -5.878984103243526 0.45941396636465137
-67.8442280945758 -5.8420742489640825 0.4530828745867973
-67.34353268428373 -5.805073885735056 0.4467830586467988
-66.84283727399166 -5.767983530604725 0.440514831945673
-66.34214186369958 -5.730803700621352 0.43427850788445477
-65.84144645340751 -5.693534912833209 0.4280743998641737
-65.34075104311543 -5.656177684288594 0.42190282128585055
-64.84005563282336 -5.618732532035787 0.4157640855505166
-64.3393602225313 -5.581199973123071 0.40965850605919607
-63.838664812239216 -5.543580524598711 0.40358639621292214
-63.33796940194715 -5.5058747035110125 0.3975480694127279
-62.83727399165508 -5.468083026908212 0.391543839059627
-62.336578581363 -5.430206011838622 0.38557401855465245
-61.83588317107093 -5.392244175350521 0.3796389212988339
-61.335187760778865 -5.354198034492193 0.37373886069320805
-60.834492350486784 -5.316068106311897 0.36787415013878844
-60.333796940194716 -5.277854907857944 0.36204510303661175
-59.83310152990265 -5.239558956178585 0.3562520327876969
-59.33240611961057 -5.201180768322097 0.3504952527930859
-58.8317107093185 -5.162720861336781 0.3447750764537906
-58.33101529902643 -5.124179752270906 0.3390918171708476
-57.83031988873435 -5.085557958172758 0.3334457883452847
-57.329624478442284 -5.0468559960906285 0.3278373033781369
-56.82892906815022 -5.008074383072754 0.3222666756704141
-56.328233657858135 -4.969213636167468 0.316734218623162
-55.82753824756607 -4.930274272423028 0.31124024563740116
-55.326842837273986 -4.8912568088876975 0.30578507011415235
-54.82614742698192 -4.852161762609776 0.30036900545445755
-54.32545201668985 -4.81298965063752 0.29499236505932325
-53.82475660639777 -4.773740990019243 0.2896554623298021
-53.3240611961057 -4.734416297803215 0.2843586106669077
-52.823365785813635 -4.695016091037695 0.27910212347167496
-52.322670375521554 -4.655540886771001 0.2738863141451281
-51.82197496522949 -4.615991202051377 0.2687114960882949
-51.321279554937405 -4.576367553927121 0.26357798270220323
-50.82058414464535 -4.5366704594464915 0.2584860873878808
-50.31988873435327 -4.496900435657801 0.2534361235463519
-49.81919332406119 -4.457057999609305 0.248428404578655
-49.318497913769136 -4.417143668349319 0.24346324388581075
-48.817802503477054 -4.377157958926056 0.23854095486883986
-48.31710709318497 -4.337101388387851 0.23366185092878433
-47.81641168289292 -4.296974473782975 0.2288262454666684
-47.31571627260084 -4.256777732159713 0.22403445188351634
-46.81502086230876 -4.216511680566307 0.21928678358035236
-46.3143254520167 -4.176176836051078 0.21458355395821493
-45.81363004172462 -4.13577371566229 0.2099250764181212
-45.31293463143254 -4.0953028364482345 0.2053116643611096
-44.81223922114049 -4.0547647154571616 0.20074363118819372
-44.311543810848406 -4.014159869737406 0.19622129030041557
-43.810848400556324 -3.9734888163371673 0.19174495509879586
-43.31015299026427 -3.932752072304816 0.1873149389843659
-42.80945757997219 -3.891950154688552 0.18293155535814287
-42.30876216968011 -3.851083580536703 0.1785951176211723
-41.808066759388026 -3.8101528668975186 0.17430593917447135
-41.30737134909597 -3.769158530819319 0.1700643334190678
-40.80667593880389 -3.7281010893503685 0.16587061375599654
-40.30598052851181 -3.6869810595389163 0.16172509358627474
-39.80528511821976 -3.6457989584332973 0.15762808631094083
-39.304589707927676 -3.6045553030817397 0.15357990533101906
-38.803894297635594 -3.5632506105325286 0.14958086404752657
-38.30319888734354 -3.521885397833999 0.14563127586151603
-37.80250347705146 -3.4804601820343644 0.14173145417399036
-37.30180806675938 -3.4389754801819317 0.13788171238598446
-36.801112656467325 -3.397431809324993 0.13408236389853678
-36.30041724617524 -3.3558296865118047 0.13033372211266092
-35.79972183588316 -3.3141696287906592 0.12663610042939177
-35.29902642559111 -3.2724521532098487 0.12298981224975714
-34.79833101529903 -3.2306777768176227 0.11939517097478836
-34.297635605006946 -3.1888470166622875 0.11585249000550257
-33.79694019471489 -3.1469603897921283 0.1123620827429418
-33.29624478442281 -3.1050184132553875 0.1089242625881196
-32.79554937413073 -3.063021604100393 0.10553934294207445
-32.294853963838676 -3.0209704793753724 0.1022076372058377
-31.794158553546595 -2.978865556128647 0.09892945878041226
-31.293463143254513 -2.9367073514084803 0.09570512106686502
-30.79276773296246 -2.89449638226315 0.09253493746618824
-30.29207232267038 -2.8522331657409348 0.08941922137943104
-29.791376912378297 -2.8099182188901333 0.086358286207607
-29.290681502086244 -2.767552058759038 0.08335244535175457
-28.789986091794162 -2.7251352023958555 0.080402012212898
-28.28929068150208 -2.682668166848935 0.07750730019207219
-27.788595271210028 -2.6401514691665477 0.07466862269029784
-27.287899860917946 -2.597585626396943 0.07188629310859562
-26.787204450625865 -2.554971155588434 0.069160624848004
-26.28650904033381 -2.5123085737892987 0.06649193130955433
-25.78581363004173 -2.469598398047773 0.06388052589426374
-25.28511821974965 -2.426841145412177 0.06132672200316358
-24.784422809457595 -2.384037332930796 0.0588308330372852
-24.283727399165514 -2.3411874776518653 0.056393172397652847
-23.783031988873432 -2.298292096623734 0.054014053485301416
-23.28233657858135 -2.2553517068946087 0.051693789701240944
-22.781641168289298 -2.2123668255128175 0.04943269444652054
-22.280945757997216 -2.169337969526631 0.0472310811221609
-21.780250347705135 -2.1262656559843203 0.04508926312917916
-21.27955493741308 -2.0831504019341915 0.04300755386861732
-20.778859527121 -2.039992724424473 0.04098626674149608
-20.27816411682892 -1.9967931405034998 0.039025715148846785
-19.777468706536865 -1.9535521672194998 0.037126212491704336
-19.276773296244784 -1.9102703216208008 0.035288072171078766
-18.776077885952702 -1.8669481207556453 0.033511607588001424
-18.27538247566065 -1.8235860816723468 0.03179713214351787
-17.774687065368568 -1.780184721419169 0.03014495923864169
-17.273991655076486 -1.736744557044383 0.028555402274400676
-16.773296244784433 -1.6932661055962734 0.027028774651819076
-16.27260083449235 -1.6497498841231328 0.02556538977194245
-15.77190542420027 -1.6061964096732249 0.02416556103578793
-15.271210013908217 -1.562606199294856 0.022829601844376213
-14.770514603616135 -1.518979770036247 0.021557825598738645
-14.269819193324054 -1.4753176389457616 0.020350545699910128
-13.769123783032 -1.4316203230716065 0.019208075548914905
-13.268428372739919 -1.3878883394621164 0.01813072854677722
-12.767732962447838 -1.3441222051655268 0.017118818094535526
-12.267037552155784 -1.300322437230144 0.016172657593199857
-11.766342141863703 -1.256489552704232 0.015292560443815773
-11.265646731571621 -1.2126240686360967 0.01447884004740041
-10.764951321279568 -1.1687265020739739 0.013731809804992223
-10.264255910987487 -1.1247973700661982 0.013051783117601246
-9.763560500695405 -1.0808406119610565 0.012431543810848393
-9.262865090403352 -1.0373063977746884 0.011834923504867888
-8.76216968011127 -0.9944844228094579 0.01129216968011127
-8.261474269819189 -0.9477272600834488 0.010758080667593876
-7.760778859527136 -0.889657719054244 0.010192072322670392
-7.260083449235054 -0.8236431154381093 0.009650486787204456
-6.759388038942973 -0.7576242002781637 0.009144200278164113
-6.25869262865092 -0.6923817802503497 0.008629388038942993
-5.757997218358838 -0.6284012517385265 0.008107997218358838
-5.257301808066757 -0.5687721835883167 0.007621863699582751
-4.756606397774675 -0.5141949930458958 0.007170681502086221
-4.255910987482622 -0.46171710709318575 0.006749847009735749
-3.7552155771905404 -0.40910180806675916 0.0063637552155771885
-3.254520166898459 -0.3558336578581351 0.006032712100139075
-2.753824756606406 -0.30201307371349184 0.005766759388038946
-2.2531293463143243 -0.24774047287899847 0.005561126564673157
-1.7524339360222427 -0.19311627260083336 0.005405632823365783
-1.2517385257301896 -0.13819123783032086 0.005295312934631435
-0.7510431154381081 -0.08301515994436713 0.005220125173852573
-0.25034770514602656 -0.02768845618915054 0.005185006954102921
0.25034770514602656 0.02768845618915054 0.005185006954102921
0.7510431154381081 0.08301515994436713 0.005220125173852573
1.2517385257301896 0.1381157162726018 0.005305382475660642
1.7524339360222427 0.19304200278164002 0.005415535465924893
2.2531293463143243 0.24774047287899847 0.00555606397774687
2.753824756606406 0.30201307371349184 0.005761835883171074
3.254520166898459 0.3558336578581351 0.006032712100139075
3.7552155771905404 0.40910180806675916 0.0063637552155771885
4.255910987482622 0.46171710709318575 0.006754965229485403
4.756606397774675 0.5142463143254508 0.007175549374130727
5.257301808066757 0.5688207232267034 0.007621863699582751
5.757997218358838 0.6284012517385265 0.008107997218358838
6.258692628650891 0.6924335187760762 0.008624214186369945
6.759388038942973 0.7577242002781637 0.009139388038942972
7.260083449235054 0.8237431154381093 0.009650486787204456
7.760778859527107 0.8897577190542403 0.01019207232267036
8.261474269819189 0.9477226703755212 0.010752851182197492
8.76216968011127 0.9943844228094579 0.011287413073713497
9.262865090403324 1.0372589707927664 0.011834923504867855
9.763560500695405 1.0808406119610565 0.012431543810848393
10.264255910987487 1.1251187760778862 0.01310052851182198
10.76495132127954 1.1706344923504852 0.013789735744088993
11.265646731571621 1.2154581363004167 0.014631293463143243
11.766342141863703 1.2601969401947153 0.015488859527121007
12.267037552155784 1.3049924895688467 0.016294645340751066
12.767732962447838 1.3467650904033375 0.01730507649513211
13.268428372739919 1.385110013908206 0.018506439499304594
13.769123783032 1.4223304589707937 0.019660542420027842
14.269819193324054 1.45530347705146 0.020808358831710692
14.770514603616135 1.481360083449235 0.022208595271210017
15.271210013908217 1.5006702364394997 0.024140445062586977
15.77190542420027 1.5105102920723226 0.027029833101529847
16.27260083449235 1.5204963838664811 0.03030738525730181
16.773296244784433 1.5309354659248957 0.03409581363004181
17.273991655076486 1.533816411682893 0.03922830319888724
17.774687065368568 1.527182197496523 0.04615709318497914
18.27538247566065 1.5067438108484 0.055616230876217164
18.776077885952702 1.4667474269819203 0.0685722114047285
19.276773296244784 1.4026625869262865 0.08602611961057022
19.777468706536865 1.3198880389429748 0.10752581363004211
20.27816411682892 1.2313222750350117 0.1304862797225178
20.778859527121 1.143091073093701 0.15332158528598894
21.27955493741308 1.0552306202697208 0.1760183033301982
21.780250347705135 0.9677403995147964 0.19857674725617203
22.280945757997216 0.8806198937806373 0.22099723046494069
22.781641168289298 0.7938685860189691 0.2432800663575313
23.28233657858135 0.7074859591815166 0.2654255683349699
23.783031988873432 0.6214714962199892 0.28743404979828735
24.283727399165514 0.5358246800861126 0.30930582414850993
24.784422809457567 0.4505449937316124 0.3310412047866643
25.28511821974965 0.36563192010819723 0.3526405051137812
25.78581363004173 0.2810849421675936 0.3741040385308868
26.286509040333783 0.19690354286152623 0.3954321184390083
26.787204450625865 0.11308720514170378 0.41662505823917517
27.287899860917946 0.02963541195985364 0.4376831713324151
27.78859527121 -0.05345235373230128 0.458606771119754
28.28929068150208 -0.13617660898304962 0.4793961710022224
28.789986091794162 -0.21853787084066667 0.5000516843808472
29.290681502086215 -0.30053665635342863 0.5205736246566547
29.791376912378297 -0.38217348256962325 0.5409623052306755
30.29207232267038 -0.4634488665375267 0.5612180395039358
30.79276773296246 -0.5443633253054196 0.5813411408774644
31.293463143254513 -0.6249173759215756 0.601331922752287
31.794158553546595 -0.705111535434285 0.6211906985294343
32.294853963838676 -0.784946320891823 0.6409177816099331
32.79554937413073 -0.8644222493424643 0.6605134853948099
33.29624478442281 -0.943539837834499 0.6799781232850951
33.79694019471489 -1.0222996034162017 0.6993120086818151
34.297635605006946 -1.1007020631358486 0.7185154549859972
34.79833101529903 -1.1787477340417283 0.7375887755986709
35.29902642559111 -1.256437133182117 0.7565322839208631
35.79972183588316 -1.333770777605288 0.7753462933536012
36.30041724617524 -1.4107491843595321 0.7940311172979145
36.801112656467325 -1.4873728704931253 0.8125870691548299
37.30180806675938 -1.563642353054341 0.8310144623253749
37.80250347705146 -1.63955814909147 0.8493136102105788
38.30319888734354 -1.7151207756527853 0.8674848262114688
38.803894297635594 -1.7903307497865653 0.8855284237290711
39.304589707927676 -1.8651885885410975 0.9034447161644169
39.80528511821976 -1.9396948089646573 0.9212340169185317
40.30598052851181 -2.0138499281055218 0.9388966393924433
40.80667593880389 -2.0876544630119778 0.956432896987181
41.30737134909597 -2.161108930732299 0.9738431031037716
41.808066759388026 -2.2342138483147664 0.9911275711432431
42.30876216968011 -2.306969732807665 1.0082866145066243
42.80945757997219 -2.379377101259271 1.0253205465949424
43.31015299026424 -2.4514364707178595 1.042229680809224
43.810848400556324 -2.52314835823172 1.0590143305504993
44.311543810848406 -2.594513280849129 1.0756748092197954
44.81223922114046 -2.6655317556183613 1.0922114302181387
45.31293463143254 -2.736204299587704 1.1086245069465592
45.81363004172462 -2.8065314298054345 1.1249143528060839
46.314325452016675 -2.8765136633198276 1.14108128119774
46.81502086230876 -2.946151517179172 1.1571256055225563
47.31571627260084 -3.0154455084317435 1.173047639181561
47.81641168289289 -3.0843961541258187 1.18884769557578
48.31710709318497 -3.1530039713096842 1.204526088106244
48.817802503477054 -3.2212694770316164 1.220083130173979
49.318497913769136 -3.2891931883398966 1.2355191351800134
49.81919332406119 -3.356775622282801 1.2508344165253744
50.31988873435327 -3.424017295908615 1.266029287611091
50.82058414464535 -3.4909187262656163 1.281104061838191
51.321279554937405 -3.5574804304020775 1.2960590526077005
51.82197496522949 -3.6237029253662927 1.3108945733206503
52.32267037552157 -3.6895867282065327 1.3256109373780665
52.82336578581362 -3.755132355971077 1.340208458180976
53.3240611961057 -3.8203403257082096 1.3546874491304086
53.824756606397784 -3.8852111544662096 1.3690482236273915
54.32545201668984 -3.9497453592933534 1.3832910950729524
54.82614742698192 -4.013943457237928 1.3974163768681191
55.326842837274 -4.077805965348207 1.4114243824139208
55.82753824756605 -4.141333400672468 1.4253154251113829
56.328233657858135 -4.204526280259 1.4390898183615355
56.82892906815022 -4.267385121156079 1.4527478755654055
57.32962447844227 -4.329910440411983 1.4662899101240208
57.83031988873435 -4.392102755074993 1.4797162354384095
58.33101529902643 -4.453962582193388 1.4930271649095994
58.831710709318486 -4.515490438815449 1.506223011938618
59.33240611961057 -4.576686841989459 1.5193040899264938
59.83310152990265 -4.637552308763696 1.5322707122742552
60.3337969401947 -4.698087356186432 1.5451231923829276
60.834492350486784 -4.7582925013059585 1.5578618436535425
61.335187760778865 -4.818168261170553 1.570486979487125
61.83588317107092 -4.877715152828487 1.5829989132847033
62.336578581363 -4.936933693328053 1.595397958447307
62.83727399165508 -4.995824399717523 1.6076844283759617
63.337969401947134 -5.054387789045175 1.619858636471697
63.838664812239216 -5.112624378359297 1.63192089613554
64.3393602225313 -5.170534684708165 1.6438715207685193
64.84005563282335 -5.228119225140053 1.6557108237716616
65.34075104311543 -5.285378516703251 1.6674391185459956
65.84144645340751 -5.342313076446035 1.6790567184925496
66.34214186369957 -5.398923421416682 1.69056393701235
66.84283727399165 -5.455210068663477 1.701961087506426
67.34353268428373 -5.511173535234696 1.7132484833758048
67.84422809457581 -5.566814338178621 1.7244264380215153
68.34492350486786 -5.622132994543528 1.7354952648445834
68.84561891515995 -5.677130021377704 1.746455277246039
69.34631432545203 -5.731805935729423 1.7573067886269094
69.84700973574408 -5.786161254646966 1.7680501123882215
70.34770514603616 -5.840196495178616 1.7786855619310047
70.84840055632824 -5.893912174372651 1.7892134506562853
71.3490959666203 -5.94730880927735 1.799634091965093
71.84979137691238 -6.000386916940996 1.8099477992584538
72.35048678720446 -6.053147014411867 1.8201548859373973
72.85118219749651 -6.105589618738237 1.8302556654029494
73.3518776077886 -6.157715246968398 1.8402504510561397
73.85257301808068 -6.2095244161506225 1.8501395562979965
74.35326842837273 -6.261017643333187 1.859923294529545
74.85396383866481 -6.312195445564382 1.8696019791518155
75.35465924895689 -6.36305833989248 1.879175923565835
75.85535465924895 -6.41360684336576 1.8886454411726321
76.35605006954103 -6.463841473032509 1.8980108453732338
76.85674547983308 -6.513762745940997 1.9072724495686675
77.35744089012519 -6.563371179139517 1.916430567159964
77.85813630041724 -6.612667289676335 1.9254855115481466
78.3588317107093 -6.661651594599735 1.9344375961342464
78.8595271210014 -6.710324610958009 1.943287134319292
79.36022253129346 -6.758686855799419 1.9520344395043083
79.86091794158551 -6.806738846172256 1.9606798250903243
80.36161335187762 -6.854481099124798 1.9692236044783695
80.86230876216968 -6.901914131705319 1.9776660910694703
81.36300417246173 -6.949038460962108 1.9860075982646541
81.86369958275384 -6.995854603943443 1.99424843946495
82.36439499304589 -7.042363077697602 2.002388928071385
82.86509040333794 -7.088564399272859 2.010429377484988
83.36578581363005 -7.134459085717508 2.0183701011067865
83.86648122392211 -7.180047654079815 2.0262114123378074
84.36717663421416 -7.225330621408063 2.033953624579079
84.86787204450627 -7.2703085047505445 2.0415970512316304
85.36856745479832 -7.314981821155521 2.049142005696489
85.86926286509038 -7.359351087671283 2.0565888013746805
86.36995827538249 -7.403416821346114 2.063937751667236
86.87065368567454 -7.447179539228281 2.071189169975181
87.3713490959666 -7.490639758366075 2.0783433696995446
87.8720445062587 -7.533797995807775 2.085400664241355
88.37273991655076 -7.576654768601652 2.0923613670016388
88.87343532684281 -7.619210593795995 2.0992257913814245
89.37413073713492 -7.661465988439084 2.1059942507817406
89.87482614742697 -7.703421469579195 2.112667058603614
90.37552155771903 -7.745077554264609 2.1192445282480725
90.87621696801114 -7.786434759543606 2.125726973116146
91.37691237830319 -7.827493602464467 2.1321147066088595
91.87760778859524 -7.868254600075468 2.1384080421272422
92.37830319888735 -7.908718269424896 2.144607293072323
92.8789986091794 -7.948885127561025 2.1507127728451283
93.37969401947146 -7.988755691532133 2.1567247948466854
93.88038942976357 -8.028330478386511 2.1626436724780245
94.38108484005562 -8.06761000517243 2.1684697191401727
94.88178025034773 -8.106594788938171 2.1742032482341567
95.38247566063978 -8.145285346732013 2.1798445731610054
95.88317107093184 -8.183682195602238 2.1853940073217455
96.38386648122395 -8.22178585259713 2.1908518641174064
96.884561891516 -8.25959683476496 2.196218456949016
97.38525730180805 -8.297115659154013 2.2014940992176
97.88595271210016 -8.334342842812571 2.206679104324189
98.38664812239222 -8.371278902788905 2.2117737856698088
98.88734353268427 -8.40792435613131 2.216778456655489
99.38803894297638 -8.444279719888055 2.221693430682257
99.88873435326843 -8.480345511107423 2.226519021151139
100.38942976356049 -8.516122246837686 2.2312555414631645
100.8901251738526 -8.551610444127139 2.2359033050193626
101.39082058414465 -8.58681062002405 2.2404626252207582
101.8915159944367 -8.621723291576703 2.244933815468381
102.39221140472881 -8.656348975833385 2.249317189163259
102.89290681502086 -8.690688189842362 2.253613059706418
103.39360222531292 -8.724741450651923 2.2578217404988896
103.89429763560503 -8.758509275310349 2.261943544941699
104.39499304589708 -8.791992180865911 2.265978786435874
104.89568845618913 -8.825190684366895 2.2699277783824425
105.39638386648124 -8.858105302861588 2.2737908341824347
105.8970792767733 -8.89073655339826 2.2775682672368767
106.39777468706535 -8.923084953025192 2.281260390946795
106.89847009735746 -8.955151018790666 2.28486751871322
107.39916550764951 -8.986935267742961 2.288389963937178
107.89986091794157 -9.018438216930356 2.291828040019698
108.40055632823368 -9.049660383401136 2.295182060361808
108.90125173852573 -9.080602284203579 2.2984523383645343
109.40194714881778 -9.111264436385959 2.3016391874289046
109.90264255910989 -9.141647356996565 2.3047429209559502
110.40333796940195 -9.171751563083667 2.3077638523466955
110.904033379694 -9.201577571695552 2.3107022950021694
111.40472878998611 -9.231125899880503 2.3135585623234
111.90542420027816 -9.260397064686792 2.3163329677114146
112.40611961057022 -9.289391583162697 2.319025824567242
112.90681502086233 -9.318109972356513 2.3216374462919096
113.40751043115438 -9.346552749316501 2.324168146286445
113.90820584144643 -9.374720431090957 2.326618237951877
114.40890125173854 -9.40261353472815 2.328988034689232
114.9095966620306 -9.430232577276364 2.3312778498995406
115.41029207232265 -9.457578075783882 2.3334879969838274
115.91098748261476 -9.484650547298976 2.3356187893431217
116.41168289290681 -9.511450508869938 2.337670540378452
116.91237830319886 -9.537978477545032 2.3396435634908457
117.41307371349097 -9.564234970372556 2.3415381720813295
117.91376912378303 -9.590220504400772 2.343354679550933
118.41446453407508 -9.615935596677975 2.345093399300683
118.91515994436719 -9.641380764252439 2.3467546447316088
119.41585535465924 -9.666556524172435 2.3483387292447375
119.9165507649513 -9.691463393486256 2.3498459662410958
120.4172461752434 -9.716101889242182 2.3512766691217126
120.91794158553546 -9.740472528488485 2.352631151287616
121.41863699582751 -9.764575828273447 2.353909726139834
121.91933240611962 -9.788412305645352 2.355112707079394
122.42002781641168 -9.811982477652474 2.356240407507323
122.92072322670373 -9.835286861343103 2.35729314082465
123.42141863699584 -9.858325973765503 2.3582712204324037
123.92211404728789 -9.881100331967971 2.359174959731611
124.42280945757994 -9.903610452998777 2.3600046721232997
124.92350486787205 -9.9258568539062 2.360760671008497
125.42420027816411 -9.947840051738527 2.3614432697882317
125.92489568845616 -9.969560563544029 2.3620527818635324
126.42559109874827 -9.991018906370996 2.3625895206354266
126.92628650904032 -10.012215597267701 2.36305379950494
127.42698191933238 -10.033151153282422 2.363445931873103
127.92767732962449 -10.05382609146345 2.3637662311409424
128.42837273991654 -10.074240928859052 2.364015010709488
128.9290681502086 -10.094396182517514 2.3641925839797637
129.4297635605007 -10.11429236948712 2.3642992643528005
129.93045897079276 -10.13393000681614 2.3643353652296253
130.4311543810848 -10.153309611552867 2.3643012000112678
130.93184979137692 -10.17243170074557 2.364197082098754
131.43254520166897 -10.191296791442529 2.3640233248931106
131.93324061196108 -10.20990540069203 2.3637802417953666
132.43393602225314 -10.22825804554235 2.3634681462065505
132.9346314325452 -10.246355243041773 2.363087351527692
133.4353268428373 -10.26419751023857 2.3626381711598152
133.93602225312935 -10.28178536418103 2.36212091850395
134.4367176634214 -10.299119321917424 2.3615359069611226
134.93741307371351 -10.316199900496038 2.360883449932363
135.43810848400557 -10.333027616965158 2.3601638608187003
135.93880389429762 -10.34960298837305 2.3593774530211573
136.43949930458973 -10.365926531768007 2.3585245399407673
136.94019471488178 -10.381998764198297 2.3576054349785545
137.44089012517384 -10.397820202712207 2.3566204515355493
137.94158553546595 -10.41339136435802 2.355569903012777
138.442280945758 -10.42871276618401 2.354454102811268
138.94297635605005 -10.443784925238454 2.3532733643320474
139.44367176634216 -10.458608358569645 2.3520280009761474
139.94436717663422 -10.47318358322585 2.3507183261445923
140.44506258692627 -10.487511116255352 2.349344653238409
140.94575799721838 -10.501591474706434 2.3479072956586298
141.44645340751043 -10.515425175627374 2.346406566806278
141.94714881780249 -10.52901273606646 2.344842780082385
142.4478442280946 -10.542354673071955 2.3432162488879764
142.94853963838665 -10.55545150369215 2.3415272866240824
143.4492350486787 -10.568303744975328 2.3397762066917287
143.9499304589708 -10.58091191396976 2.3379633224919423
144.45062586926286 -10.593276527723734 2.3360889474257545
144.95132127955492 -10.605398103285523 2.3341533948941904
145.45201668984703 -10.617277157703409 2.3321569782982787
145.95271210013908 -10.628914208025673 2.3301000110390473
146.45340751043113 -10.6403097713006 2.3279828065175248
146.95410292072324 -10.651464364576459 2.325805678134738
147.4547983310153 -10.66237850490154 2.3235689392917167
147.95549374130735 -10.673052709324118 2.321272903389486
148.45618915159946 -10.683487494892479 2.318917883829076
148.9568845618915 -10.693683378654889 2.316504194011513
149.45757997218357 -10.703640877659645 2.314032147337825
149.95827538247568 -10.71336050895501 2.3115020572090414
150.45897079276773 -10.72284278958928 2.308914237026188
150.95966620305978 -10.732088236610725 2.306269000190294
151.4603616133519 -10.741097367067624 2.3035666601023883
151.96105702364395 -10.749870698008266 2.3008075301634983
152.461752433936 -10.758408746480924 2.29799192377465
152.9624478442281 -10.766712029533881 2.2951201543368716
153.46314325452016 -10.77478106421541 2.2921925352511923
153.96383866481222 -10.782616367573798 2.2892093799186397
154.46453407510432 -10.790218456657325 2.2861710017402417
154.96522948539638 -10.797587848514276 2.283077714117025
155.46592489568843 -10.804725060192919 2.2799298304500186
155.96662030598054 -10.811630608741538 2.276727664140252
156.4673157162726 -10.818305011208416 2.273471528588751
156.96801112656465 -10.824748784641827 2.2701617371965424
157.46870653685676 -10.830962446090055 2.266798603364655
157.9694019471488 -10.836946512601386 2.26338244049412
158.47009735744086 -10.842701501224088 2.2599135619859605
158.97079276773297 -10.848227929006455 2.256392281241205
159.47148817802503 -10.853526312996749 2.2528189116608845
159.97218358831708 -10.858597170243264 2.2491937666460244
160.4728789986092 -10.863441017794276 2.2455171595976533
160.97357440890124 -10.868058372698062 2.2417894039168007
161.4742698191933 -10.872449752002911 2.238010813004492
161.9749652294854 -10.876615672757094 2.2341817002617543
162.47566063977746 -10.880556652008892 2.230302379089618
162.9763560500695 -10.884273206806586 2.2263731628891104
163.47705146036162 -10.88776585419846 2.2223943650612568
163.97774687065368 -10.891035111232789 2.2183662990070903
164.47844228094573 -10.894081494957852 2.214289278127634
164.97913769123784 -10.896905522421935 2.210163615823919
165.4798331015299 -10.899507710673312 2.2059896254969735
165.98052851182194 -10.901888576760268 2.201767620547821
166.48122392211405 -10.904048637731076 2.1974979143774926
166.9819193324061 -10.905988410634023 2.1931808203870147
167.48261474269816 -10.907708412517383 2.1888166519774157
167.98331015299027 -10.909209160429441 2.1844057225497253
168.48400556328232 -10.910491171418474 2.1799483455049686
168.98470097357443 -10.911554962532772 2.175444834244177
169.4853963838665 -10.912401050820595 2.1708955021683756
169.98609179415854 -10.913029953330238 2.166300662678592
170.48678720445065 -10.913442187109979 2.161660629175857
170.9874826147427 -10.913638269208093 2.156975715061195
171.48817802503476 -10.913618716672868 2.152246233735633
171.98887343532687 -10.913384046552572 2.1474724986002047
172.48956884561892 -10.912934775895497 2.1426548230559326
172.99026425591097 -10.912271421749914 2.137793520503848
173.49095966620308 -10.9113945011641 2.132888904344975
173.99165507649514 -10.910304531186359 2.1279412879803448
174.4923504867872 -10.90900202886494 2.1229509848109864
174.9930458970793 -10.907487511248139 2.117918308237923
175.49374130737135 -10.905761495384233 2.1128435716621854
175.9944367176634 -10.903824498321505 2.107727088484802
176.49513212795551 -10.901677037108232 2.1025691721067976
176.99582753824757 -10.899319628792693 2.097370135929205
177.49652294853962 -10.896752790423168 2.0921302933530472
177.99721835883173 -10.893977039047943 2.086849957779355
178.49791376912378 -10.890992891715289 2.0815294426091557
178.99860917941584 -10.88780086547349 2.0761690612434776
179.49930458970795 -10.88440147737083 2.070769127083348
180.0 -10.880795244455577 2.0653299535297927
