Polar data for NACA 0012 at Re = 558965.5172413794
Alpha (deg) Cl Cd
-180.0 -2.6177885716670835 0.6161325694966187
-179.49930458970792 -2.6337499051649536 0.6149525635092925
-178.99860917941587 -2.649671264110345 0.6137629639628539
-178.49791376912378 -2.665551923146036 0.6125638256683863
-177.9972183588317 -2.681391156914808 0.6113552034369716
-177.49652294853965 -2.697188240059444 0.6101371520796928
-176.99582753824757 -2.712942447222721 0.6089097264076324
-176.4951321279555 -2.7286530530474256 0.6076729812318733
-175.99443671766343 -2.7443193321763317 0.6064269713634987
-175.49374130737135 -2.7599405592522253 0.6051717516135908
-174.99304589707927 -2.7755160089178785 0.6039073767932328
-174.49235048678722 -2.7910449558160835 0.6026339017135072
-173.99165507649514 -2.8065266745896134 0.6013513811854965
-173.49095966620305 -2.8219604398812494 0.6000598700202837
-172.990264255911 -2.837345526333775 0.5987594230289512
-172.48956884561892 -2.852681208589968 0.5974500950225825
-171.98887343532684 -2.8679667612926067 0.5961319408122603
-171.48817802503476 -2.8832014590844803 0.5948050152090663
-170.9874826147427 -2.898384576608356 0.593469373024085
-170.48678720445062 -2.9135153885070313 0.5921250690683963
-169.98609179415854 -2.9285931694232703 0.590772158153086
-169.4853963838665 -2.9436171939998648 0.5894106950892353
-168.9847009735744 -2.9585867368795915 0.5880407346879273
-168.48400556328232 -2.97350107270523 0.5866623317602446
-167.98331015299027 -2.9883594761195615 0.585275541117271
-167.4826147426982 -3.0031612217653683 0.5838804175700867
-166.9819193324061 -3.0179055842854243 0.5824770159297767
-166.48122392211405 -3.03259183832252 0.5810653910074235
-165.98052851182197 -3.047219258519428 0.5796455976141093
-165.4798331015299 -3.061787119518936 0.5782176905609171
-164.97913769123784 -3.076294695963819 0.5767817246589286
-164.47844228094576 -3.0907412624968593 0.5753377547192293
-163.97774687065368 -3.105126093760835 0.5738858355528982
-163.47705146036162 -3.119448464398534 0.5724260219710204
-162.97635605006954 -3.133707649052732 0.5709583687846791
-162.47566063977746 -3.1479029223662023 0.5694829308049563
-161.9749652294854 -3.1620335589817374 0.5679997628429339
-161.47426981919332 -3.176098833542116 0.5665089197096951
-160.97357440890124 -3.19009802069011 0.5650104562163236
-160.4728789986092 -3.20403039506851 0.5635044271739014
-159.9721835883171 -3.2178952313200924 0.5619908873935111
-159.47148817802503 -3.231691804087637 0.5604698916862356
-158.97079276773297 -3.2454193880139197 0.5589414948631586
-158.4700973574409 -3.2590772577417315 0.5574057517353612
-157.9694019471488 -3.2726646879138483 0.555862717113927
-157.46870653685676 -3.2861809531730515 0.5543124458099389
-156.96801112656468 -3.299625328162116 0.5527549926344795
-156.4673157162726 -3.31299708752383 0.5511904123986315
-155.96662030598054 -3.3262955059009673 0.5496187599134774
-155.46592489568846 -3.339519857936314 0.5480400899900999
-154.96522948539638 -3.352669418272651 0.5464544574395827
-154.46453407510432 -3.3657434615527526 0.5448619170730078
-153.96383866481224 -3.3787412624194078 0.5432625237014579
-153.46314325452016 -3.3916620955153878 0.5416563321360159
-152.9624478442281 -3.404505235483481 0.5400433971877645
-152.46175243393603 -3.4172699569664644 0.5384237736677868
-151.96105702364395 -3.429955534607121 0.5367975163871648
-151.4603616133519 -3.4425612430482264 0.535164680156982
-150.9596662030598 -3.455086356932563 0.533525319788321
-150.45897079276773 -3.467530150902916 0.5318794900922637
-149.95827538247568 -3.4798918996020607 0.5302272458798944
-149.4575799721836 -3.492170877672783 0.5285686419622941
-148.9568845618915 -3.5043663597578574 0.5269037331505468
-148.45618915159943 -3.5164776205000656 0.5252325742557356
-147.95549374130738 -3.5285039345421927 0.5235552200889415
-147.4547983310153 -3.540444576527012 0.5218717254612495
-146.95410292072324 -3.5522988210973123 0.5201821451837398
-146.45340751043116 -3.5640659428958674 0.5184865340674973
-145.95271210013908 -3.5757452165654673 0.5167849469236037
-145.452016689847 -3.5873359167488763 0.5150774385631418
-144.95132127955495 -3.5988373180888917 0.5133640637971955
-144.45062586926286 -3.6102486952282833 0.5116448774368456
-143.94993045897078 -3.6215693228098376 0.5099199342931755
-143.44923504867873 -3.6327984754763305 0.5081892891772688
-142.94853963838665 -3.6439354278705443 0.5064529969002083
-142.44784422809457 -3.654979454635262 0.5047111122730759
-141.9471488178025 -3.665929830413261 0.5029636901069543
-141.44645340751043 -3.6767858298473257 0.5012107852129264
-140.94575799721835 -3.687546727580237 0.49945245240207625
-140.44506258692627 -3.698211798254767 0.49768874648548445
-139.94436717663422 -3.708780316513703 0.49591972227423464
-139.44367176634213 -3.719251556999823 0.49414543457941096
-138.94297635605005 -3.729624794355911 0.49236593821209396
-138.442280945758 -3.739899303224747 0.49058128798336775
-137.94158553546592 -3.7500743582491074 0.48879153870431424
-137.44089012517384 -3.7601492340717773 0.48699674518601666
-136.94019471488178 -3.7701232053355325 0.4851969622395582
-136.4394993045897 -3.7799955466831587 0.48339224467602127
-135.93880389429762 -3.7897655327574338 0.48158264730648814
-135.43810848400557 -3.799432438201139 0.4797682249420421
-134.9374130737135 -3.808995537657056 0.47794903239376496
-134.4367176634214 -3.818454105767967 0.47612512447274047
-133.93602225312935 -3.827807417176645 0.4742965559900518
-133.43532684283727 -3.8370547465258733 0.4724633817567805
-132.9346314325452 -3.846195368458438 0.47062565658401057
-132.43393602225314 -3.8552285576171146 0.46878343528282307
-131.93324061196105 -3.8641535886446894 0.46693677266430167
-131.43254520166897 -3.872969736183933 0.46508572353953004
-130.93184979137692 -3.8816762748776332 0.4632303427195892
-130.43115438108484 -3.8902724793685746 0.46137068501556366
-129.93045897079276 -3.898757624299522 0.45950680523853493
-129.4297635605007 -3.907130984313273 0.45763875819958577
-128.92906815020862 -3.915391834052601 0.45576659870979896
-128.42837273991654 -3.923539448160283 0.45389038158025863
-127.92767732962449 -3.931573101279108 0.45201016162204577
-127.4269819193324 -3.939492068051849 0.4501259936462436
-126.92628650904032 -3.947295623121293 0.4482379324639354
-126.42559109874827 -3.9549830411302143 0.4463460328862039
-125.92489568845619 -3.9625535967213965 0.444450349724131
-125.42420027816411 -3.970006564537621 0.44255093778879995
-124.92350486787205 -3.9773412192216666 0.44064785189129396
-124.42280945757997 -3.984556835416316 0.43874114684269494
-123.92211404728789 -3.9916526877643435 0.43683087745408744
-123.42141863699584 -3.998628050908539 0.4349170985365507
-122.92072322670376 -4.005482199491677 0.4329998649011706
-122.42002781641168 -4.012214408156542 0.43107923135902904
-121.91933240611961 -4.018823951545908 0.4291552527212088
-121.41863699582754 -4.025310104302564 0.42722798379879223
-120.91794158553546 -4.031672141069288 0.42529747940286167
-120.41724617524339 -4.037909336488855 0.4233637943445008
-119.91655076495132 -4.0440209652040515 0.42142698343479323
-119.41585535465924 -4.05000630185765 0.4194871014848196
-118.91515994436718 -4.055864621092443 0.41754420330566355
-118.41446453407511 -4.061595197551204 0.4155983437084083
-117.91376912378303 -4.067197305876716 0.41364957750413534
-117.41307371349096 -4.072670220711753 0.4116979595039292
-116.91237830319889 -4.078013216699109 0.4097435445188713
-116.41168289290681 -4.083225568481554 0.4077863873600449
-115.91098748261474 -4.088306550701866 0.40582654283853237
-115.41029207232268 -4.093255438002833 0.40386406576541733
-114.9095966620306 -4.098071505027235 0.4018990109517817
-114.40890125173853 -4.10275402641785 0.3999314332087083
-113.90820584144646 -4.107302276817457 0.39796138734728026
-113.40751043115438 -4.111715530868844 0.39598892817858
-112.90681502086231 -4.115993063214782 0.39401411051369073
-112.40611961057024 -4.120134148498055 0.39203698916369434
-111.90542420027816 -4.12413806136145 0.39005761893967406
-111.4047287899861 -4.128004076447734 0.3880760546527131
-110.90403337969401 -4.1317314683997015 0.3860923511138934
-110.40333796940195 -4.135319511860125 0.3841065631342986
-109.90264255910988 -4.138767481471792 0.3821187455250106
-109.4019471488178 -4.142074651877472 0.3801289530971126
-108.90125173852573 -4.1452402977199565 0.37813724066168697
-108.40055632823366 -4.148263693642017 0.37614366302981694
-107.89986091794158 -4.151144114286444 0.37414827501258485
-107.39916550764951 -4.153880834296006 0.3721511314210739
-106.89847009735745 -4.156473128313495 0.3701522870663665
-106.39777468706536 -4.158920270981689 0.36815179675954535
-105.8970792767733 -4.16122153694336 0.3661497153116937
-105.39638386648123 -4.163376200841297 0.36414609753389393
-104.89568845618915 -4.165383537318283 0.3621409982372288
-104.39499304589708 -4.167242821017091 0.36013447223278106
-103.89429763560501 -4.168953326580498 0.35812657433163353
-103.39360222531293 -4.170514328651295 0.35611735934486854
-102.89290681502086 -4.171925101872263 0.35410688208356933
-102.3922114047288 -4.173184920886175 0.35209519735881867
-101.89151599443672 -4.174293060335817 0.35008235998169845
-101.39082058414465 -4.175248794863963 0.34806842476329325
-100.89012517385257 -4.176051399113401 0.3460534465146845
-100.3894297635605 -4.176700147726914 0.34403748004695456
-99.88873435326843 -4.177194315347268 0.3420205801711871
-99.38803894297635 -4.177533176617253 0.3400028016984644
-98.88734353268428 -4.177716006179658 0.3379841994398698
-98.38664812239222 -4.177742078677246 0.3359648282064851
-97.88595271210013 -4.177610668752807 0.33394474280939357
-97.38525730180807 -4.177321051049125 0.3319239980596784
-96.884561891516 -4.176872500208972 0.329902648768422
-96.38386648122392 -4.176264290875139 0.3278807497467058
-95.88317107093185 -4.175495697690392 0.32585835580561473
-95.38247566063978 -4.174565995297529 0.3238355217562312
-94.8817802503477 -4.1734744583393155 0.32181230240963576
-94.38108484005564 -4.1722203614585425 0.31978875257691386
-93.88038942976357 -4.170802979297983 0.3177649270691465
-93.37969401947149 -4.169221586500427 0.3157408806974169
-92.87899860917942 -4.167475457708642 0.31371666827280786
-92.37830319888734 -4.165563867565417 0.3116923446064026
-91.87760778859527 -4.163486090713533 0.30966796450928347
-91.3769123783032 -4.161241401795763 0.3076435827925337
-90.87621696801112 -4.158829075454905 0.30561925426723513
-90.37552155771905 -4.15624838633372 0.3035950337444715
-89.87482614742699 -4.153498609074994 0.30157097603532423
-89.3741307371349 -4.150579018321515 0.2995471359508761
-88.87343532684284 -4.147488888716058 0.2975235683022126
-88.37273991655077 -4.144227494901399 0.2955003279004138
-87.87204450625869 -4.140794111520325 0.29347746955656295
-87.37134909596662 -4.13718801321563 0.29145504808174105
-86.87065368567455 -4.133408474630063 0.2894331182870362
-86.36995827538247 -4.1294547704064275 0.28741173498352635
-85.8692628650904 -4.125326175187494 0.2853909529822951
-85.36856745479834 -4.121021963616043 0.2833708270944262
-84.86787204450626 -4.116541410334868 0.2813514121310019
-84.36717663421419 -4.111883789986738 0.2793327629031046
-83.86648122392211 -4.107048377214431 0.2773149342218184
-83.36578581363004 -4.102034446660737 0.27529798089822566
-82.86509040333797 -4.096841272968435 0.27328195774340647
-82.36439499304589 -4.091468130780296 0.2712669195684476
-81.86369958275382 -4.085914294739114 0.2692529211844288
-81.36300417246176 -4.0801790394876605 0.26724001740243364
-80.86230876216968 -4.074261639668725 0.2652282630335454
-80.36161335187761 -4.068161369925068 0.2632177128888473
-79.86091794158554 -4.0618775048994955 0.26120842177942083
-79.36022253129346 -4.055409319234773 0.25920044451634916
-78.85952712100139 -4.048756087573677 0.25719383591071554
-78.35883171070932 -4.041917084559005 0.255188650773601
-77.85813630041724 -4.034891584833524 0.2531849439160905
-77.35744089012518 -4.027678863040013 0.25118277014926726
-76.85674547983311 -4.020278193821273 0.24918218428421102
-76.35605006954103 -4.012688851820057 0.24718324113200674
-75.85535465924896 -4.0049101116791626 0.24518599550373632
-75.35465924895689 -3.9969412480413613 0.243190502210483
-74.85396383866481 -3.988781535549446 0.24119681606332866
-74.35326842837274 -3.980430248846181 0.23920499187335875
-73.85257301808066 -3.971886662574361 0.23721508445165163
-73.3518776077886 -3.963150051376756 0.23522714860929406
-72.85118219749653 -3.9542196898961635 0.23324123915736528
-72.35048678720445 -3.9450948527753376 0.23125741090695118
-71.84979137691238 -3.935774814657087 0.22927571866913365
-71.34909596662031 -3.926258850184171 0.22729621725499416
-70.84840055632823 -3.9165462339993713 0.2253189614756168
-70.34770514603616 -3.9066362407454776 0.22334400614208394
-69.8470097357441 -3.896528145065279 0.221371406065477
-69.34631432545201 -3.886221221601538 0.219401216056881
-68.84561891515995 -3.8757147449970386 0.21743349092737874
-68.34492350486788 -3.865007989894565 0.21546828548804986
-67.8442280945758 -3.8541002309369023 0.21350565454998116
-67.34353268428373 -3.842990742766826 0.21154565292425187
-66.84283727399166 -3.831678800027122 0.20958833542194655
-66.34214186369958 -3.8201636773605525 0.20763375685414753
-65.84144645340751 -3.808444649409916 0.20568197203193805
-65.34075104311543 -3.7965209908179958 0.20373303576640045
-64.84005563282336 -3.7843919762275604 0.20178700286861617
-64.3393602225313 -3.772056880281399 0.1998439281496711
-63.838664812239216 -3.7595149776222865 0.19790386642064495
-63.33796940194715 -3.746765542893 0.19596687249262268
-62.83727399165508 -3.73380785073633 0.19403300117668576
-62.336578581363 -3.72064117579505 0.19210230728391653
-61.83588317107093 -3.707264792711946 0.1901748456253991
-61.335187760778865 -3.6936779761297895 0.18825067101221582
-60.834492350486784 -3.6798800006913766 0.18632983825544858
-60.333796940194716 -3.66587014103947 0.18441240216618104
-59.83310152990265 -3.651647671816864 0.18249841755549556
-59.33240611961057 -3.6372118676663288 0.18058793923447491
-58.8317107093185 -3.6225620032306534 0.17868102201420144
-58.33101529902643 -3.6076973531526164 0.17677772070575926
-57.83031988873435 -3.592617192075 0.1748780901202307
-57.329624478442284 -3.5773207946405705 0.17298218506869723
-56.82892906815022 -3.5618074354921294 0.17109006036224206
-56.328233657858135 -3.546076389272436 0.16920177081194931
-55.82753824756607 -3.5301269306242933 0.1673173712289
-55.326842837273986 -3.5139583341904697 0.1654369164241778
-54.82614742698192 -3.4975698746137365 0.16356046120886591
-54.32545201668985 -3.480960826536906 0.16168806039404404
-53.82475660639777 -3.4641304646027233 0.15981976879079984
-53.3240611961057 -3.447078063453983 0.1579556412102121
-52.823365785813635 -3.4298028977334702 0.15609573246336583
-52.322670375521554 -3.41230424208395 0.15424009736134336
-51.82197496522949 -3.394581371148229 0.15238879071522615
-51.321279554937405 -3.376633559569063 0.15054186733609787
-50.82058414464535 -3.35846008198925 0.1486993820350413
-50.31988873435327 -3.340060213051556 0.14686138962313922
-49.81919332406119 -3.321433227398771 0.14502794491147442
-49.318497913769136 -3.3025783996736724 0.14319910271113057
-48.817802503477054 -3.283495004519036 0.14137491783318823
-48.31710709318497 -3.2641823165776565 0.13955544508873063
-47.81641168289292 -3.2446396104923068 0.1377407392888419
-47.31571627260084 -3.2248661609057603 0.1359308552446039
-46.81502086230876 -3.20486124246081 0.13412584776709946
-46.3143254520167 -3.1846241298002287 0.13232577166741133
-45.81363004172462 -3.1641540975667937 0.13053068175662408
-45.31293463143254 -3.143450420403287 0.12874063284581738
-44.81223922114049 -3.1225123729525013 0.12695567974607447
-44.311543810848406 -3.1013392298572047 0.12517587726848034
-43.810848400556324 -3.0799302657601846 0.12340128022411558
-43.31015299026427 -3.0582847553042143 0.12163194342406426
-42.80945757997219 -3.0364019731320813 0.11986792167940787
-42.30876216968011 -3.0142811938865606 0.11810926980123006
-41.808066759388026 -2.9919216922104326 0.11635604260061318
-41.30737134909597 -2.969322742746499 0.11460829488864045
-40.80667593880389 -2.9464836201374993 0.11286608147639511
-40.30598052851181 -2.9234035990262477 0.1111294571749586
-39.80528511821976 -2.9000819540555067 0.10939847679541505
-39.304589707927676 -2.8765179598680692 0.10767319514884545
-38.803894297635594 -2.852710891106712 0.10595366704633392
-38.30319888734354 -2.828660022414212 0.10423994729896326
-37.80250347705146 -2.8043646284333548 0.10253209071781445
-37.30180806675938 -2.7798239838069136 0.10083015211397207
-36.801112656467325 -2.7550373631776814 0.09913418629851935
-36.30041724617524 -2.7300040411884208 0.09744424808253728
-35.79972183588316 -2.704723292481928 0.09576039227710777
-35.29902642559111 -2.6791943917009764 0.09408267369331759
-34.79833101529903 -2.6534166134883552 0.09241114714224553
-34.297635605006946 -2.6273892324868307 0.0907458674349766
-33.79694019471489 -2.601111523339199 0.0890868893825927
-33.29624478442281 -2.574582760688223 0.08743426779617659
-32.79554937413073 -2.5478022191766883 0.08578805748681152
-32.294853963838676 -2.5207691734473965 0.08414831326557938
-31.794158553546595 -2.493482898143098 0.08251508994356384
-31.293463143254513 -2.465942667906594 0.08088844233184635
-30.79276773296246 -2.4381477573806567 0.07926842524151102
-30.29207232267038 -2.4100974412080554 0.0776550934836411
-29.791376912378297 -2.3817909940316007 0.07604850186931668
-29.290681502086244 -2.3532276904940517 0.07444870520962367
-28.789986091794162 -2.3244068052381976 0.07285575831564219
-28.28929068150208 -2.2953276129067977 0.0712697159984559
-27.788595271210028 -2.2659893881426623 0.06969063306914937
-27.287899860917946 -2.236391405588561 0.06811856433880227
-26.787204450625865 -2.206532939887266 0.06655356461849872
-26.28650904033381 -2.176413265681564 0.06499568871932239
-25.78581363004173 -2.146031657614227 0.06344499145235517
-25.28511821974965 -2.1153873903280562 0.061901527628679856
-24.784422809457595 -2.0844797384658165 0.06036535205937878
-24.283727399165514 -2.0533079766702986 0.05883651955553516
-23.783031988873432 -2.0218713795842636 0.05731508492823224
-23.28233657858135 -1.9901692218505111 0.05580110298855147
-22.781641168289298 -1.9582007781118218 0.05429462854757651
-22.280945757997216 -1.9259653230109564 0.052795716416390595
-21.780250347705135 -1.8934621311907254 0.051304421406075176
-21.27955493741308 -1.8606904772938897 0.049820798327713925
-20.778859527121 -1.8276496359632226 0.048344901992389624
-20.27816411682892 -1.7943388818415258 0.046876787211184615
-19.777468706536865 -1.760757489571569 0.04541650879518079
-19.276773296244784 -1.72690473379612 0.043964121555463156
-18.776077885952702 -1.6927798891579933 0.04251968030311183
-18.27538247566065 -1.6583822302999351 0.04108323984921271
-17.774687065368568 -1.6237110318647368 0.039654855004845016
-17.273991655076486 -1.5887655684951856 0.038234580581094205
-16.773296244784433 -1.5535451148340709 0.036822471389041725
-16.27260083449235 -1.518048945524141 0.035418582239769916
-15.77190542420027 -1.482276335208205 0.03402296794436378
-15.271210013908217 -1.4462265585290357 0.03263568331390433
-14.770514603616135 -1.4098988901294067 0.03125678315947435
-14.269819193324054 -1.3732926046521126 0.029886322292155723
-13.769123783032 -1.3364069767399158 0.028524355523033465
-13.268428372739919 -1.2992412810356129 0.02717093766318858
-12.767732962447838 -1.261794792181977 0.025826123523705183
-12.267037552155784 -1.224066784821792 0.024489967915663838
-11.766342141863703 -1.1860565335978333 0.023162525650149993
-11.265646731571621 -1.1477633131528862 0.021843851538243766
-10.764951321279568 -1.109186398129733 0.020534000391030607
-10.264255910987487 -1.0703250631711434 0.019233027019589746
-9.763560500695405 -1.0312104311543806 0.017939986091794147
-9.262865090403352 -0.9912023643949942 0.016771502086230905
-8.76216968011127 -0.9509114047287904 0.015721043115438118
-8.261474269819189 -0.9104500695410289 0.01476881780250347
-7.760778859527136 -0.8691360222531306 0.01397159944367179
-7.260083449235054 -0.8282187760778864 0.013195730180806685
-6.759388038942973 -0.7876104311543808 0.012419457579972178
-6.25869262865092 -0.7464267037552168 0.011711126564673177
-5.757997218358838 -0.7042297635605013 0.011089596662030606
-5.257301808066757 -0.6484678720445058 0.010415952712100135
-4.756606397774675 -0.5775999999999982 0.009684381084840038
-4.255910987482622 -0.5042819193324072 0.009002684283727408
-3.7552155771905404 -0.4311937413073711 0.008381154381084839
-3.254520166898459 -0.3606783031988858 0.007814881780250336
-2.753824756606406 -0.2950696801112666 0.0073135187760778935
-2.2531293463143243 -0.23649735744089 0.006887440890125173
-1.7524339360222427 -0.18245507649513104 0.00653650904033379
-1.2517385257301896 -0.1302056328233667 0.006293108484005567
-0.7510431154381081 -0.07818337969401944 0.006117865090403338
-0.25034770514602656 -0.026086230876215966 0.006005034770514603
0.25034770514602656 0.026086230876215966 0.006000027816411682
0.7510431154381081 0.07815827538247562 0.00609029207232267
1.2517385257301896 0.13018080667593973 0.006270764951321284
1.7524339360222427 0.18245507649513104 0.00653650904033379
2.2531293463143243 0.23649735744089 0.006887440890125173
2.753824756606406 0.2950696801112666 0.0073135187760778935
3.254520166898459 0.3606783031988858 0.007814881780250336
3.7552155771905404 0.4311937413073711 0.008381154381084839
4.255910987482622 0.5042819193324072 0.009002684283727408
4.756606397774675 0.5775999999999982 0.009684381084840038
5.257301808066757 0.6484678720445058 0.0104108066759388
5.757997218358838 0.7041781641168295 0.011084756606397782
6.258692628650891 0.7463267037552145 0.01171112656467314
6.759388038942973 0.7875104311543808 0.012419457579972178
7.260083449235054 0.8281187760778864 0.013190528511821982
7.760778859527107 0.8690881780250337 0.013966815020862288
8.261474269819189 0.9104500695410289 0.01476881780250347
8.76216968011127 0.9509114047287904 0.015721043115438118
9.262865090403324 0.9912549374130725 0.01677150208623085
9.763560500695405 1.0313104311543806 0.017945257301808053
10.264255910987487 1.070834770514604 0.01917835883171072
10.76495132127954 1.1076696801112644 0.020620236439499253
11.265646731571621 1.1424546592489564 0.022169749652294835
11.766342141863703 1.1735955493741308 0.023820139082058427
12.267037552155784 1.1957997218358836 0.02588166898470103
12.767732962447838 1.2147093184979134 0.028070542420027787
13.268428372739919 1.2325360222531294 0.030482670375521572
13.769123783032 1.2453363004172464 0.033593866481224005
14.269819193324054 1.2477874826147428 0.038199596662030516
14.770514603616135 1.2460623087621696 0.04380140472879
15.271210013908217 1.2422403337969399 0.05032254520166914
15.77190542420027 1.2306340751043117 0.0584744784422808
16.27260083449235 1.2111058414464533 0.06834730180806678
16.773296244784433 1.1834369958275375 0.08020184979137718
17.273991655076486 1.146897079276774 0.09445990264255884
17.774687065368568 1.0941641168289291 0.1129723504867872
18.27538247566065 0.7723872044506159 0.15626798331015412
18.776077885952702 0.5411271210013905 0.18575941585535458
19.276773296244784 0.5432609179415855 0.19225424200278163
19.777468706536865 0.5443169680111267 0.19885820584144653
20.27816411682892 0.5527990973304496 0.20356055235776072
20.778859527121 0.5611081140717167 0.2082384493908388
21.27955493741308 0.569225716412463 0.21288926812940728
21.780250347705135 0.5771526297099077 0.21751306338454862
22.280945757997216 0.5848895793212708 0.2221098899673461
22.781641168289298 0.5924372906037715 0.22667980268888216
23.28233657858135 0.5997964889146287 0.23122285636023943
23.783031988873432 0.6069678996110628 0.23573910579250096
24.283727399165514 0.6139522480502929 0.24022860579674948
24.784422809457567 0.6207502595895377 0.24469141118406734
25.28511821974965 0.6273626595860178 0.24912757676553782
25.78581363004173 0.6337901733969519 0.25353715735224347
26.286509040333783 0.6400335263795593 0.2579202077552667
26.787204450625865 0.6460934438910602 0.2622767827856909
27.287899860917946 0.6519706512886735 0.26660693725459833
27.78859527121 0.6576658739296184 0.2709107259730718
28.28929068150208 0.663179837171115 0.27518820375219427
28.789986091794162 0.6685132663703822 0.27943942540304845
29.290681502086215 0.6736668868846395 0.28366444573671673
29.791376912378297 0.6786414240711067 0.2878633195642824
30.29207232267038 0.683437603287003 0.292036101696828
30.79276773296246 0.6880561498895478 0.2961828469454361
31.293463143254513 0.6924977892359604 0.30030361012118945
31.794158553546595 0.6967632466834605 0.30439844603517113
32.294853963838676 0.7008532475892674 0.3084674094984637
32.79554937413073 0.7047685173106005 0.31251055532214966
33.29624478442281 0.7085097812046793 0.31652793831731224
33.79694019471489 0.7120777646287234 0.320519613295034
34.297635605006946 0.7154731929399517 0.3244856350663973
34.79833101529903 0.7186967914955843 0.32842605844248557
35.29902642559111 0.7217492856528406 0.33234093823438116
35.79972183588316 0.7246314007689393 0.33623032925316665
36.30041724617524 0.7273438622011005 0.3400942863099253
36.801112656467325 0.7298873953065436 0.3439328642157395
37.30180806675938 0.7322627254424876 0.34774611778169195
37.80250347705146 0.7344705779661526 0.3515341018188657
38.30319888734354 0.7365116782347573 0.35529687113834335
38.803894297635594 0.7383867516055216 0.35903448055120735
39.304589707927676 0.7400965234356649 0.362746984868541
39.80528511821976 0.7416417190824064 0.3664344389014268
40.30598052851181 0.7430230639029659 0.3700968974609472
40.80667593880389 0.7442412832545625 0.3737344153581855
41.30737134909597 0.7452971024944158 0.3773470474042242
41.808066759388026 0.7461912469797453 0.3809348484101458
42.30876216968011 0.7469244420677701 0.3844978731870335
42.80945757997219 0.7474974131157102 0.3880361765459698
43.31015299026424 0.7479108854807844 0.3915498132980373
43.810848400556324 0.7481655845202126 0.3950388382543192
44.311543810848406 0.7482622355912141 0.39850330622589786
44.81223922114046 0.7482015640510083 0.401943272023856
45.31293463143254 0.7479842952568146 0.4053587904592767
45.81363004172462 0.7476111545658526 0.40874991634324254
46.314325452016675 0.7470828673353413 0.4121167044868361
46.81502086230876 0.7464001589225008 0.4154592097011405
47.31571627260084 0.7455637546845503 0.41877748679723825
47.81641168289289 0.7445743799787086 0.4220715905862119
48.31710709318497 0.7434327601621961 0.42534157587914473
48.817802503477054 0.7421396205922314 0.4285874974871191
49.318497913769136 0.740695686626035 0.4318094102212179
49.81919332406119 0.739101683620825 0.43500736889252356
50.31988873435327 0.7373583369338216 0.4381814283121193
50.82058414464535 0.7354663719222446 0.4413316432910878
51.321279554937405 0.7334265139433126 0.4444580686405114
51.82197496522949 0.7312394883542453 0.4475607591714733
52.32267037552157 0.7289060205122625 0.45063976969505615
52.82336578581362 0.7264268357745837 0.45369515502234237
53.3240611961057 0.7238026594984274 0.4567269699644153
53.824756606397784 0.7210342170410139 0.45973526933235725
54.32545201668984 0.7181222337595629 0.46272010793725094
54.82614742698192 0.7150674350112923 0.46568154059017935
55.326842837274 0.711870546153423 0.4686196221022252
55.82753824756605 0.7085322925431744 0.4715344072844711
56.328233657858135 0.7050533995377651 0.474425950948
56.82892906815022 0.7014345924944149 0.47729430790389443
57.32962447844227 0.6976765967703439 0.4801395329632372
57.83031988873435 0.6937801377227703 0.4829616809371112
58.33101529902643 0.6897459407089143 0.48576080663659915
58.831710709318486 0.6855747310859953 0.4885369648727835
59.33240611961057 0.6812672342112326 0.49129021045674737
59.83310152990265 0.6768241754418455 0.49402059819957345
60.3337969401947 0.672246280135054 0.49672818291234433
60.834492350486784 0.6675342736480768 0.4994130194061428
61.335187760778865 0.6626888813381339 0.5020751624920518
61.83588317107092 0.6577108285624446 0.5047146669811537
62.336578581363 0.6526008406782281 0.5073315876845317
62.83727399165508 0.6473596430427037 0.5099259794132683
63.337969401947134 0.6419879610130915 0.5124978969784462
63.838664812239216 0.6364865199466104 0.5150473951911482
64.3393602225313 0.6308560452004802 0.5175745288624571
64.84005563282335 0.6250972621319205 0.5200793528034557
65.34075104311543 0.6192108960981498 0.5225619218252268
65.84144645340751 0.613197672456388 0.5250222907388529
66.34214186369957 0.6070583165638551 0.5274605143554167
66.84283727399165 0.6007935537777699 0.5298766474860014
67.34353268428373 0.5944041094553513 0.5322707449416895
67.84422809457581 0.58789070895382 0.5346428615335637
68.34492350486786 0.5812540776303953 0.5369930520727066
68.84561891515995 0.5744949408422956 0.5393213713702013
69.34631432545203 0.567614023946741 0.5416278742371303
69.84700973574408 0.5606120523009516 0.5439126154845766
70.34770514603616 0.5534897512621456 0.5461756499236226
70.84840055632824 0.5462478461875425 0.5484170323653512
71.3490959666203 0.5388870624343635 0.5506368176208453
71.84979137691238 0.5314081253598252 0.5528350605011876
72.35048678720446 0.5238117603211495 0.5550118158174607
72.85118219749651 0.516098692675555 0.5571671383807474
73.3518776077886 0.5082696477802603 0.5593010830021306
73.85257301808068 0.500325350992486 0.5614137044926928
74.35326842837273 0.4922665276694507 0.5635050576635168
74.85396383866481 0.4840939031683749 0.5655751973256856
75.35465924895689 0.4758082028464768 0.5676241782902818
75.85535465924895 0.46741015206097686 0.5696520553683879
76.35605006954103 0.45890047616909385 0.5716588833710872
76.85674547983308 0.45027990052804784 0.573644717109462
77.35744089012519 0.44154915049505666 0.5756096113945953
77.85813630041724 0.43270895142734217 0.5775536210375696
78.3588317107093 0.42376002868212265 0.5794768008494676
78.8595271210014 0.41470310761661594 0.5813792056413726
79.36022253129346 0.40553891358804434 0.5832608902243668
79.86091794158551 0.3962681719536257 0.585121909409533
80.36161335187762 0.38689160807057915 0.5869623180079544
80.86230876216968 0.37740994729612526 0.5887821708307133
81.36300417246173 0.36782391498748274 0.5905815226888925
81.86369958275384 0.35813423650187076 0.5923604283935751
82.36439499304589 0.3483416371965094 0.5941189427558432
82.86509040333794 0.3384468424286183 0.59585712058678
83.36578581363005 0.3284505775554161 0.5975750166974685
83.86648122392211 0.3183535679341221 0.599272685898991
84.36717663421416 0.3081565389219572 0.6009501830024302
84.86787204450627 0.29786021587613837 0.6026075628188692
85.36856745479832 0.2874653241538883 0.6042448801593905
85.86926286509038 0.276972589112424 0.6058621898350769
86.36995827538249 0.2663827361089642 0.6074595466570114
86.87065368567454 0.25569649050073157 0.6090370054362763
87.3713490959666 0.24491457764494312 0.6105946209839548
87.8720445062587 0.23403772289881802 0.6121324481111294
88.37273991655076 0.22306665161957767 0.6136505416288828
88.87343532684281 0.21200208916444035 0.6151489563482977
89.37413073713492 0.20084476089062436 0.6166277470804572
89.87482614742697 0.18959539215535065 0.6180869686364436
90.37552155771903 0.17825470831583928 0.6195266758273401
90.87621696801114 0.16682343472930722 0.6209469234642293
91.37691237830319 0.1553022967529763 0.6223477663581937
91.87760778859524 0.14369201974406526 0.6237292593203163
92.37830319888735 0.1319933290597915 0.6250914571616799
92.8789986091794 0.12020695005737864 0.626434414693367
93.37969401947146 0.10833360809404274 0.6277581867264603
93.88038942976357 0.09637402852700344 0.6290628280720432
94.38108484005562 0.08432893671348213 0.6303483935411976
94.88178025034773 0.07219905801069532 0.6316149379450068
95.38247566063978 0.05998511777586619 0.6328625160945534
95.88317107093184 0.04768784136621169 0.63409118280092
96.38386648122395 0.035307954138950555 0.6353009928751896
96.884561891516 0.02284618145130552 0.636492001128445
97.38525730180805 0.010303248660493543 0.6376642623717685
97.88595271210016 -0.0023201188762675337 0.6388178314162434
98.38664812239222 -0.01502319580175409 0.6399527630729518
98.88734353268427 -0.0278052567587505 0.641069112152977
99.38803894297638 -0.04066557639003537 0.6421669334674018
99.88873435326843 -0.05360342933838907 0.6432462818273085
100.38942976356049 -0.06661809024659243 0.6443072120437802
100.8901251738526 -0.0797088337574276 0.6453497789278996
101.39082058414465 -0.09287493451367362 0.6463740372907494
101.8915159944367 -0.10611566715810955 0.6473800419434121
102.39221140472881 -0.11943030633351975 0.648367847696971
102.89290681502086 -0.13281812668268195 0.6493375093625081
103.39360222531292 -0.1462784028483765 0.6502890817511069
103.89429763560503 -0.15981040947338826 0.6512226196738498
104.39499304589708 -0.17341342120049136 0.6521381779418195
104.89568845618913 -0.1870867126724693 0.6530358113660988
105.39638386648124 -0.2008295585321051 0.6539155747577706
105.8970792767733 -0.21464123342217517 0.6547775229279175
106.39777468706535 -0.2285210119854621 0.6556217106876225
106.89847009735746 -0.24246816886474803 0.656448192847968
107.39916550764951 -0.25648197870281025 0.6572570242200367
107.89986091794157 -0.27056171614243135 0.6580482596149116
108.40055632823368 -0.2847066558263917 0.6588219538436756
108.90125173852573 -0.2989160723974708 0.659578161717411
109.40194714881778 -0.31318924049845037 0.6603169380472008
109.90264255910989 -0.32752543477211077 0.661038337644128
110.40333796940195 -0.34192392986123327 0.6617424153192748
110.904033379694 -0.356384000408596 0.6624292258837245
111.40472878998611 -0.3709049210569821 0.6630988241485594
111.90542420027816 -0.3854859664491705 0.6637512649248625
112.40611961057022 -0.40012641122794296 0.6643866030237163
112.90681502086233 -0.4148255300360803 0.6650048932562039
113.40751043115438 -0.42958259751636113 0.6656061904334079
113.90820584144643 -0.4443968883115658 0.666190549366411
114.40890125173854 -0.4592676770644801 0.6667580248662959
114.9095966620306 -0.47419423841787717 0.6673086717441457
115.41029207232265 -0.48917584701454103 0.6678425448110428
115.91098748261476 -0.5042117774972555 0.66835969887807
116.41168289290681 -0.5193013045087959 0.6688601887563099
116.91237830319886 -0.5344437026919441 0.6693440692568456
117.41307371349097 -0.5496382466894841 0.6698113951907597
117.91376912378303 -0.5648842111441911 0.6702622213691348
118.41446453407508 -0.5801808706988488 0.670696602603054
118.91515994436719 -0.5955274999962396 0.6711145937035998
119.41585535465924 -0.6109233736791387 0.6715162494818548
119.9165507649513 -0.6263677663903316 0.671901624748902
120.4172461752434 -0.6418599527725969 0.6722707743158245
120.91794158553546 -0.6573992074687157 0.6726237529937042
121.41863699582751 -0.6729848051214676 0.6729606155936244
121.91933240611962 -0.6886160203736348 0.6732814169266677
122.42002781641168 -0.7042921278679958 0.6735862118039168
122.92072322670373 -0.7200124022473301 0.6738750550364546
123.42141863699584 -0.7357761181544235 0.6741480014353638
123.92211404728789 -0.7515825502320527 0.6744051058117272
124.42280945757994 -0.7674309731229972 0.6746464229766275
124.92350486787205 -0.783320661470042 0.6748720077411476
125.42420027816411 -0.7992508899159637 0.6750819149163699
125.92489568845616 -0.8152209331035428 0.6752761993133771
126.42559109874827 -0.831230065675565 0.6754549157432526
126.92628650904032 -0.8472775622748027 0.6756181190170786
127.42698191933238 -0.8633626975440424 0.6757658639459379
127.92767732962449 -0.8794847461260636 0.6758982053409133
128.42837273991654 -0.895642982663646 0.6760151980130877
128.9290681502086 -0.9118366817995714 0.6761168967735436
129.4297635605007 -0.9280651181766196 0.6762033564333639
129.93045897079276 -0.94432756643757 0.6762746318036317
130.4311543810848 -0.9606233012252038 0.676330777695429
130.93184979137692 -0.9769515971823023 0.6763718489198393
131.43254520166897 -0.9933117289516468 0.6763979002879447
131.93324061196108 -1.0097029711760177 0.6764089866108283
132.43393602225314 -1.0261245984981935 0.6764051626995726
132.9346314325452 -1.0425758855609528 0.6763864833652609
133.4353268428373 -1.059056107007084 0.6763530034189753
133.93602225312935 -1.0755645374793605 0.6763047776717988
134.4367176634214 -1.0921004516205661 0.6762418609348145
134.93741307371351 -1.1086631240734812 0.6761643080191049
135.43810848400557 -1.1252518294808844 0.6760721737357522
135.93880389429762 -1.141865842485558 0.6759655128958398
136.43949930458973 -1.1585044377302847 0.6758443803104506
136.94019471488178 -1.175166889857839 0.6757088307906667
137.44089012517384 -1.1918524735110054 0.6755589191475713
137.94158553546595 -1.2085604633325673 0.675394700192247
138.442280945758 -1.2252901339652986 0.6752162287357768
138.94297635605005 -1.2420407600519843 0.6750235595892433
139.44367176634216 -1.2588116162354073 0.6748167475637288
139.94436717663422 -1.2756019771583382 0.6745958474703169
140.44506258692627 -1.29241111746357 0.6743609141200894
140.94575799721838 -1.3092383117938757 0.6741120023241296
141.44645340751043 -1.326082834792036 0.6738491668935204
141.94714881780249 -1.3429439611008336 0.6735724626393443
142.4478442280946 -1.3598209653630517 0.6732819443726841
142.94853963838665 -1.3767131222214646 0.6729776669046224
143.4492350486787 -1.393619706318856 0.6726596850462423
143.9499304589708 -1.41053999229801 0.6723280536086265
144.45062586926286 -1.4274732548016997 0.6719828274028572
144.95132127955492 -1.4444187684727092 0.6716240612400177
145.45201668984703 -1.461375807953825 0.6712518099311904
145.95271210013908 -1.478343647887816 0.6708661282874584
146.45340751043113 -1.4953215629174705 0.6704670711199043
146.95410292072324 -1.5123088276855698 0.6700546932396108
147.4547983310153 -1.5293047168348917 0.6696290494576607
147.95549374130735 -1.5463085050082146 0.6691901945851366
148.45618915159946 -1.5633194668483235 0.6687381834331219
148.9568845618915 -1.5803368769979942 0.6682730708126985
149.45757997218357 -1.5973600101000152 0.6677949115349495
149.95827538247568 -1.6143881407971588 0.6673037604109575
150.45897079276773 -1.6314205437322107 0.6667996722518055
150.95966620305978 -1.6484564935479487 0.6662827018685764
151.4603616133519 -1.665495264887154 0.6657529040723522
151.96105702364395 -1.682536132392607 0.6652103336742163
152.461752433936 -1.699578370707088 0.6646550454852513
152.9624478442281 -1.7166212544733819 0.66408709431654
153.46314325452016 -1.733664058334261 0.6635065349791653
153.96383866481222 -1.7507060569325121 0.6629134222842097
154.46453407510432 -1.7677465249109146 0.6623078110427556
154.96522948539638 -1.7847847369122505 0.6616897560658863
155.46592489568843 -1.801819967579295 0.6610593121646846
155.96662030598054 -1.8188514915548346 0.6604165341502328
156.4673157162726 -1.8358785834816453 0.659761476833614
156.96801112656465 -1.852900518002512 0.6590941950259108
157.46870653685676 -1.8699165697602123 0.6584147435382062
157.9694019471488 -1.8869260133975256 0.6577231771815828
158.47009735744086 -1.9039281235572343 0.6570195507671233
158.97079276773297 -1.920922174882124 0.6563039191059099
159.47148817802503 -1.9379074420149642 0.6555763370090264
159.97218358831708 -1.9548831995985454 0.6548368592875546
160.4728789986092 -1.9718487222756425 0.6540855407525779
160.97357440890124 -1.9888032846890393 0.6533224362151788
161.4742698191933 -2.005746161481513 0.6525476004864403
161.9749652294854 -2.0226766272958487 0.6517610883774445
162.47566063977746 -2.039593956774822 0.6509629546992755
162.9763560500695 -2.0564974245612158 0.6501532542630144
163.47705146036162 -2.073386305297813 0.6493320418797446
163.97774687065368 -2.0902598736273905 0.6484993723605492
164.47844228094573 -2.1071174041927287 0.6476553005165109
164.97913769123784 -2.1239581716366125 0.6467998811587117
165.4798331015299 -2.140781450601817 0.6459331690982353
165.98052851182194 -2.1575865157311256 0.6450552191461638
166.48122392211405 -2.174372641667322 0.6441660861135803
166.9819193324061 -2.191139103053181 0.6432658248115677
167.48261474269816 -2.2078851745314854 0.6423544900512084
167.98331015299027 -2.224610130745017 0.6414321366435849
168.48400556328232 -2.2413132463365546 0.6404988193997805
168.98470097357443 -2.257993795948882 0.6395545931308777
169.4853963838665 -2.2746510542247727 0.6385995126479593
169.98609179415854 -2.2912842958070145 0.6376336327621079
170.48678720445065 -2.307892795338385 0.6366570082844065
170.9874826147427 -2.324475827461665 0.6356696940259381
171.48817802503476 -2.3410326668196326 0.6346717447977848
171.98887343532687 -2.3575625880550755 0.6336632154110295
172.48956884561892 -2.3740648658107686 0.6326441606767557
172.99026425591097 -2.3905387747294906 0.6316146354060448
173.49095966620308 -2.406983589454031 0.6305746944099802
173.99165507649514 -2.423398584627159 0.6295243924996454
174.4923504867872 -2.4397830348916605 0.6284637844861225
174.9930458970793 -2.4561362148903196 0.6273929251804937
175.49374130737135 -2.4724573992659096 0.6263118693938425
175.9944367176634 -2.488745862661216 0.625220671937252
176.49513212795551 -2.5050008797190175 0.6241193876218034
176.99582753824757 -2.5212217250820963 0.6230080712585808
177.49652294853962 -2.537407673393232 0.621886777658667
177.99721835883173 -2.553557999295207 0.6207555616331439
178.49791376912378 -2.5696719774307955 0.6196144779930948
178.99860917941584 -2.585748882442786 0.6184635815496025
179.49930458970795 -2.601787988973955 0.6173029271137496
180.0 -2.6177885716670835 0.6161325694966187
