Polar data for NACA 0012 at Re = 1862758.6206896554
Alpha (deg) Cl Cd
-180.0 -11.191727000027857 2.094151879400062
-179.49930458970792 -11.186932499483941 2.0886071411077083
-178.99860917941587 -11.181925878015665 2.0830231887696113
-178.49791376912378 -11.176707712386342 2.077400340158862
-177.9972183588317 -11.1712785793593 2.071738913048547
-177.49652294853965 -11.16563905569783 2.066039225211755
-176.99582753824757 -11.15978971816526 2.060301594421574
-176.4951321279555 -11.153731143524904 2.0545263384510957
-175.99443671766343 -11.147463908540068 2.048713775073405
-175.49374130737135 -11.140988589974075 2.0428642220615956
-174.99304589707927 -11.134305764590234 2.036977997188753
-174.49235048678722 -11.127416009151855 2.0310554182279663
-173.99165507649514 -11.120319900422253 2.0250968029523246
-173.49095966620305 -11.113018015164744 2.019102469134916
-172.990264255911 -11.105510930142643 2.01307273454883
-172.48956884561892 -11.09779922211926 2.0070079169671544
-171.98887343532684 -11.089883467857916 2.0009083341629808
-171.48817802503476 -11.081764244121917 1.9947743039093953
-170.9874826147427 -11.073442127674578 1.9886061439794889
-170.48678720445062 -11.06491769527921 1.9824041721463443
-169.98609179415854 -11.056191523699141 1.9761687061830602
-169.4853963838665 -11.04726418969766 1.9699000638627153
-168.9847009735744 -11.038136270038105 1.9635985629584065
-168.48400556328232 -11.028808341483778 1.9572645212432198
-167.98331015299027 -11.01928098079799 1.9508982564902413
-167.4826147426982 -11.009554764744063 1.9445000864725623
-166.9819193324061 -10.999630270085301 1.9380703289632726
-166.48122392211405 -10.989508073585029 1.931609301735458
-165.98052851182197 -10.979188752006554 1.9251173225622102
-165.4798331015299 -10.96867288211319 1.9185947092166187
-164.97913769123784 -10.957961040668245 1.912041779471766
-164.47844228094576 -10.947053804435047 1.9054588511007469
-163.97774687065368 -10.935951750176901 1.8988462418766494
-163.47705146036162 -10.92465545465711 1.8922042695725578
-162.97635605006954 -10.91316549463901 1.8855332519615653
-162.47566063977746 -10.9014824468859 1.8788335068167632
-161.9749652294854 -10.8896068881611 1.8721053519112358
-161.47426981919332 -10.877539395227913 1.8653491050180693
-160.97357440890124 -10.865280544849671 1.8585650839103602
-160.4728789986092 -10.85283091378967 1.8517536063611912
-159.9721835883171 -10.84019107881123 1.844914990143652
-159.47148817802503 -10.82736161667767 1.8380495530308354
-158.97079276773297 -10.814343104152304 1.8311576127958278
-158.4700973574409 -10.801136117998432 1.8242394872117151
-157.9694019471488 -10.787741234979375 1.8172954940515889
-157.46870653685676 -10.774159031858456 1.810325951088535
-156.96801112656468 -10.760390085398978 1.8033311760956503
-156.4673157162726 -10.746434972364252 1.796311486846012
-155.96662030598054 -10.73229426951761 1.7892672011127184
-155.46592489568846 -10.717968553622342 1.7821986366688558
-154.96522948539638 -10.703458401441768 1.7751061112875066
-154.46453407510432 -10.688764389739216 1.7679899427417693
-153.96383866481224 -10.67388709527799 1.7608504488047283
-153.46314325452016 -10.658827094821401 1.7536879472494713
-152.9624478442281 -10.64358496513277 1.7465027558490862
-152.46175243393603 -10.628161282975395 1.739295192376668
-151.96105702364395 -10.612556625112607 1.732065574605299
-151.4603616133519 -10.596771568307716 1.7248142203080674
-150.9596662030598 -10.580806689324024 1.7175414472580715
-150.45897079276773 -10.564662564924866 1.7102475732283866
-149.95827538247568 -10.548339771873536 1.7029329159921114
-149.4575799721836 -10.53183888693335 1.6955977933223318
-148.9568845618915 -10.515160486867632 1.688242522992134
-148.45618915159943 -10.498305148439702 1.6808674227746112
-147.95549374130738 -10.481273448412843 1.6734728104428511
-147.4547983310153 -10.4640659635504 1.6660590037699399
-146.95410292072324 -10.446683270615669 1.6586263205289689
-146.45340751043116 -10.429125946371975 1.651175078493026
-145.95271210013908 -10.411394567582615 1.6437055954351953
-145.452016689847 -10.393489711010918 1.6362181891285756
-144.95132127955495 -10.375411953420198 1.6287131773462475
-144.45062586926286 -10.357161871573755 1.6211908778613024
-143.94993045897078 -10.338740042234914 1.61365160844683
-143.44923504867873 -10.32014704216699 1.6060956868759197
-142.94853963838665 -10.301383448133294 1.5985234309216578
-142.44784422809457 -10.282449836897133 1.5909351583571356
-141.9471488178025 -10.263346785221827 1.5833311869554392
-141.44645340751043 -10.24407486987069 1.5757118344896563
-140.94575799721835 -10.224634667607031 1.5680774187328803
-140.44506258692627 -10.205026755194172 1.5604282574581971
-139.94436717663422 -10.185251709395413 1.5527646684386964
-139.44367176634213 -10.165310106974093 1.5450869694474696
-138.94297635605005 -10.145202524693492 1.5373954782575991
-138.442280945758 -10.124929539316955 1.5296905126421765
-137.94158553546592 -10.104491727607776 1.5219723903742948
-137.44089012517384 -10.083889666329267 1.5142414292270365
-136.94019471488178 -10.063123932244753 1.506497946973495
-136.4394993045897 -10.04219510211755 1.498742261386756
-135.93880389429762 -10.02110375271096 1.4909746902399095
-135.43810848400557 -9.999850460788306 1.483195551306043
-134.9374130737135 -9.978435803112891 1.47540516235825
-134.4367176634214 -9.956860356448036 1.467603841169611
-133.93602225312935 -9.935124697557054 1.4597919055132247
-133.43532684283727 -9.913229403203264 1.4519696731621716
-132.9346314325452 -9.891175050149972 1.4441374618895433
-132.43393602225314 -9.868962215160483 1.436295589468431
-131.93324061196105 -9.846591474998132 1.4284443736719192
-131.43254520166897 -9.824063406426223 1.420584132273101
-130.93184979137692 -9.80137858620807 1.4127151830450624
-130.43115438108484 -9.778537591106979 1.404837843760893
-129.93045897079276 -9.755540997886275 1.3969524321936826
-129.4297635605007 -9.732389383309265 1.389059266116517
-128.92906815020862 -9.709083324139268 1.3811586633024862
-128.42837273991654 -9.68562339713959 1.3732509415246794
-127.92767732962449 -9.662010179073551 1.36533641855619
-127.4269819193324 -9.638244246704463 1.357415412170097
-126.92628650904032 -9.614326176795633 1.349488240139497
-126.42559109874827 -9.590256546110385 1.341555220237476
-125.92489568845619 -9.566035931412028 1.333616670237124
-125.42420027816411 -9.54166490946388 1.3256729079115301
-124.92350486787205 -9.517144057029245 1.317724251033779
-124.42280945757997 -9.492473950871446 1.3097710173769619
-123.92211404728789 -9.4676551677538 1.301813524714172
-123.42141863699584 -9.442688284439601 1.2938520908184883
-122.92072322670376 -9.417573877692188 1.2858870334630128
-122.42002781641168 -9.392312524274853 1.277918670420821
-121.91933240611961 -9.36690480095093 1.269947319465013
-121.41863699582754 -9.34135128448371 1.2619732983686662
-120.91794158553546 -9.315652551636514 1.253996924904879
-120.41724617524339 -9.289809179172675 1.246018516846734
-119.91655076495132 -9.263821743855491 1.2380383919673241
-119.41585535465924 -9.237690822448261 1.2300568680397357
-118.91515994436718 -9.211416991714326 1.2220742628370618
-118.41446453407511 -9.185000828416985 1.2140908941323814
-117.91376912378303 -9.158442909319557 1.2061070796987965
-117.41307371349096 -9.131743811185355 1.1981231373093897
-116.91237830319889 -9.104904110777685 1.1901393847372435
-116.41168289290681 -9.077924384859866 1.1821561397554545
-115.91098748261474 -9.050805210195211 1.174173720137109
-115.41029207232268 -9.023547163547047 1.1661924436552946
-114.9095966620306 -8.996150821678658 1.1582126280831047
-114.40890125173853 -8.968616761353385 1.1502345911936216
-113.90820584144646 -8.940945559334526 1.1422586507599386
-113.40751043115438 -8.913137792385402 1.1342851245551453
-112.90681502086231 -8.885194037269326 1.1263143303523278
-112.40611961057024 -8.857114870749616 1.1183465859245756
-111.90542420027816 -8.828900869589578 1.1103822090449784
-111.4047287899861 -8.800552610552533 1.1024215174866205
-110.90403337969401 -8.772070670401778 1.094464829022597
-110.40333796940195 -8.74345562590064 1.0865124614259936
-109.90264255910988 -8.71470805381244 1.0785647324699001
-109.4019471488178 -8.685828530900476 1.070621959927401
-108.90125173852573 -8.656817633928068 1.062684461571591
-108.40055632823366 -8.627675939658534 1.0547525551755597
-107.89986091794158 -8.598404024855181 1.0468265585123862
-107.39916550764951 -8.56900246628133 1.0389067893551707
-106.89847009735745 -8.539471840700283 1.0309935654769975
-106.39777468706536 -8.509812724875356 1.0230872046509527
-105.8970792767733 -8.48002569556989 1.0151880246501277
-105.39638386648123 -8.450111329547159 1.0072963432476103
-104.89568845618915 -8.420070203570493 0.9994124782164919
-104.39499304589708 -8.38990289440321 0.9915367473298586
-103.89429763560501 -8.359609978808624 0.9836694683608
-103.39360222531293 -8.329192033550047 0.975810959082404
-102.89290681502086 -8.298649635390777 0.9679615372677566
-102.3922114047288 -8.267983361094156 0.960121520689958
-101.89151599443672 -8.237193787423461 0.952291227122082
-101.39082058414465 -8.206281491142061 0.9444709743372288
-100.89012517385257 -8.175247049013212 0.9366610801084827
-100.3894297635605 -8.144091037800248 0.9288618622089315
-99.88873435326843 -8.112814034266503 0.9210736384116667
-99.38803894297635 -8.081416615175275 0.9132967264897724
-98.88734353268428 -8.049899357289856 0.905531444216342
-98.38664812239222 -8.018262837373602 0.8977781093644632
-97.88595271210013 -7.986507632189796 0.8900370397072239
-97.38525730180807 -7.954634318501772 0.882308553017719
-96.884561891516 -7.922643473072822 0.8745929670690258
-96.38386648122392 -7.890535672666272 0.8668905996342373
-95.88317107093185 -7.858311494045435 0.8592017684864486
-95.38247566063978 -7.825971513973625 0.8515267913987439
-94.8817802503477 -7.793516309214145 0.8438659861442039
-94.38108484005564 -7.760946456530331 0.8362196704959362
-93.88038942976357 -7.728262532685474 0.8285881622270141
-93.37969401947149 -7.695465114442894 0.8209717791105275
-92.87899860917942 -7.662554778565917 0.8133708389195713
-92.37830319888734 -7.6295321018178415 0.8057856594272332
-91.87760778859527 -7.596397660961995 0.7982165584065994
-91.3769123783032 -7.563152032761683 0.7906638536307595
-90.87621696801112 -7.5297957939802105 0.7831278628728031
-90.37552155771905 -7.496329521380912 0.7756089039058198
-89.87482614742699 -7.462753791727086 0.7681072945028975
-89.3741307371349 -7.429069181782045 0.7606233524371204
-88.87343532684284 -7.395276268309108 0.7531573954815836
-88.37273991655077 -7.361375628071589 0.745709741409373
-87.87204450625869 -7.327367837832814 0.7382807079935818
-87.37134909596662 -7.293253474356047 0.7308706130072855
-86.87065368567455 -7.2590331144046845 0.723479774223595
-86.36995827538247 -7.224707334741962 0.7161085094155786
-85.8692628650904 -7.190276712131227 0.7087571363563347
-85.36856745479834 -7.155741823335814 0.7014259728189531
-84.86787204450626 -7.121103245118985 0.6941153365765145
-84.36717663421419 -7.086361554244097 0.6868255454021119
-83.86648122392211 -7.051517327474454 0.6795569170688476
-83.36578581363004 -7.01657114157337 0.6723097693497879
-82.86509040333797 -6.981523573304135 0.6650844200180315
-82.36439499304589 -6.946375199430091 0.6578811868466732
-81.86369958275382 -6.911126596714536 0.6507003876087902
-81.36300417246176 -6.875778341920797 0.6435423400774758
-80.86230876216968 -6.840331011812151 0.6364073620258248
-80.36161335187761 -6.804785183151989 0.6292957712269234
-79.86091794158554 -6.769141432703553 0.622207885453854
-79.36022253129346 -6.733400337230177 0.615144022479708
-78.85952712100139 -6.6975624734951795 0.6081045000775787
-78.35883171070932 -6.661628418261867 0.6010896360205467
-77.85813630041724 -6.625598748293567 0.5940997480817158
-77.35744089012518 -6.589474040353591 0.5871351540341598
-76.85674547983311 -6.553254871205238 0.5801961716509718
-76.35605006954103 -6.516941817611834 0.5732831187052414
-75.85535465924896 -6.480535456336679 0.5663963129700529
-75.35465924895689 -6.4440363641431135 0.5595360722185101
-74.85396383866481 -6.407445117794421 0.5527027142236884
-74.35326842837274 -6.370762294053937 0.5458965567586775
-73.85257301808066 -6.333988469684951 0.5391179175965617
-73.3518776077886 -6.297124221450827 0.5323671145104465
-72.85118219749653 -6.260170126114805 0.5256444652734056
-72.35048678720445 -6.223126760440249 0.5189502876585375
-71.84979137691238 -6.185994701190457 0.5122848994389193
-71.34909596662031 -6.148774525128762 0.5056486183876496
-70.84840055632823 -6.111466809018457 0.4990417622778145
-70.34770514603616 -6.074072129622867 0.4924646488825053
-69.8470097357441 -6.036591063705278 0.4859175959747992
-69.34631432545201 -5.999024188029044 0.47940092132780365
-68.84561891515995 -5.961372079357472 0.472914942714594
-68.34492350486788 -5.923635314453837 0.46645997790826343
-67.8442280945758 -5.885814470081496 0.46003634468189625
-67.34353268428373 -5.847910123003747 0.4536443608085874
-66.84283727399166 -5.809922849983889 0.4472843440614229
-66.34214186369958 -5.771853227785255 0.44095661221349425
-65.84144645340751 -5.733701833171165 0.4346614830378821
-65.34075104311543 -5.6954692429049105 0.4283992743076832
-64.84005563282336 -5.657156033749819 0.42217030379598364
-64.3393602225313 -5.618762782469195 0.415974889275873
-63.838664812239216 -5.580290065826365 0.40981334852044093
-63.33796940194715 -5.541738460584637 0.40368599930277704
-62.83727399165508 -5.503108543507321 0.3975931593959656
-62.336578581363 -5.464400891357724 0.39153514657309274
-61.83588317107093 -5.4256160808991725 0.38551227860725334
-61.335187760778865 -5.386754688894993 0.37952487327154416
-60.834492350486784 -5.347817292108471 0.3735732483390406
-60.333796940194716 -5.308804467302932 0.36765772158283583
-59.83310152990265 -5.269716791241696 0.3617786107760159
-59.33240611961057 -5.230554840688055 0.3559362336916705
-58.8317107093185 -5.191319192405342 0.35013090810289627
-58.33101529902643 -5.152010423156864 0.3443629517827651
-57.83031988873435 -5.112629109705947 0.3386326825043915
-57.329624478442284 -5.073175828815903 0.33294041804084373
-56.82892906815022 -5.033651157250017 0.32728647616521145
-56.328233657858135 -4.994055671771631 0.32167117465059136
-55.82753824756607 -4.954389949144056 0.316094831270066
-55.326842837273986 -4.914654566130605 0.3105577637967356
-54.82614742698192 -4.874850099494577 0.3050602900036792
-54.32545201668985 -4.834977125999285 0.2996027276639792
-53.82475660639777 -4.795036222408069 0.294185394550736
-53.3240611961057 -4.755027965484229 0.2888086084370356
-52.823365785813635 -4.7149529319910615 0.28347268709596407
-52.322670375521554 -4.674811698691916 0.2781779483006146
-51.82197496522949 -4.634604842350062 0.2729247098240697
-51.321279554937405 -4.594332939728841 0.2677132894394225
-50.82058414464535 -4.55399656759158 0.2625440049197627
-50.31988873435327 -4.513596302701569 0.2574171740381692
-49.81919332406119 -4.47313272182213 0.25233311456774943
-49.318497913769136 -4.432606401716574 0.2472921442815823
-48.817802503477054 -4.392017919148214 0.24229458095275036
-48.31710709318497 -4.351367850880348 0.23734074235434677
-47.81641168289292 -4.310656773676333 0.2324309462594647
-47.31571627260084 -4.269885264299444 0.22756551044118667
-46.81502086230876 -4.229053899513002 0.2227447526726094
-46.3143254520167 -4.188163256080327 0.21796899072681541
-45.81363004172462 -4.147213910764745 0.21323854237689432
-45.31293463143254 -4.106206440329541 0.2085537253959393
-44.81223922114049 -4.065141421538056 0.20391485755702576
-44.311543810848406 -4.0240194311535875 0.19932225663326109
-43.810848400556324 -3.982841045939435 0.19477624039771713
-43.31015299026427 -3.9416068426589534 0.19027712662350127
-42.80945757997219 -3.900317398075413 0.1858252330836747
-42.30876216968011 -3.8589732889521615 0.18142087755135905
-41.808066759388026 -3.8175750920524907 0.17706437779961903
-41.30737134909597 -3.7761233841397344 0.17275605160155139
-40.80667593880389 -3.734618741977184 0.16849621673024573
-40.30598052851181 -3.693061742328166 0.16428519095879524
-39.80528511821976 -3.651452961955994 0.16012329206028597
-39.304589707927676 -3.6097929776239797 0.15601083780779335
-38.803894297635594 -3.568082366095436 0.1519481459744212
-38.30319888734354 -3.526321704133676 0.14793553433325912
-37.80250347705146 -3.484511568502012 0.14397332065738966
-37.30180806675938 -3.4426525359637568 0.14006182271989887
-36.801112656467325 -3.400745183282237 0.13620135829388347
-36.30041724617524 -3.3587900872207515 0.13239224515242598
-35.79972183588316 -3.3167878245425984 0.12863480106861247
-35.29902642559111 -3.274738972011133 0.12492934381554677
-34.79833101529903 -3.23264410638964 0.12127619116630428
-34.297635605006946 -3.1905038044414598 0.11767566089397818
-33.79694019471489 -3.14831864292987 0.11412807077165454
-33.29624478442281 -3.1060891986182044 0.11063373857241943
-32.79554937413073 -3.063816048269783 0.10719298206937311
-32.294853963838676 -3.021499768647897 0.103806119035591
-31.794158553546595 -2.979140936515866 0.10047346724417694
-31.293463143254513 -2.93674012863701 0.09719534446820632
-30.79276773296246 -2.8942979217746627 0.09397206848077588
-30.29207232267038 -2.851814892692116 0.09080395705496458
-29.791376912378297 -2.8092916181526677 0.08769132796387269
-29.290681502086244 -2.766728674919695 0.08463449898058628
-28.789986091794162 -2.7241266397564035 0.08163378787818432
-28.28929068150208 -2.6814860894262127 0.07868951242977062
-27.788595271210028 -2.6388076006923997 0.07580199040842417
-27.287899860917946 -2.5960917503182204 0.07297153958722746
-26.787204450625865 -2.5533391150670726 0.07019847773928789
-26.28650904033381 -2.510550271702269 0.06748312263768796
-25.78581363004173 -2.467725796987051 0.06482579205550665
-25.28511821974965 -2.4248662676847745 0.06222680376583711
-24.784422809457595 -2.38197226055878 0.059686475541776085
-24.283727399165514 -2.3390443523722952 0.05720512515639897
-23.783031988873432 -2.2960831198887464 0.054783070382806054
-23.28233657858135 -2.253089139871361 0.05242062899407984
-22.781641168289298 -2.210062989083508 0.05011811876331351
-22.280945757997216 -2.1670052442884726 0.04787585746359668
-21.780250347705135 -2.1239164822495527 0.04569416286800476
-21.27955493741308 -2.0807972797301035 0.043573352749648686
-20.778859527121 -2.0376482134934095 0.041513744881593206
-20.27816411682892 -1.9944698603027833 0.03951565703694926
-19.777468706536865 -1.951262796921566 0.03757940698878515
-19.276773296244784 -1.9080276001130274 0.03570531251021536
-18.776077885952702 -1.864764846640509 0.03389369137429754
-18.27538247566065 -1.8214751132673657 0.03214486135414263
-17.774687065368568 -1.778158976756825 0.030459140222829584
-17.273991655076486 -1.7348170138722425 0.028836845753458684
-16.773296244784433 -1.691449801376959 0.02727829571910534
-16.27260083449235 -1.6480579160342304 0.025783807892866273
-15.77190542420027 -1.604641934607426 0.024353700047824
-15.271210013908217 -1.5612024338598305 0.0229882899570788
-14.770514603616135 -1.517739990554742 0.021687895393702528
-14.269819193324054 -1.4742551814555442 0.020452834130799014
-13.769123783032 -1.4307485833254647 0.019283423941450772
-13.268428372739919 -1.3872207729278303 0.01817998259874032
-12.767732962447838 -1.3436723270260105 0.017142827875771482
-12.267037552155784 -1.3001038223832895 0.01617227754561612
-11.766342141863703 -1.2565158357629373 0.015268649381381616
-11.265646731571621 -1.2129089439283662 0.014432261156139825
-10.764951321279568 -1.1692837236428035 0.01366343064298392
-10.264255910987487 -1.1256407516695477 0.012962475615003521
-9.763560500695405 -1.0819824756606393 0.01232208623087621
-9.262865090403352 -1.0385115438108496 0.011729151599443688
-8.76216968011127 -0.995774687065369 0.011192656467315721
-8.261474269819189 -0.9450053546592485 0.010655236439499298
-7.760778859527136 -0.8847716968011144 0.01009946453407512
-7.260083449235054 -0.8214431154381093 0.009560486787204456
-6.759388038942973 -0.7556648122392207 0.009054200278164113
-6.25869262865092 -0.6907783031988893 0.008544214186369975
-5.757997218358838 -0.6277240611961065 0.008042517385257308
-5.257301808066757 -0.5692634214186367 0.007576717663421416
-4.756606397774675 -0.5149949930458958 0.007125813630041714
-4.255910987482622 -0.4625171070931857 0.006709610570236445
-3.7552155771905404 -0.4097549374130735 0.006338650904033378
-3.254520166898459 -0.3563336578581351 0.006012712100139075
-2.753824756606406 -0.30251307371349184 0.005746759388038946
-2.2531293463143243 -0.2481417246175242 0.005541126564673157
-1.7524339360222427 -0.1933667593880378 0.005385632823365783
-1.2517385257301896 -0.13834158553546688 0.005280278164116831
-0.7510431154381081 -0.08311515994436713 0.005215104311543811
-0.25034770514602656 -0.02773852573017974 0.005180013908205841
0.25034770514602656 0.02773852573017974 0.005180013908205841
0.7510431154381081 0.08311515994436713 0.005215104311543811
1.2517385257301896 0.13834158553546688 0.005280278164116831
1.7524339360222427 0.1933667593880378 0.005385632823365783
2.2531293463143243 0.2481417246175242 0.005541126564673157
2.753824756606406 0.30251307371349184 0.005746759388038946
3.254520166898459 0.3563845618915148 0.006012712100139075
3.7552155771905404 0.4098038942976354 0.006338650904033378
4.255910987482622 0.4625171070931857 0.006714728789986098
4.756606397774675 0.5150463143254507 0.0071306815020862205
5.257301808066757 0.5693119610570233 0.007576717663421416
5.757997218358838 0.6277756606397783 0.008042517385257308
6.258692628650891 0.6908783031988857 0.008544214186369945
6.759388038942973 0.7557648122392207 0.009054200278164113
7.260083449235054 0.8215431154381093 0.009560486787204456
7.760778859527107 0.8875577190542402 0.010096856745479818
8.261474269819189 0.947457579972183 0.010652851182197491
8.76216968011127 0.995674687065369 0.011192656467315721
9.262865090403324 1.038464116828928 0.011729151599443656
9.763560500695405 1.0819824756606393 0.01232208623087621
10.264255910987487 1.1263301808066764 0.012974102920723232
10.76495132127954 1.1719285118219736 0.013645034770514583
11.265646731571621 1.217030041724617 0.014459415855354648
11.766342141863703 1.2620969401947153 0.015288859527121007
12.267037552155784 1.3069458970792778 0.01609998609179418
12.767732962447838 1.3481760778859522 0.017173977746870635
13.268428372739919 1.3874595271210015 0.01831369958275383
13.769123783032 1.4261457579972192 0.019365159944367202
14.269819193324054 1.4599510431154377 0.020497566063977728
14.770514603616135 1.486343671766342 0.021894005563282342
15.271210013908217 1.5034632823365788 0.023944353268428427
15.77190542420027 1.5163958275382472 0.026538289290681458
16.27260083449235 1.5306144645340751 0.02940560500695411
16.773296244784433 1.5417273991655078 0.03299463143254529
17.273991655076486 1.5458931849791377 0.03782102920723217
17.774687065368568 1.541520445062587 0.04429043115438109
18.27538247566065 1.5247121001390818 0.053060111265646914
18.776077885952702 1.4895186369958284 0.06510557719054215
19.276773296244784 1.4306963838664812 0.08149061196105699
19.777468706536865 1.3480127955493726 0.10268004172461792
20.27816411682892 1.2553452553782183 0.12599068563313365
20.778859527121 1.163035181522142 0.1491743663842624
21.27955493741308 1.0711212160874846 0.17221746347432676
21.780250347705135 0.9796027823109386 0.19512029467641367
22.280945757997216 0.8884793034291789 0.21788317776361477
22.781641168289298 0.7977502026788983 0.24050643050901743
23.28233657858135 0.7074149032967876 0.2629903706857091
23.783031988873432 0.6174728285195217 0.2853353160667813
24.283727399165514 0.5279234015837941 0.3075415844253213
24.784422809457567 0.43876604572629585 0.32960949353441715
25.28511821974965 0.3500001841837017 0.35153936116715934
25.78581363004173 0.2616252401927044 0.37333150509663615
26.286509040333783 0.17364063698999388 0.39498624309593455
26.787204450625865 0.08604579781224952 0.41650389293814594
27.287899860917946 -0.0011598541038413401 0.43788477239635815
27.78859527121 -0.08797689552158516 0.4591291992436586
28.28929068150208 -0.17440590320430527 0.4802374912531384
28.789986091794162 -0.26044745391531166 0.501209966197885
29.290681502086215 -0.34610212441791255 0.5220469418509865
29.791376912378297 -0.4313704914754313 0.5427487359855334
30.29207232267038 -0.516253131851176 0.5633156663746139
30.79276773296246 -0.6007506223084622 0.5837480507913164
31.293463143254513 -0.6848635396105971 0.6040462070087287
31.794158553546595 -0.768592460520904 0.6242104527999419
32.294853963838676 -0.851937961802693 0.6442411059380435
32.79554937413073 -0.9349006202192713 0.6641384841961211
33.29624478442281 -1.0174810125339642 0.6839029053472658
33.79694019471489 -1.0996797155100788 0.7035346871645656
34.297635605006946 -1.1814973059109244 0.7230341474211077
34.79833101529903 -1.262934360499825 0.7424016038899832
35.29902642559111 -1.34399145604009 0.7616373743442806
35.79972183588316 -1.4246691692950266 0.7807417765570859
36.30041724617524 -1.5049680770279572 0.7997151283014916
36.801112656467325 -1.5848887560021936 0.8185577473505845
37.30180806675938 -1.664431782981043 0.8372699514774526
37.80250347705146 -1.743597734727829 0.8558520584551874
38.30319888734354 -1.8223871880058615 0.8743043860568755
38.803894297635594 -1.900800719578446 0.8926272520556056
39.304589707927676 -1.9788389062089093 0.9108209742244677
39.80528511821976 -2.05650232466056 0.9288858703365501
40.30598052851181 -2.1337915516967065 0.9468222581649408
40.80667593880389 -2.2107071640806693 0.9646304554827303
41.30737134909597 -2.2872497385757606 0.982310780063006
41.808066759388026 -2.36341985194529 0.9998635496788564
42.30876216968011 -2.4392180809525774 1.0172890821033718
42.80945757997219 -2.514645002360931 1.0345876951096404
43.31015299026424 -2.589701192933666 1.0517597064707493
43.810848400556324 -2.6643872294341 1.0688054339597894
44.311543810848406 -2.7387036886255407 1.0857251953498495
44.81223922114046 -2.8126511472713043 1.1025193084140164
45.31293463143254 -2.8862301821347076 1.119188090925381
45.81363004172462 -2.9594413699790616 1.1357318606570315
46.314325452016675 -3.0322852875676753 1.152150935382055
46.81502086230876 -3.104762511663872 1.1684456328735429
47.31571627260084 -3.1768736190309594 1.1846162709045827
47.81641168289289 -3.2486191864322462 1.2006631672482622
48.31710709318497 -3.3199997906310594 1.2165866396776723
48.817802503477054 -3.391016008390703 1.2323870059659006
49.318497913769136 -3.4616684164744944 1.248064583886036
49.81919332406119 -3.5319575916457397 1.263619691211167
50.31988873435327 -3.601884110667764 1.2790526457143827
50.82058414464535 -3.6714485503038743 1.2943637651687727
51.321279554937405 -3.7406514873173817 1.3095533673474231
51.82197496522949 -3.8094934984716096 1.3246217700234262
52.32267037552157 -3.877975160529865 1.3395692909698689
52.82336578581362 -3.9460970502554575 1.3543962479598386
53.3240611961057 -4.013859744411708 1.3691029587664276
53.824756606397784 -4.081263819761932 1.383689741162722
54.32545201668984 -4.148309853069432 1.398156912921811
54.82614742698192 -4.214998421097534 1.4125047918167841
55.326842837274 -4.281330100609545 1.4267336956207297
55.82753824756605 -4.347305468368776 1.440843942106736
56.328233657858135 -4.41292510113855 1.4548358490478932
56.82892906815022 -4.478189575682175 1.468709734217289
57.32962447844227 -4.543099468762963 1.4824659153880122
57.83031988873435 -4.607655357144229 1.496104710333152
58.33101529902643 -4.671857817589291 1.509626436825797
58.831710709318486 -4.735707426861455 1.5230314126390356
59.33240611961057 -4.7992047617240425 1.536319955545958
59.83310152990265 -4.86235039894036 1.5494923833196517
60.3337969401947 -4.925144915273726 1.5625490137332043
60.834492350486784 -4.987588887487452 1.5754901645597077
61.335187760778865 -5.049682892344854 1.5883161535722483
61.83588317107092 -5.111427506609242 1.6010272985439153
62.336578581363 -5.172823307043934 1.6136239172477984
62.83727399165508 -5.2338708704122405 1.6261063274569854
63.337969401947134 -5.294570773477473 1.6384748469445654
63.838664812239216 -5.354923593002952 1.6507297934836276
64.3393602225313 -5.414929905751989 1.6628714848472599
64.84005563282335 -5.474590288487891 1.6749002388085519
65.34075104311543 -5.533905317973981 1.6868163731405919
65.84144645340751 -5.592875570973567 1.698620205616469
66.34214186369957 -5.651501624249961 1.710312054009271
66.84283727399165 -5.709784054566485 1.7218922360920887
67.34353268428373 -5.767723438686446 1.7333610696380088
67.84422809457581 -5.825320353373161 1.7447188724201224
68.34492350486786 -5.882575375389936 1.755965962211515
68.84561891515995 -5.939489081500095 1.7671026567852783
69.34631432545203 -5.996062048466947 1.7781292739145
69.84700973574408 -6.0522948530538025 1.7890461313722688
70.34770514603616 -6.1081880720239825 1.7998535469316732
70.84840055632824 -6.163742282140794 1.810551838365803
71.3490959666203 -6.2189580601675525 1.8211413234477465
71.84979137691238 -6.273835982867575 1.831622319950591
72.35048678720446 -6.328376627004174 1.8419951456474284
72.85118219749651 -6.382580569340658 1.8522601183113452
73.3518776077886 -6.436448386640348 1.862417555715431
73.85257301808068 -6.489980655666554 1.8724677756327728
74.35326842837273 -6.543177953182586 1.882411095836462
74.85396383866481 -6.596040855951764 1.8922478340995863
75.35465924895689 -6.6485699407374 1.9019783081952337
75.85535465924895 -6.700765784302804 1.9116028358964938
76.35605006954103 -6.752628963411298 1.9211217349764562
76.85674547983308 -6.804160054826185 1.9305353232082083
77.35744089012519 -6.8553596353107915 1.9398439183648397
77.85813630041724 -6.906228281628416 1.9490478382194383
78.3588317107093 -6.956766570542379 1.9581474005450936
78.8595271210014 -7.006975078816002 1.967142923114894
79.36022253129346 -7.056854383212586 1.9760347237019291
79.86091794158551 -7.106405060495452 1.9848231200792863
80.36161335187762 -7.155627687427914 1.9935084300200556
80.86230876216968 -7.20452284077328 2.002090971297325
81.36300417246173 -7.253091097294868 2.0105710616841836
81.86369958275384 -7.301333033755994 2.0189490189537214
82.36439499304589 -7.349249226919963 2.0272251608790253
82.86509040333794 -7.3968402535501 2.035399805233184
83.36578581363005 -7.444106690409712 2.0434732697892883
83.86648122392211 -7.491049114262114 2.051445872320425
84.36717663421416 -7.537668101870616 2.0593179305996836
84.86787204450627 -7.583964229998537 2.067089762400153
85.36856745479832 -7.62993807540919 2.074761685494922
85.86926286509038 -7.675590214865884 2.082334017657079
86.36995827538249 -7.7209212251319395 2.0898070766597145
86.87065368567454 -7.765931682970666 2.097181180275914
87.3713490959666 -7.810622165145376 2.104456646278769
87.8720445062587 -7.854993248419388 2.111633792441368
88.37273991655076 -7.899045509556012 2.118712936536798
88.87343532684281 -7.942779525318559 2.125694396338149
89.37413073713492 -7.986195872470353 2.1325784896185107
89.87482614742697 -8.029295127774695 2.1393655341509694
90.37552155771903 -8.072077867994903 2.1460558477086167
90.87621696801114 -8.1145446698943 2.1526497480645412
91.37691237830319 -8.156696110236183 2.159147552991829
91.87760778859524 -8.198532765783874 2.16554958026357
92.37830319888735 -8.240055213300696 2.1718561476528544
92.8789986091794 -8.281264029549948 2.17806757293277
93.37969401947146 -8.322159791294947 2.184184173876405
93.88038942976357 -8.362743075299019 2.1902062682568504
94.38108484005562 -8.403014458325462 2.1961341738471925
94.88178025034773 -8.442974517137596 2.20196820842052
95.38247566063978 -8.482623828498731 2.207708689749924
95.88317107093184 -8.521962969172186 2.213355935608491
96.38386648122395 -8.560992515921274 2.2189102637693114
96.884561891516 -8.599713045509308 2.224371992005473
97.38525730180805 -8.638125134699596 2.2297414380900653
97.88595271210016 -8.676229360255462 2.2350189197961763
98.38664812239222 -8.714026298940208 2.2402047548968946
98.88734353268427 -8.751516527517154 2.24529926116531
99.38803894297638 -8.788700622749623 2.250302756374513
99.88873435326843 -8.82557916140091 2.2552155582975866
100.38942976356049 -8.862152720234338 2.2600379847076244
100.8901251738526 -8.89842187601323 2.264770353377716
101.39082058414465 -8.93438720550088 2.2694129820809454
101.8915159944367 -8.970049285460615 2.2739661885904052
102.39221140472881 -9.005408692655749 2.278430290679184
102.89290681502086 -9.040466003849588 2.282805606120368
103.39360222531292 -9.07522179580545 2.287092452687049
103.89429763560503 -9.109676645286655 2.2912911481523146
104.39499304589708 -9.143831129056501 2.295402010289253
104.89568845618913 -9.177685823878313 2.2994253568709526
105.39638386648124 -9.211241306515408 2.3033615056705044
105.8970792767733 -9.24449815373109 2.3072107744609953
106.39777468706535 -9.27745694228868 2.3109734810155143
106.89847009735746 -9.31011824895149 2.3146499431071517
107.39916550764951 -9.342482650482825 2.3182404785089936
107.89986091794157 -9.37455072364601 2.3217454049941297
108.40055632823368 -9.40632304520436 2.3251650403356514
108.90125173852573 -9.437800191921173 2.3284997023066447
109.40194714881778 -9.468982740559778 2.3317497086801984
109.90264255910989 -9.499871267883488 2.334915377229403
110.40333796940195 -9.530466350655605 2.3379970257273452
110.904033379694 -9.560768565639453 2.340994971947116
111.40472878998611 -9.590778489598346 2.343909533661802
111.90542420027816 -9.62049669929559 2.3467410286444936
112.40611961057022 -9.649923771494503 2.349489774668278
112.90681502086233 -9.679060282958403 2.352156089506246
113.40751043115438 -9.707906810450595 2.3547402909314847
113.90820584144643 -9.736463930734399 2.3572426967170843
114.40890125173854 -9.764732220573126 2.3596636246361324
114.9095966620306 -9.792712256730091 2.362003392461718
115.41029207232265 -9.82040461596861 2.364262317966931
115.91098748261476 -9.847809875051986 2.366440718924858
116.41168289290681 -9.874928610743545 2.3685389131085897
116.91237830319886 -9.901761399806599 2.3705572182912142
117.41307371349097 -9.928308819004453 2.3724959522458207
117.91376912378303 -9.954571445100427 2.3743554327454968
118.41446453407508 -9.980549854857841 2.376135977563333
118.91515994436719 -10.006244625039997 2.3778379044724183
119.41585535465924 -10.031656332410215 2.3794615312458376
119.9165507649513 -10.056785553731807 2.3810071756566833
120.4172461752434 -10.081632865768082 2.382475155478045
120.91794158553546 -10.106198845282368 2.383865788483007
121.41863699582751 -10.130484069037962 2.3851793924446625
121.91933240611962 -10.154489113798181 2.3864162851360993
122.42002781641168 -10.178214556326353 2.387576784330405
122.92072322670373 -10.201660973385774 2.388661207800668
123.42141863699584 -10.22482894173977 2.3896698733199786
123.92211404728789 -10.247719038151644 2.390603098661426
124.42280945757994 -10.270331839384717 2.391461201598096
124.92350486787205 -10.292667922202305 2.3922444999030823
125.42420027816411 -10.314727863367711 2.3929533113494683
125.92489568845616 -10.336512239644257 2.3935879537103464
126.42559109874827 -10.35802162779526 2.3941487447588043
126.92628650904032 -10.379256604584022 2.39463600226793
127.42698191933238 -10.400217746773865 2.395050044010813
127.92767732962449 -10.420905631128104 2.3953911877605423
128.42837273991654 -10.441320834410046 2.395659751290207
128.9290681502086 -10.461463933383008 2.3958560523728947
129.4297635605007 -10.481335504810307 2.3959804087816945
129.93045897079276 -10.500936125455251 2.396033138289696
130.4311543810848 -10.520266372081156 2.3960145586699877
130.93184979137692 -10.539326821451343 2.3959249876956585
131.43254520166897 -10.55811805032911 2.3957647431397966
131.93324061196108 -10.576640635477784 2.3955341427754906
132.43393602225314 -10.594895153660673 2.3952335043758293
132.9346314325452 -10.61288218164109 2.3948631457139022
133.4353268428373 -10.630602296182357 2.3944233845628
133.93602225312935 -10.64805607404777 2.393914538695605
134.4367176634214 -10.665244092000659 2.3933369258854134
134.93741307371351 -10.682166926804332 2.39269086390531
135.43810848400557 -10.698825155222103 2.3919766705283854
135.93880389429762 -10.715219354017282 2.391194663527725
136.43949930458973 -10.731350099953193 2.3903451606764223
136.94019471488178 -10.747217969793141 2.389428479747563
137.44089012517384 -10.762823540300442 2.388444938514237
137.94158553546595 -10.778167388238408 2.387394854749531
138.442280945758 -10.793250090370353 2.3862785462265386
138.94297635605005 -10.808072223459593 2.3850963307183433
139.44367176634216 -10.822634364269444 2.3838485259980358
139.94436717663422 -10.836937089563211 2.3825354498387075
140.44506258692627 -10.85098097610421 2.3811574200134427
140.94575799721838 -10.864766600655766 2.3797147542953345
141.44645340751043 -10.87829453998118 2.3782077704574682
141.94714881780249 -10.891565370843768 2.3766367862729325
142.4478442280946 -10.90457967000685 2.3750021195148205
142.94853963838665 -10.917338014233732 2.373304087956215
143.4492350486787 -10.929840980287732 2.3715430093702095
143.9499304589708 -10.942089144932158 2.3697192015298914
144.45062586926286 -10.954083084930335 2.3678329822083484
144.95132127955492 -10.965823377045563 2.365884669178671
145.45201668984703 -10.977310598041168 2.3638745802139463
145.95271210013908 -10.988545324680455 2.361803033087263
146.45340751043113 -10.999528133726745 2.359670345571712
146.95410292072324 -11.010259601943343 2.357476835440382
147.4547983310153 -11.020740306093568 2.3552228204663583
147.95549374130735 -11.030970822940734 2.352908618422733
148.45618915159946 -11.040951729248153 2.350534547082596
148.9568845618915 -11.050683601779138 2.3481009242190307
149.45757997218357 -11.060167017297005 2.3456080676051316
149.95827538247568 -11.069402552565066 2.3430562950139837
150.45897079276773 -11.078390784346634 2.3404459242186757
150.95966620305978 -11.087132289405027 2.3377772729923016
151.4603616133519 -11.095627644503551 2.3350506591079423
151.96105702364395 -11.103877426405532 2.3322664003386926
152.461752433936 -11.111882211874267 2.3294248144576413
152.9624478442281 -11.119642577673087 2.3265262192378726
153.46314325452016 -11.12715910056529 2.323570932452477
153.96383866481222 -11.1344323573142 2.320559271874548
154.46453407510432 -11.141462924683129 2.3174915552771678
154.96522948539638 -11.148251379435383 2.314368100433427
155.46592489568843 -11.154798298334288 2.3111892251164186
155.96662030598054 -11.161104258143151 2.307955247099226
156.4673157162726 -11.167169835625284 2.3046664841549402
156.96801112656465 -11.172995607544006 2.3013232540566513
157.46870653685676 -11.178582150662624 2.2979258745774453
157.9694019471488 -11.183930041744464 2.294474663490412
158.47009735744086 -11.189039857552821 2.2909699385686437
158.97079276773297 -11.193912174851022 2.287412017585223
159.47148817802503 -11.198547570402376 2.2838012183132417
159.97218358831708 -11.202946620970199 2.28013785852579
160.4728789986092 -11.207109903317804 2.2764222559959544
160.97357440890124 -11.211037994208507 2.272654728496824
161.4742698191933 -11.214731470405614 2.268835593801491
161.9749652294854 -11.218190908672447 2.2649651696830375
162.47566063977746 -11.221416885772317 2.26104377391456
162.9763560500695 -11.22440997846854 2.2570717242691414
163.47705146036162 -11.227170763524416 2.2530493385198707
163.97774687065368 -11.229699817703274 2.248976934439842
164.47844228094573 -11.23199771776843 2.2448548298021374
164.97913769123784 -11.23406504048318 2.2406833423798505
165.4798331015299 -11.235902362610858 2.23646278994607
165.98052851182194 -11.237510260914767 2.23219349027388
166.48122392211405 -11.23888931215821 2.2278757611363718
166.9819193324061 -11.240040093104525 2.223509920306638
167.48261474269816 -11.240963180517014 2.2190962855577636
167.98331015299027 -11.241659151158977 2.2146351746628357
168.48400556328232 -11.242128581793754 2.2101269053949473
168.98470097357443 -11.242372049184635 2.2055717955271845
169.4853963838665 -11.242390130094943 2.200970162832637
169.98609179415854 -11.242183401288006 2.1963223250843944
170.48678720445065 -11.241752439527108 2.1916286000555427
170.9874826147427 -11.24109782157559 2.1868893055191734
171.48817802503476 -11.240220124196757 2.182104759248375
171.98887343532687 -11.239119924153908 2.177275279016234
172.48956884561892 -11.237797798210373 2.1724011825958414
172.99026425591097 -11.236254323129469 2.167482787760286
173.49095966620308 -11.23449007567449 2.162520412282655
173.99165507649514 -11.232505632608778 2.1575143739360385
174.4923504867872 -11.230301570695616 2.1524649904935256
174.9930458970793 -11.227878466698332 2.1473725797282013
175.49374130737135 -11.225236897380253 2.1422374594131597
175.9944367176634 -11.222377439504672 2.1370599473214913
176.49513212795551 -11.219300669834897 2.131840361226274
176.99582753824757 -11.216007165134279 2.1265790189006086
177.49652294853962 -11.21249750216609 2.121276238117579
177.99721835883173 -11.20877225769367 2.115932336650271
178.49791376912378 -11.204832008480324 2.1105476322717767
178.99860917941584 -11.20067733128936 2.1051224427551833
179.49930458970795 -11.1963088028841 2.0996570858735835
180.0 -11.191727000027857 2.094151879400062
