Polar data for NACA 0012 at Re = 490344.82758620696
Alpha (deg) Cl Cd
-180.0 -1.8038359518045362 0.6506226332192456
-179.49930458970792 -1.8200311577351151 0.6495420499017687
-178.99860917941587 -1.8362013132815804 0.6484512641631778
-178.49791376912378 -1.8523456723559975 0.6473503258661765
-177.9972183588317 -1.8684634888704281 0.6462392848734672
-177.49652294853965 -1.8845540167369326 0.6451181910477523
-176.99582753824757 -1.9006165098675727 0.6439870942517351
-176.4951321279555 -1.916650222174405 0.6428460443481187
-175.99443671766343 -1.9326544075695005 0.6416950911996052
-175.49374130737135 -1.9486283199649155 0.6405342846688976
-174.99304589707927 -1.9645712132727031 0.6393636746186991
-174.49235048678722 -1.9804823414049377 0.6381833109117127
-173.99165507649514 -1.9963609582736723 0.6369932434106408
-173.49095966620305 -2.0122063177909792 0.6357935219781857
-172.990264255911 -2.0280176738689066 0.6345841964770508
-172.48956884561892 -2.0437942804195215 0.6333653167699397
-171.98887343532684 -2.059535391354884 0.6321369327195542
-171.48817802503476 -2.0752402605870595 0.6308990941885969
-170.9874826147427 -2.090908142028103 0.6296518510397716
-170.48678720445062 -2.1065382895900813 0.6283952531357803
-169.98609179415854 -2.122129957185048 0.6271293503393266
-169.4853963838665 -2.1376823987250786 0.6258541925131119
-168.9847009735744 -2.1531948681222195 0.6245698295198406
-168.48400556328232 -2.1686666192885378 0.6232763112222149
-167.98331015299027 -2.184096906136097 0.6219736874829381
-167.4826147426982 -2.1994849825769576 0.6206620081647122
-166.9819193324061 -2.2148301025231776 0.6193413231302402
-166.48122392211405 -2.230131519886826 0.6180116822422256
-165.98052851182197 -2.2453884885799527 0.6166731353633704
-165.4798331015299 -2.260600262514628 0.6153257323563778
-164.97913769123784 -2.275766095602912 0.61396952308395
-164.47844228094576 -2.290885241756862 0.6126045574087916
-163.97774687065368 -2.3059569548885444 0.6112308851936036
-163.47705146036162 -2.3209804889100196 0.609848556301089
-162.97635605006954 -2.335955097733346 0.6084576205939517
-162.47566063977746 -2.3508800352705785 0.6070581279348938
-161.9749652294854 -2.3657545554337913 0.6056501281866186
-161.47426981919332 -2.38057791213505 0.6042336712118274
-160.97357440890124 -2.3953493592863966 0.6028088068732252
-160.4728789986092 -2.4100681507999075 0.6013755850335137
-159.9721835883171 -2.424733540587636 0.5999340555553953
-159.47148817802503 -2.4393447825616468 0.5984842683015738
-158.97079276773297 -2.453901130633997 0.5970262731347514
-158.4700973574409 -2.4684018387167557 0.5955601199176314
-157.9694019471488 -2.4828461607219845 0.5940858585129162
-157.46870653685676 -2.4972333505617383 0.5926035387833083
-156.96801112656468 -2.511562662148079 0.591113210591511
-156.4673157162726 -2.5258333493930687 0.5896149238002276
-155.96662030598054 -2.540044666208769 0.5881087282721605
-155.46592489568846 -2.5541958665072473 0.5865946738700122
-154.96522948539638 -2.5682862042005583 0.5850728104564854
-154.46453407510432 -2.5823149332007604 0.5835431878942839
-153.96383866481224 -2.5962813074199245 0.5820058560461093
-153.46314325452016 -2.6101845807701034 0.5804608647746657
-152.9624478442281 -2.624024007163361 0.5789082639426547
-152.46175243393603 -2.6377988405117625 0.57734810341278
-151.96105702364395 -2.6515083347273647 0.5757804330477437
-151.4603616133519 -2.665151743722231 0.574205302710249
-150.9596662030598 -2.6787283214084185 0.5726227622629995
-150.45897079276773 -2.692237321697996 0.5710328615686967
-149.95827538247568 -2.7056779985030177 0.5694356504900445
-149.4575799721836 -2.7190496057355533 0.5678311788897447
-148.9568845618915 -2.7323513973076556 0.5662194966305006
-148.45618915159943 -2.74558262713139 0.5646006535750155
-147.95549374130738 -2.758742549118817 0.5629746995859918
-147.4547983310153 -2.771830417181998 0.561341684526132
-146.95410292072324 -2.784845485232995 0.5597016582581392
-146.45340751043116 -2.797787007183868 0.5580546706447168
-145.95271210013908 -2.810654236946683 0.5564007715485665
-145.452016689847 -2.823446428433491 0.5547400108323918
-144.95132127955495 -2.836162835556366 0.5530724383588957
-144.45062586926286 -2.8488027122273634 0.5513981039907804
-143.94993045897078 -2.8613653123585445 0.5497170575907492
-143.44923504867873 -2.873849889861968 0.5480293490215048
-142.94853963838665 -2.886255698649692 0.5463350281457507
-142.44784422809457 -2.8985819926337895 0.5446341448261883
-141.9471488178025 -2.9108280257263184 0.5429267489255215
-141.44645340751043 -2.9229930518393354 0.5412128903064527
-140.94575799721835 -2.9350763248849043 0.5394926188316848
-140.44506258692627 -2.947077098775085 0.5377659843639205
-139.94436717663422 -2.95899462742194 0.5360330367658636
-139.44367176634213 -2.970828164737532 0.5342938259002149
-138.94297635605005 -2.9825769646339184 0.5325484016296796
-138.442280945758 -2.994240281023168 0.530796813816958
-137.94158553546592 -3.0058173678173334 0.5290391123247559
-137.44089012517384 -3.0173074789284824 0.527275347015773
-136.94019471488178 -3.0287098682686677 0.5255055677527142
-136.4394993045897 -3.0400237897499602 0.5237298243982821
-135.93880389429762 -3.0512484972844183 0.5219481668151783
-135.43810848400557 -3.0623832447841037 0.5201606448661079
-134.9374130737135 -3.0734272861610767 0.5183673084137715
-134.4367176634214 -3.0843798753274028 0.516568207320872
-133.93602225312935 -3.0952402661951313 0.5147633914501145
-133.43532684283727 -3.106007712676335 0.5129529106641991
-132.9346314325452 -3.1166814686830717 0.5111368148258305
-132.43393602225314 -3.127260788127404 0.5093151537977102
-131.93324061196105 -3.1377449249213916 0.5074879774425424
-131.43254520166897 -3.1481331329770983 0.5056553356230286
-130.93184979137692 -3.158424666206577 0.503817278201872
-130.43115438108484 -3.1686187785219007 0.5019738550417762
-129.93045897079276 -3.1787147238351237 0.5001251160054433
-129.4297635605007 -3.188711756058308 0.49827111095557636
-128.92906815020862 -3.198609129103521 0.49641188975487766
-128.42837273991654 -3.2084060968828156 0.49454750226605143
-127.92767732962449 -3.2181019133082556 0.49267799835179876
-127.4269819193324 -3.2276958322919045 0.49080342787482384
-126.92628650904032 -3.2371871077458243 0.4889238406978282
-126.42559109874827 -3.2465749935820734 0.487039286683516
-125.92489568845619 -3.255858743712717 0.4851498156945892
-125.42420027816411 -3.265037612049812 0.48325547759375115
-124.92350486787205 -3.2741108525054203 0.48135632224370334
-124.42280945757997 -3.2830777189916054 0.4794523995071504
-123.92211404728789 -3.291937465420424 0.47754375924679476
-123.42141863699584 -3.3006893457039483 0.4756304513253384
-122.92072322670376 -3.3093326137542247 0.47371252560548543
-122.42002781641168 -3.317866523483329 0.4717900319499366
-121.91933240611961 -3.3262903288033128 0.4698630202213973
-121.41863699582754 -3.3346032836262394 0.46793154028256784
-120.91794158553546 -3.342804641864178 0.4659956419961528
-120.41724617524339 -3.350893657429178 0.4640553752248541
-119.91655076495132 -3.3588695842333065 0.4621107898313756
-119.41585535465924 -3.3667316761886257 0.4601619356784192
-118.91515994436718 -3.37447918720719 0.45820886262868815
-118.41446453407511 -3.3821113712010726 0.4562516205448845
-117.91376912378303 -3.389627482082326 0.45429025928971195
-117.41307371349096 -3.3970267737630104 0.4523248287258738
-116.91237830319889 -3.4043085001551985 0.4503553787160712
-116.41168289290681 -3.4114719151709414 0.4483819591230082
-115.91098748261474 -3.418516272722303 0.44640461980938734
-115.41029207232268 -3.4254408267213394 0.44442341063791185
-114.9095966620306 -3.432244831080122 0.4424383814712837
-114.40890125173853 -3.4389275397107086 0.4404495821722058
-113.90820584144646 -3.4454882065251544 0.43845706260338185
-113.40751043115438 -3.451926085435532 0.4364608726275138
-112.90681502086231 -3.458240430353892 0.434461062107305
-112.40611961057024 -3.4644304951923024 0.4324576809054583
-111.90542420027816 -3.4704955338628176 0.4304507788846756
-111.4047287899861 -3.476434800277503 0.4284404059076616
-110.90403337969401 -3.4822475483484263 0.4264266118371169
-110.40333796940195 -3.4879330319876436 0.4244094465357457
-109.90264255910988 -3.493490505107215 0.42238895986625086
-109.4019471488178 -3.4989192216191976 0.42036520169133434
-108.90125173852573 -3.5042184354356634 0.4183382218736999
-108.40055632823366 -3.5093874004686603 0.41630807027604994
-107.89986091794158 -3.514425370630268 0.4142747967610864
-107.39916550764951 -3.5193315998325287 0.4122384511915144
-106.89847009735745 -3.5241053419875152 0.4101990834300346
-106.39777468706536 -3.5287458510072893 0.40815674333934976
-105.8970792767733 -3.533252380803906 0.406111480782165
-105.39638386648123 -3.537624185289425 0.404063345621181
-104.89568845618915 -3.541860518375919 0.40201238771910147
-104.39499304589708 -3.545960633975441 0.3999586569386288
-103.89429763560501 -3.5499237860000497 0.3979022031424663
-103.39360222531293 -3.55374922836181 0.39584307619331643
-102.89290681502086 -3.557436214972795 0.39378132595388154
-102.3922114047288 -3.560983999745047 0.3917170022868654
-101.89151599443672 -3.5643918365906346 0.38965015505496997
-101.39082058414465 -3.5676589794216182 0.3875808341208999
-100.89012517385257 -3.5707846821500633 0.38550908934735534
-100.3894297635605 -3.573768198688035 0.38343497059704096
-99.88873435326843 -3.576608782947578 0.38135852773265916
-99.38803894297635 -3.579305688840768 0.3792798106169128
-98.88734353268428 -3.581858170279671 0.3771988691125043
-98.38664812239222 -3.5842654811763284 0.3751157530821369
-97.88595271210013 -3.58652687544281 0.37303051238851265
-97.38525730180807 -3.5886416069911897 0.37094319689433614
-96.884561891516 -3.5906089297335084 0.3688538564623089
-96.38386648122392 -3.5924280975818492 0.3667625409551329
-95.88317107093185 -3.59409836444826 0.36466930023551275
-95.38247566063978 -3.595618984244793 0.3625741841661509
-94.8817802503477 -3.596989210883536 0.36047724260974884
-94.38108484005564 -3.5982082982765276 0.35837852542901033
-93.88038942976357 -3.59927550033584 0.3562780824866391
-93.37969401947149 -3.600190070973535 0.3541759636453354
-92.87899860917942 -3.600951264101668 0.35207221876780553
-92.37830319888734 -3.601558333632302 0.3499668977167493
-91.87760778859527 -3.6020105334774923 0.3478600503548714
-91.3769123783032 -3.602307117549313 0.34575172654487457
-90.87621696801112 -3.602447339759819 0.34364197614945996
-90.37552155771905 -3.602430454021076 0.34153084903133263
-89.87482614742699 -3.602255714245138 0.33941839505319277
-89.3741307371349 -3.601922374344066 0.33730466407774545
-88.87343532684284 -3.6014296882299286 0.3351897059676931
-88.37273991655077 -3.600776909814786 0.33307357058573767
-87.87204450625869 -3.599963293010693 0.33095630779458246
-87.37134909596662 -3.598988091729722 0.32883796745692945
-86.87065368567455 -3.597850559883917 0.3267185994354846
-86.36995827538247 -3.596549951385364 0.32459825359294675
-85.8692628650904 -3.5950855201461005 0.32247697979202145
-85.36856745479834 -3.5934565200781927 0.3203548278954102
-84.86787204450626 -3.5916622050937184 0.3182318477658154
-84.36717663421419 -3.58970182910472 0.3161080892659413
-83.86648122392211 -3.587574646023266 0.3139836022584907
-83.36578581363004 -3.5852799097614207 0.31185843660616513
-82.86509040333797 -3.582816874231244 0.3097326421716679
-82.36439499304589 -3.580184793344791 0.30760626881770275
-81.86369958275382 -3.5773829210141317 0.30547936640697076
-81.36300417246176 -3.57441051115132 0.30335198480217523
-80.86230876216968 -3.5712668176684312 0.3012241738660208
-80.36161335187761 -3.5679510944775013 0.29909598346120897
-79.86091794158554 -3.5644625954906113 0.2969674634504413
-79.36022253129346 -3.560800574619827 0.29483866369642325
-78.85952712100139 -3.55696428577719 0.2927096340618555
-78.35883171070932 -3.552952982874783 0.2905804244094418
-77.85813630041724 -3.5487659198246453 0.28845108460188457
-77.35744089012518 -3.544402350538852 0.2863216645018884
-76.85674547983311 -3.53986152892947 0.28419221397215305
-76.35605006954103 -3.5351427089085474 0.28206278287538317
-75.85535465924896 -3.5302451443881546 0.2799334210742816
-75.35465924895689 -3.525168089280341 0.27780417843155075
-74.85396383866481 -3.5199107974971797 0.2756751048098944
-74.35326842837274 -3.5144725229507285 0.2735462500720131
-73.85257301808066 -3.5088525195530496 0.2714176640806116
-73.3518776077886 -3.5030500412161993 0.2692893966983931
-72.85118219749653 -3.497064341852254 0.2671614977880587
-72.35048678720445 -3.490894675373256 0.2650340172123122
-71.84979137691238 -3.484540295691274 0.2629070048338564
-71.34909596662031 -3.478000456718374 0.2607805105153946
-70.84840055632823 -3.4712744123666104 0.2586545841196292
-70.34770514603616 -3.4643614165480434 0.2565292755092618
-69.8470097357441 -3.4572607231747456 0.2544046345469961
-69.34631432545201 -3.44997158615877 0.25228071109553624
-68.84561891515995 -3.442493259412182 0.2501575550175838
-68.34492350486788 -3.434824996847037 0.24803521617584162
-67.8442280945758 -3.4269660523753958 0.24591374443301212
-67.34353268428373 -3.4189156799093228 0.2437931896517999
-66.84283727399166 -3.4106731333608904 0.2416736016949052
-66.34214186369958 -3.4022376666421374 0.23955503042503307
-65.84144645340751 -3.3936085336651436 0.23743752570488547
-65.34075104311543 -3.3847849883419636 0.23532113739716481
-64.84005563282336 -3.3757662845846594 0.23320591536457352
-64.3393602225313 -3.366551676305291 0.23109190946981623
-63.838664812239216 -3.357140417415928 0.22897916957559444
-63.33796940194715 -3.3475317618286082 0.22686774554461148
-62.83727399165508 -3.3377249634554227 0.22475768723957018
-62.336578581363 -3.327719276208419 0.22264904452317208
-61.83588317107093 -3.317513953999655 0.2205418672581218
-61.335187760778865 -3.307108250741197 0.2184362053071231
-60.834492350486784 -3.2965014203451046 0.21633210853287482
-60.333796940194716 -3.2856927167234398 0.21422962679808338
-59.83310152990265 -3.274681393788259 0.21212880996544897
-59.33240611961057 -3.2634667054516386 0.21002970789767667
-58.8317107093185 -3.2520479056256226 0.20793237045746843
-58.33101529902643 -3.240424248222287 0.20583684750752668
-57.83031988873435 -3.228594987153678 0.2037431889105547
-57.329624478442284 -3.2165593763318645 0.20165144452925582
-56.82892906815022 -3.204316669668917 0.19956166422633198
-56.328233657858135 -3.1918661210768766 0.1974738978644865
-55.82753824756607 -3.179206984467819 0.19538819530642132
-55.326842837273986 -3.1663385137538063 0.1933046064148411
-54.82614742698192 -3.1532599628468914 0.19122318105244734
-54.32545201668985 -3.1399705856591433 0.18914396908194114
-53.82475660639777 -3.1264696361026223 0.18706702036602846
-53.3240611961057 -3.11275636808939 0.18499238476741214
-52.823365785813635 -3.0988300355314946 0.1829201121487915
-52.322670375521554 -3.0846898923410118 0.1808502523728734
-51.82197496522949 -3.0703351924300053 0.178782855302358
-51.321279554937405 -3.0557651897105265 0.17671797079994905
-50.82058414464535 -3.0409791380946425 0.17465564872834943
-50.31988873435327 -3.0259762914944153 0.17259593895026198
-49.81919332406119 -3.0107559038218925 0.17053889132838956
-49.318497913769136 -2.995317228989154 0.16848455572543503
-48.817802503477054 -2.9796595209082595 0.16643298200410034
-48.31710709318497 -2.963782033491259 0.16438422002708925
-47.81641168289292 -2.9476840206502244 0.1623383196571037
-47.31571627260084 -2.931364736297202 0.16029533075684838
-46.81502086230876 -2.9148234343442736 0.15825530318902342
-46.3143254520167 -2.89805936870349 0.15621828681633437
-45.81363004172462 -2.8810717932869006 0.1541843315014832
-45.31293463143254 -2.8638599620065834 0.15215348710717141
-44.81223922114049 -2.846423128774604 0.15012580349610233
-44.311543810848406 -2.8287605475030118 0.14810133053098012
-43.810848400556324 -2.8108714721038703 0.14608011807450588
-43.31015299026427 -2.792755156489245 0.1440622159893838
-42.80945757997219 -2.7744108545711965 0.14204767413831582
-42.30876216968011 -2.75583782026177 0.14003654238400526
-41.808066759388026 -2.7370353074730547 0.13802887058915408
-41.30737134909597 -2.7180025701170942 0.13602470861646604
-40.80667593880389 -2.6987388621059543 0.13402410632864487
-40.30598052851181 -2.6792434373516913 0.1320271135883903
-39.80528511821976 -2.6595155497663763 0.13003378025840878
-39.304589707927676 -2.6395544532620514 0.12804415620140092
-38.803894297635594 -2.6193594017508053 0.12605829128006912
-38.30319888734354 -2.598929649144689 0.12407623535711935
-37.80250347705146 -2.5782644493557507 0.1220980382952505
-37.30180806675938 -2.557363056296068 0.12012374995716672
-36.801112656467325 -2.536224723877699 0.11815342020557222
-36.30041724617524 -2.514848706012688 0.11618709890316896
-35.79972183588316 -2.493234256613129 0.1142248359126589
-35.29902642559111 -2.4713806295910503 0.1122666810967458
-34.79833101529903 -2.449287078858535 0.1103126843181325
-34.297635605006946 -2.426952858327632 0.10836289543952142
-33.79694019471489 -2.4043772219104076 0.10641736432361541
-33.29624478442281 -2.381559423518927 0.10447614083311822
-32.79554937413073 -2.358498717065241 0.10253927483073137
-32.294853963838676 -2.335194356461428 0.10060681617915816
-31.794158553546595 -2.3116455956195354 0.09867881474110145
-31.293463143254513 -2.28785168845162 0.09675532037926497
-30.79276773296246 -2.2638118888697756 0.09483638295635026
-30.29207232267038 -2.2395254507860107 0.09292205233506061
-29.791376912378297 -2.2149916281124264 0.09101237837809754
-29.290681502086244 -2.1902096747610793 0.08910741094816658
-28.789986091794162 -2.165178844644017 0.08720719990796748
-28.28929068150208 -2.139898391673303 0.08531179512020619
-27.788595271210028 -2.1143675697610105 0.0834212464475838
-27.287899860917946 -2.0885856328192043 0.08153560375280226
-26.787204450625865 -2.0625518347599288 0.07965491689856667
-26.28650904033381 -2.0362654294952405 0.07777923574757943
-25.78581363004173 -2.0097256709372155 0.07590861016254162
-25.28511821974965 -1.9829318129979197 0.07404309000615654
-24.784422809457595 -1.9558831095893983 0.07218272514112838
-24.283727399165514 -1.9285788146237295 0.07032756543015821
-23.783031988873432 -1.9010181820129628 0.06847766073595067
-23.28233657858135 -1.8732004656691672 0.06663306092120684
-22.781641168289298 -1.8451249195043957 0.0647938158486309
-22.280945757997216 -1.8167907974307085 0.06295997538092572
-21.780250347705135 -1.7881973533601851 0.06113158938079237
-21.27955493741308 -1.7593438412048645 0.05930870771093548
-20.778859527121 -1.730229514876821 0.057491380234056574
-20.27816411682892 -1.7008536282881128 0.05567965681286073
-19.777468706536865 -1.6712154353508002 0.05387358731004681
-19.276773296244784 -1.6413141899769361 0.05207322158832166
-18.776077885952702 -1.6111491460786074 0.05027860951038636
-18.27538247566065 -1.5807195575678457 0.048489800938943325
-17.774687065368568 -1.5500246783567324 0.04670684573669674
-17.273991655076486 -1.5190637623573189 0.044929793766347245
-16.773296244784433 -1.4878360634816723 0.0431586948906008
-16.27260083449235 -1.4563408356418457 0.041393598972156706
-15.77190542420027 -1.4245773327499116 0.0396345558737196
-15.271210013908217 -1.3925448087179213 0.03788161545799455
-14.770514603616135 -1.3602425174579473 0.036134827587679094
-14.269819193324054 -1.3276697128820338 0.03439424212548185
-13.769123783032 -1.294825648902264 0.03265990893409991
-13.268428372739919 -1.2617095794306856 0.03093187787624012
-12.767732962447838 -1.228320758379357 0.029210198814605334
-12.267037552155784 -1.1946584396603541 0.027494921611895748
-11.766342141863703 -1.1607218771857177 0.025786096130815103
-11.265646731571621 -1.1265103248675346 0.024083772234068476
-10.764951321279568 -1.0920230366178345 0.02238799978435739
-10.264255910987487 -1.0572592663487115 0.02069882864438248
-9.763560500695405 -1.0222492350486783 0.019015563282336563
-9.262865090403352 -0.9841652294853975 0.017636759388038974
-8.76216968011127 -0.9438968011126568 0.016542990264255923
-8.261474269819189 -0.9048949930458967 0.015429554937413064
-7.760778859527136 -0.8651709318497925 0.01444897079276776
-7.260083449235054 -0.8246187760778864 0.013601335187760789
-6.759388038942973 -0.7838179415855352 0.0128238942976356
-6.25869262865092 -0.742668011126566 0.012097343532684306
-5.757997218358838 -0.7009233657858143 0.011410556328233666
-5.257301808066757 -0.6553670375521555 0.010759346314325449
-4.756606397774675 -0.5935422809457562 0.010089248956884546
-4.255910987482622 -0.5195094575799732 0.009398038942976366
-3.7552155771905404 -0.44616981919332377 0.008766050069541027
-3.254520166898459 -0.37123616133518605 0.008195062586926274
-2.753824756606406 -0.3001048678720456 0.007673671766342149
-2.2531293463143243 -0.23801237830319874 0.007222628650904032
-1.7524339360222427 -0.18221043115437996 0.006841655076495125
-1.2517385257301896 -0.12948011126564765 0.0065409040333796985
-0.7510431154381081 -0.07770764951321275 0.006335312934631432
-0.25034770514602656 -0.02593602225312835 0.006230041724617523
0.25034770514602656 0.02593602225312835 0.006230041724617523
0.7510431154381081 0.07770764951321275 0.006335312934631432
1.2517385257301896 0.12948011126564765 0.0065409040333796985
1.7524339360222427 0.18226091794158444 0.006841655076495125
2.2531293463143243 0.2380617524339359 0.007222628650904032
2.753824756606406 0.3001048678720456 0.007673671766342149
3.254520166898459 0.37123616133518605 0.008195062586926274
3.7552155771905404 0.44616981919332377 0.008766050069541027
4.255910987482622 0.5201236439499315 0.009403157162726019
4.756606397774675 0.594126425591097 0.010094116828929052
5.257301808066757 0.6553670375521555 0.010759346314325449
5.757997218358838 0.7009233657858143 0.011410556328233666
6.258692628650891 0.7426680111265637 0.012097343532684266
6.759388038942973 0.7838179415855352 0.0128238942976356
7.260083449235054 0.8245667593880394 0.013601335187760789
7.760778859527107 0.8651230876216957 0.01444897079276771
8.261474269819189 0.9048949930458967 0.015429554937413064
8.76216968011127 0.9438968011126568 0.01654823365785815
9.262865090403324 0.9841652294853952 0.01764150208623085
9.763560500695405 1.0223546592489565 0.019015563282336563
10.264255910987487 1.0604047287899863 0.02041250347705147
10.76495132127954 1.0979936022253118 0.021771349095966574
11.265646731571621 1.1305513212795546 0.023541335187760755
11.766342141863703 1.1594488178025035 0.025386870653685688
12.267037552155784 1.1833553546592495 0.027257468706536905
12.767732962447838 1.1991578581363003 0.02987742698191929
13.268428372739919 1.2116938803894297 0.03293909596662032
13.769123783032 1.222205980528512 0.036382253129346405
14.269819193324054 1.2283283727399164 0.0406693184979137
14.770514603616135 1.230670514603616 0.045845173852573036
15.271210013908217 1.2259639777468705 0.052357969401947306
15.77190542420027 1.2083134909596667 0.06113986091794142
16.27260083449235 1.1814072322670375 0.07210431154381088
16.773296244784433 1.1470282336578574 0.08537198887343563
17.273991655076486 1.1006952712100149 0.10201001390820551
17.774687065368568 1.0295791376912378 0.1255451321279555
18.27538247566065 0.7359813630041638 0.16404610570236527
18.776077885952702 0.5312264255910987 0.18829789986091783
19.276773296244784 0.5396336578581362 0.19306168289290682
19.777468706536865 0.5523246175243396 0.1975404033379695
20.27816411682892 0.5664112074024265 0.20228295617419173
20.778859527121 0.580305257329795 0.20700193754410906
21.27955493741308 0.5939863555888415 0.2116948102907119
21.780250347705135 0.6074552482675044 0.21636162427670286
22.280945757997216 0.6207126814537233 0.2210024293647852
22.781641168289298 0.6337594012354367 0.22561727541766147
23.28233657858135 0.6465961537005819 0.2302062122980344
23.783031988873432 0.6592236849370996 0.23476928986860712
24.283727399165514 0.6716427410329275 0.23930655799208228
24.784422809457567 0.6838540680760034 0.24381806653116256
25.28511821974965 0.6958584121542676 0.24830386534855114
25.78581363004173 0.7076565193556577 0.2527640043069506
26.286509040333783 0.7192491357681121 0.2571985332690636
26.787204450625865 0.7306370074795707 0.2616075020975934
27.287899860917946 0.7418208805779712 0.2659909606552426
27.78859527121 0.7528015011512522 0.2703489588047138
28.28929068150208 0.7635796152873531 0.27468154640871023
28.789986091794162 0.7741559690742119 0.27898877332993455
29.290681502086215 0.784531308599767 0.28327068943108935
29.791376912378297 0.7947063799519581 0.2875273445748779
30.29207232267038 0.8046819292187234 0.29175878862400273
30.79276773296246 0.8144587024880013 0.2959650714411668
31.293463143254513 0.8240374458477299 0.30014624288907255
31.794158553546595 0.8334189053858495 0.30430235283042334
32.294853963838676 0.8426038271902975 0.3084334511279218
32.79554937413073 0.8515929573490125 0.3125395876442705
33.29624478442281 0.8603870419499339 0.31662081224217264
33.79694019471489 0.8689868270810001 0.32067717478433094
34.297635605006946 0.8773930588301492 0.32470872513344795
34.79833101529903 0.8856064832853207 0.32871551315222686
35.29902642559111 0.8936278465344526 0.33269758870337046
35.79972183588316 0.9014578946654835 0.3366550016495811
36.30041724617524 0.9090973737663529 0.3405878018535623
36.801112656467325 0.9165470299249993 0.3444960391780166
37.30180806675938 0.9238076092293602 0.3483797634856464
37.80250347705146 0.9308798577673755 0.35223902463915513
38.30319888734354 0.9377645216269833 0.3560738725012455
38.803894297635594 0.9444623468961221 0.3598843569346199
39.304589707927676 0.9509740796627312 0.36367052780198167
39.80528511821976 0.9573004660147489 0.3674324349660335
40.30598052851181 0.9634422520401135 0.3711701282894779
40.80667593880389 0.9694001838267646 0.3748836576350181
41.30737134909597 0.9751750074626396 0.37857307286535685
41.808066759388026 0.9807674690356781 0.38223842384319656
42.30876216968011 0.9861783146338187 0.38587976043124067
42.80945757997219 0.9914082903449998 0.38949713249219176
43.31015299026424 0.9964581422571598 0.3930905898887523
43.810848400556324 1.0013286164582376 0.3966601824836257
44.311543810848406 1.0060204590361723 0.4002059601395144
44.81223922114046 1.0105344160789016 0.40372797271912125
45.31293463143254 1.0148712336743653 0.40722627008514933
45.81363004172462 1.0190316579105014 0.41070090210030125
46.314325452016675 1.0230164348752486 0.4141519186272797
46.81502086230876 1.0268263106565454 0.4175793695287879
47.31571627260084 1.030462031342331 0.42098330466752826
47.81641168289289 1.0339243430205436 0.4243637739062038
48.31710709318497 1.0372139917791219 0.4277208271075175
48.817802503477054 1.0403317237060046 0.4310545141341719
49.318497913769136 1.043278284889131 0.4343648848488701
49.81919332406119 1.0460544214164385 0.4376519891143145
50.31988873435327 1.0486608793758663 0.44091587679320837
50.82058414464535 1.051098404855354 0.4441565977482544
51.321279554937405 1.0533677439428384 0.4473742018421552
51.82197496522949 1.0554696427262595 0.4505687389376138
52.32267037552157 1.0574048472935562 0.45374025889733316
52.82336578581362 1.0591741037326663 0.4568888115840157
53.3240611961057 1.0607781581315285 0.4600144468603646
53.824756606397784 1.0622177565780822 0.46311721458908256
54.32545201668984 1.0634936451602657 0.46619716463287236
54.82614742698192 1.0646065699660168 0.46925434685443684
55.326842837274 1.065557277083275 0.47228881111647897
55.82753824756605 1.0663465125999796 0.4753006072817013
56.328233657858135 1.066975022604068 0.4782897852128069
56.82892906815022 1.0674435531834792 0.48125639477249854
57.32962447844227 1.0677528504261526 0.4842004858234789
57.83031988873435 1.067903660420026 0.487122108228451
58.33101529902643 1.0678967292530381 0.4900213118501176
58.831710709318486 1.067732803013128 0.4928981465511813
59.33240611961057 1.0674126277882348 0.4957526621943453
59.83310152990265 1.0669369496662957 0.49858490864231225
60.3337969401947 1.0663065147352504 0.5013949357577848
60.834492350486784 1.0655220690830378 0.5041827934034661
61.335187760778865 1.0645843587975956 0.5069485314420588
61.83588317107092 1.063494129966863 0.5096921997362657
62.336578581363 1.062252128678779 0.5124138481487895
62.83727399165508 1.0608591010212813 0.5151135265423336
63.337969401947134 1.0593157930823092 0.5177912847796
63.838664812239216 1.0576229509498016 0.5204471727232921
64.3393602225313 1.0557813207116968 0.5230812402361127
64.84005563282335 1.053791648455934 0.5256935371807643
65.34075104311543 1.0516546802704505 0.52828411341995
65.84144645340751 1.0493711622431867 0.5308530188163725
66.34214186369957 1.0469418404620796 0.5334003032327346
66.84283727399165 1.044367461015069 0.5359260165317392
67.34353268428373 1.0416487699900931 0.5384302085760891
67.84422809457581 1.0387865134750909 0.5409129292284873
68.34492350486786 1.035781437558001 0.5433742283516362
68.84561891515995 1.0326342883267614 0.545814155808239
69.34631432545203 1.0293458118693113 0.5482327614609984
69.84700973574408 1.0259167542735896 0.5506300951726172
70.34770514603616 1.0223478616275343 0.5530062068057983
70.84840055632824 1.0186398800190843 0.5553611462232444
71.3490959666203 1.0147935555361791 0.5576949632876583
71.84979137691238 1.0108096342667559 0.560007707861743
72.35048678720446 1.0066888622987549 0.5622994298082015
72.85118219749651 1.0024319857201138 0.5645701789897358
73.3518776077886 0.9980397506187709 0.5668200052690499
73.85257301808068 0.9935129030826654 0.5690489585088457
74.35326842837273 0.9888521891997358 0.5712570885718261
74.85396383866481 0.9840583550579213 0.5734444453206946
75.35465924895689 0.9791321467451602 0.5756110786181535
75.85535465924895 0.9740743103493913 0.5777570383269054
76.35605006954103 0.9688855919585525 0.5798823743096538
76.85674547983308 0.9635667376605833 0.5819871364291009
77.35744089012519 0.9581184935434218 0.5840713745479501
77.85813630041724 0.9525416056950075 0.5861351385289036
78.3588317107093 0.9468368202032779 0.5881784782346645
78.8595271210014 0.941004883156172 0.5902014435279359
79.36022253129346 0.9350465406416298 0.5922040842714202
79.86091794158551 0.9289625387475885 0.5941864503278204
80.36161335187762 0.9227536235619865 0.5961485915598395
80.86230876216968 0.9164205411727638 0.59809055783018
81.36300417246173 0.909964037667858 0.6000123990015448
81.86369958275384 0.9033848591352082 0.601914164936637
82.36439499304589 0.8966837516627532 0.6037959054981589
82.86509040333794 0.8898614613384311 0.6056576705488138
83.36578581363005 0.8829187342501806 0.6074995099513045
83.86648122392211 0.8758563164859415 0.6093214735683335
84.36717663421416 0.8686749541336515 0.611123611262604
84.86787204450627 0.8613753932812481 0.6129059728968186
85.36856745479832 0.8539583800166736 0.6146686083336801
85.86926286509038 0.8464246604278624 0.6164115674358912
86.36995827538249 0.8387749806027548 0.6181349000661552
86.87065368567454 0.8310100866292908 0.6198386560871746
87.3713490959666 0.823130724595407 0.6215228853616521
87.8720445062587 0.8151376405890435 0.623187637752291
88.37273991655076 0.8070315806981391 0.6248329631217934
88.87343532684281 0.7988132910106306 0.6264589113328626
89.37413073713492 0.7904835176144583 0.6280655322482016
89.87482614742697 0.7820430065975609 0.6296528757305128
90.37552155771903 0.7734925040478767 0.6312209916424992
90.87621696801114 0.7648327560533436 0.6327699298468638
91.37691237830319 0.7560645087019021 0.6342997402063089
91.87760778859524 0.7471885080814874 0.6358104725835377
92.37830319888735 0.738205500280042 0.6373021768412533
92.8789986091794 0.7291162313855039 0.6387749028421582
93.37969401947146 0.7199214474858086 0.6402287004489551
93.88038942976357 0.7106218946688986 0.6416636195243471
94.38108484005562 0.7012183190227111 0.6430797099310367
94.88178025034773 0.6917114666351835 0.6444770215317269
95.38247566063978 0.6821020835942572 0.6458556041891209
95.88317107093184 0.6723909159878686 0.6472155077659208
96.38386648122395 0.6625787099039545 0.64855678212483
96.884561891516 0.6526662114304597 0.6498794771285511
97.38525730180805 0.6426541666553173 0.6511836426397866
97.88595271210016 0.6325433216664685 0.6524693285212398
98.38664812239222 0.6223344225518516 0.6537365846356136
98.88734353268427 0.612028215399404 0.6549854608456105
99.38803894297638 0.6016254462970662 0.6562160070139335
99.88873435326843 0.5911268613327766 0.6574282730032852
100.38942976356049 0.580533206594472 0.6586223086763684
100.8901251738526 0.5698452281700929 0.6597981638958865
101.39082058414465 0.5590636721475771 0.6609558885245417
101.8915159944367 0.5481892846148638 0.6620955324250372
102.39221140472881 0.537222811659891 0.6632171454600757
102.89290681502086 0.5261649993705982 0.6643207774923598
103.39360222531292 0.5150165938349235 0.6654064783845924
103.89429763560503 0.5037783411408058 0.6664742979994768
104.39499304589708 0.4924509873761841 0.6675242861997153
104.89568845618913 0.48103527862899564 0.6685564928480109
105.39638386648124 0.4695319609871803 0.6695709678070665
105.8970792767733 0.45794178053867796 0.6705677609395849
106.39777468706535 0.446265483371424 0.6715469221082684
106.89847009735746 0.4345038155733584 0.6725085011758207
107.39916550764951 0.4226575232324218 0.6734525480049441
107.89986091794157 0.41072735243655056 0.6743791124583416
108.40055632823368 0.3987140492736846 0.675288244398716
108.90125173852573 0.38661835983176196 0.67617999368877
109.40194714881778 0.37444103019872166 0.6770544101912063
109.90264255910989 0.3621828064625018 0.6779115437687283
110.40333796940195 0.3498444347110413 0.6787514442840383
110.904033379694 0.33742666103228014 0.6795741615998393
111.40472878998611 0.32493023151415457 0.6803797455788342
111.90542420027816 0.3123558922446036 0.6811682460837255
112.40611961057022 0.29970438931156884 0.6819397129772161
112.90681502086233 0.2869764688029849 0.6826941961220093
113.40751043115438 0.27417287680679336 0.6834317453808075
113.90820584144643 0.2612943594109324 0.6841524106163137
114.40890125173854 0.2483416627033391 0.6848562416912307
114.9095966620306 0.23531553277195258 0.6855432884682612
115.41029207232265 0.22221671570471443 0.6862136008101078
115.91098748261476 0.20904595758955832 0.6868672285794739
116.41168289290681 0.19580400451442678 0.687504221639062
116.91237830319886 0.1824916025672588 0.6881246298515751
117.41307371349097 0.16910949783598891 0.6887285030797158
117.91376912378303 0.15565843640855967 0.689315891186187
118.41446453407508 0.14213916437290916 0.6898868440336913
118.91515994436719 0.1285524278169737 0.6904414114849321
119.41585535465924 0.11489897282869407 0.6909796434026116
119.9165507649513 0.10117954549600924 0.6915015896494331
120.4172461752434 0.08739489190685554 0.6920073000880993
120.91794158553546 0.07354575814917372 0.6924968245813128
121.41863699582751 0.05963289031090277 0.6929702129917764
121.91933240611962 0.04565703447997635 0.6934275151821934
122.42002781641168 0.031618936744342324 0.6938687810152663
122.92072322670373 0.017519343191933462 0.6942940603536979
123.42141863699584 0.0033589999106860835 0.6947034030601912
123.92211404728789 -0.010861347011454608 0.6950968589974488
124.42280945757994 -0.025140951486554958 0.6954744780281734
124.92350486787205 -0.03947906742667598 0.6958363100150683
125.42420027816411 -0.05387494874387602 0.6961824048208359
125.92489568845616 -0.06832784935021788 0.6965128123081794
126.42559109874827 -0.08283702315776612 0.6968275823398014
126.92628650904032 -0.09740172407857464 0.6971267647784047
127.42698191933238 -0.11202120602471247 0.697410409486692
127.92767732962449 -0.12669472290823705 0.6976785663273665
128.42837273991654 -0.1414215286412094 0.6979312851631307
128.9290681502086 -0.15620087713569322 0.6981686158566874
129.4297635605007 -0.17103202230375128 0.6983906082707398
129.93045897079276 -0.1859142180574375 0.6985973122679906
130.4311543810848 -0.2008467183088191 0.698788777711142
130.93184979137692 -0.21582877696995798 0.6989650544628979
131.43254520166897 -0.2308596479529125 0.6991261923859603
131.93324061196108 -0.24593858516974546 0.6992722413430322
132.43393602225314 -0.2610648425325196 0.6994032511968167
132.9346314325452 -0.2762376739532916 0.6995192718100165
133.4353268428373 -0.29145633334412857 0.6996203530453341
133.93602225312935 -0.3067200746170863 0.6997065447654723
134.4367176634214 -0.32202815168423016 0.6997778968331347
134.93741307371351 -0.3373798184576221 0.6998344591110234
135.43810848400557 -0.3527743288493196 0.6998762814618417
135.93880389429762 -0.36821093677138717 0.699903413748292
136.43949930458973 -0.3836888961358841 0.6999159058330771
136.94019471488178 -0.399207460854874 0.6999138075789003
137.44089012517384 -0.41476588484041355 0.699897168848464
137.94158553546595 -0.43036342200457345 0.6998660395044711
138.442280945758 -0.4459993262594032 0.6998204694096247
138.94297635605005 -0.4616728515169718 0.6997605084266273
139.44367176634216 -0.47738325168934204 0.6996862064181817
139.94436717663422 -0.49312978068856606 0.6995976132469911
140.44506258692627 -0.5089116924267137 0.699494778775758
140.94575799721838 -0.5247282408158452 0.6993777528671855
141.44645340751043 -0.5405786797680189 0.6992465853839761
141.94714881780249 -0.5564622631952966 0.6991013261888326
142.4478442280946 -0.5723782450097455 0.6989420251444579
142.94853963838665 -0.5883258791234179 0.6987687321135553
143.4492350486787 -0.6043044194483792 0.6985814969588271
143.9499304589708 -0.6203131198966948 0.6983803695429761
144.45062586926286 -0.6363512343804169 0.6981653997287055
144.95132127955492 -0.6524180168116144 0.6979366373787176
145.45201668984703 -0.6685127211023502 0.6976941323557154
145.95271210013908 -0.6846346011646763 0.6974379345224022
146.45340751043113 -0.700782910910661 0.6971680937414805
146.95410292072324 -0.7169569042523652 0.696884659875653
147.4547983310153 -0.7331558351018482 0.6965876827876226
147.95549374130735 -0.7493789573711737 0.6962772123400921
148.45618915159946 -0.7656255249724008 0.6959532983957645
148.9568845618915 -0.7818947918175897 0.6956159908173424
149.45757997218357 -0.7981860118188068 0.6952653394675287
149.95827538247568 -0.8144984388881104 0.6949013942090262
150.45897079276773 -0.8308313269375606 0.694524204904538
150.95966620305978 -0.8471839298792193 0.6941338214167664
151.4603616133519 -0.8635555016251512 0.6937302936084143
151.96105702364395 -0.8799452960874127 0.6933136713421854
152.461752433936 -0.8963525671780667 0.6928840044807815
152.9624478442281 -0.9127765688091786 0.6924413428869057
153.46314325452016 -0.9292165548928032 0.691985736423261
153.96383866481222 -0.945671779341006 0.6915172349525501
154.46453407510432 -0.9621414960658498 0.691035888337476
154.96522948539638 -0.9786249589793902 0.6905417464407412
155.46592489568843 -0.9951214219936927 0.6900348591250488
155.96662030598054 -1.0116301390208184 0.6895152762531015
156.4673157162726 -1.0281503639728264 0.6889830476876023
156.96801112656465 -1.0446813507617823 0.6884382232912535
157.46870653685676 -1.0612223532997433 0.6878808529267583
157.9694019471488 -1.0777726254987752 0.68731098645682
158.47009735744086 -1.0943314212709316 0.6867286737441408
158.97079276773297 -1.1108979945282818 0.6861339646514234
159.47148817802503 -1.127471599182883 0.685526909041371
159.97218358831708 -1.1440514891467963 0.6849075567766864
160.4728789986092 -1.1606369183320873 0.6842759577200722
160.97357440890124 -1.1772271406508132 0.6836321617342315
161.4742698191933 -1.193821410015037 0.682976218681867
161.9749652294854 -1.210418980336817 0.6823081784256814
162.47566063977746 -1.2270191055282178 0.6816280908283779
162.9763560500695 -1.243621039501302 0.6809360057526587
163.47705146036162 -1.2602240361681283 0.6802319730612271
163.97774687065368 -1.2768273494407556 0.679516042616786
164.47844228094573 -1.293430233231254 0.6787882642820376
164.97913769123784 -1.3100319414516746 0.6780486879196858
165.4798331015299 -1.3266317280140838 0.6772973633924325
165.98052851182194 -1.3432288468305444 0.6765343405629806
166.48122392211405 -1.3598225518131148 0.675759669294033
166.9819193324061 -1.376412096873856 0.674973399448293
167.48261474269816 -1.3929967359248343 0.6741755808884627
167.98331015299027 -1.4095757228781045 0.6733662634772456
168.48400556328232 -1.426148311645733 0.6725454970773442
168.98470097357443 -1.4427137561397763 0.6717133315514613
169.4853963838665 -1.459271310272299 0.6708698167622998
169.98609179415854 -1.4758202279553647 0.6700150025725625
170.48678720445065 -1.4923597631010292 0.6691489388449522
170.9874826147427 -1.5088891696213562 0.6682716754421719
171.48817802503476 -1.5254077014284084 0.6673832622269239
171.98887343532687 -1.541914612434246 0.6664837490619121
172.48956884561892 -1.5584091565509308 0.6655731858098378
172.99026425591097 -1.5748905876905213 0.6646516223334052
173.49095966620308 -1.5913581597650872 0.6637191084953157
173.99165507649514 -1.60781112668668 0.662775694158274
174.4923504867872 -1.624248742367363 0.6618214291849812
174.9930458970793 -1.6406702607192056 0.6608563634381411
175.49374130737135 -1.6570749356542571 0.6598805467804566
175.9944367176634 -1.6734620210845865 0.6588940290746298
176.49513212795551 -1.6898307709222558 0.6578968601833638
176.99582753824757 -1.7061804390793232 0.6568890899693617
177.49652294853962 -1.7225102794678506 0.6558707682953263
177.99721835883173 -1.7388195459998983 0.6548419450239603
178.49791376912378 -1.7551074925875298 0.6538026700179659
178.99860917941584 -1.7713733731428072 0.6527529931400472
179.49930458970795 -1.7876164415777869 0.6516929642529058
180.0 -1.8038359518045362 0.6506226332192456
