Polar data for NACA 0012 at Re = 215862.06896551728
Alpha (deg) Cl Cd
-180.0 -2.493182104794503 0.9300693822522751
-179.49930458970792 -2.5091273770431757 0.9284165920916257
-178.99860917941587 -2.5250318809291867 0.9267487780411544
-178.49791376912378 -2.5408949118008923 0.9250660209619833
-177.9972183588317 -2.556715765006639 0.9233684017152343
-177.49652294853965 -2.572493735894777 0.9216560011620286
-176.99582753824757 -2.588228119813664 0.9199289001634886
-176.4951321279555 -2.603918212111645 0.9181871795807351
-175.99443671766343 -2.619563308137077 0.9164309202748909
-175.49374130737135 -2.635162703238308 0.9146602031070777
-174.99304589707927 -2.6507156927636837 0.912875108938417
-174.49235048678722 -2.6662215720615654 0.9110757186300299
-173.99165507649514 -2.6816796364802995 0.9092621130430393
-173.49095966620305 -2.697089181368238 0.9074343730385664
-172.990264255911 -2.712449502073733 0.9055925794777332
-172.48956884561892 -2.7277598939451364 0.9037368132216613
-171.98887343532684 -2.743019652330794 0.9018671551314726
-171.48817802503476 -2.758228072579066 0.8999836860682889
-170.9874826147427 -2.773384450038292 0.8980864868932324
-170.48678720445062 -2.7884880800568403 0.8961756384674237
-169.98609179415854 -2.8035382579830435 0.8942512216519857
-169.4853963838665 -2.8185342791652674 0.892313317308039
-168.9847009735744 -2.833475438951856 0.8903620062967076
-168.48400556328232 -2.8483610326911597 0.8883973694791106
-167.98331015299027 -2.8631903557315352 0.8864194877163717
-167.4826147426982 -2.8779627034213284 0.8844284418696112
-166.9819193324061 -2.892677371108894 0.8824243127999528
-166.48122392211405 -2.907333654142585 0.8804071813685165
-165.98052851182197 -2.9219308478707466 0.8783771284364249
-165.4798331015299 -2.9364682476417343 0.8763342348647999
-164.97913769123784 -2.9509451488039016 0.8742785815147628
-164.47844228094576 -2.965360846705594 0.8722102492474354
-163.97774687065368 -2.979714636695169 0.8701293189239395
-163.47705146036162 -2.994005814120973 0.868035871405397
-162.97635605006954 -3.0082336743313602 0.8659299875529304
-162.47566063977746 -3.0223975126746776 0.8638117482276607
-161.9749652294854 -3.036496624499284 0.8616812342907093
-161.47426981919332 -3.050530305153525 0.8595385266031984
-160.97357440890124 -3.064497849985756 0.8573837060262507
-160.4728789986092 -3.0783985543443206 0.8552168534209862
-159.9721835883171 -3.092231713577579 0.853038049648528
-159.47148817802503 -3.105996623033877 0.8508473755699971
-158.97079276773297 -3.1196925780615645 0.848644912046517
-158.4700973574409 -3.133318874009001 0.8464307399392069
-157.9694019471488 -3.1468748062245337 0.8442049401091899
-157.46870653685676 -3.160359670056512 0.8419675934175878
-156.96801112656468 -3.1737727608532857 0.8397187807255223
-156.4673157162726 -3.1871133739632134 0.8374585828941153
-155.96662030598054 -3.2003808047346363 0.8351870807844887
-155.46592489568846 -3.2135743485159125 0.8329043552577636
-154.96522948539638 -3.2266933006553957 0.830610487175062
-154.46453407510432 -3.239736956501429 0.828305557397507
-153.96383866481224 -3.252704611402372 0.8259896467862181
-153.46314325452016 -3.2655955607065685 0.823662836202319
-152.9624478442281 -3.2784090997623743 0.82132520650693
-152.46175243393603 -3.2911445239181427 0.8189768385611743
-151.96105702364395 -3.303801128522222 0.8166178132261729
-151.4603616133519 -3.3163782089229628 0.8142482113630475
-150.9596662030598 -3.328875060468717 0.8118681138329199
-150.45897079276773 -3.3412909785078373 0.809477601496912
-149.95827538247568 -3.3536252583886714 0.8070767552161467
-149.4575799721836 -3.365877195459574 0.804665655851743
-148.9568845618915 -3.378046085068899 0.8022443842648247
-148.45618915159943 -3.3901312225649916 0.7998130213165145
-147.95549374130738 -3.4021319032962074 0.7973716478679321
-147.4547983310153 -3.4140474226108957 0.7949203447802006
-146.95410292072324 -3.425877075857408 0.7924591929144408
-146.45340751043116 -3.4376201583840977 0.789988273131775
-145.95271210013908 -3.449275965539317 0.7875076662933246
-145.452016689847 -3.4608437926714064 0.7850174532602127
-144.95132127955495 -3.47232293512873 0.7825177148935588
-144.45062586926286 -3.4837126882596374 0.7800085320544875
-143.94993045897078 -3.4950123474124766 0.7774899856041174
-143.44923504867873 -3.5062212079355994 0.774962156403573
-142.94853963838665 -3.5173385651773517 0.7724251253139757
-142.44784422809457 -3.528363714486092 0.7698789731964454
-141.9471488178025 -3.539295951210173 0.7673237809121053
-141.44645340751043 -3.5501345706979466 0.7647596293220768
-140.94575799721835 -3.560878868297756 0.7621865992874824
-140.44506258692627 -3.5715281393579543 0.7596047716694433
-139.94436717663422 -3.5820816792268992 0.7570142273290815
-139.44367176634213 -3.5925387832529347 0.754415047127519
-138.94297635605005 -3.6028987467844207 0.7518073119258765
-138.442280945758 -3.6131608651697036 0.7491911025852768
-137.94158553546592 -3.6233244337571273 0.7465664999668408
-137.44089012517384 -3.633388747895058 0.7439335849316911
-136.94019471488178 -3.6433531029318367 0.7412924383409488
-136.4394993045897 -3.65321679421582 0.7386431410557369
-135.93880389429762 -3.662979117095352 0.7359857739371759
-135.43810848400557 -3.6726393669187924 0.7333204178463871
-134.9374130737135 -3.6821968390344884 0.7306471536444955
-134.4367176634214 -3.6916508287907934 0.7279660621926188
-133.93602225312935 -3.701000631536054 0.7252772243518816
-133.43532684283727 -3.7102455426186287 0.7225807209834038
-132.9346314325452 -3.7193848573868573 0.7198766329483085
-132.43393602225314 -3.728417871189106 0.7171650411077163
-131.93324061196105 -3.7373438793737197 0.7144460263227507
-131.43254520166897 -3.7461621772890448 0.7117196694545321
-130.93184979137692 -3.754872060283435 0.7089860513641838
-130.43115438108484 -3.76347282370525 0.7062452529128244
-129.93045897079276 -3.771963762902824 0.7034973549615792
-129.4297635605007 -3.7803441732245266 0.7007424383715687
-128.92906815020862 -3.7886133500187 0.6979805840039125
-128.42837273991654 -3.796770588633696 0.6952118727197368
-127.92767732962449 -3.8048151844178664 0.6924363853801595
-127.4269819193324 -3.812746432719562 0.6896542028463045
-126.92628650904032 -3.8205636288871405 0.6868654059792924
-126.42559109874827 -3.82826606826894 0.6840700756402457
-125.92489568845619 -3.8358530462133205 0.6812682926902859
-125.42420027816411 -3.843323858068633 0.6784601379905356
-124.92350486787205 -3.8506777991832326 0.675645692402114
-124.42280945757997 -3.8579141649054653 0.672825036786146
-123.92211404728789 -3.865032250583676 0.6699982520037525
-123.42141863699584 -3.87203135156623 0.6671654189160544
-122.92072322670376 -3.8789107632014685 0.6643266183841735
-122.42002781641168 -3.88566978083775 0.661481931269232
-121.91933240611961 -3.892307699823416 0.6586314384323527
-121.41863699582754 -3.8988238155068293 0.655775220734656
-120.91794158553546 -3.9052174232363353 0.6529133590372632
-120.41724617524339 -3.9114878183602855 0.6500459342012975
-119.91655076495132 -3.9176342962270274 0.6471730270878803
-119.41585535465924 -3.923656152184921 0.6442947185581333
-118.91515994436718 -3.929552681582309 0.6414110894731787
-118.41446453407511 -3.9353231797675523 0.6385222206941362
-117.91376912378303 -3.940966942088992 0.6356281930821307
-117.41307371349096 -3.9464832638949856 0.6327290874982822
-116.91237830319889 -3.951871440533882 0.629824984803712
-116.41168289290681 -3.957130767354033 0.6269159658595432
-115.91098748261474 -3.962260539703794 0.6240021115268969
-115.41029207232268 -3.967260052931506 0.6210835026668952
-114.9095966620306 -3.9721286023855322 0.6181602201406594
-114.40890125173853 -3.97686548341422 0.6152323448093114
-113.90820584144646 -3.9814699913659144 0.612299957533973
-113.40751043115438 -3.98594142158898 0.609363139175766
-112.90681502086231 -3.9902790694317503 0.6064219705958122
-112.40611961057024 -3.99448223024259 0.6034765326552337
-111.90542420027816 -3.9985501993698485 0.6005269062151525
-111.4047287899861 -4.002482272161869 0.5975731721366898
-110.90403337969401 -4.006277743967015 0.5946154112809671
-110.40333796940195 -4.009935910133633 0.5916537045091065
-109.90264255910988 -4.01345606601007 0.5886881326822294
-109.4019471488178 -4.016837506944681 0.5857187766614581
-108.90125173852573 -4.0200795282858195 0.5827457173079157
-108.40055632823366 -4.0231814253818285 0.5797690354827222
-107.89986091794158 -4.026142493581073 0.5767888120469976
-107.39916550764951 -4.02896202823189 0.5738051278618695
-106.89847009735745 -4.031639324682638 0.5708180637884531
-106.39777468706536 -4.034173678281672 0.5678277006878732
-105.8970792767733 -4.036564384377335 0.5648341194212539
-105.39638386648123 -4.03881073831798 0.5618374008497126
-104.89568845618915 -4.0409120354519645 0.5588376258343727
-104.39499304589708 -4.042867571127631 0.5558348752363574
-103.89429763560501 -4.044676640693338 0.5528292299167882
-103.39360222531293 -4.046338539497435 0.5498207707367836
-102.89290681502086 -4.047852562888274 0.546809578557469
-102.3922114047288 -4.049218006214201 0.5437957342399654
-101.89151599443672 -4.050434164823577 0.5407793186453936
-101.39082058414465 -4.051500334064742 0.5377604126348764
-100.89012517385257 -4.052415809286058 0.5347390970695359
-100.3894297635605 -4.053179885835873 0.5317154528104918
-99.88873435326843 -4.053791859062529 0.528689560718869
-99.38803894297635 -4.054251024314387 0.525661501655787
-98.88734353268428 -4.054556676939798 0.5226313564823671
-98.38664812239222 -4.054708112287113 0.5195992060597326
-97.88595271210013 -4.054704625704677 0.5165651312490057
-97.38525730180807 -4.05454551254085 0.5135292129113068
-96.884561891516 -4.054230068143976 0.5104915319077573
-96.38386648122392 -4.0537575878624175 0.5074521690994794
-95.88317107093185 -4.053127367044511 0.5044112053475972
-95.38247566063978 -4.052338701038617 0.5013687215132293
-94.8817802503477 -4.0513908851930855 0.4983247984574989
-94.38108484005564 -4.050283214856269 0.4952795170415282
-93.88038942976357 -4.049014985376515 0.4922329581264385
-93.37969401947149 -4.047585492102182 0.4891852025733495
-92.87899860917942 -4.045994030381608 0.48613633124338695
-92.37830319888734 -4.044239895563158 0.4830864249976695
-91.87760778859527 -4.042322382995173 0.48003556469732034
-91.3769123783032 -4.040240788026009 0.47698383120346255
-90.87621696801112 -4.037994406004024 0.47393130537721573
-90.37552155771905 -4.035582532277558 0.47087806807970034
-89.87482614742699 -4.033004462194964 0.4678242001720422
-89.3741307371349 -4.030259491104604 0.46476978251536083
-88.87343532684284 -4.027346914354818 0.46171489597077675
-88.37273991655077 -4.0242660272939625 0.45865962139941396
-87.87204450625869 -4.021016125270385 0.4556040396623956
-87.37134909596662 -4.017596503632446 0.4525482316208377
-86.87065368567455 -4.014006457728478 0.4494922781358669
-86.36995827538247 -4.010245282906854 0.4464362600686037
-85.8692628650904 -4.0063122745159125 0.44338025828017036
-85.36856745479834 -4.002206727904004 0.4403243536316891
-84.86787204450626 -3.997927938419493 0.4372686269842786
-84.36717663421419 -3.9934752014107096 0.43421315919906467
-83.86648122392211 -3.988847812226024 0.4311580311371669
-83.36578581363004 -3.9840450662137803 0.4281033236597066
-82.86509040333797 -3.9790662587223258 0.42504911762780784
-82.36439499304589 -3.973910685100015 0.42199549390259106
-81.86369958275382 -3.968577640695213 0.41894253334517584
-81.36300417246176 -3.9630664208562445 0.41589031681668887
-80.86230876216968 -3.9573763209314867 0.4128389251782453
-80.36161335187761 -3.9515066362692695 0.4097884392909735
-79.86091794158554 -3.945456662217958 0.4067389400159923
-79.36022253129346 -3.939225694125901 0.4036905082144221
-78.85952712100139 -3.9328130273414468 0.40064322474738867
-78.35883171070932 -3.9262179572129527 0.39759717047600895
-77.85813630041724 -3.919439779088761 0.39455242626140785
-77.35744089012518 -3.9124777883172195 0.3915090729647076
-76.85674547983311 -3.9053312802467035 0.3884671914470269
-76.35605006954103 -3.8979995502255376 0.38542686256949155
-75.85535465924896 -3.8904818936020904 0.38238816719321933
-75.35465924895689 -3.8827776057246917 0.3793511861793343
-74.85396383866481 -3.874885981941719 0.3763160003889586
-74.35326842837274 -3.866806317601509 0.37328269068321285
-73.85257301808066 -3.8585379080524236 0.3702513379232183
-73.3518776077886 -3.8500800486427975 0.36722202297009987
-72.85118219749653 -3.841432034721003 0.3641948266849754
-72.35048678720445 -3.83259316163537 0.36116982992896884
-71.84979137691238 -3.8235627247342654 0.3581471135632007
-71.34909596662031 -3.814340019366033 0.35512675844879504
-70.84840055632823 -3.8049243408790163 0.3521088454468714
-70.34770514603616 -3.7953149846215863 0.34909345541855374
-69.8470097357441 -3.785511245942083 0.34608066922496084
-69.34631432545201 -3.775512420188858 0.3430705677272158
-68.84561891515995 -3.7653178027102614 0.3400632317864426
-68.34492350486788 -3.754926688854648 0.33705874226376
-67.8442280945758 -3.744338373970371 0.33405718002029017
-67.34353268428373 -3.7335521534057756 0.3310586259171572
-66.84283727399166 -3.72256732250922 0.3280631608154806
-66.34214186369958 -3.711383176629041 0.32507086557638265
-65.84144645340751 -3.699999011113605 0.3220818210609856
-65.34075104311543 -3.6884141213112676 0.3190961081304099
-64.84005563282336 -3.6766278025703683 0.31611380764577957
-64.3393602225313 -3.66463935023926 0.3131350004682133
-63.838664812239216 -3.6524480596662974 0.3101597674588369
-63.33796940194715 -3.6400532261998135 0.3071881894787699
-62.83727399165508 -3.627454145188193 0.3042203473891337
-62.336578581363 -3.6146501119797696 0.3012563220510497
-61.83588317107093 -3.6016404219228937 0.2982961943256418
-61.335187760778865 -3.588424370365911 0.29534004507403055
-60.834492350486784 -3.575001252657187 0.2923879551573373
-60.333796940194716 -3.561370364145062 0.28944000543668513
-59.83310152990265 -3.5475310001778952 0.2864962767731928
-59.33240611961057 -3.533482456104031 0.2835568500279869
-58.8317107093185 -3.5192240272718243 0.28062180606218357
-58.33101529902643 -3.5047550090296307 0.2776912257369085
-57.83031988873435 -3.4900746967257943 0.274765189913284
-57.329624478442284 -3.475182385708666 0.27184377945242966
-56.82892906815022 -3.460077371326606 0.26892707521546766
-56.328233657858135 -3.444758948927954 0.26601515806352116
-55.82753824756607 -3.4292264138610618 0.26310810885770886
-55.326842837273986 -3.4134790614742903 0.2602060084591574
-54.82614742698192 -3.397516187115987 0.25730893772898467
-54.32545201668985 -3.381337086134505 0.25441697752831105
-53.82475660639777 -3.3649410538781934 0.25153020871826326
-53.3240611961057 -3.348327385695403 0.24864871215996087
-52.823365785813635 -3.3314953769344884 0.24577256871452346
-52.322670375521554 -3.3144443229437917 0.24290185924307595
-51.82197496522949 -3.2971735190716673 0.24003666460673878
-51.321279554937405 -3.2796822606664806 0.23717706566663332
-50.82058414464535 -3.2619698430765665 0.23432314328388182
-50.31988873435327 -3.2440355616502865 0.23147497831960828
-49.81919332406119 -3.2258787117359704 0.2286326516349314
-49.318497913769136 -3.207498588682003 0.22579624409097254
-48.817802503477054 -3.1888944878367136 0.2229658365488557
-48.31710709318497 -3.1700657045484606 0.22014150986970138
-47.81641168289292 -3.151011534165593 0.2173233449146318
-47.31571627260084 -3.1317312720364656 0.2145114225447683
-46.81502086230876 -3.1122242135094185 0.21170582362123402
-46.3143254520167 -3.0924896539328186 0.20890662900515033
-45.81363004172462 -3.07252688865501 0.20611391955763858
-45.31293463143254 -3.0523352130243397 0.20332777613982012
-44.81223922114049 -3.0319139223891645 0.20054827961281452
-44.311543810848406 -3.011262312097835 0.19777551083774847
-43.810848400556324 -2.9903796774987024 0.19500955067574155
-43.31015299026427 -2.9692653139401157 0.1922504799879151
-42.80945757997219 -2.947918516770444 0.18949837963538962
-42.30876216968011 -2.9263385813380056 0.18675333047929088
-41.808066759388026 -2.90452480299117 0.1840154133807349
-41.30737134909597 -2.8824764770782982 0.18128470920085016
-40.80667593880389 -2.860192898947715 0.17856129880075355
-40.30598052851181 -2.8376733639477996 0.17584526304156822
-39.80528511821976 -2.814917167426887 0.1731366827844173
-39.304589707927676 -2.791923604733337 0.17043563889042035
-38.803894297635594 -2.7686919712154916 0.16774221222070052
-38.30319888734354 -2.745221562221711 0.16505648363637915
-37.80250347705146 -2.721511673100337 0.1623785339985776
-37.30180806675938 -2.697561599199733 0.15970844416841812
-36.801112656467325 -2.6733706358682445 0.15704629500702383
-36.30041724617524 -2.648938078454214 0.1543921673755143
-35.79972183588316 -2.624263222306019 0.1517461421350118
-35.29902642559111 -2.59934536277198 0.14910830014663945
-34.79833101529903 -2.574183795200457 0.1464787222715177
-34.297635605006946 -2.548777814939821 0.1438574893707688
-33.79694019471489 -2.523126717338399 0.141244682305515
-33.29624478442281 -2.4972297977445512 0.1386403819368759
-32.79554937413073 -2.47108635150662 0.13604466912597635
-32.294853963838676 -2.4446956739729826 0.13345762473393596
-31.794158553546595 -2.4180570604919636 0.1308793296218761
-31.293463143254513 -2.3911698064119262 0.12830986465092076
-30.79276773296246 -2.364033207081227 0.12574931068219308
-30.29207232267038 -2.336646557848197 0.12319774857681087
-29.791376912378297 -2.309009154061214 0.12065525919589548
-29.290681502086244 -2.281120291068606 0.11812192340057182
-28.789986091794162 -2.25297926421874 0.11559782205196034
-28.28929068150208 -2.224585368859956 0.11308303601118419
-27.788595271210028 -2.1959379003406143 0.11057764613936383
-27.287899860917946 -2.1670361540090655 0.10808173329762061
-26.787204450625865 -2.1378794252136517 0.105595378347075
-26.28650904033381 -2.1084670093027293 0.10311866214885368
-25.78581363004173 -2.0787982016246582 0.10065166556407534
-25.28511821974965 -2.0488722975277733 0.09819446945386134
-24.784422809457595 -2.018688592360445 0.09574715467933304
-24.283727399165514 -1.9882463814710194 0.09330980210161355
-23.783031988873432 -1.957544960207831 0.09088249258182513
-23.28233657858135 -1.9265836239192486 0.08846530698108646
-22.781641168289298 -1.8953616679536234 0.08605832616052245
-22.280945757997216 -1.8638783876592848 0.08366163098125534
-21.780250347705135 -1.8321330783846248 0.08127530230440383
-21.27955493741308 -1.8001250354779517 0.07889942099109282
-20.778859527121 -1.7678535542876448 0.0765340679024401
-20.27816411682892 -1.7353179301620392 0.07417932389957416
-19.777468706536865 -1.702517458449507 0.07183526984360922
-19.276773296244784 -1.669451434498371 0.06950198659567286
-18.776077885952702 -1.6361191536570159 0.06717955501688111
-18.27538247566065 -1.602519911273757 0.06486805596836065
-17.774687065368568 -1.5686530026969736 0.06256757031123372
-17.273991655076486 -1.534517723275001 0.06027817890661902
-16.773296244784433 -1.500113368356204 0.05799996261563789
-16.27260083449235 -1.4654392332889126 0.055733002299415246
-15.77190542420027 -1.4304946134215042 0.053477378819070664
-15.271210013908217 -1.3952788041023085 0.051233173035727275
-14.770514603616135 -1.359791100679696 0.049000465810504656
-14.269819193324054 -1.3240307985019983 0.046779338004527715
-13.769123783032 -1.2879971929175857 0.04456987047891425
-13.268428372739919 -1.251689579274795 0.04237214409479095
-12.767732962447838 -1.2151072529219755 0.040186239713277394
-12.267037552155784 -1.1782495092075065 0.038012238195492265
-11.766342141863703 -1.1411156434797034 0.035850220402559585
-11.265646731571621 -1.1037049510869368 0.03370026719560337
-10.764951321279568 -1.0660167273775505 0.03156245943574498
-10.264255910987487 -1.0280502676999097 0.029436877984102217
-9.763560500695405 -0.9898360222531289 0.02732222531293461
-9.262865090403352 -0.9509663421418648 0.025062267037552224
-8.76216968011127 -0.9112687065368571 0.02284819193324063
-8.261474269819189 -0.8711748261474266 0.02113735744089011
-7.760778859527136 -0.8319670375521568 0.019615354659249004
-7.260083449235054 -0.7940143254520171 0.018083435326842853
-6.759388038942973 -0.7565909596662028 0.016681098748261465
-6.25869262865092 -0.7189193324061208 0.015400166898470133
-5.757997218358838 -0.6803657858136305 0.014262753824756622
-5.257301808066757 -0.6411326842837272 0.013248289290681498
-4.756606397774675 -0.600398331015298 0.012429513212795531
-4.255910987482622 -0.5581083449235055 0.011791502086230884
-3.7552155771905404 -0.5142652294853962 0.011309276773296243
-3.254520166898459 -0.46916133518775976 0.010952712100139076
-2.753824756606406 -0.4117324061196117 0.010681835883171075
-2.2531293463143243 -0.33586383866481206 0.010426689847009736
-1.7524339360222427 -0.2544418636995811 0.010166216968011121
-1.2517385257301896 -0.1742271210013922 0.00993573018080668
-0.7510431154381081 -0.09820041724617518 0.009745354659248957
-0.25034770514602656 -0.031043115438107293 0.009635034770514602
0.25034770514602656 0.031043115438107293 0.009635034770514602
0.7510431154381081 0.09815020862308757 0.009740333796940195
1.2517385257301896 0.17417746870653827 0.009930764951321284
1.7524339360222427 0.2544418636995811 0.010166216968011121
2.2531293463143243 0.33586383866481206 0.010426689847009736
2.753824756606406 0.4117324061196117 0.010681835883171075
3.254520166898459 0.46911043115438006 0.010952712100139076
3.7552155771905404 0.5142162726008344 0.011309276773296243
4.255910987482622 0.5581083449235055 0.011791502086230884
4.756606397774675 0.6003470097357431 0.012429513212795531
5.257301808066757 0.6410841446453406 0.013248289290681498
5.757997218358838 0.6803657858136305 0.014262753824756622
6.258692628650891 0.7188675938803885 0.015400166898470067
6.759388038942973 0.7565428372739914 0.016681098748261465
7.260083449235054 0.7940143254520171 0.018078233657858152
7.760778859527107 0.8319670375521547 0.019610570236439456
8.261474269819189 0.8711748261474266 0.02113735744089011
8.76216968011127 0.9112687065368571 0.022853435326842857
9.262865090403324 0.9509663421418626 0.025067009735744022
9.763560500695405 0.9898887343532681 0.02732222531293461
10.264255910987487 1.027449235048679 0.029937246175243418
10.76495132127954 1.0595842837273983 0.03305449235048669
11.265646731571621 1.0867261474269816 0.03615513212795546
11.766342141863703 1.108315438108484 0.04003567454798334
12.267037552155784 1.10716050069541 0.04476958275382488
12.767732962447838 1.0821792767732965 0.05066116828929059
13.268428372739919 1.0433414464534072 0.05917783031988878
13.769123783032 0.990474269819192 0.07196521557719089
14.269819193324054 0.9251713490959677 0.09039954102920691
14.770514603616135 0.8007627260083443 0.13637731571627282
15.271210013908217 0.7097988873435321 0.17408009735744118
15.77190542420027 0.7112901251738522 0.18280956884561883
16.27260083449235 0.7298870653685675 0.18986692628650906
16.773296244784433 0.7355428372739916 0.1984770931849793
17.273991655076486 0.7454048678720442 0.20555734353268418
17.774687065368568 0.7640140472878999 0.21266388038942977
18.27538247566065 0.7743784422809459 0.22046421418637008
18.776077885952702 0.7872774687065365 0.22699489568845607
19.276773296244784 0.806395966620306 0.23397623087621694
19.777468706536865 0.8186955493741308 0.24158104311543824
20.27816411682892 0.8258770168090326 0.2488848798406783
20.778859527121 0.8328920570203403 0.2561518621888371
21.27955493741308 0.8397230817183795 0.26337802594932624
21.780250347705135 0.8463707955547988 0.27056345198326714
22.280945757997216 0.8528359031812474 0.27770822115178223
22.781641168289298 0.8591191092493735 0.284812414315993
23.28233657858135 0.8652211184108258 0.2918761123370208
23.783031988873432 0.8711426353172533 0.29889939607598826
24.283727399165514 0.8768843646203046 0.3058823463940166
24.784422809457567 0.8824470109716279 0.31282504415222745
25.28511821974965 0.8878312790228726 0.31972757021174314
25.78581363004173 0.893037873425687 0.3265900054336852
26.286509040333783 0.8980674988317195 0.33341243067917503
26.787204450625865 0.9029208598926194 0.34019492680933505
27.287899860917946 0.907598661260035 0.3469375746852868
27.78859527121 0.9121016075856149 0.3536404551681516
28.28929068150208 0.9164304035210081 0.3603036491190521
28.789986091794162 0.9205857537178631 0.3669272373991096
29.290681502086215 0.9245683628278284 0.37351130086944545
29.791376912378297 0.928378935502553 0.38005592039118224
30.29207232267038 0.9320181763936856 0.38656117682544144
30.79276773296246 0.9354867901528744 0.3930271510333448
31.293463143254513 0.9387854814317685 0.39945392387601364
31.794158553546595 0.9419149548820165 0.4058415762145705
32.294853963838676 0.9448759151552671 0.412190188910137
32.79554937413073 0.9476690669031688 0.4184998428238343
33.29624478442281 0.9502951147773705 0.424770618816785
33.79694019471489 0.9527547634295207 0.4310025977501105
34.297635605006946 0.9550487175112682 0.4371958604849323
34.79833101529903 0.9571776816742619 0.44335048788237286
35.29902642559111 0.9591423605701499 0.4494665608035535
35.79972183588316 0.9609434588505811 0.45554416010959575
36.30041724617524 0.9625816811672046 0.46158336666162203
36.801112656467325 0.9640577321716688 0.4675842613207539
37.30180806675938 0.965372316515622 0.4735469249481127
37.80250347705146 0.9665261388507135 0.479471438404821
38.30319888734354 0.9675199038285918 0.48535788255199985
38.803894297635594 0.968354316100905 0.4912063382507712
39.304589707927676 0.9690300803193025 0.49701688636225727
39.80528511821976 0.9695479011354329 0.5027896077475795
40.30598052851181 0.9699084832009445 0.5085245832678594
40.80667593880389 0.9701125311674863 0.5142218937842193
41.30737134909597 0.9701607496867066 0.5198816201577808
41.808066759388026 0.9700538434102548 0.5255038432496653
42.30876216968011 0.9697925169897789 0.5310886439209952
42.80945757997219 0.9693774750769277 0.5366361030328918
43.31015299026424 0.9688094223233503 0.542146301446477
43.810848400556324 0.9680890633806948 0.5476193200228727
44.311543810848406 0.9672171029006101 0.5530552396232008
44.81223922114046 0.9661942455347451 0.5584541411085825
45.31293463143254 0.9650211959347482 0.5638161053401403
45.81363004172462 0.9636986587522681 0.5691412131789956
46.314325452016675 0.9622273386389536 0.5744295454862699
46.81502086230876 0.9606079402464535 0.5796811831230856
47.31571627260084 0.9588411682264162 0.5848962069505643
47.81641168289289 0.9569277272304904 0.5900746978298274
48.31710709318497 0.9548683219103251 0.595216736621997
48.817802503477054 0.9526636569175685 0.600322404188195
49.318497913769136 0.9503144369038695 0.6053917813895432
49.81919332406119 0.9478213665208769 0.6104249490871626
50.31988873435327 0.9451851504202393 0.615421988142176
50.82058414464535 0.9424064932536056 0.6203829794157047
51.321279554937405 0.9394860996726239 0.6253080037688703
51.82197496522949 0.9364246743289434 0.6301971420627951
52.32267037552157 0.9332229218742126 0.6350504751586005
52.82336578581362 0.9298815469600802 0.6398680839174081
53.3240611961057 0.9264012542381946 0.6446500492003404
53.824756606397784 0.9227827483602048 0.6493964518685187
54.32545201668984 0.9190267339777597 0.6541073727830645
54.82614742698192 0.9151339157425075 0.6587828928050999
55.326842837274 0.9111049983060971 0.6634230927957471
55.82753824756605 0.9069406863201771 0.6680280536161269
56.328233657858135 0.9026416844363964 0.672597856127362
56.82892906815022 0.8982086973064033 0.6771325811905738
57.32962447844227 0.8936424295818469 0.681632309666884
57.83031988873435 0.8889435859143756 0.6860971224174146
58.33101529902643 0.884112870955638 0.6905271003032872
58.831710709318486 0.879150989357283 0.6949223241856234
59.33240611961057 0.8740586457709593 0.6992828749255456
59.83310152990265 0.8688365448483152 0.7036088333841751
60.3337969401947 0.863485391241 0.7079002804226336
60.834492350486784 0.858005889600662 0.7121572969020432
61.335187760778865 0.8523987445789495 0.7163799636835257
61.83588317107092 0.8466646608275122 0.7205683616282024
62.336578581363 0.8408043429979978 0.7247225715971956
62.83727399165508 0.8348184957420551 0.7288426744516268
63.337969401947134 0.8287078237113338 0.7329287510526177
63.838664812239216 0.822473031557481 0.7369808822612907
64.3393602225313 0.8161148239321466 0.7409991489387667
64.84005563282335 0.8096339054869791 0.744983631946168
65.34075104311543 0.8030309808736268 0.7489344121446163
65.84144645340751 0.7963067547437382 0.7528515703952338
66.34214186369957 0.7894619317489627 0.7567351875591412
66.84283727399165 0.7824972165409484 0.7605853444974612
67.34353268428373 0.7754133137713438 0.7644021220713152
67.84422809457581 0.7682109280917983 0.7681856011418254
68.34492350486786 0.7608907641539603 0.771935862570113
68.84561891515995 0.7534535266094778 0.7756529872173
69.34631432545203 0.7458999201100006 0.7793370559445084
69.84700973574408 0.7382306493071774 0.7829881496128596
70.34770514603616 0.7304464188526559 0.7866063490834759
70.84840055632824 0.7225479333980843 0.7901917352174785
71.3490959666203 0.7145358975951136 0.7937443888759895
71.84979137691238 0.7064110160953901 0.7972643909201308
72.35048678720446 0.6981739935505634 0.8007518222110239
72.85118219749651 0.6898255346122838 0.8042067636097906
73.3518776077886 0.6813663439321967 0.8076292959775527
73.85257301808068 0.6727971261619526 0.8110195001754325
74.35326842837273 0.664118585953201 0.8143774570645508
74.85396383866481 0.6553314279575889 0.8177032475060301
75.35465924895689 0.6464363568267656 0.820996952360992
75.85535465924895 0.6374340772123804 0.8242586524905582
76.35605006954103 0.6283252937660816 0.8274884287558507
76.85674547983308 0.6191107111395177 0.8306863620179911
77.35744089012519 0.6097910339843368 0.8338525331381013
77.85813630041724 0.6003669669521884 0.8369870229773028
78.3588317107093 0.5908392146947216 0.8400899123967175
78.8595271210014 0.5812084818635831 0.8431612822574676
79.36022253129346 0.5714754731104242 0.8462012134206742
79.86091794158551 0.5616408930868931 0.8492097867474596
80.36161335187762 0.5517054464446357 0.8521870830989456
80.86230876216968 0.5416698378353041 0.8551331833362534
81.36300417246173 0.5315347719105451 0.8580481683205052
81.86369958275384 0.5213009533220073 0.8609321189128228
82.36439499304589 0.5109690867213407 0.8637851159743279
82.86509040333794 0.5005398767601937 0.8666072403661422
83.36578581363005 0.4900140280902129 0.869398572949388
83.86648122392211 0.4793922453630498 0.8721591945851863
84.36717663421416 0.4686752332303522 0.8748891861346593
84.86787204450627 0.4578636963437669 0.8775886284589289
85.36856745479832 0.4469583393549451 0.8802576024191165
85.86926286509038 0.4359598669155341 0.882896188876344
86.36995827538249 0.42486898367718295 0.8855044686917334
86.87065368567454 0.4136863942915411 0.8880825227264063
87.3713490959666 0.4024128034102553 0.8906304318414843
87.8720445062587 0.3910489156849756 0.8931482768980901
88.37273991655076 0.3795954357673509 0.8956361387573442
88.87343532684281 0.36805306830902984 0.898094098280369
89.37413073713492 0.3564225179616597 0.9005222363282865
89.87482614742697 0.3447044893768908 0.902920633762218
90.37552155771903 0.33289968720637175 0.9052893714432855
90.87621696801114 0.3210088161017489 0.9076285302326109
91.37691237830319 0.30903258071467443 0.9099381909913157
91.87760778859524 0.2969716856967942 0.9122184345805218
92.37830319888735 0.28482683569975775 0.9144693418613514
92.8789986091794 0.27259873537521495 0.9166909936949257
93.37969401947146 0.26028808937481396 0.9188834709423664
93.88038942976357 0.24789560235020158 0.9210468544647962
94.38108484005562 0.23542197895302863 0.9231812251233359
94.88178025034773 0.22286792383494192 0.9252866637791074
95.38247566063978 0.21023414164759313 0.9273632512932329
95.88317107093184 0.19752133704262864 0.9294110685268339
96.38386648122395 0.1847302146716957 0.9314301963410326
96.884561891516 0.17186147918644779 0.9334207155969504
97.38525730180805 0.15891583523852904 0.9353827071557087
97.88595271210016 0.14589398747958937 0.9373162518784303
98.38664812239222 0.13279664056127827 0.9392214306262358
98.88734353268427 0.1196244991352452 0.9410983242602476
99.38803894297638 0.1063782678531352 0.942947013641588
99.88873435326843 0.09305865136660219 0.9447675796313776
100.38942976356049 0.0796663543272903 0.946560103090739
100.8901251738526 0.06620208138684991 0.9483246648807943
101.39082058414465 0.05266653719692915 0.9500613458626642
101.8915159944367 0.03906042640917928 0.9517702268974711
102.39221140472881 0.02538445367524489 0.9534513888463371
102.89290681502086 0.011639323646777666 0.9551049125703831
103.39360222531292 -0.002174259024572911 0.9567308789307319
103.89429763560503 -0.01605558968716314 0.9583293687885045
104.39499304589708 -0.03000396368933822 0.959900463004823
104.89568845618913 -0.04401867637945445 0.9614442424408091
105.39638386648124 -0.058099023105861014 0.9629607879575847
105.8970792767733 -0.07224429921690712 0.9644501804162714
106.39777468706535 -0.08645380006094727 0.9659125006779908
106.89847009735746 -0.10072682098633245 0.9673478296038657
107.39916550764951 -0.1150626573414123 0.9687562480550166
107.89986091794157 -0.12946060447453955 0.9701378368925656
108.40055632823368 -0.14391995773406607 0.9714926769776352
108.90125173852573 -0.15844001246834105 0.9728208491713465
109.40194714881778 -0.17302006402571724 0.9741224343348215
109.90264255910989 -0.1876594077545456 0.975397513329182
110.40333796940195 -0.2023573390031771 0.9766461670155498
110.904033379694 -0.2171131531199636 0.9778684762550464
111.40472878998611 -0.23192614545325696 0.9790645219087938
111.90542420027816 -0.2467956113514077 0.9802343848379135
112.40611961057022 -0.26172084616276725 0.9813781459035277
112.90681502086233 -0.2767011452356879 0.9824958859667584
113.40751043115438 -0.2917358039185175 0.9835876858887266
113.90820584144643 -0.3068241175596106 0.9846536265305547
114.40890125173854 -0.32196538150732124 0.9856937887533642
114.9095966620306 -0.3371588911099933 0.9867082534182766
115.41029207232265 -0.3524039417159831 0.9876971013864148
115.91098748261476 -0.3676998286736425 0.9886604135188989
116.41168289290681 -0.38304584733132063 0.9895982706768521
116.91237830319886 -0.3984412930373681 0.9905107537213954
117.41307371349097 -0.41388546114014024 0.9913979435136512
117.91376912378303 -0.4293776469879832 0.9922599209147408
118.41446453407508 -0.44491714592925236 0.9930967667857858
118.91515994436719 -0.4605032533122978 0.9939085619879088
119.41585535465924 -0.4761352644854687 0.994695387382231
119.9165507649513 -0.4918124747971201 0.9954573238298735
120.4172461752434 -0.5075341795956011 0.9961944521919598
120.91794158553546 -0.5232996742292632 0.99690685332961
121.41863699582751 -0.5391082540464572 0.997594608103947
121.91933240611962 -0.5549592143955379 0.9982577973760921
122.42002781641168 -0.5708518506248516 0.9988965020071668
122.92072322670373 -0.5867854580827511 0.9995108028582936
123.42141863699584 -0.6027593321175918 1.0001007807905942
123.92211404728789 -0.6187727680777181 1.0006665166651896
124.42280945757994 -0.6348250613114853 1.0012080913432024
124.92350486787205 -0.6509155071672467 1.0017255856857532
125.42420027816411 -0.6670434009933496 1.0022190805539655
125.92489568845616 -0.6832080381381477 1.0026886568089601
126.42559109874827 -0.6994087139499928 1.0031343953118586
126.92628650904032 -0.7156447237772329 1.0035563769237834
127.42698191933238 -0.7319153629682223 1.0039546825058556
127.92767732962449 -0.7482199268713127 1.0043293929191974
128.42837273991654 -0.7645577108348512 1.004680589024931
128.9290681502086 -0.7809280102071944 1.005008351684177
129.4297635605007 -0.7973301203366939 1.0053127617580584
129.93045897079276 -0.8137633365716946 1.0055939001076961
130.4311543810848 -0.8302269542605506 1.0058518475942124
130.93184979137692 -0.8467202687516172 1.0060866850787291
131.43254520166897 -0.8632425753932432 1.0062984934223675
131.93324061196108 -0.8797931695337796 1.0064873534862495
132.43393602225314 -0.8963713465215769 1.0066533461314977
132.9346314325452 -0.9129764017049852 1.0067965522192326
133.4353268428373 -0.9296076304323603 1.0069170526105773
133.93602225312935 -0.9462643280520505 1.0070149281666527
134.4367176634214 -0.9629457899124078 1.0070902597485802
134.93741307371351 -0.9796513113617847 1.007143128217482
135.43810848400557 -0.9963801877485289 1.007173614434481
135.93880389429762 -1.0131317144209957 1.0071817992606973
136.43949930458973 -1.0299051867275333 1.0071677635572538
136.94019471488178 -1.0466999000164954 1.0071315881852718
137.44089012517384 -1.063515149636232 1.0070733540058732
137.94158553546595 -1.080350230935097 1.0069931418801796
138.442280945758 -1.0972044392614366 1.006891032669313
138.94297635605005 -1.1140770699636047 1.006767107234395
139.44367176634216 -1.1309674183899574 1.0066214464365473
139.94436717663422 -1.147874779888836 1.0064541311368926
140.44506258692627 -1.1647984498086004 1.0062652421965508
140.94575799721838 -1.1817377234975988 1.0060548604766457
141.44645340751043 -1.198691896304183 1.0058230668382984
141.94714881780249 -1.2156602635767033 1.0055699421426296
142.4478442280946 -1.2326421206635132 1.0052955672507626
142.94853963838665 -1.249636762912961 1.0050000230238183
143.4492350486787 -1.2666434856733986 1.0046833903229189
143.9499304589708 -1.2836615842931813 1.0043457500091857
144.45062586926286 -1.300690354120654 1.003987182943741
144.95132127955492 -1.317729090504173 1.0036077699877066
145.45201668984703 -1.3347770887920927 1.0032075920022034
145.95271210013908 -1.3518336443327517 1.0027867298483542
146.45340751043113 -1.3688980524745125 1.002345264387281
146.95410292072324 -1.385969608565726 1.0018832764801044
147.4547983310153 -1.403047607954739 1.0014008469879463
147.95549374130735 -1.420131345989902 1.0008980567719297
148.45618915159946 -1.4372201180195736 1.000374986693175
148.9568845618915 -1.4543132193920973 0.9998317176128054
149.45757997218357 -1.4714099454558278 0.9992683303919411
149.95827538247568 -1.4885095915591195 0.998684905891705
150.45897079276773 -1.5056114530503164 0.9980815249732186
150.95966620305978 -1.5227148252777756 0.9974582684976036
151.4603616133519 -1.539819003589848 0.996815217325982
151.96105702364395 -1.556923283334882 0.9961524523194755
152.461752433936 -1.5740269598612304 0.9954700543392051
152.9624478442281 -1.5911293285172459 0.9947681042462938
153.46314325452016 -1.6082296846512776 0.994046682901862
153.96383866481222 -1.6253273236116756 0.9933058711670336
154.46453407510432 -1.6424215407467972 0.9925457499029288
154.96522948539638 -1.6595116314049907 0.9917663999706686
155.46592489568843 -1.6765968909346043 0.9909679022313765
155.96662030598054 -1.6936766146839926 0.9901503375461739
156.4673157162726 -1.7107500980015038 0.989313786776182
156.96801112656465 -1.7278166362354934 0.9884583307825235
157.46870653685676 -1.7448755247343124 0.9875840504263186
157.9694019471488 -1.7619260588463064 0.9866910265686911
158.47009735744086 -1.7789675339198325 0.9857793400707612
158.97079276773297 -1.7959992453032427 0.984849071793651
159.47148817802503 -1.8130204883448817 0.9839003025984828
159.97218358831708 -1.8300305583931085 0.9829331133463776
160.4728789986092 -1.8470287507962713 0.9819475848984581
160.97357440890124 -1.8640143609027184 0.9809437981158459
161.4742698191933 -1.8809866840608054 0.9799218338596621
161.9749652294854 -1.897945015618884 0.9788817729910292
162.47566063977746 -1.9148886509252998 0.9778236963710686
162.9763560500695 -1.9318168853284101 0.9767476848609019
163.47705146036162 -1.948729014176564 0.975653819321651
163.97774687065368 -1.9656243328181127 0.9745421806144382
164.47844228094573 -1.9825021366014068 0.9734128496003848
164.97913769123784 -1.9993617208748002 0.9722659071406127
165.4798331015299 -2.0162023809866394 0.9711014340962437
165.98052851182194 -2.0330234122852806 0.9699195113283997
166.48122392211405 -2.049824110119075 0.9687202196982018
166.9819193324061 -2.0666037698363704 0.9675036400667728
167.48261474269816 -2.083361686785521 0.9662698532952335
167.98331015299027 -2.1000971563148756 0.9650189402447061
168.48400556328232 -2.11680947377279 0.9637509817763129
168.98470097357443 -2.13349793450761 0.9624660587511754
169.4853963838665 -2.150161833867691 0.9611642520304143
169.98609179415854 -2.166800467201381 0.9598456424751535
170.48678720445065 -2.1834131298570343 0.9585103109465128
170.9874826147427 -2.199999117183001 0.9571583383056151
171.48817802503476 -2.2165577245276316 0.9557898054135817
171.98887343532687 -2.2330882472392783 0.9544047931315344
172.48956884561892 -2.249589980666295 0.9530033823205953
172.99026425591097 -2.2660622201570257 0.9515856538418855
173.49095966620308 -2.282504261059832 0.9501516885565272
173.99165507649514 -2.2989153987230546 0.948701567325643
174.4923504867872 -2.315294928495052 0.9472353710103535
174.9930458970793 -2.331642145724177 0.9457531804717808
175.49374130737135 -2.3479563457587718 0.9442550765710472
175.9944367176634 -2.364236823947194 0.9427411401692737
176.49513212795551 -2.3804828756377985 0.941211452127582
176.99582753824757 -2.396693796178927 0.9396660933070947
177.49652294853962 -2.4128688809189383 0.9381051445689329
177.99721835883173 -2.4290074252061826 0.9365286867742196
178.49791376912378 -2.4451087243890095 0.9349368007840749
178.99860917941584 -2.4611720738157716 0.933329567459621
179.49930458970795 -2.4771967688348173 0.9317070676619811
180.0 -2.493182104794503 0.9300693822522751
