Polar data for NACA 0012 at Re = 902068.9655172415
Alpha (deg) Cl Cd
-180.0 -6.639222631271403 1.5379614405765665
-179.49930458970792 -6.647306509408862 1.5339798641334763
-178.99860917941587 -6.655268358502228 1.5299702593512245
-178.49791376912378 -6.663107978294262 1.5259328489676856
-177.9972183588317 -6.670825168527729 1.521867855720731
-177.49652294853965 -6.6784197289453875 1.5177755023482318
-176.99582753824757 -6.685891459290001 1.5136560115880595
-176.4951321279555 -6.693240159304329 1.5095096061780895
-175.99443671766343 -6.700465628731131 1.5053365088561899
-175.49374130737135 -6.707567667313169 1.5011369423602359
-174.99304589707927 -6.71454607479321 1.4969111294281001
-174.49235048678722 -6.721400650914008 1.4926592927976525
-173.99165507649514 -6.728131195418328 1.4883816552067657
-173.49095966620305 -6.734737508048928 1.4840784393933104
-172.990264255911 -6.74121938854857 1.479749868095161
-172.48956884561892 -6.747576636660019 1.4753961640501903
-171.98887343532684 -6.753809052126035 1.4710175499962697
-171.48817802503476 -6.7599164346893765 1.4666142486712674
-170.9874826147427 -6.765898584092804 1.4621864828130624
-170.48678720445062 -6.771755300079082 1.457734475159521
-169.98609179415854 -6.77748638239097 1.45325844844852
-169.4853963838665 -6.7830916307712315 1.448758625417927
-168.9847009735744 -6.788570844962626 1.444235228805617
-168.48400556328232 -6.793923824707912 1.4396884813494637
-167.98331015299027 -6.799150369749855 1.435118605787335
-167.4826147426982 -6.804250279831214 1.4305258248571056
-166.9819193324061 -6.809223354694751 1.4259103612966477
-166.48122392211405 -6.814069394083225 1.4212724378438324
-165.98052851182197 -6.818788197739401 1.4166122772365313
-165.4798331015299 -6.823379565406039 1.4119301022126196
-164.97913769123784 -6.827843296825899 1.4072261355099656
-164.47844228094576 -6.832179191741744 1.4025005998664444
-163.97774687065368 -6.836387049896333 1.397753718019926
-163.47705146036162 -6.840466671032425 1.392985712708283
-162.97635605006954 -6.844417854892788 1.3881968066693897
-162.47566063977746 -6.848240401220179 1.383387222641117
-161.9749652294854 -6.851934109757362 1.3785571833613357
-161.47426981919332 -6.855498780247091 1.3737069115679157
-160.97357440890124 -6.8589342124321355 1.3688366299987376
-160.4728789986092 -6.8622402060552545 1.3639465613916668
-159.9721835883171 -6.865416560859208 1.359036928484576
-159.47148817802503 -6.868463076586755 1.3541079540153378
-158.97079276773297 -6.87137955298066 1.3491598607218265
-158.4700973574409 -6.874165789783683 1.344192871341912
-157.9694019471488 -6.876821586738588 1.339207208613466
-157.46870653685676 -6.8793467435881315 1.3342030952743613
-156.96801112656468 -6.881741060075077 1.3291807540624712
-156.4673157162726 -6.884004335942185 1.3241404077156655
-155.96662030598054 -6.886136370932219 1.3190822789718215
-155.46592489568846 -6.88813696478794 1.3140065905688054
-154.96522948539638 -6.890005917252106 1.3089135652444908
-154.46453407510432 -6.891743028067479 1.303803425736751
-153.96383866481224 -6.893348096976824 1.2986763947834579
-153.46314325452016 -6.894820923722897 1.293532695122483
-152.9624478442281 -6.896161308048461 1.2883725494917
-152.46175243393603 -6.89736904969628 1.2831961806289796
-151.96105702364395 -6.898443948409112 1.2780038112721934
-151.4603616133519 -6.899385803929718 1.272795664159215
-150.9596662030598 -6.900194416000863 1.2675719620279189
-150.45897079276773 -6.900869584365305 1.2623329276161712
-149.95827538247568 -6.901411108765805 1.2570787836618473
-149.4575799721836 -6.901818788945127 1.2518097529028207
-148.9568845618915 -6.902092424646028 1.2465260580769604
-148.45618915159943 -6.902231815611273 1.2412279219221416
-147.95549374130738 -6.902236761583621 1.2359155671762334
-147.4547983310153 -6.902107062305836 1.2305892165771102
-146.95410292072324 -6.901842517520679 1.2252490928626436
-146.45340751043116 -6.901442926970905 1.2198954187707063
-145.95271210013908 -6.900908090399282 1.214528417039169
-145.452016689847 -6.900237807548564 1.2091483104059062
-144.95132127955495 -6.899431878161524 1.2037553216087877
-144.45062586926286 -6.898490101980913 1.1983496733856835
-143.94993045897078 -6.897412278749494 1.1929315884744707
-143.44923504867873 -6.896198208210032 1.1875012896130208
-142.94853963838665 -6.894847690105285 1.1820589995392048
-142.44784422809457 -6.893360524178016 1.1766049409908925
-141.9471488178025 -6.891736510170983 1.1711393367059593
-141.44645340751043 -6.88997544782695 1.1656624094222758
-140.94575799721835 -6.888077136888679 1.160174381877714
-140.44506258692627 -6.886041377098932 1.1546754768101453
-139.94436717663422 -6.883867968200464 1.149165916957445
-139.44367176634213 -6.881556709936044 1.1436459250574842
-138.94297635605005 -6.879107402048426 1.1381157238481334
-138.442280945758 -6.876519844280377 1.1325755360672636
-137.94158553546592 -6.873793836374656 1.1270255844527508
-137.44089012517384 -6.870929178074023 1.1214660917424641
-136.94019471488178 -6.867925669121243 1.115897280674277
-136.4394993045897 -6.864783109259076 1.1103193739860622
-135.93880389429762 -6.861501298230278 1.1047325944156903
-135.43810848400557 -6.858080035777615 1.099137164701034
-134.9374130737135 -6.854519121643847 1.093533307579965
-134.4367176634214 -6.850818355571736 1.0879212457903549
-133.93602225312935 -6.846977537304042 1.0823012020700808
-133.43532684283727 -6.842996466583529 1.0766733991570083
-132.9346314325452 -6.838874943152954 1.0710380597890143
-132.43393602225314 -6.834612766755079 1.0653954067039653
-131.93324061196105 -6.8302097371326695 1.0597456626397381
-131.43254520166897 -6.825665654028482 1.0540890503342037
-130.93184979137692 -6.820980317185281 1.0484257925252356
-130.43115438108484 -6.8161535263458255 1.0427561119507036
-129.93045897079276 -6.811185081252878 1.0370802313484822
-129.4297635605007 -6.806074781649201 1.031398373456442
-128.92906815020862 -6.80082242727755 1.0257107610124532
-128.42837273991654 -6.7954278178806895 1.0200176167543926
-127.92767732962449 -6.7898907532013855 1.0143191634201276
-127.4269819193324 -6.784211032982393 1.0086156237475334
-126.92628650904032 -6.778388456966475 1.00290722047448
-126.42559109874827 -6.772422824896392 0.9971941763388478
-125.92489568845619 -6.766313936514907 0.9914767140784927
-125.42420027816411 -6.7600615915647815 0.9857550564312997
-124.92350486787205 -6.753665589788772 0.9800294261351378
-124.42280945757997 -6.747125730929646 0.9743000459278778
-123.92211404728789 -6.740441814730163 0.9685671385473958
-123.42141863699584 -6.733613640933079 0.9628309267315557
-122.92072322670376 -6.726641009281163 0.9570916332182388
-122.42002781641168 -6.719523719517172 0.9513494807453106
-121.91933240611961 -6.71226157138387 0.9456046920506472
-121.41863699582754 -6.70485436462401 0.9398574898721196
-120.91794158553546 -6.697301898980363 0.9341080969475967
-120.41724617524339 -6.689603974195689 0.9283567360149582
-119.91655076495132 -6.681760390012743 0.9226036298120696
-119.41585535465924 -6.673770946174292 0.9168490010768052
-118.91515994436718 -6.665635442423092 0.9110930725470378
-118.41446453407511 -6.657353678501909 0.905336066960638
-117.91376912378303 -6.648925454153503 0.8995782070554784
-117.41307371349096 -6.640350569120633 0.8938197155694317
-116.91237830319889 -6.631628823146064 0.8880608152403705
-116.41168289290681 -6.622760015972554 0.8823017288061655
-115.91098748261474 -6.613743947342867 0.8765426790046912
-115.41029207232268 -6.6045804169997595 0.8707838885738165
-114.9095966620306 -6.595269224685998 0.8650255802514158
-114.40890125173853 -6.58581017014434 0.8592679767753618
-113.90820584144646 -6.576203053117549 0.8535113008835234
-113.40751043115438 -6.566447673348385 0.8477557753137751
-112.90681502086231 -6.5565438305796135 0.8420016228039912
-112.40611961057024 -6.546491324553989 0.8362490660920389
-111.90542420027816 -6.536289955014274 0.8304983279157944
-111.4047287899861 -6.525939521703233 0.8247496310131303
-110.90403337969401 -6.515439824363622 0.819003198121912
-110.40333796940195 -6.504790662738211 0.8132592519800176
-109.90264255910988 -6.493991836569753 0.8075180153253195
-109.4019471488178 -6.483043145601014 0.8017797108956869
-108.90125173852573 -6.47194438957475 0.7960445614289923
-108.40055632823366 -6.460695368233727 0.7903127896631136
-107.89986091794158 -6.449295881320706 0.784584618335911
-107.39916550764951 -6.437745728578443 0.7788602701852713
-106.89847009735745 -6.426044709749707 0.7731399679490546
-106.39777468706536 -6.414192624577256 0.7674239343651389
-105.8970792767733 -6.402189272803847 0.7617123921713967
-105.39638386648123 -6.39003445417225 0.7560055641056972
-104.89568845618915 -6.377727968425216 0.750303672905911
-104.39499304589708 -6.365269615305513 0.7446069413099198
-103.89429763560501 -6.352659194555903 0.7389155920555853
-103.39360222531293 -6.339896505919139 0.7332298478807838
-102.89290681502086 -6.326981349137993 0.7275499315233861
-102.3922114047288 -6.313913523955218 0.7218760657212647
-101.89151599443672 -6.300692830113578 0.7162084732122923
-101.39082058414465 -6.28731906735584 0.710547376734345
-100.89012517385257 -6.273792035424753 0.7048929990252865
-100.3894297635605 -6.260111534063089 0.6992455628229929
-99.88873435326843 -6.246277363013602 0.6936052908653404
-99.38803894297635 -6.23228932201906 0.687972405890198
-98.88734353268428 -6.218147210822218 0.6823471306354331
-98.38664812239222 -6.203850829165839 0.676729687838927
-97.88595271210013 -6.1893999767926875 0.6711203002385434
-97.38525730180807 -6.1747944534455215 0.6655191905721621
-96.884561891516 -6.160034058867101 0.6599265815776486
-96.38386648122392 -6.145118592800191 0.6543426959928754
-95.88317107093185 -6.13004785498755 0.6487677565557205
-95.38247566063978 -6.1148216451719435 0.6432019860040529
-94.8817802503477 -6.0994397630961235 0.6376456070757416
-94.38108484005564 -6.083902008502859 0.632098842508661
-93.88038942976357 -6.068208181134912 0.6265619150406855
-93.37969401947149 -6.052358080735035 0.6210350474096841
-92.87899860917942 -6.036351507046001 0.6155184623535294
-92.37830319888734 -6.020188259810563 0.6100123826100975
-91.87760778859527 -6.003868138771482 0.6045170309172557
-91.3769123783032 -5.987390943671526 0.5990326300128784
-90.87621696801112 -5.9707564742534505 0.5935594026348364
-90.37552155771905 -5.95396453026002 0.5880975715210023
-89.87482614742699 -5.937014911433989 0.5826473594092504
-89.3741307371349 -5.919907417518127 0.577208989037448
-88.87343532684284 -5.9026418482551914 0.571782683143473
-88.37273991655077 -5.885218003387942 0.5663686644651945
-87.87204450625869 -5.867635682659143 0.5609671557404851
-87.37134909596662 -5.849894685811558 0.5555783797072101
-86.87065368567455 -5.831994812587942 0.5502025591032583
-86.36995827538247 -5.813935862731059 0.5448399166664862
-85.8692628650904 -5.7957176359836655 0.53949067513477
-85.36856745479834 -5.777339932088536 0.5341550572459911
-84.86787204450626 -5.758802550788415 0.5288332857380061
-84.36717663421419 -5.740105291826072 0.5235255833487001
-83.86648122392211 -5.721247954944275 0.5182321728159386
-83.36578581363004 -5.702230339885775 0.5129532768775958
-82.86509040333797 -5.683052246393334 0.5076891182715392
-82.36439499304589 -5.663713474209716 0.50243991973565
-81.86369958275382 -5.644213823077683 0.49720590400779574
-81.36300417246176 -5.624553092739994 0.4919872938258435
-80.86230876216968 -5.604731082939411 0.48678431192767124
-80.36161335187761 -5.584747593418699 0.48159718105115334
-79.86091794158554 -5.5646024239206096 0.47642612393415706
-79.36022253129346 -5.544295374187914 0.4712713633145532
-78.85952712100139 -5.523826243963372 0.4661331219302197
-78.35883171070932 -5.503194832989735 0.46101162251902206
-77.85813630041724 -5.482400941009773 0.4559070878188417
-77.35744089012518 -5.461444367766253 0.45081974056754237
-76.85674547983311 -5.44032491300192 0.4457498035029984
-76.35605006954103 -5.419042376459551 0.44069749936308245
-75.85535465924896 -5.397596557881897 0.4356630508856688
-75.35465924895689 -5.375987257011724 0.43064668080862656
-74.85396383866481 -5.354214273591788 0.4256486118698283
-74.35326842837274 -5.332277407364856 0.42066906680714833
-73.85257301808066 -5.310176458073689 0.415708268358454
-73.3518776077886 -5.287911225461043 0.4107664392616267
-72.85118219749653 -5.265481509269685 0.4058438022545249
-72.35048678720445 -5.242887109242373 0.40094058007503
-71.84979137691238 -5.2201278251218675 0.39605699546101636
-71.34909596662031 -5.1972034566509375 0.3911932711503495
-70.84840055632823 -5.174113803572331 0.3863496298809056
-70.34770514603616 -5.150858665628819 0.38152629439055896
-69.8470097357441 -5.127437842563161 0.37672348741717154
-69.34631432545201 -5.103851134118111 0.37194143169862126
-68.84561891515995 -5.080098340036445 0.3671803499727878
-68.34492350486788 -5.05617926006091 0.3624404649775331
-67.8442280945758 -5.03209369393427 0.35772199945073335
-67.34353268428373 -5.007841441399297 0.3530251761302611
-66.84283727399166 -4.983422302198742 0.34835021775398356
-66.34214186369958 -4.958836076075363 0.3436973470597823
-65.84144645340751 -4.9340825627719305 0.33906678678552093
-65.34075104311543 -4.9091615620311995 0.3344587596690739
-64.84005563282336 -4.884072873595935 0.32987348844831554
-64.3393602225313 -4.858816297208898 0.3253111958611167
-63.838664812239216 -4.833391632612846 0.3207721046453481
-63.33796940194715 -4.807798679550544 0.31625643753888777
-62.83727399165508 -4.782037237764751 0.31176441727959936
-62.336578581363 -4.756107106998233 0.30729626660535725
-61.83588317107093 -4.73000808699374 0.30285220825403936
-61.335187760778865 -4.703739977494047 0.29843246496351117
-60.834492350486784 -4.677302578241905 0.2940372594716506
-60.333796940194716 -4.650695688980077 0.2896668145163249
-59.83310152990265 -4.6239191094513306 0.2853213528354085
-59.33240611961057 -4.596972639398421 0.28100109716677213
-58.8317107093185 -4.56985607856411 0.27670627024828487
-58.33101529902643 -4.542569226691162 0.27243709481782286
-57.83031988873435 -4.515111883522332 0.26819379361326756
-57.329624478442284 -4.487483848800389 0.26397658937247204
-56.82892906815022 -4.459684922268087 0.2597857048333213
-56.328233657858135 -4.431714903668192 0.2556213627336862
-55.82753824756607 -4.403573592743465 0.25148378581143216
-55.326842837273986 -4.375260789236664 0.24737319680444425
-54.82614742698192 -4.346776292890558 0.24328981845058084
-54.32545201668985 -4.318119903447892 0.2392338734877163
-53.82475660639777 -4.2892914206514465 0.2352055846537321
-53.3240611961057 -4.260290644243971 0.23120517468649016
-52.823365785813635 -4.231117373968226 0.2272328663238702
-52.322670375521554 -4.201771409566982 0.22328888230373944
-51.82197496522949 -4.172252550782995 0.2193734453639723
-51.321279554937405 -4.1425605973590205 0.21548677824243956
-50.82058414464535 -4.112695349037827 0.21162910367701382
-50.31988873435327 -4.082656605562173 0.20780064440556767
-49.81919332406119 -4.052444166674823 0.20400162316597548
-49.318497913769136 -4.0220578321185325 0.2002322626961045
-48.817802503477054 -3.991497401636065 0.19649278573382734
-48.31710709318497 -3.960762674970185 0.19278341501701834
-47.81641168289292 -3.929853451863648 0.18910437328355012
-47.31571627260084 -3.8987695320592244 0.1854558832712988
-46.81502086230876 -3.8675107152996637 0.1818381677181281
-46.3143254520167 -3.836076801327733 0.17825144936190884
-45.81363004172462 -3.8044675898862024 0.1746959509405296
-45.31293463143254 -3.7726828807178108 0.1711718951918434
-44.81223922114049 -3.740722473565343 0.16767950485372995
-44.311543810848406 -3.7085861681715477 0.16421900266406364
-43.810848400556324 -3.6762737642791783 0.1607906113607135
-43.31015299026427 -3.6437850616310192 0.15739455368155209
-42.80945757997219 -3.6111198599698127 0.1540310523644538
-42.30876216968011 -3.578277959038322 0.1507003301472859
-41.808066759388026 -3.5452591585793143 0.1474026097679263
-41.30737134909597 -3.512063258335553 0.14413811396424225
-40.80667593880389 -3.478690058049794 0.1409070654741117
-40.30598052851181 -3.445139357464791 0.13770968703540187
-39.80528511821976 -3.411410956323324 0.13454620138598716
-39.304589707927676 -3.3775046543681397 0.13141683126373482
-38.803894297635594 -3.3434202513420046 0.12832179940652455
-38.30319888734354 -3.3091575469876786 0.12526132855222538
-37.80250347705146 -3.2747163410479216 0.12223564143870813
-37.30180806675938 -3.24009643326549 0.11924496080384539
-36.801112656467325 -3.205297623383165 0.11628950938550975
-36.30041724617524 -3.1703197111436814 0.11336950992157557
-35.79972183588316 -3.135162496289817 0.11048518514990835
-35.29902642559111 -3.099825778564339 0.10763675780838777
-34.79833101529903 -3.0643093577099854 0.10482445063488288
-34.297635605006946 -3.0286130334695343 0.10204848636726271
-33.79694019471489 -2.9927366055857525 0.09930908774340519
-33.29624478442281 -2.9566798738013786 0.09660647750117934
-32.79554937413073 -2.9204426378591903 0.09394087837845777
-32.294853963838676 -2.884024697501951 0.09131251311311306
-31.794158553546595 -2.8474258524724134 0.08872160444301602
-31.293463143254513 -2.8106459025133375 0.08616837510604103
-30.79276773296246 -2.7736846473675043 0.08365304784005356
-30.29207232267038 -2.7365418867776454 0.08117584538293865
-29.791376912378297 -2.6992174204865385 0.07873699047255467
-29.290681502086244 -2.6617110482369504 0.07633670584678487
-28.789986091794162 -2.6240225697716233 0.07397521424348763
-28.28929068150208 -2.5861517848333313 0.0716527384005533
-27.788595271210028 -2.5480984931648414 0.06936950105584205
-27.287899860917946 -2.509862494508899 0.06712572494722469
-26.787204450625865 -2.471443588608279 0.0649216328125809
-26.28650904033381 -2.43284157520574 0.06275744738977973
-25.78581363004173 -2.394056254044036 0.06063339141669022
-25.28511821974965 -2.3550874248659297 0.058549687631190284
-24.784422809457595 -2.3159348874141954 0.056506558771147186
-24.283727399165514 -2.2765984414315716 0.05450422757442819
-23.783031988873432 -2.237077886660836 0.05254291677892364
-23.28233657858135 -2.1973730228447557 0.050622849122484825
-22.781641168289298 -2.157483649726069 0.04874424734299676
-22.280945757997216 -2.1174095670475572 0.04690733417832671
-21.780250347705135 -2.077150574551973 0.04511233236634904
-21.27955493741308 -2.0367064719820838 0.043359464644934564
-20.778859527121 -1.9960770590806383 0.0416489537519541
-20.27816411682892 -1.9552621355904143 0.039981022425283785
-19.777468706536865 -1.914261501254154 0.03835589340278911
-19.276773296244784 -1.873074955814635 0.03677378942235332
-18.776077885952702 -1.8317022990146135 0.0352349332218348
-18.27538247566065 -1.7901433305968495 0.03373954753911501
-17.774687065368568 -1.7483978503041029 0.032287855112063
-17.273991655076486 -1.7064656578791335 0.030880078678553136
-16.773296244784433 -1.664346553064712 0.029516440976456226
-16.27260083449235 -1.6220403356035837 0.028197164743639536
-15.77190542420027 -1.5795468052385302 0.026922472717984536
-15.271210013908217 -1.536865761712297 0.025692587637360265
-14.770514603616135 -1.4939970047676474 0.02450773223963043
-14.269819193324054 -1.4509403341473486 0.023368129262681836
-13.769123783032 -1.4076955495941568 0.022274001444371083
-13.268428372739919 -1.3642624508508319 0.021225571522583198
-12.767732962447838 -1.3206408376601408 0.02022306223518544
-12.267037552155784 -1.2768305097648436 0.01926669632004685
-11.766342141863703 -1.2328312669077 0.018356696515040016
-11.265646731571621 -1.1886429088314698 0.01749328555804286
-10.764951321279568 -1.1442652352789167 0.016676686186926193
-10.264255910987487 -1.0996980459927967 0.015907121139553726
-9.763560500695405 -1.0549623087621693 0.015179527121001384
-9.262865090403352 -1.0120972183588328 0.014349443671766368
-8.76216968011127 -0.9707222531293467 0.01348849791376913
-8.261474269819189 -0.9283299026425588 0.012813310152990259
-7.760778859527136 -0.8863838664812251 0.012179874826147448
-7.260083449235054 -0.8450389429763565 0.011541696801112663
-6.759388038942973 -0.798953824756606 0.01097532684283727
-6.25869262865092 -0.7391547983310175 0.010366648122392233
-5.757997218358838 -0.6699520166898479 0.009710236439499313
-5.257301808066757 -0.6009561891515991 0.009064492350486784
-4.756606397774675 -0.5304026425591082 0.008408720445062572
-4.255910987482622 -0.46279123783032083 0.007781974965229494
-3.7552155771905404 -0.40210917941585517 0.007230319888734351
-3.254520166898459 -0.3458863699582742 0.006758887343532674
-2.753824756606406 -0.29265159944367264 0.006367677329624484
-2.2531293463143243 -0.23993045897079265 0.0060566898470097354
-1.7524339360222427 -0.18695799721835774 0.005816022253129342
-1.2517385257301896 -0.13373532684283823 0.005640486787204453
-0.7510431154381081 -0.08026161335187756 0.005530166898470097
-0.25034770514602656 -0.026737134909595638 0.005480013908205841
0.25034770514602656 0.02678720445062484 0.005480013908205841
0.7510431154381081 0.08031140472878995 0.005530166898470097
1.2517385257301896 0.13378567454798423 0.005640486787204453
1.7524339360222427 0.18700751043115327 0.005816022253129342
2.2531293463143243 0.23993045897079265 0.0060566898470097354
2.753824756606406 0.29265159944367264 0.006367677329624484
3.254520166898459 0.3458863699582742 0.006758887343532674
3.7552155771905404 0.40210917941585517 0.007230319888734351
4.255910987482622 0.46279123783032083 0.007781974965229494
4.756606397774675 0.5304026425591082 0.008413852573018065
5.257301808066757 0.6010076495132124 0.009069346314325448
5.757997218358838 0.6700520166898479 0.009710236439499313
6.258692628650891 0.7392547983310136 0.010366648122392194
6.759388038942973 0.7989500695410289 0.01097013908205841
7.260083449235054 0.8449389429763565 0.011536898470097364
7.760778859527107 0.8862838664812228 0.01217987482614741
8.261474269819189 0.9282821974965226 0.012813310152990259
8.76216968011127 0.9707222531293467 0.01348849791376913
9.262865090403324 1.0120972183588306 0.01435470097357438
9.763560500695405 1.0549623087621693 0.015184255910987475
10.264255910987487 1.0977161335187764 0.01612250347705147
10.76495132127954 1.139520862308761 0.017184603616133488
11.265646731571621 1.1815486787204446 0.01820254520166897
11.766342141863703 1.2185253129346316 0.019574255910987493
12.267037552155784 1.253660778859528 0.020985549374130767
12.767732962447838 1.2866962447844223 0.022295006954102903
13.268428372739919 1.3114592489568846 0.02392171070931851
13.769123783032 1.322614742698192 0.026530834492350563
14.269819193324054 1.3330659248956882 0.02952321279554933
14.770514603616135 1.3464267037552156 0.032798038942976365
15.271210013908217 1.3545087621696803 0.03709734353268439
15.77190542420027 1.3568649513212796 0.04267337969401937
16.27260083449235 1.3517022253129345 0.04985435326842838
16.773296244784433 1.3353470097357436 0.05913816411682914
17.273991655076486 1.3069069541029212 0.07062403337969379
17.774687065368568 1.2706941585535467 0.0837738942976356
18.27538247566065 1.2314897079276765 0.0979450764951324
18.776077885952702 1.1914481223922122 0.11277098748261445
19.276773296244784 1.150206397774687 0.12839888734353266
19.777468706536865 1.1110783031988867 0.14466652294853993
20.27816411682892 1.0742360519517515 0.161084008821462
20.778859527121 1.037446038216894 0.17741201356450653
21.27955493741308 1.0007141714669543 0.1936409365871784
21.780250347705135 0.9640406519591735 0.20977100062734877
22.280945757997216 0.9274256799507863 0.22580242842289155
22.781641168289298 0.8908694556990333 0.24173544271167813
23.28233657858135 0.8543721794611556 0.25757026623157964
23.783031988873432 0.8179340514943876 0.27330712172047
24.283727399165514 0.7815552720559704 0.2889462319162205
24.784422809457567 0.7452360414031447 0.30448781955670245
25.28511821974965 0.7089765597931452 0.3199321073797895
25.78581363004173 0.6727770274832126 0.3352793181233531
26.286509040333783 0.6366376447305881 0.3505296745252645
26.787204450625865 0.6005586117925059 0.3656833993233979
27.287899860917946 0.5645401289262075 0.3807407152556239
27.78859527121 0.5285823963889333 0.3957018450598143
28.28929068150208 0.49268561443791814 0.4105670114738429
28.789986091794162 0.4568499833304025 0.4253364372355807
29.290681502086215 0.4210757033236274 0.44001034508289905
29.791376912378297 0.3853629746748277 0.45458895775367203
30.29207232267038 0.3497119976412444 0.4690724979857709
30.79276773296246 0.3141229724801158 0.48346118851706754
31.293463143254513 0.27859609944868335 0.4977552520854335
31.794158553546595 0.24313157880418057 0.5119549114287422
32.294853963838676 0.20772961080384977 0.5260603892848658
32.79554937413073 0.1723903957049311 0.5400719083916746
33.29624478442281 0.13711413376465886 0.5539896914870429
33.79694019471489 0.10190102524027456 0.5678139613088421
34.297635605006946 0.06675127038901874 0.5815449405949434
34.79833101529903 0.031665069468126195 0.5951828520832204
35.29902642559111 -0.003357377265162498 0.6087279185115445
35.79972183588316 -0.03831586955360633 0.6221803626177874
36.30041724617524 -0.0732102071399705 0.6355404071398226
36.801112656467325 -0.10804018976701402 0.6488082748155212
37.30180806675938 -0.14280561717749674 0.6619841883827547
37.80250347705146 -0.17750628911418342 0.6750683705793971
38.30319888734354 -0.21214200531983352 0.6880610441433194
38.803894297635594 -0.24671256553720555 0.7009624318123929
39.304589707927676 -0.28121776950906563 0.7137727563244914
39.80528511821976 -0.3156574169781723 0.7264922404174866
40.30598052851181 -0.35003130768728585 0.7391211068292497
40.80667593880389 -0.38433924137916975 0.751659578297654
41.30737134909597 -0.41858101779658474 0.7641078775605711
41.808066759388026 -0.45275643668228893 0.7764662273558726
42.30876216968011 -0.48686529777904886 0.7887348504214321
42.80945757997219 -0.5209074008296222 0.8009139694951205
43.31015299026424 -0.5548825455767692 0.8130038073148097
43.810848400556324 -0.5887905317632547 0.8250045866183734
44.311543810848406 -0.6226311591318381 0.8369165301436826
44.81223922114046 -0.6564042274252784 0.8487398606286088
45.31293463143254 -0.6901095363863412 0.8604748008110258
45.81363004172462 -0.7237468857577851 0.8721215734288049
46.314325452016675 -0.75731607528237 0.8836804012198177
46.81502086230876 -0.7908169047028601 0.895151506921937
47.31571627260084 -0.8242491737620159 0.9065351132730354
47.81641168289289 -0.8576126822025953 0.9178314430109836
48.31710709318497 -0.8909072297673646 0.9290407188736552
48.817802503477054 -0.9241326161990826 0.9401631635989215
49.318497913769136 -0.9572886412405106 0.9511989999246556
49.81919332406119 -0.9903751046344071 0.9621484505887276
50.31988873435327 -1.0233918061235387 0.9730117383290119
50.82058414464535 -1.0563385454506635 0.9837890858833792
51.321279554937405 -1.0892151223585413 0.9944807159897019
51.82197496522949 -1.1220213365899365 1.0050868513858533
52.32267037552157 -1.1547569878876094 1.015607714809704
52.82336578581362 -1.1874218759943185 1.0260435289991268
53.3240611961057 -1.2200158006528294 1.0363945166919932
53.824756606397784 -1.2525385616059013 1.046660900626177
54.32545201668984 -1.2849899585962925 1.0568429035395486
54.82614742698192 -1.3173697913667692 1.0669407481699809
55.326842837274 -1.34967785966009 1.076954657255346
55.82753824756605 -1.3819139632190156 1.0868848535335154
56.328233657858135 -1.414077901786309 1.0967315597423628
56.82892906815022 -1.4461694751047305 1.1064949986197594
57.32962447844227 -1.4781884829170395 1.1161753929035765
57.83031988873435 -1.5101347249660013 1.125772965331687
58.33101529902643 -1.5420080009943749 1.1352879386419636
58.831710709318486 -1.573808110744919 1.1447205355722776
59.33240611961057 -1.6055348539604002 1.154070978860502
59.83310152990265 -1.6371880303835762 1.1633394912445079
60.3337969401947 -1.668767439757206 1.1725262954621676
60.834492350486784 -1.700272881824057 1.181631614251354
61.335187760778865 -1.731704156326885 1.1906556703499391
61.83588317107092 -1.7630610630084536 1.199598686495794
62.336578581363 -1.7943434016115236 1.2084608854267924
62.83727399165508 -1.8255509718788567 1.217242489880805
63.337969401947134 -1.856683573553212 1.2259437225957042
63.838664812239216 -1.8877410063773543 1.2345648063093635
64.3393602225313 -1.918723070094043 1.2431059637596538
64.84005563282335 -1.9496295644460369 1.2515674176844471
65.34075104311543 -1.980460289176102 1.2599493908216157
65.84144645340751 -2.0112150440269967 1.2682521059090326
66.34214186369957 -2.0418936287414806 1.276475785684569
66.84283727399165 -2.072495843062319 1.2846206528860975
67.34353268428373 -2.103021486732269 1.2926869302514898
67.84422809457581 -2.1334703594940962 1.3006748405186186
68.34492350486786 -2.1638422610905566 1.3085846064253555
68.84561891515995 -2.194136991264416 1.3164164507095735
69.34631432545203 -2.2243543497584333 1.324170596109143
69.84700973574408 -2.2544941363153694 1.3318472653619384
70.34770514603616 -2.2845561506779872 1.33944668120583
70.84840055632824 -2.3145401925890474 1.346969066378691
71.3490959666203 -2.344446061791309 1.3544146436183926
71.84979137691238 -2.374273558027537 1.3617836356628081
72.35048678720446 -2.40402248104049 1.369076265249809
72.85118219749651 -2.43369263057293 1.3762927551172672
73.3518776077886 -2.4632838063676172 1.3834333280030555
73.85257301808068 -2.492795808167315 1.3904982066450455
74.35326842837273 -2.5222284357147813 1.3974876137811094
74.85396383866481 -2.5515814887527815 1.4044017721491193
75.35465924895689 -2.5808547670240745 1.4112409044869483
75.85535465924895 -2.61004807027142 1.418005233532467
76.35605006954103 -2.639161198237583 1.4246949820235488
76.85674547983308 -2.66819395066532 1.4313103726980647
77.35744089012519 -2.697146127297398 1.4378516282938882
77.85813630041724 -2.726017527876573 1.4443189715488902
78.3588317107093 -2.754807952145606 1.4507126252009428
78.8595271210014 -2.783517199847265 1.4570328119879195
79.36022253129346 -2.8121450707243034 1.463279754647691
79.86091794158551 -2.840691364519486 1.469453675918131
80.36161335187762 -2.8691558809755757 1.47555479853711
80.86230876216968 -2.8975384198353296 1.481583345242501
81.36300417246173 -2.92583878084151 1.4875395387721753
81.86369958275384 -2.9540567637368835 1.4934236018640066
82.36439499304589 -2.9821921682642025 1.4992357572558657
82.86509040333794 -3.010244794166233 1.5049762276856251
83.36578581363005 -3.038214441185738 1.510645235891158
83.86648122392211 -3.0661009090654754 1.5162430046103346
84.36717663421416 -3.0939039975482063 1.521769756581028
84.86787204450627 -3.121623506376696 1.5272257145411108
85.36856745479832 -3.1492592352937003 1.5326111012284542
85.86926286509038 -3.176810984041984 1.5379261393809305
86.36995827538249 -3.204278552364309 1.543171051736413
86.87065368567454 -3.231661740003432 1.5483460610327722
87.3713490959666 -3.2589603467021164 1.553451390007881
87.8720445062587 -3.2861741722031286 1.558487261399613
88.37273991655076 -3.3133030162492214 1.5634538979458377
88.87343532684281 -3.3403466785831593 1.5683515223844289
89.37413073713492 -3.3673049589477073 1.573180357453258
89.87482614742697 -3.394177657085622 1.5779406258901973
90.37552155771903 -3.420964572739664 1.582632550433119
90.87621696801114 -3.4476655056526 1.5872563538198965
91.37691237830319 -3.474280255567185 1.5918122587883996
91.87760778859524 -3.500808622226183 1.5963004880765013
92.37830319888735 -3.527250405372358 1.600721264422075
92.8789986091794 -3.5536054047484646 1.605074810562991
93.37969401947146 -3.5798734200972677 1.6093613492371226
93.88038942976357 -3.606054251161533 1.6135811031823417
94.38108484005562 -3.632147697684014 1.6177342951365206
94.88178025034773 -3.6581535594074768 1.6218211478375313
95.38247566063978 -3.684071636074679 1.625841884023246
95.88317107093184 -3.709901727428384 1.6297967264315356
96.38386648122395 -3.7356436332113554 1.633685897800274
96.884561891516 -3.7612971531663493 1.6375096208673328
97.38525730180805 -3.786862087036129 1.6412681183705837
97.88595271210016 -3.81233823456346 1.6449616130479
98.38664812239222 -3.8377253954910953 1.6485903276371516
98.88734353268427 -3.8630233695618013 1.6521544848762124
99.38803894297638 -3.8882319565183407 1.6556543075029548
99.88873435326843 -3.913350956103471 1.6590900182552497
100.38942976356049 -3.9383801680599535 1.6624618398709705
100.8901251738526 -3.9633193921305536 1.6657699950879885
101.39082058414465 -3.9881684280580276 1.6690147066441758
101.8915159944367 -4.012927075585139 1.6721961972774042
102.39221140472881 -4.03759513445465 1.6753146897255475
102.89290681502086 -4.062172404409319 1.6783704067264757
103.39360222531292 -4.0866586851919084 1.6813635710180623
103.89429763560503 -4.111053776545184 1.6842944053381794
104.39499304589708 -4.135357478211896 1.6871631324246992
104.89568845618913 -4.159569589934817 1.6899699750154933
105.39638386648124 -4.183689911456703 1.692715155848434
105.8970792767733 -4.207718242520317 1.6953988976613932
106.39777468706535 -4.231654382868415 1.6980214231922437
106.89847009735746 -4.2554981322437655 1.7005829551788572
107.39916550764951 -4.279249290389126 1.7030837163591044
107.89986091794157 -4.302907657047259 1.7055239294708606
108.40055632823368 -4.326473031960925 1.7079038172519962
108.90125173852573 -4.349945214872882 1.710223602440383
109.40194714881778 -4.373324005525896 1.712483507773893
109.90264255910989 -4.396609203662729 1.7146837559904
110.40333796940195 -4.419800609026137 1.7168245698277746
110.904033379694 -4.442898021358882 1.718906172023889
111.40472878998611 -4.465901240403735 1.720928785316616
111.90542420027816 -4.488810065903442 1.7228926324438278
112.40611961057022 -4.511624297600774 1.724797936143395
112.90681502086233 -4.53434373523849 1.7266449191531925
113.40751043115438 -4.55696817855935 1.7284338042110892
113.90820584144643 -4.579497427306116 1.7301648140549606
114.40890125173854 -4.601931281221551 1.7318381714226758
114.9095966620306 -4.624269540048415 1.7334540990521083
115.41029207232265 -4.646512003529468 1.7350128196811316
115.91098748261476 -4.668658471407474 1.7365145560476156
116.41168289290681 -4.690708743425187 1.737959530889433
116.91237830319886 -4.712662619325377 1.739347966944456
117.41307371349097 -4.734519898850804 1.7406800869505576
117.91376912378303 -4.756280381744224 1.7419561136456094
118.41446453407508 -4.7779438677484 1.743176269767483
118.91515994436719 -4.799510156606097 1.7443407780540512
119.41585535465924 -4.820979048060073 1.745449861243186
119.9165507649513 -4.8423503418530895 1.746503742072759
120.4172461752434 -4.863623837727909 1.7475026432806438
120.91794158553546 -4.884799335427289 1.7484467876047103
121.41863699582751 -4.905876634693994 1.749336397782833
121.91933240611962 -4.9268555352707875 1.750171696552882
122.42002781641168 -4.947735836900426 1.75095290665273
122.92072322670373 -4.968517339325672 1.7516802508202507
123.42141863699584 -4.98919984228929 1.7523539517933147
123.92211404728789 -5.009783145534035 1.7529742323097937
124.42280945757994 -5.030267048802672 1.753541315107562
124.92350486787205 -5.050651351837965 1.7540554229244893
125.42420027816411 -5.07093585438267 1.75451677849845
125.92489568845616 -5.091120356179548 1.7549256045673132
126.42559109874827 -5.111204656971367 1.7552821238689535
126.92628650904032 -5.131188556500883 1.7555865591412436
127.42698191933238 -5.151071854510857 1.7558391331220529
127.92767732962449 -5.170854350744051 1.756040068549257
128.42837273991654 -5.190535844943225 1.7561895881607246
128.9290681502086 -5.210116136851143 1.7562879146943295
129.4297635605007 -5.229595026210566 1.7563352708879432
129.93045897079276 -5.248972312764252 1.756331879479439
130.4311543810848 -5.268247796254963 1.756277963206689
130.93184979137692 -5.287421276425466 1.756173744807564
131.43254520166897 -5.306492553018515 1.7560194470199364
131.93324061196108 -5.325461425776874 1.75581529258168
132.43393602225314 -5.3443276944433045 1.7555615042306645
132.9346314325452 -5.3630911587605645 1.755258304704765
133.4353268428373 -5.381751618471423 1.7549059167418504
133.93602225312935 -5.400308873318632 1.7545045630797942
134.4367176634214 -5.418762723044958 1.7540544664564695
134.93741307371351 -5.437112967393164 1.753555849609747
135.43810848400557 -5.455359406106007 1.7530089352775007
135.93880389429762 -5.473501838926245 1.7524139461975996
136.43949930458973 -5.49154006559665 1.7517711051079194
136.94019471488178 -5.509473885859974 1.7510806347463292
137.44089012517384 -5.527303099458981 1.7503427578507038
137.94158553546595 -5.545027506136435 1.749557697158913
138.442280945758 -5.56264690563509 1.748725675408831
138.94297635605005 -5.580161097697715 1.7478469153383287
139.44367176634216 -5.597569882067068 1.7469216396852785
139.94436717663422 -5.614873058485911 1.7459500711875524
140.44506258692627 -5.632070426697 1.7449324325830222
140.94575799721838 -5.649161786443106 1.7438689466095618
141.44645340751043 -5.6661469374669835 1.7427598360050407
141.94714881780249 -5.683025679511394 1.7416053235073328
142.4478442280946 -5.699797812319101 1.7404056318543097
142.94853963838665 -5.716463135632862 1.7391609837838433
143.4492350486787 -5.7330214491954425 1.7378716020338079
143.9499304589708 -5.749472552749603 1.736537709342071
144.45062586926286 -5.765816246038105 1.73515952844651
144.95132127955492 -5.782052328803703 1.7337372820849937
145.45201668984703 -5.798180600789168 1.7322711929953942
145.95271210013908 -5.814200861737254 1.730761483915586
146.45340751043113 -5.830112911390728 1.72920837758344
146.95410292072324 -5.8459165494923475 1.7276120967368271
147.4547983310153 -5.861611575784874 1.7259728641136207
147.95549374130735 -5.877197790011067 1.7242909024516933
148.45618915159946 -5.892674991913692 1.7225664344889169
148.9568845618915 -5.908042981235509 1.7207996829631615
149.45757997218357 -5.923301557719277 1.718990870612302
149.95827538247568 -5.938450521107759 1.7171402201742096
150.45897079276773 -5.953489671143714 1.715247954386756
150.95966620305978 -5.968418807569906 1.7133142959878143
151.4603616133519 -5.983237730129096 1.7113394677152556
151.96105702364395 -5.997946238564044 1.709323692306953
152.461752433936 -6.01254413261751 1.707267192500777
152.9624478442281 -6.027031212032259 1.7051701910346013
153.46314325452016 -6.04140727655105 1.7030329106462982
153.96383866481222 -6.055672125916642 1.7008555740737386
154.46453407510432 -6.069825559871802 1.6986384040547948
154.96522948539638 -6.083867378159283 1.6963816233273397
155.46592489568843 -6.097797380521852 1.6940854546292465
155.96662030598054 -6.111615366702273 1.6917501206983836
156.4673157162726 -6.125321136443299 1.689375844272627
156.96801112656465 -6.138914489487696 1.6869628480898475
157.46870653685676 -6.152395225578228 1.684511354887916
157.9694019471488 -6.1657631444576495 1.682021587404706
158.47009735744086 -6.179018045868725 1.6794937683780917
158.97079276773297 -6.192159729554218 1.6769281205459396
159.47148817802503 -6.205187995256887 1.6743248666461277
159.97218358831708 -6.218102642719492 1.671684229416523
160.4728789986092 -6.2309034716847975 1.669006431595002
160.97357440890124 -6.243590281895562 1.6662916959194343
161.4742698191933 -6.256162873094551 1.6635402451276935
161.9749652294854 -6.2686210450245206 1.6607523019576504
162.47566063977746 -6.280964597428232 1.6579280891471795
162.9763560500695 -6.293193330048451 1.6550678294341488
163.47705146036162 -6.305307042627936 1.6521717455564335
163.97774687065368 -6.317305534909448 1.6492400602519064
164.47844228094573 -6.329188606635746 1.6462729962584373
164.97913769123784 -6.340956057549597 1.6432707763138987
165.4798331015299 -6.352607687393759 1.6402336231561643
165.98052851182194 -6.364143295910994 1.6371617595231056
166.48122392211405 -6.375562682844061 1.6340554081525935
166.9819193324061 -6.386865647935721 1.6309147917825033
167.48261474269816 -6.398051990928739 1.6277401331507022
167.98331015299027 -6.409121511565873 1.6245316549950655
168.48400556328232 -6.420074009589888 1.6212895800534657
168.98470097357443 -6.4309092847435405 1.6180141310637746
169.4853963838665 -6.441627136769595 1.6147055307638638
169.98609179415854 -6.452227365410808 1.6113640018916051
170.48678720445065 -6.462709770409949 1.607989767184871
170.9874826147427 -6.473074151509772 1.6045830493815352
171.48817802503476 -6.48332030845304 1.6011440712194664
171.98887343532687 -6.493448040982518 1.5976730554365393
172.48956884561892 -6.50345714884096 1.5941702247706253
172.99026425591097 -6.513347431771132 1.590635801959598
173.49095966620308 -6.523118689515796 1.5870700097413257
173.99165507649514 -6.5327707218177125 1.5834730708536853
174.4923504867872 -6.542303328419639 1.5798452080345466
174.9930458970793 -6.551716309064341 1.5761866440217815
175.49374130737135 -6.56100946349458 1.5724976015532617
175.9944367176634 -6.570182591453113 1.5687783033668623
176.49513212795551 -6.579235492682704 1.5650289722004507
176.99582753824757 -6.588167966926115 1.561249830791903
177.49652294853962 -6.596979813926106 1.557441101879089
177.99721835883173 -6.605670833425437 1.5536030081998824
178.49791376912378 -6.614240825166872 1.5497357724921557
178.99860917941584 -6.62268958889317 1.5458396174937787
179.49930458970795 -6.631016924347094 1.541914765942625
180.0 -6.639222631271403 1.5379614405765665
