-7.950126749493362510e-01
-1.042883561589635466e+00
-1.354587014054652538e+00
-1.678942673718080592e+00
-1.958509095141694578e+00
-2.137538944552213493e+00
-2.326603668742394770e+00
-2.460001231422677570e+00
-2.575175601013104831e+00
-2.674947662656968816e+00
-2.746331454080297441e+00
-2.801467374992769432e+00
-2.841535335678569751e+00
-2.861748366629341067e+00
-2.856944516050984095e+00
-2.815920895323536399e+00
-2.763276710748335141e+00
-3.233517005251269616e+00
-4.031224934791705294e+00
-7.950126749493358069e-01
-1.042883561589634578e+00
-1.354587014054651206e+00
-1.678942673718081036e+00
-1.958509095141695244e+00
-2.137538944552214382e+00
-2.326603668742392550e+00
-2.460001231422679346e+00
-2.575175601013102611e+00
-2.674947662656966152e+00
-2.746331454080297441e+00
-2.801467374992772097e+00
-2.841535335678571972e+00
-2.861748366629341511e+00
-2.856944516050985428e+00
-2.815920895323544837e+00
-2.763276710748350684e+00
-3.233517005251266063e+00
-4.031224934791714176e+00
-7.950126749493360290e-01
-1.042883561589635022e+00
-1.354587014054650318e+00
-1.678942673718081480e+00
-1.958509095141694134e+00
-2.137538944552213049e+00
-2.326603668742391218e+00
-2.460001231422677126e+00
-2.575175601013100835e+00
-2.674947662656967928e+00
-2.746331454080295664e+00
-2.801467374992768988e+00
-2.841535335678570195e+00
-2.861748366629342843e+00
-2.856944516050984539e+00
-2.815920895323544393e+00
-2.763276710748336917e+00
-3.233517005251265175e+00
-4.031224934791707959e+00
-4.051705421195790535e+01
-4.175257657170277525e+01
-3.847389359428606070e+01
-3.858664592506925572e+01
-3.980667905433190867e+01
-4.055277224497486799e+01
-4.080042090692824530e+01
-4.067486799120960939e+01
-4.023922009935577648e+01
-3.955624909444854609e+01
-3.885431939664339751e+01
-4.182485740991521794e+01
-4.340803825404297811e+01
-4.025212523543378751e+01
-4.055239740879002142e+01
-4.195637338127421145e+01
-4.286955092290674685e+01
-4.324652801181512984e+01
-4.318841539015790687e+01
-4.276463537954907679e+01
-4.204280314655046169e+01
-4.114906044186414391e+01
-4.365654832473476432e+01
-4.467007018150461306e+01
-4.120915738642044346e+01
-4.151825723119758038e+01
-4.303214107161095114e+01
-4.407675136253872950e+01
-4.460514564134427218e+01
-4.471377898151940400e+01
-4.446662178358735673e+01
-4.392854051095179102e+01
-4.311092433177044825e+01
-4.051705421195796220e+01
-4.175257657170282499e+01
-3.847389359428603939e+01
-3.858664592506923441e+01
-3.980667905433191578e+01
-4.055277224497488930e+01
-4.080042090692826662e+01
-4.067486799120964491e+01
-4.023922009935576938e+01
-3.955624909444856740e+01
-3.885431939664336909e+01
-4.182485740991515399e+01
-4.340803825404293548e+01
-4.025212523543380883e+01
-4.055239740879001431e+01
-4.195637338127423277e+01
-4.286955092290672553e+01
-4.324652801181513695e+01
-4.318841539015785713e+01
-4.276463537954906258e+01
-4.204280314655044037e+01
-4.114906044186409417e+01
-4.365654832473480695e+01
-4.467007018150459174e+01
-4.120915738642048609e+01
-4.151825723119755196e+01
-4.303214107161095114e+01
-4.407675136253870107e+01
-4.460514564134435744e+01
-4.471377898151934716e+01
-4.446662178358744200e+01
-4.392854051095184076e+01
-4.311092433177049088e+01
-4.051705421195794088e+01
-4.175257657170276104e+01
-3.847389359428601807e+01
-3.858664592506926283e+01
-3.980667905433190867e+01
-4.055277224497488930e+01
-4.080042090692825241e+01
-4.067486799120963781e+01
-4.023922009935578359e+01
-3.955624909444853898e+01
-3.885431939664343304e+01
-4.182485740991518952e+01
-4.340803825404297100e+01
-4.025212523543379461e+01
-4.055239740878998589e+01
-4.195637338127422566e+01
-4.286955092290673264e+01
-4.324652801181515827e+01
-4.318841539015788555e+01
-4.276463537954907679e+01
-4.204280314655044748e+01
-4.114906044186412970e+01
-4.365654832473489932e+01
-4.467007018150458464e+01
-4.120915738642050030e+01
-4.151825723119755196e+01
-4.303214107161097246e+01
-4.407675136253868686e+01
-4.460514564134435744e+01
-4.471377898151934005e+01
-4.446662178358742068e+01
-4.392854051095181234e+01
-4.311092433177049799e+01
