5.250907155464609906e-03
1.857682256057741413e-02
3.510829175399970969e-02
5.329760496798375408e-02
7.241715309701197978e-02
9.230485544807283393e-02
1.130913052938937041e-01
1.348346404231086926e-01
1.575309331537138313e-01
1.810927927015233974e-01
2.053509659974507850e-01
2.300853010815511746e-01
2.549891321041410919e-01
2.799088289000630225e-01
3.046718230210360701e-01
3.290400158476514680e-01
3.526724155740408873e-01
3.752357917024536915e-01
3.965944365252939696e-01
4.164949624326290678e-01
4.344869969048285041e-01
4.503267599001437027e-01
4.630520263101473022e-01
4.735999517257269420e-01
4.813639148696747250e-01
4.843530754599616461e-01
4.785246512352587800e-01
4.531884833739285301e-01
3.704422938518551200e-01
1.236562526510822432e-03
1.295541281611960194e-02
2.845747139652808275e-02
4.591062641537957401e-02
6.450591110525369376e-02
8.404092374971620927e-02
1.045924264911093082e-01
1.261232914500909907e-01
1.485938450125577903e-01
1.719543040418031465e-01
1.960437832664841118e-01
2.206573412799618661e-01
2.455643398520859777e-01
2.704157192644914831e-01
2.951330953809807589e-01
3.195056151070831962e-01
3.432548711200461011e-01
3.659109958516076344e-01
3.874105413257749597e-01
4.075365540632430728e-01
4.259175095794038857e-01
4.424882320771945654e-01
4.565781004794681186e-01
4.675595615223531176e-01
4.756862748286111997e-01
4.790054968435408789e-01
4.735495151381147738e-01
4.487090890540684773e-01
3.669121666748269561e-01
2.417934082627937534e-03
1.431421678455761098e-02
2.964481183020496041e-02
4.672757657674671272e-02
6.488603648206578423e-02
8.402860852819557524e-02
1.042805400601903992e-01
1.256052766654951192e-01
1.479402790121027156e-01
1.712202668704071729e-01
1.952660005037116231e-01
2.198553426727090365e-01
2.447379774295444510e-01
2.695692911446124218e-01
2.942683238229284459e-01
3.186172113151603535e-01
3.423107968686899816e-01
3.649419176219581007e-01
3.864267427510025277e-01
4.065361399058049496e-01
4.248866375390769612e-01
4.415279449161390035e-01
4.559749045341857099e-01
4.670561524020256927e-01
4.751999855608165513e-01
4.785950227186088757e-01
4.733537141109900870e-01
4.489245548740670166e-01
3.674086559218510684e-01
-1.523071366229999946e-01
-1.879564151444969855e-01
-2.147695868301260913e-01
-2.394779047787151394e-01
-2.629049781209749082e-01
-2.850669283460280923e-01
-3.063187922945902475e-01
-3.290128721632422093e-01
-3.511890438440619100e-01
-3.726915808301810573e-01
-3.934509278113397790e-01
-4.134067912492204178e-01
-4.324966749191961890e-01
-4.506596138051319755e-01
-4.678042629885115211e-01
-4.837672746325465400e-01
-4.984625861108236133e-01
-5.118262330757642475e-01
-5.239182181628755375e-01
-5.346616563444416270e-01
-5.445152016928989092e-01
-5.530370604932028922e-01
-5.617992029247219632e-01
-5.687609432984903624e-01
-5.708253801924602078e-01
-5.658676662519518397e-01
-5.509786964036748058e-01
-5.172409757038143319e-01
-3.955772533078880104e-01
-1.507627229674770308e-01
-1.863444339084827095e-01
-2.131680391806962949e-01
-2.378985654123623172e-01
-2.613380482075201572e-01
-2.834971903771872359e-01
-3.046837976991440544e-01
-3.272303695297628101e-01
-3.493763047088567775e-01
-3.708599320744560557e-01
-3.916051756134176776e-01
-4.115502486861941644e-01
-4.306317044779217063e-01
-4.487877733022575533e-01
-4.659265783889293688e-01
-4.818843169059965348e-01
-4.965738768439761919e-01
-5.099296733666884851e-01
-5.220087004123046270e-01
-5.327286716206556250e-01
-5.425303366287024254e-01
-5.509361869605433615e-01
-5.587020065982871708e-01
-5.656528156202133006e-01
-5.677931220967583625e-01
-5.630442095070092856e-01
-5.491857453452384519e-01
-5.158594601380055433e-01
-3.947132660233569346e-01
-1.535856360404265486e-01
-1.893549284047376657e-01
-2.162436794691980080e-01
-2.410153854027732023e-01
-2.644949168837186226e-01
-2.866976934501178076e-01
-3.081508136810523490e-01
-3.308862086986712470e-01
-3.530858313130385007e-01
-3.746047472978140669e-01
-3.953760973213193974e-01
-4.153409270984548818e-01
-4.344376803983344693e-01
-4.526061915596072960e-01
-4.697557825098733209e-01
-4.857236790253903758e-01
-5.004250509690993942e-01
-5.137973483626272486e-01
-5.259029496797678060e-01
-5.366694419226405444e-01
-5.465746720173345619e-01
-5.552169294574809122e-01
-5.650182392572487000e-01
-5.720051784476081203e-01
-5.740225139337243876e-01
-5.689065598426406023e-01
-5.530056052805124578e-01
-5.196367278779482346e-01
-3.981767609170512867e-01
8.772234237500802726e-04
1.220250020708233719e-02
2.721380196580618083e-02
4.410527957389762110e-02
6.214215887602917571e-02
8.119236447558751679e-02
1.013540450443810720e-01
1.225786973264238328e-01
1.447643422267758939e-01
1.678698849390679315e-01
1.917244456505489691e-01
2.161145094463376992e-01
2.408049970782934479e-01
2.654518692974434657e-01
2.899471241686359391e-01
3.140982772994711514e-01
3.376297789155640050e-01
3.600823164743738869e-01
3.814025708580501273e-01
4.013846468757255037e-01
4.196566208043998047e-01
4.362806894056600049e-01
4.509801817394485379e-01
4.627133074961644055e-01
4.710056035456071100e-01
4.744646404523966687e-01
4.693261569390173582e-01
4.451297917501207957e-01
3.642970919876605818e-01
4.875973222138838166e-03
1.786229044438004954e-02
3.399327020434723956e-02
5.173716866626780486e-02
7.042659505003920350e-02
8.995654489829417455e-02
1.104725598597884606e-01
1.320165606689507054e-01
1.545631742508083717e-01
1.780148296827029353e-01
2.021890511994691164e-01
2.268536238154039153e-01
2.516823425945984294e-01
2.765414338887823287e-01
3.012501299386282638e-01
3.255644664089516471e-01
3.491120779472222102e-01
3.716340390659944037e-01
3.929676421187806579e-01
4.128201350388994162e-01
4.308903985477426368e-01
4.471082144646158496e-01
4.604117957849845344e-01
4.710858180190476974e-01
4.788793084513994769e-01
4.819590025457680671e-01
4.763659314637714304e-01
4.514856282751465444e-01
3.693137235985331501e-01
3.340374145538862766e-03
1.595198320599180639e-02
3.207794335809779213e-02
5.001952830918317272e-02
6.897951266672164294e-02
8.874631734727625454e-02
1.094126204579863315e-01
1.309960191205638280e-01
1.534925557302431187e-01
1.768288831754852852e-01
2.008435552166132343e-01
2.253268330754490956e-01
2.500021852969886438e-01
2.746508986430520882e-01
2.991366190292964466e-01
3.232321595889037780e-01
3.466193148148998260e-01
3.689240202474287633e-01
3.900410879317739998e-01
4.097444526761613304e-01
4.276322270554390736e-01
4.437158372681020979e-01
4.572646398532613232e-01
4.678281038936739633e-01
4.755462345471704877e-01
4.784908849570672640e-01
4.727394123738480891e-01
4.477368553674458407e-01
3.659761034803543089e-01
-1.521185832328848797e-01
-1.878026507586652294e-01
-2.146747226264158759e-01
-2.394411790957651776e-01
-2.629123153997562357e-01
-2.851004420681176876e-01
-3.063695335200319336e-01
-3.290681424520861542e-01
-3.512445788756410336e-01
-3.727456177009749738e-01
-3.935028415579659988e-01
-4.134564103791110168e-01
-4.325439614045125114e-01
-4.507045886366033982e-01
-4.678470886566616915e-01
-4.838083009856364303e-01
-4.985024204809578308e-01
-5.118654799077583251e-01
-5.239570765936467645e-01
-5.346996121768209376e-01
-5.445520467745454951e-01
-5.530744118158480438e-01
-5.618535226501735202e-01
-5.688191253301065897e-01
-5.708935908944526849e-01
-5.659548025636280677e-01
-5.510719437315456659e-01
-5.176448378649255444e-01
-3.962536019883529104e-01
-1.538430192269879815e-01
-1.896275699188038621e-01
-2.165139121924726517e-01
-2.412823750323614680e-01
-2.647649416375302822e-01
-2.869785932703043940e-01
-3.084783142772712372e-01
-3.312365652776234071e-01
-3.534558169210955114e-01
-3.749910461358101910e-01
-3.957747256966397398e-01
-4.157474750749173276e-01
-4.348475025359037072e-01
-4.530144775800192258e-01
-4.701575026609903230e-01
-4.861135719162916202e-01
-5.007977586481725529e-01
-5.141476448781705511e-01
-5.262260747146960682e-01
-5.369613525138638987e-01
-5.468326122446707238e-01
-5.554395191513198382e-01
-5.652692342636782552e-01
-5.721707888045247659e-01
-5.740884750994352803e-01
-5.688631987830660153e-01
-5.528825680023760070e-01
-5.191681294096227584e-01
-3.974002736401568980e-01
-1.506946627774067571e-01
-1.862255193974395873e-01
-2.129919377721000706e-01
-2.376672227727720799e-01
-2.610590964814140658e-01
-2.831801700162880908e-01
-3.043367191608478128e-01
-3.268179629892216664e-01
-3.489397759954412925e-01
-3.704062780630303919e-01
-3.911391843141189817e-01
-4.110764398653440344e-01
-4.301546605062344097e-01
-4.483121872721369527e-01
-4.654572494131531402e-01
-4.814262049451239478e-01
-4.961319512741160231e-01
-5.095089726183923418e-01
-5.216142557273996117e-01
-5.323653932908695152e-01
-5.422006795460599937e-01
-5.506378063510251053e-01
-5.583362290192884769e-01
-5.653604938096228327e-01
-5.675776706588390175e-01
-5.628989995451971762e-01
-5.491115919582990612e-01
-5.155234610973500331e-01
-3.941188186948398342e-01
