-6.763378631397524154e-01
-6.397253559630105002e-01
-6.739252227593155453e-01
-7.270041177660977461e-01
-8.086611721438834444e-01
-9.175046438693335027e-01
-1.018034986367412298e+00
-1.113211700377929603e+00
-1.211781809185329628e+00
-1.316770555140629462e+00
-1.431996427939732364e+00
-1.562238359928324272e+00
-1.617440200881310908e+00
-1.661673747319714067e+00
-1.714994149165957715e+00
-1.771603133686459053e+00
-1.829355228909200548e+00
-1.887695834481021073e+00
-1.946793993996341676e+00
-2.007838987784912987e+00
-2.044148896247069302e+00
-2.076720881929354334e+00
-2.109280428818269826e+00
-2.140831992001032802e+00
-2.170820654115061643e+00
-2.198972063896972529e+00
-2.225255476433341428e+00
-2.249926170574944706e+00
-2.269959510902621602e+00
-2.285079704704219949e+00
-2.299059085330295460e+00
-2.311972959478881151e+00
-2.323898632712134926e+00
-2.334678751976657196e+00
-2.343734382656176507e+00
-2.349971152491352910e+00
-2.351899626892604900e+00
-2.346140053487097532e+00
-2.331556404106796876e+00
-2.310268426877518877e+00
-2.284859040938957975e+00
-2.260123243117451608e+00
-2.241636006258341141e+00
-2.237659246762680354e+00
-2.398782357162955847e+00
-2.950755638911653378e+00
-3.269766072883605545e+00
-3.523864689116797067e+00
-4.669624930373573513e+00
-6.763378631397480856e-01
-6.397253559630073916e-01
-6.739252227593095501e-01
-7.270041177660977461e-01
-8.086611721438763389e-01
-9.175046438693379436e-01
-1.018034986367411854e+00
-1.113211700377928270e+00
-1.211781809185322079e+00
-1.316770555140614363e+00
-1.431996427939723482e+00
-1.562238359928326048e+00
-1.617440200881303802e+00
-1.661673747319724725e+00
-1.714994149165951498e+00
-1.771603133686460829e+00
-1.829355228909209430e+00
-1.887695834481011303e+00
-1.946793993996353223e+00
-2.007838987784897000e+00
-2.044148896247058644e+00
-2.076720881929370321e+00
-2.109280428818269826e+00
-2.140831992001034578e+00
-2.170820654115061643e+00
-2.198972063896986739e+00
-2.225255476433325441e+00
-2.249926170574934048e+00
-2.269959510902630484e+00
-2.285079704704216397e+00
-2.299059085330299013e+00
-2.311972959478890033e+00
-2.323898632712152690e+00
-2.334678751976642985e+00
-2.343734382656176507e+00
-2.349971152491367121e+00
-2.351899626892613782e+00
-2.346140053487092203e+00
-2.331556404106809310e+00
-2.310268426877575720e+00
-2.284859040938979291e+00
-2.260123243117437397e+00
-2.241636006258355351e+00
-2.237659246762689236e+00
-2.398782357162945189e+00
-2.950755638911685352e+00
-3.269766072883601993e+00
-3.523864689116775750e+00
-4.669624930373585059e+00
-6.763378631397548579e-01
-6.397253559630087238e-01
-6.739252227593162115e-01
-7.270041177660930831e-01
-8.086611721438825562e-01
-9.175046438693343909e-01
-1.018034986367419403e+00
-1.113211700377927382e+00
-1.211781809185333181e+00
-1.316770555140621468e+00
-1.431996427939717265e+00
-1.562238359928323383e+00
-1.617440200881315349e+00
-1.661673747319720285e+00
-1.714994149165956827e+00
-1.771603133686452836e+00
-1.829355228909195219e+00
-1.887695834481021961e+00
-1.946793993996347893e+00
-2.007838987784907658e+00
-2.044148896247069302e+00
-2.076720881929366769e+00
-2.109280428818255615e+00
-2.140831992001041684e+00
-2.170820654115052761e+00
-2.198972063896993845e+00
-2.225255476433337876e+00
-2.249926170574948259e+00
-2.269959510902618049e+00
-2.285079704704205739e+00
-2.299059085330291907e+00
-2.311972959478897138e+00
-2.323898632712118939e+00
-2.334678751976664302e+00
-2.343734382656167625e+00
-2.349971152491361792e+00
-2.351899626892610229e+00
-2.346140053487090427e+00
-2.331556404106809310e+00
-2.310268426877536641e+00
-2.284859040938963304e+00
-2.260123243117433844e+00
-2.241636006258346470e+00
-2.237659246762685683e+00
-2.398782357162957624e+00
-2.950755638911662260e+00
-3.269766072883612651e+00
-3.523864689116784632e+00
-4.669624930373566407e+00
-3.279117135149034823e+01
-3.451999116474348739e+01
-3.563482275400356514e+01
-3.637519438867406052e+01
-3.685582669411915191e+01
-3.734285250384175470e+01
-3.787478133697553062e+01
-3.838777695960401104e+01
-3.886280133648833868e+01
-3.927610821223908033e+01
-3.963874831426885237e+01
-3.994638587216094550e+01
-4.020039172896493795e+01
-4.040535000018402201e+01
-4.056441305729764224e+01
-4.067839309540859460e+01
-4.074432140078005204e+01
-4.076105398887191456e+01
-4.072790330021952343e+01
-4.063854568735033013e+01
-4.050506149376271736e+01
-4.033039281965857015e+01
-4.013575456813946118e+01
-3.991201624517209723e+01
-3.965711539421079834e+01
-3.937613828648163405e+01
-3.908363086887850102e+01
-3.881234272535697727e+01
-3.863125553063494522e+01
-2.890357847208876052e+01
-3.155053347125937080e+01
-3.315507219353812474e+01
-3.427828442982978174e+01
-3.508429003979178162e+01
-3.564378652446673357e+01
-3.598691358871534618e+01
-3.625424205213502660e+01
-3.657130765945073847e+01
-3.690258972186427400e+01
-3.720692016878583530e+01
-3.747672804491807597e+01
-3.769400945014926663e+01
-3.786114151923572280e+01
-3.798122227890580405e+01
-3.805597574194084132e+01
-3.808624641990988380e+01
-3.807227563617032473e+01
-3.801382153575853806e+01
-3.791156624963694100e+01
-3.776385618230430197e+01
-3.757024447004353362e+01
-3.734910003249301980e+01
-3.709219777761570214e+01
-3.681909860693983916e+01
-3.654828208048126470e+01
-3.629270172455273524e+01
-3.610225333551620253e+01
-3.617346363531476072e+01
-3.221561570204877967e+01
-3.434589549481313497e+01
-3.573401060212948721e+01
-3.672607792472821586e+01
-3.741474601928130284e+01
-3.793708331105871423e+01
-3.837873681316084173e+01
-3.881988726619714214e+01
-3.926223356667714626e+01
-3.965620703685873139e+01
-4.001187876047004011e+01
-4.031024901389024251e+01
-4.055480675171018845e+01
-4.074715045343846498e+01
-4.088775205286521697e+01
-4.097629253437680319e+01
-4.101167212395701256e+01
-4.100129209017367771e+01
-4.094693845789561948e+01
-4.083748204675806903e+01
-4.069822357582344807e+01
-4.051128506402627494e+01
-4.029401405330413155e+01
-4.004279796839718131e+01
-3.975450275815207846e+01
-3.943484018465120045e+01
-3.910049592475712643e+01
-3.875741751023632986e+01
-3.843452693154848276e+01
-3.279117135149022744e+01
-3.451999116474307527e+01
-3.563482275400350829e+01
-3.637519438867382604e+01
-3.685582669411900980e+01
-3.734285250384159838e+01
-3.787478133697535299e+01
-3.838777695960402525e+01
-3.886280133648821078e+01
-3.927610821223895243e+01
-3.963874831426878131e+01
-3.994638587216087444e+01
-4.020039172896492374e+01
-4.040535000018395095e+01
-4.056441305729769908e+01
-4.067839309540862303e+01
-4.074432140078025100e+01
-4.076105398887190745e+01
-4.072790330021949501e+01
-4.063854568735055039e+01
-4.050506149376288079e+01
-4.033039281965860567e+01
-4.013575456813963882e+01
-3.991201624517221802e+01
-3.965711539421089782e+01
-3.937613828648178327e+01
-3.908363086887854365e+01
-3.881234272535710517e+01
-3.863125553063510864e+01
-2.890357847208819209e+01
-3.155053347125960528e+01
-3.315507219353835211e+01
-3.427828442983005175e+01
-3.508429003979195215e+01
-3.564378652446713147e+01
-3.598691358871577251e+01
-3.625424205213543871e+01
-3.657130765945107242e+01
-3.690258972186464348e+01
-3.720692016878614083e+01
-3.747672804491838150e+01
-3.769400945014942295e+01
-3.786114151923591464e+01
-3.798122227890586089e+01
-3.805597574194092658e+01
-3.808624641990977722e+01
-3.807227563617042421e+01
-3.801382153575858069e+01
-3.791156624963687705e+01
-3.776385618230415986e+01
-3.757024447004340573e+01
-3.734910003249292032e+01
-3.709219777761552450e+01
-3.681909860693971837e+01
-3.654828208048100890e+01
-3.629270172455248655e+01
-3.610225333551603910e+01
-3.617346363531451914e+01
-3.221561570204886493e+01
-3.434589549481311366e+01
-3.573401060212940195e+01
-3.672607792472822297e+01
-3.741474601928130994e+01
-3.793708331105850107e+01
-3.837873681316068541e+01
-3.881988726619690766e+01
-3.926223356667716757e+01
-3.965620703685864612e+01
-4.001187876046979142e+01
-4.031024901389019277e+01
-4.055480675171006055e+01
-4.074715045343830866e+01
-4.088775205286514591e+01
-4.097629253437655450e+01
-4.101167212395702677e+01
-4.100129209017359955e+01
-4.094693845789566922e+01
-4.083748204675798377e+01
-4.069822357582341255e+01
-4.051128506402625362e+01
-4.029401405330412445e+01
-4.004279796839720973e+01
-3.975450275815203582e+01
-3.943484018465126439e+01
-3.910049592475722591e+01
-3.875741751023647907e+01
-3.843452693154851829e+01
-3.279117135149023454e+01
-3.451999116474317475e+01
-3.563482275400353672e+01
-3.637519438867377630e+01
-3.685582669411888190e+01
-3.734285250384162680e+01
-3.787478133697525351e+01
-3.838777695960386893e+01
-3.886280133648805446e+01
-3.927610821223899507e+01
-3.963874831426887368e+01
-3.994638587216094550e+01
-4.020039172896495927e+01
-4.040535000018387279e+01
-4.056441305729755697e+01
-4.067839309540848802e+01
-4.074432140077999520e+01
-4.076105398887205666e+01
-4.072790330021946659e+01
-4.063854568735055750e+01
-4.050506149376275999e+01
-4.033039281965854173e+01
-4.013575456813964593e+01
-3.991201624517222513e+01
-3.965711539421090492e+01
-3.937613828648180458e+01
-3.908363086887856497e+01
-3.881234272535709806e+01
-3.863125553063517259e+01
-2.890357847208831998e+01
-3.155053347125964436e+01
-3.315507219353838764e+01
-3.427828442983012280e+01
-3.508429003979208005e+01
-3.564378652446715989e+01
-3.598691358871575829e+01
-3.625424205213548845e+01
-3.657130765945102979e+01
-3.690258972186466480e+01
-3.720692016878615505e+01
-3.747672804491833887e+01
-3.769400945014944426e+01
-3.786114151923592175e+01
-3.798122227890586089e+01
-3.805597574194092658e+01
-3.808624641990984117e+01
-3.807227563617036736e+01
-3.801382153575856648e+01
-3.791156624963686994e+01
-3.776385618230415275e+01
-3.757024447004344836e+01
-3.734910003249295585e+01
-3.709219777761551029e+01
-3.681909860693962599e+01
-3.654828208048100180e+01
-3.629270172455249366e+01
-3.610225333551584725e+01
-3.617346363531458309e+01
-3.221561570204897862e+01
-3.434589549481326287e+01
-3.573401060212936642e+01
-3.672607792472815191e+01
-3.741474601928130994e+01
-3.793708331105845133e+01
-3.837873681316060015e+01
-3.881988726619690055e+01
-3.926223356667698283e+01
-3.965620703685860349e+01
-4.001187876046991221e+01
-4.031024901389010751e+01
-4.055480675171006055e+01
-4.074715045343833708e+01
-4.088775205286515302e+01
-4.097629253437652608e+01
-4.101167212395688466e+01
-4.100129209017369902e+01
-4.094693845789547737e+01
-4.083748204675807614e+01
-4.069822357582343386e+01
-4.051128506402621809e+01
-4.029401405330408892e+01
-4.004279796839719552e+01
-3.975450275815198609e+01
-3.943484018465128571e+01
-3.910049592475721170e+01
-3.875741751023646486e+01
-3.843452693154851119e+01
