-9.000381659146110547e-01
-1.424929615912807979e+00
-1.775535126858462931e+00
-2.011467716871096378e+00
-2.203497920385030451e+00
-2.360481206116162411e+00
-2.484185363048490469e+00
-2.575837284287951778e+00
-2.634319800910831511e+00
-2.657173175282383060e+00
-2.632065620272077133e+00
-2.515777611044794693e+00
-2.273969882288644051e+00
-2.641390051001953232e+00
-9.000381659146117208e-01
-1.424929615912809089e+00
-1.775535126858462931e+00
-2.011467716871097267e+00
-2.203497920385035336e+00
-2.360481206116166852e+00
-2.484185363048492690e+00
-2.575837284287954887e+00
-2.634319800910826626e+00
-2.657173175282387945e+00
-2.632065620272079798e+00
-2.515777611044795581e+00
-2.273969882288636057e+00
-2.641390051001950123e+00
-9.000381659146112767e-01
-1.424929615912811087e+00
-1.775535126858464485e+00
-2.011467716871096822e+00
-2.203497920385035336e+00
-2.360481206116166852e+00
-2.484185363048494910e+00
-2.575837284287954887e+00
-2.634319800910831511e+00
-2.657173175282387501e+00
-2.632065620272087347e+00
-2.515777611044802242e+00
-2.273969882288663147e+00
-2.641390051002000305e+00
-3.691278287328746899e+01
-2.137540725304268818e+01
-3.938618698606409652e+01
-2.476360870989830332e+01
-3.807373732434439972e+01
-2.779758949240456900e+01
-3.734987786675830534e+01
-3.066038730376257604e+01
-4.156755824144059375e+01
-3.667839985326001795e+01
-2.098838346108608377e+01
-3.797509281036128925e+01
-2.362682023131046094e+01
-3.591622392538754127e+01
-2.577569139097179018e+01
-3.437996178811536652e+01
-2.763211584787936559e+01
-3.732493250223737391e+01
-3.795777414427353591e+01
-2.216348192241303749e+01
-4.056454941701797168e+01
-2.567293305849264229e+01
-3.918834546952645326e+01
-2.870391798930363336e+01
-3.820273050059781639e+01
-3.141457345083729180e+01
-4.188749642147762131e+01
-3.691278287328788110e+01
-2.137540725304238975e+01
-3.938618698606479995e+01
-2.476360870989755369e+01
-3.807373732434498237e+01
-2.779758949240439847e+01
-3.734987786675851140e+01
-3.066038730376244104e+01
-4.156755824144097033e+01
-3.667839985326039454e+01
-2.098838346108577468e+01
-3.797509281036139583e+01
-2.362682023131032949e+01
-3.591622392538754127e+01
-2.577569139097174755e+01
-3.437996178811537362e+01
-2.763211584787928388e+01
-3.732493250223702574e+01
-3.795777414427384855e+01
-2.216348192241288118e+01
-4.056454941701723982e+01
-2.567293305849315743e+01
-3.918834546952665221e+01
-2.870391798930394245e+01
-3.820273050059776665e+01
-3.141457345083740904e+01
-4.188749642147776342e+01
-3.691278287328592000e+01
-2.137540725304358347e+01
-3.938618698606422441e+01
-2.476360870989775975e+01
-3.807373732434485447e+01
-2.779758949240433807e+01
-3.734987786675836219e+01
-3.066038730376249077e+01
-4.156755824144080691e+01
-3.667839985325777263e+01
-2.098838346108697550e+01
-3.797509281036093398e+01
-2.362682023131063147e+01
-3.591622392538732811e+01
-2.577569139097186479e+01
-3.437996178811531678e+01
-2.763211584787929098e+01
-3.732493250223716075e+01
-3.795777414427148244e+01
-2.216348192241423121e+01
-4.056454941701642269e+01
-2.567293305849337059e+01
-3.918834546952651010e+01
-2.870391798930376481e+01
-3.820273050059785902e+01
-3.141457345083725627e+01
-4.188749642147761421e+01
