-7.191269078720684549e-01
-8.138842066695748390e-01
-9.071964344749604559e-01
-1.003402001954434297e+00
-1.105652479844823066e+00
-1.234516227733883031e+00
-1.359295248356358288e+00
-1.482049884466455580e+00
-1.607756805873375328e+00
-1.736687029640412216e+00
-1.874345086750314415e+00
-1.948797000981241645e+00
-2.015712363449755351e+00
-2.085946143591775659e+00
-2.157924372380678246e+00
-2.231099838244492872e+00
-2.305863659815803324e+00
-2.372055493024834760e+00
-2.418854898459631642e+00
-2.465721982861244221e+00
-2.511548220027586709e+00
-2.555777272014421619e+00
-2.598134243779463226e+00
-2.638601242347101916e+00
-2.674382541942382119e+00
-2.704017670386193117e+00
-2.731265902762335607e+00
-2.755999613236221002e+00
-2.778177877435384246e+00
-2.798004389046475637e+00
-2.815817873407844729e+00
-2.831968139701954712e+00
-2.843118118011043194e+00
-2.851850796075428462e+00
-2.858147038265286710e+00
-2.861202309124770693e+00
-2.860104848672715860e+00
-2.854140055593751057e+00
-2.843339258592232355e+00
-2.829215447197579891e+00
-2.815054010735918766e+00
-2.807116084096783482e+00
-2.816643997237909147e+00
-2.864298688875047461e+00
-3.004669160979812403e+00
-3.254383651255471577e+00
-3.587854731270130770e+00
-4.169972748147817043e+00
-5.353783691331543970e+00
-7.191269078720674557e-01
-8.138842066695749500e-01
-9.071964344749585685e-01
-1.003402001954431411e+00
-1.105652479844821512e+00
-1.234516227733878146e+00
-1.359295248356359398e+00
-1.482049884466453804e+00
-1.607756805873371553e+00
-1.736687029640415103e+00
-1.874345086750316192e+00
-1.948797000981238980e+00
-2.015712363449751798e+00
-2.085946143591763668e+00
-2.157924372380676914e+00
-2.231099838244495537e+00
-2.305863659815798883e+00
-2.372055493024837425e+00
-2.418854898459634306e+00
-2.465721982861249550e+00
-2.511548220027584932e+00
-2.555777272014434054e+00
-2.598134243779466779e+00
-2.638601242347101916e+00
-2.674382541942397218e+00
-2.704017670386188676e+00
-2.731265902762325837e+00
-2.755999613236226331e+00
-2.778177877435379806e+00
-2.798004389046475637e+00
-2.815817873407842953e+00
-2.831968139701970699e+00
-2.843118118011055628e+00
-2.851850796075433792e+00
-2.858147038265288487e+00
-2.861202309124777798e+00
-2.860104848672705202e+00
-2.854140055593747505e+00
-2.843339258592234131e+00
-2.829215447197579891e+00
-2.815054010735938306e+00
-2.807116084096776376e+00
-2.816643997237935793e+00
-2.864298688875047461e+00
-3.004669160979828391e+00
-3.254383651255485788e+00
-3.587854731270137876e+00
-4.169972748147809938e+00
-5.353783691331554628e+00
-7.191269078720683439e-01
-8.138842066695752830e-01
-9.071964344749597897e-01
-1.003402001954433409e+00
-1.105652479844820180e+00
-1.234516227733877480e+00
-1.359295248356355401e+00
-1.482049884466455580e+00
-1.607756805873367778e+00
-1.736687029640416657e+00
-1.874345086750313527e+00
-1.948797000981239869e+00
-2.015712363449752687e+00
-2.085946143591764557e+00
-2.157924372380687128e+00
-2.231099838244497313e+00
-2.305863659815790001e+00
-2.372055493024833872e+00
-2.418854898459626313e+00
-2.465721982861253103e+00
-2.511548220027581380e+00
-2.555777272014438495e+00
-2.598134243779447239e+00
-2.638601242347099252e+00
-2.674382541942391889e+00
-2.704017670386189565e+00
-2.731265902762326725e+00
-2.755999613236229884e+00
-2.778177877435385135e+00
-2.798004389046486295e+00
-2.815817873407843841e+00
-2.831968139701942277e+00
-2.843118118011037865e+00
-2.851850796075423133e+00
-2.858147038265290263e+00
-2.861202309124763588e+00
-2.860104848672692768e+00
-2.854140055593765268e+00
-2.843339258592234131e+00
-2.829215447197590549e+00
-2.815054010735927648e+00
-2.807116084096778152e+00
-2.816643997237910924e+00
-2.864298688875036802e+00
-3.004669160979814180e+00
-3.254383651255471577e+00
-3.587854731270127218e+00
-4.169972748147808161e+00
-5.353783691331554628e+00
-3.922858099461547710e+01
-4.433510065909765530e+01
-4.548790676877068506e+01
-4.353986007618357945e+01
-4.091413406521814267e+01
-3.902746772370317530e+01
-3.818192589470439913e+01
-3.813309557829025920e+01
-3.853252221268022026e+01
-3.908969690245822903e+01
-3.963766745210214992e+01
-4.011476586353704477e+01
-4.050157706953527281e+01
-4.080449522400989792e+01
-4.103313112230709692e+01
-4.119532051096943803e+01
-4.129691323875073294e+01
-4.134237460676501996e+01
-4.133533899991351035e+01
-4.127899828823325379e+01
-4.117637130107527810e+01
-4.103050645512195871e+01
-4.084465750586599597e+01
-4.062239529951740025e+01
-4.036797431624215449e+01
-4.008703400177335396e+01
-3.979842147181543055e+01
-3.951689371585683119e+01
-3.932122736989384038e+01
-3.814799909731488015e+01
-4.358677630842439754e+01
-4.507987175317506967e+01
-4.341133786320408916e+01
-4.102089034902201092e+01
-3.934139615085437924e+01
-3.862391335971815209e+01
-3.864982373742977728e+01
-3.909029344121827165e+01
-3.967263487016052892e+01
-4.023821445409718933e+01
-4.073248914121873554e+01
-4.113570172830025484e+01
-4.146649417510330693e+01
-4.171853745602344787e+01
-4.190185457698016336e+01
-4.202311743100821673e+01
-4.208347672078174639e+01
-4.208678346251056013e+01
-4.203627855249968093e+01
-4.193490294278738162e+01
-4.178547122205523578e+01
-4.159073319222038378e+01
-4.135718560839470115e+01
-4.108738410529198859e+01
-4.078323422016617172e+01
-4.046068116542653570e+01
-4.012403978224018886e+01
-3.980982189918304925e+01
-4.129709159694031939e+01
-4.652495890313013405e+01
-4.766362967440570486e+01
-4.558812468903637694e+01
-4.284912505215768874e+01
-4.095393440920643968e+01
-4.016987023867019246e+01
-4.020497666829404437e+01
-4.068857594574598124e+01
-4.132521898683619099e+01
-4.194743184332356378e+01
-4.248823151912323226e+01
-4.294000049956134291e+01
-4.331024093349405746e+01
-4.360497131018593109e+01
-4.383265611873142831e+01
-4.399951773255907739e+01
-4.411020540557942127e+01
-4.416834108981626628e+01
-4.417684573961722094e+01
-4.413807242693295763e+01
-4.405370982772171118e+01
-4.393112587615733844e+01
-4.376794331969120577e+01
-4.356010539024969574e+01
-4.330613578322783042e+01
-4.298551697424100837e+01
-4.255063658339602028e+01
-4.185923670093961135e+01
-3.922858099461535630e+01
-4.433510065909783293e+01
-4.548790676877092665e+01
-4.353986007618367182e+01
-4.091413406521812135e+01
-3.902746772370315398e+01
-3.818192589470439913e+01
-3.813309557829023078e+01
-3.853252221268020605e+01
-3.908969690245822193e+01
-3.963766745210208597e+01
-4.011476586353705898e+01
-4.050157706953524439e+01
-4.080449522400986950e+01
-4.103313112230708981e+01
-4.119532051096945935e+01
-4.129691323875073294e+01
-4.134237460676504128e+01
-4.133533899991353167e+01
-4.127899828823330353e+01
-4.117637130107529231e+01
-4.103050645512200134e+01
-4.084465750586602439e+01
-4.062239529951741446e+01
-4.036797431624221844e+01
-4.008703400177346055e+01
-3.979842147181551582e+01
-3.951689371585695199e+01
-3.932122736989390432e+01
-3.814799909731513594e+01
-4.358677630842443307e+01
-4.507987175317523310e+01
-4.341133786320424548e+01
-4.102089034902203935e+01
-3.934139615085428687e+01
-3.862391335971806683e+01
-3.864982373742983413e+01
-3.909029344121830007e+01
-3.967263487016054313e+01
-4.023821445409723196e+01
-4.073248914121879949e+01
-4.113570172830027616e+01
-4.146649417510334246e+01
-4.171853745602346919e+01
-4.190185457698017046e+01
-4.202311743100820962e+01
-4.208347672078173929e+01
-4.208678346251049618e+01
-4.203627855249963829e+01
-4.193490294278737451e+01
-4.178547122205524289e+01
-4.159073319222038378e+01
-4.135718560839465141e+01
-4.108738410529194596e+01
-4.078323422016609356e+01
-4.046068116542645043e+01
-4.012403978224011070e+01
-3.980982189918301373e+01
-4.129709159694014886e+01
-4.652495890313001325e+01
-4.766362967440586829e+01
-4.558812468903686721e+01
-4.284912505215766032e+01
-4.095393440920639705e+01
-4.016987023867039142e+01
-4.020497666829407990e+01
-4.068857594574603809e+01
-4.132521898683626205e+01
-4.194743184332358510e+01
-4.248823151912310436e+01
-4.294000049956130027e+01
-4.331024093349398640e+01
-4.360497131018590977e+01
-4.383265611873144962e+01
-4.399951773255914844e+01
-4.411020540557945679e+01
-4.416834108981618101e+01
-4.417684573961724936e+01
-4.413807242693295763e+01
-4.405370982772174671e+01
-4.393112587615743792e+01
-4.376794331969127683e+01
-4.356010539024980233e+01
-4.330613578322798674e+01
-4.298551697424097284e+01
-4.255063658339602739e+01
-4.185923670093961846e+01
-3.922858099461547710e+01
-4.433510065909768372e+01
-4.548790676877082717e+01
-4.353986007618367182e+01
-4.091413406521812846e+01
-3.902746772370316108e+01
-3.818192589470440623e+01
-3.813309557829026630e+01
-3.853252221268022026e+01
-3.908969690245821482e+01
-3.963766745210210019e+01
-4.011476586353704477e+01
-4.050157706953525860e+01
-4.080449522400989082e+01
-4.103313112230711113e+01
-4.119532051096942382e+01
-4.129691323875076137e+01
-4.134237460676501996e+01
-4.133533899991348193e+01
-4.127899828823331774e+01
-4.117637130107529231e+01
-4.103050645512198003e+01
-4.084465750586602439e+01
-4.062239529951742156e+01
-4.036797431624218291e+01
-4.008703400177341791e+01
-3.979842147181548029e+01
-3.951689371585692356e+01
-3.932122736989386880e+01
-3.814799909731505778e+01
-4.358677630842450412e+01
-4.507987175317525441e+01
-4.341133786320427390e+01
-4.102089034902209619e+01
-3.934139615085427977e+01
-3.862391335971806683e+01
-3.864982373742977018e+01
-3.909029344121822191e+01
-3.967263487016047208e+01
-4.023821445409716091e+01
-4.073248914121874975e+01
-4.113570172830021932e+01
-4.146649417510332114e+01
-4.171853745602344077e+01
-4.190185457698014915e+01
-4.202311743100824515e+01
-4.208347672078174639e+01
-4.208678346251051750e+01
-4.203627855249965961e+01
-4.193490294278741715e+01
-4.178547122205527131e+01
-4.159073319222041931e+01
-4.135718560839472957e+01
-4.108738410529193885e+01
-4.078323422016617883e+01
-4.046068116542655702e+01
-4.012403978224022438e+01
-3.980982189918307057e+01
-4.129709159694041176e+01
-4.652495890313036853e+01
-4.766362967440602461e+01
-4.558812468903682458e+01
-4.284912505215749690e+01
-4.095393440920634021e+01
-4.016987023867027062e+01
-4.020497666829401595e+01
-4.068857594574600256e+01
-4.132521898683628336e+01
-4.194743184332362773e+01
-4.248823151912314700e+01
-4.294000049956132159e+01
-4.331024093349402904e+01
-4.360497131018591688e+01
-4.383265611873148515e+01
-4.399951773255911291e+01
-4.411020540557949232e+01
-4.416834108981618101e+01
-4.417684573961716410e+01
-4.413807242693292920e+01
-4.405370982772172539e+01
-4.393112587615731002e+01
-4.376794331969124130e+01
-4.356010539024977390e+01
-4.330613578322786594e+01
-4.298551697424096574e+01
-4.255063658339599186e+01
-4.185923670093956872e+01
