-6.115718867251289659e-01
-5.455967023391501414e-01
-6.130195977909993488e-01
-7.347368225129735642e-01
-8.896831516544478902e-01
-1.053333361213524277e+00
-1.213090504745085951e+00
-1.363597033776863476e+00
-1.439424851755891410e+00
-1.520325314260899674e+00
-1.605706365711910166e+00
-1.693098451185230502e+00
-1.780878317737278671e+00
-1.868190789859722756e+00
-1.948485285293686253e+00
-2.014173760255753010e+00
-2.081387996831825404e+00
-2.149592139993407258e+00
-2.217013941444315961e+00
-2.280264173286754570e+00
-2.334784616306855298e+00
-2.376059344616356483e+00
-2.398255699274203678e+00
-2.403469472542157703e+00
-2.397162530305404715e+00
-2.385397504974550387e+00
-2.375259125169051799e+00
-2.370866779468565611e+00
-2.372482759026304677e+00
-2.377502968562252406e+00
-2.381809740499079453e+00
-2.378184822937333465e+00
-2.365405102088907086e+00
-2.340662140226898558e+00
-2.301342106642334073e+00
-2.243545415616026162e+00
-2.158934736170015967e+00
-2.029532068233045550e+00
-1.822184296914063140e+00
-1.480903046351279784e+00
-9.276704881944652925e-01
-7.390600307703110161e-02
1.402063991190832581e+00
1.125292113698241536e+01
2.640859369238117083e+01
5.943646129090791419e+01
-3.964926670492999392e+02
6.761035434770904828e+01
1.203806931112927359e+01
-6.115718867251309643e-01
-5.455967023391434800e-01
-6.130195977909997929e-01
-7.347368225129802255e-01
-8.896831516544505547e-01
-1.053333361213523389e+00
-1.213090504745064635e+00
-1.363597033776851042e+00
-1.439424851755891410e+00
-1.520325314260898786e+00
-1.605706365711897732e+00
-1.693098451185208297e+00
-1.780878317737263572e+00
-1.868190789859737855e+00
-1.948485285293678260e+00
-2.014173760255749457e+00
-2.081387996831810305e+00
-2.149592139993398376e+00
-2.217013941444315961e+00
-2.280264173286756346e+00
-2.334784616306871285e+00
-2.376059344616365365e+00
-2.398255699274212560e+00
-2.403469472542177243e+00
-2.397162530305378070e+00
-2.385397504974562821e+00
-2.375259125169058905e+00
-2.370866779468574492e+00
-2.372482759026304677e+00
-2.377502968562220431e+00
-2.381809740499068795e+00
-2.378184822937356557e+00
-2.365405102088924849e+00
-2.340662140226907439e+00
-2.301342106642371377e+00
-2.243545415616029715e+00
-2.158934736170049717e+00
-2.029532068233063313e+00
-1.822184296914080903e+00
-1.480903046351315311e+00
-9.276704881945008196e-01
-7.390600307711636674e-02
1.402063991190679815e+00
1.125292113698181851e+01
2.640859369238070897e+01
5.943646129090747365e+01
-3.964926670493151164e+02
6.761035434771052621e+01
1.203806931112924161e+01
-6.115718867251307422e-01
-5.455967023391417037e-01
-6.130195977909984606e-01
-7.347368225129611297e-01
-8.896831516544301266e-01
-1.053333361213499408e+00
-1.213090504745070852e+00
-1.363597033776835055e+00
-1.439424851755871870e+00
-1.520325314260885463e+00
-1.605706365711890626e+00
-1.693098451185208297e+00
-1.780878317737263572e+00
-1.868190789859712098e+00
-1.948485285293665825e+00
-2.014173760255729029e+00
-2.081387996831812970e+00
-2.149592139993412587e+00
-2.217013941444312408e+00
-2.280264173286738583e+00
-2.334784616306851746e+00
-2.376059344616358260e+00
-2.398255699274217889e+00
-2.403469472542150598e+00
-2.397162530305354977e+00
-2.385397504974559268e+00
-2.375259125169037588e+00
-2.370866779468554952e+00
-2.372482759026313559e+00
-2.377502968562223984e+00
-2.381809740499045702e+00
-2.378184822937331688e+00
-2.365405102088903533e+00
-2.340662140226870136e+00
-2.301342106642341179e+00
-2.243545415616029715e+00
-2.158934736170035507e+00
-2.029532068233070419e+00
-1.822184296914119983e+00
-1.480903046351297547e+00
-9.276704881945079251e-01
-7.390600307709149774e-02
1.402063991190750869e+00
1.125292113698219509e+01
2.640859369238069121e+01
5.943646129090737418e+01
-3.964926670493245524e+02
6.761035434771065411e+01
1.203806931112983492e+01
-3.721099534127631614e+01
-3.785136768723587153e+01
-3.880854781203829162e+01
-3.943210067301193789e+01
-3.963334417924935593e+01
-3.999262704166869042e+01
-4.063724296727256302e+01
-4.241302824639903690e+01
-4.526888010290917919e+01
-2.597340046477858877e+01
-2.363147895326020986e+01
-4.994479899995229033e+01
-2.285705103255155635e+01
-1.642783890356729515e+01
-4.760996891267662789e+01
-4.497159701439229451e+01
-4.333525243575893171e+01
-4.275264668101660703e+01
-4.294251527229511822e+01
-4.290650068226162261e+01
-4.295971005044278002e+01
-4.308778000041456835e+01
-4.329890127766125119e+01
-4.363141213605612023e+01
-4.394940845322601319e+01
-4.415678326009092558e+01
-4.439574151963427795e+01
-4.480677623270606347e+01
-4.580267397025672693e+01
-2.046309384601334003e+01
-2.426647613699484651e+01
-2.684902466964151557e+01
-2.857502242208852294e+01
-2.975995944401349647e+01
-3.112196255069800088e+01
-3.247927290533932876e+01
-3.370890995804319346e+01
-3.475900648400309478e+01
-3.559532587218252075e+01
-3.620492512480669234e+01
-3.656777537532333611e+01
-3.676336148429430750e+01
-3.693637118961182608e+01
-3.707609946221494823e+01
-3.721711485779378847e+01
-3.735508669513426128e+01
-3.749711544588630829e+01
-3.764566634103502452e+01
-3.781166280983784134e+01
-3.797778511149097369e+01
-3.818024241953271058e+01
-3.844106487962165630e+01
-3.876113983382968087e+01
-3.900185720456702398e+01
-3.920366638831978889e+01
-3.948210247120361061e+01
-3.992852641982970141e+01
-4.098680636518881926e+01
-4.138052307509704519e+01
-4.196050948940008851e+01
-4.275690986552058348e+01
-4.333016043392331795e+01
-4.377804451799854490e+01
-4.421543537223745801e+01
-4.472017314424227408e+01
-4.536641351472244565e+01
-4.626073268432452323e+01
-4.760895505363892255e+01
-5.005809480986643223e+01
-1.267837208659208237e+01
-5.044844458473405524e+01
-4.854347279189054376e+01
-4.779266546702871921e+01
-4.746527145444099460e+01
-4.732672166659142476e+01
-4.726865131651138086e+01
-4.725553198722020909e+01
-4.727323016986434823e+01
-4.732836656416530730e+01
-4.739836249055910145e+01
-4.741715657782778948e+01
-4.734206240997466608e+01
-4.720798407569718336e+01
-4.706102157226740701e+01
-4.696511723947767791e+01
-4.703096986319602024e+01
-4.761642080528679344e+01
-3.721099534127620956e+01
-3.785136768723525336e+01
-3.880854781203832715e+01
-3.943210067301186683e+01
-3.963334417924891540e+01
-3.999262704166810067e+01
-4.063724296727211538e+01
-4.241302824639947033e+01
-4.526888010290954867e+01
-2.597340046477908615e+01
-2.363147895325970893e+01
-4.994479899995327798e+01
-2.285705103255163095e+01
-1.642783890356448850e+01
-4.760996891267656395e+01
-4.497159701439223767e+01
-4.333525243575963515e+01
-4.275264668101681309e+01
-4.294251527229499743e+01
-4.290650068226204894e+01
-4.295971005044280844e+01
-4.308778000041426282e+01
-4.329890127766151409e+01
-4.363141213605645419e+01
-4.394940845322645373e+01
-4.415678326009111743e+01
-4.439574151963443427e+01
-4.480677623270636190e+01
-4.580267397025728116e+01
-2.046309384601295633e+01
-2.426647613699496731e+01
-2.684902466964198453e+01
-2.857502242208912691e+01
-2.975995944401405424e+01
-3.112196255069858708e+01
-3.247927290534004641e+01
-3.370890995804384005e+01
-3.475900648400345005e+01
-3.559532587218308208e+01
-3.620492512480724656e+01
-3.656777537532383349e+01
-3.676336148429491857e+01
-3.693637118961233767e+01
-3.707609946221542430e+01
-3.721711485779439954e+01
-3.735508669513454549e+01
-3.749711544588657830e+01
-3.764566634103548637e+01
-3.781166280983806161e+01
-3.797778511149097369e+01
-3.818024241953277453e+01
-3.844106487962174867e+01
-3.876113983382942507e+01
-3.900185720456685345e+01
-3.920366638831930572e+01
-3.948210247120319849e+01
-3.992852641982934614e+01
-4.098680636518833609e+01
-4.138052307509620675e+01
-4.196050948939917191e+01
-4.275690986551947503e+01
-4.333016043392302663e+01
-4.377804451799904939e+01
-4.421543537223713116e+01
-4.472017314424207513e+01
-4.536641351472179196e+01
-4.626073268432467245e+01
-4.760895505363938440e+01
-5.005809480986677329e+01
-1.267837208659226711e+01
-5.044844458473328075e+01
-4.854347279189031639e+01
-4.779266546702814367e+01
-4.746527145444105145e+01
-4.732672166659082791e+01
-4.726865131651175034e+01
-4.725553198722029435e+01
-4.727323016986461823e+01
-4.732836656416557730e+01
-4.739836249055973383e+01
-4.741715657782773974e+01
-4.734206240997533399e+01
-4.720798407569742494e+01
-4.706102157226827387e+01
-4.696511723947823214e+01
-4.703096986319649631e+01
-4.761642080528704923e+01
-3.721099534127548480e+01
-3.785136768723502598e+01
-3.880854781203782267e+01
-3.943210067301163946e+01
-3.963334417924898645e+01
-3.999262704166947913e+01
-4.063724296727261986e+01
-4.241302824639995350e+01
-4.526888010290952025e+01
-2.597340046477955511e+01
-2.363147895326018855e+01
-4.994479899995235428e+01
-2.285705103255199333e+01
-1.642783890356756871e+01
-4.760996891267659237e+01
-4.497159701439259294e+01
-4.333525243575965646e+01
-4.275264668101662835e+01
-4.294251527229491927e+01
-4.290650068226251790e+01
-4.295971005044378899e+01
-4.308778000041474598e+01
-4.329890127766195462e+01
-4.363141213605665314e+01
-4.394940845322659584e+01
-4.415678326009137322e+01
-4.439574151963450532e+01
-4.480677623270635479e+01
-4.580267397025737353e+01
-2.046309384601296699e+01
-2.426647613699523376e+01
-2.684902466964189571e+01
-2.857502242208920862e+01
-2.975995944401410398e+01
-3.112196255069870077e+01
-3.247927290533989719e+01
-3.370890995804385426e+01
-3.475900648400381954e+01
-3.559532587218306787e+01
-3.620492512480727498e+01
-3.656777537532412481e+01
-3.676336148429502515e+01
-3.693637118961254373e+01
-3.707609946221543851e+01
-3.721711485779437822e+01
-3.735508669513440339e+01
-3.749711544588664225e+01
-3.764566634103513110e+01
-3.781166280983780581e+01
-3.797778511149060421e+01
-3.818024241953265374e+01
-3.844106487962157104e+01
-3.876113983382941086e+01
-3.900185720456671845e+01
-3.920366638831929862e+01
-3.948210247120318428e+01
-3.992852641982891981e+01
-4.098680636518844267e+01
-4.138052307509578753e+01
-4.196050948939974035e+01
-4.275690986551970241e+01
-4.333016043392287742e+01
-4.377804451799849517e+01
-4.421543537223681852e+01
-4.472017314424236645e+01
-4.536641351472189143e+01
-4.626073268432446639e+01
-4.760895505363851044e+01
-5.005809480986555116e+01
-1.267837208659452486e+01
-5.044844458473221493e+01
-4.854347279188900899e+01
-4.779266546702776708e+01
-4.746527145444041196e+01
-4.732672166659106239e+01
-4.726865131651138086e+01
-4.725553198722005988e+01
-4.727323016986457560e+01
-4.732836656416575494e+01
-4.739836249055923645e+01
-4.741715657782811633e+01
-4.734206240997485082e+01
-4.720798407569738941e+01
-4.706102157226766280e+01
-4.696511723947817529e+01
-4.703096986319633288e+01
-4.761642080528691423e+01
