(title "Cumulative Force")
(labels "Distance [m]" "Cumulative Force [N]")

((xy/key/label "Cumulative Force [N]")
0	0
0.009	0.0094395
0.018	0.0199238
0.027	0.0318326
0.036	0.0449374
0.045	0.0588993
0.054	0.0730219
0.063	0.0876537
0.072	0.102882
0.081	0.12232
0.09	0.14137
0.099	0.16178
0.108	0.183863
0.117	0.207961
0.126	0.238275
0.135	0.267679
0.144	0.298814
0.153	0.332758
0.162	0.373297
0.171	0.413994
0.18	0.45689
0.189	0.502461
0.198	0.55086
0.207	0.611457
0.216	0.666758
0.225	0.726196
0.234	0.78851
0.243	0.855972
0.252	0.931788
0.261	1.00635
0.27	1.08378
0.279	1.16636
0.288	1.26438
0.297	1.35502
0.306	1.44874
0.315	1.5474
0.324	1.65112
0.333	1.77241
0.342	1.88822
0.351	2.00495
0.36	2.12762
0.369	2.26807
0.378	2.40197
0.387	2.54029
0.396	2.68245
0.405	2.83042
0.414	3.00575
0.423	3.16485
0.432	3.32847
0.441	3.49956
0.45	3.68843
0.459	3.8793
0.468	4.06637
0.477	4.257
0.486	4.4581
0.495	4.68846
0.504	4.89897
0.513	5.11408
0.522	5.33549
0.531	5.56594
0.54	5.82439
0.549	6.06159
0.558	6.3045
0.567	6.56003
0.576	6.84111
0.585	7.09995
0.594	7.36677
0.603	7.63461
0.612	7.91425
0.621	8.23168
0.63	8.5167
0.639	8.80964
0.648	9.10347
0.657	9.44171
0.666	9.75065
0.675	10.0662
0.684	10.3866
0.693	10.7258
0.702	11.1075
0.711	11.4397
0.72	11.8167
0.729	12.1892
0.738	12.5485
0.747	12.9667
0.756	13.3557
0.765	13.7848
0.774	14.2163
0.783	14.6516
0.792	15.1559
0.801	15.6314
0.81	16.1543
0.819	16.6854
0.828	17.2038
0.837	17.7814
0.846	18.3005
0.855	18.8322
0.864	19.3692
0.873	19.8392
0.882	20.3516
0.891	20.7967
0.9	21.314
)
