-3.677594947778536749e+01
-3.611659565822277074e+01
-3.619436910322521328e+01
-3.655162272221502207e+01
-3.691541483427708670e+01
-3.721839340527896667e+01
-3.750352844565779975e+01
-3.776613314596988857e+01
-3.800242222088252220e+01
-3.821054349250461257e+01
-3.839178566292249428e+01
-3.854252823842138298e+01
-3.867317872881061902e+01
-3.878098898655119342e+01
-3.887010507805669590e+01
-3.893945929057063893e+01
-3.898849527770251910e+01
-3.901718117445219747e+01
-3.902634107501440042e+01
-3.900680636721308758e+01
-3.896655423192839862e+01
-3.888638099675881676e+01
-3.877427884648641054e+01
-3.862432523859932587e+01
-3.843195982473464767e+01
-3.820030895361070122e+01
-3.793933095636356967e+01
-3.766818417021817567e+01
-3.746125228432456566e+01
-3.677594947778536749e+01
-3.611659565822277074e+01
-3.619436910322521328e+01
-3.655162272221502917e+01
-3.691541483427707959e+01
-3.721839340527895956e+01
-3.750352844565779264e+01
-3.776613314596987436e+01
-3.800242222088253641e+01
-3.821054349250459126e+01
-3.839178566292252270e+01
-3.854252823842137587e+01
-3.867317872881061902e+01
-3.878098898655117210e+01
-3.887010507805669590e+01
-3.893945929057062472e+01
-3.898849527770252621e+01
-3.901718117445221878e+01
-3.902634107501440042e+01
-3.900680636721312311e+01
-3.896655423192837731e+01
-3.888638099675880255e+01
-3.877427884648639633e+01
-3.862432523859930456e+01
-3.843195982473466188e+01
-3.820030895361070122e+01
-3.793933095636356967e+01
-3.766818417021817567e+01
-3.746125228432456566e+01
-3.677594947778536749e+01
-3.611659565822277074e+01
-3.619436910322521328e+01
-3.655162272221502207e+01
-3.691541483427707959e+01
-3.721839340527896667e+01
-3.750352844565779264e+01
-3.776613314596987436e+01
-3.800242222088254351e+01
-3.821054349250459126e+01
-3.839178566292251560e+01
-3.854252823842138298e+01
-3.867317872881063323e+01
-3.878098898655119342e+01
-3.887010507805671722e+01
-3.893945929057061761e+01
-3.898849527770251200e+01
-3.901718117445220457e+01
-3.902634107501438621e+01
-3.900680636721310179e+01
-3.896655423192837731e+01
-3.888638099675881676e+01
-3.877427884648641054e+01
-3.862432523859930456e+01
-3.843195982473466188e+01
-3.820030895361070833e+01
-3.793933095636356967e+01
-3.766818417021816856e+01
-3.746125228432456566e+01
