-7.950197970561283523e-01
-1.042860332899166798e+00
-1.354522808554726288e+00
-1.678838140159501169e+00
-1.958371966230615158e+00
-2.137386287663973761e+00
-2.326493131899004752e+00
-2.460041204457905195e+00
-2.575513114192717445e+00
-2.675748812542879218e+00
-2.747659680465417864e+00
-2.803114194826723971e+00
-2.843067800275933088e+00
-2.863458470519975929e+00
-2.861263206359735634e+00
-2.827355546637327688e+00
-2.802707642604165716e+00
-3.102671691350531002e+00
-4.018165111375481047e+00
-7.950197970561271310e-01
-1.042860332899163911e+00
-1.354522808554724955e+00
-1.678838140159497616e+00
-1.958371966230611161e+00
-2.137386287663971984e+00
-2.326493131899003419e+00
-2.460041204457901642e+00
-2.575513114192721886e+00
-2.675748812542876109e+00
-2.747659680465416532e+00
-2.803114194826725303e+00
-2.843067800275933976e+00
-2.863458470519980814e+00
-2.861263206359732525e+00
-2.827355546637332573e+00
-2.802707642604165272e+00
-3.102671691350534555e+00
-4.018165111375482823e+00
-7.950197970561287963e-01
-1.042860332899165687e+00
-1.354522808554728064e+00
-1.678838140159500725e+00
-1.958371966230614269e+00
-2.137386287663974649e+00
-2.326493131899004752e+00
-2.460041204457904307e+00
-2.575513114192720998e+00
-2.675748812542877442e+00
-2.747659680465416088e+00
-2.803114194826723971e+00
-2.843067800275935753e+00
-2.863458470519979038e+00
-2.861263206359732081e+00
-2.827355546637329464e+00
-2.802707642604163940e+00
-3.102671691350530114e+00
-4.018165111375484599e+00
-4.326946755935330913e+01
-4.448904274344167931e+01
-4.111413901196478093e+01
-4.141433230542731536e+01
-4.287353238488124418e+01
-4.386037088817682417e+01
-4.433058237220824793e+01
-4.438010000097719399e+01
-4.407640347216235455e+01
-4.348171635176780114e+01
-4.261822344186884237e+01
-4.252464679834227468e+01
-4.351775742334210406e+01
-4.007978679763525065e+01
-4.028934240192528904e+01
-4.168809891112649524e+01
-4.262151780669005774e+01
-4.305508772025067543e+01
-4.308537473587011846e+01
-4.277049767433143757e+01
-4.217054445460294687e+01
-4.139846622875495541e+01
-4.030837772709977429e+01
-4.186759348691432336e+01
-3.881108449766548318e+01
-3.902098503458282153e+01
-4.030504556655954929e+01
-4.113603834174084994e+01
-4.146146175691129088e+01
-4.138297803295342447e+01
-4.096396738861693620e+01
-4.027183997482640621e+01
-3.947353543794640274e+01
-4.326946755935325228e+01
-4.448904274344169352e+01
-4.111413901196481646e+01
-4.141433230542735089e+01
-4.287353238488126550e+01
-4.386037088817676022e+01
-4.433058237220821240e+01
-4.438010000097720820e+01
-4.407640347216238297e+01
-4.348171635176783667e+01
-4.261822344186886369e+01
-4.252464679834221783e+01
-4.351775742334216091e+01
-4.007978679763523644e+01
-4.028934240192526772e+01
-4.168809891112649524e+01
-4.262151780669006484e+01
-4.305508772025070385e+01
-4.308537473587015398e+01
-4.277049767433144467e+01
-4.217054445460295398e+01
-4.139846622875496251e+01
-4.030837772709983824e+01
-4.186759348691428784e+01
-3.881108449766552582e+01
-3.902098503458285705e+01
-4.030504556655955639e+01
-4.113603834174089968e+01
-4.146146175691129798e+01
-4.138297803295338895e+01
-4.096396738861694331e+01
-4.027183997482636357e+01
-3.947353543794633168e+01
-4.326946755935330202e+01
-4.448904274344173615e+01
-4.111413901196480936e+01
-4.141433230542734378e+01
-4.287353238488129392e+01
-4.386037088817677443e+01
-4.433058237220821951e+01
-4.438010000097716556e+01
-4.407640347216236876e+01
-4.348171635176781535e+01
-4.261822344186885658e+01
-4.252464679834223205e+01
-4.351775742334214669e+01
-4.007978679763524354e+01
-4.028934240192527483e+01
-4.168809891112650234e+01
-4.262151780669007906e+01
-4.305508772025071806e+01
-4.308537473587016109e+01
-4.277049767433145178e+01
-4.217054445460296108e+01
-4.139846622875494830e+01
-4.030837772709980982e+01
-4.186759348691428784e+01
-3.881108449766551871e+01
-3.902098503458282153e+01
-4.030504556655952797e+01
-4.113603834174088547e+01
-4.146146175691130509e+01
-4.138297803295341026e+01
-4.096396738861696463e+01
-4.027183997482641331e+01
-3.947353543794638853e+01
