-7.188571173746243215e-01
-8.135041999945573643e-01
-9.067305500406273033e-01
-1.002845211985644358e+00
-1.104948017158736251e+00
-1.233849346708083328e+00
-1.358746443682016469e+00
-1.481466027749853254e+00
-1.607135188009082505e+00
-1.736067248027269194e+00
-1.873681792778902455e+00
-1.948110001716963691e+00
-2.014970964788818986e+00
-2.085150646363548521e+00
-2.157073759936742885e+00
-2.230192859037464004e+00
-2.304899711636719140e+00
-2.371052480507645832e+00
-2.417775151052593330e+00
-2.464600087354481772e+00
-2.510393122559854362e+00
-2.554601384623994775e+00
-2.596952623140515115e+00
-2.637430524462344827e+00
-2.673243987364951835e+00
-2.702919190419670770e+00
-2.730220377659653863e+00
-2.755015481422885770e+00
-2.777249577743708286e+00
-2.797144817691822105e+00
-2.815035326766445856e+00
-2.831285431388012697e+00
-2.842592804283530228e+00
-2.851556172657657484e+00
-2.858196771661166480e+00
-2.861723337068431405e+00
-2.861193199632237949e+00
-2.855787808359883329e+00
-2.845340590695846217e+00
-2.831059645821904169e+00
-2.815776020847838623e+00
-2.804549457950042068e+00
-2.803893230644620260e+00
-2.806600310454577141e+00
-2.875716758217988556e+00
-3.661966235847398110e+00
-3.518492871916768294e+00
-4.127094533213016447e+00
-5.347166004411982421e+00
-7.188571173746234333e-01
-8.135041999945560320e-01
-9.067305500406257490e-01
-1.002845211985646579e+00
-1.104948017158736917e+00
-1.233849346708081551e+00
-1.358746443682016913e+00
-1.481466027749856584e+00
-1.607135188009078730e+00
-1.736067248027273635e+00
-1.873681792778906452e+00
-1.948110001716965467e+00
-2.014970964788815877e+00
-2.085150646363556071e+00
-2.157073759936743773e+00
-2.230192859037464448e+00
-2.304899711636715587e+00
-2.371052480507644056e+00
-2.417775151052594218e+00
-2.464600087354478219e+00
-2.510393122559850809e+00
-2.554601384623985005e+00
-2.596952623140510674e+00
-2.637430524462351933e+00
-2.673243987364951835e+00
-2.702919190419680540e+00
-2.730220377659659192e+00
-2.755015481422891099e+00
-2.777249577743718945e+00
-2.797144817691810559e+00
-2.815035326766462731e+00
-2.831285431388014473e+00
-2.842592804283526675e+00
-2.851556172657652155e+00
-2.858196771661166480e+00
-2.861723337068452722e+00
-2.861193199632241502e+00
-2.855787808359886881e+00
-2.845340590695853322e+00
-2.831059645821907722e+00
-2.815776020847840400e+00
-2.804549457950038516e+00
-2.803893230644625589e+00
-2.806600310454568259e+00
-2.875716758218002767e+00
-3.661966235847406992e+00
-3.518492871916745202e+00
-4.127094533213023553e+00
-5.347166004411968210e+00
-7.188571173746238774e-01
-8.135041999945564761e-01
-9.067305500406270813e-01
-1.002845211985645246e+00
-1.104948017158736695e+00
-1.233849346708083106e+00
-1.358746443682015581e+00
-1.481466027749851033e+00
-1.607135188009080284e+00
-1.736067248027272303e+00
-1.873681792778906008e+00
-1.948110001716960138e+00
-2.014970964788817209e+00
-2.085150646363549853e+00
-2.157073759936745549e+00
-2.230192859037464004e+00
-2.304899711636715587e+00
-2.371052480507646720e+00
-2.417775151052591553e+00
-2.464600087354478219e+00
-2.510393122559858803e+00
-2.554601384623985005e+00
-2.596952623140513339e+00
-2.637430524462346604e+00
-2.673243987364950058e+00
-2.702919190419677875e+00
-2.730220377659657416e+00
-2.755015481422891099e+00
-2.777249577743714504e+00
-2.797144817691815888e+00
-2.815035326766447632e+00
-2.831285431387993157e+00
-2.842592804283516017e+00
-2.851556172657637944e+00
-2.858196771661152269e+00
-2.861723337068442063e+00
-2.861193199632236173e+00
-2.855787808359893987e+00
-2.845340590695855099e+00
-2.831059645821902393e+00
-2.815776020847833294e+00
-2.804549457950054503e+00
-2.803893230644620260e+00
-2.806600310454577141e+00
-2.875716758218016977e+00
-3.661966235847451401e+00
-3.518492871916752307e+00
-4.127094533213042205e+00
-5.347166004411979756e+00
-3.447472794727072909e+01
-3.718913226429342700e+01
-3.885517278115308670e+01
-3.999653903243266484e+01
-4.081591176942766452e+01
-4.146198208223698600e+01
-4.201203838376930122e+01
-4.248156069194993734e+01
-4.286842852099016454e+01
-4.317774246758199297e+01
-4.341571863961351596e+01
-4.359396786250660938e+01
-4.371505390170813143e+01
-4.379105704817852995e+01
-4.382482280974833344e+01
-4.381888399380650867e+01
-4.377543050706852057e+01
-4.369642169638965612e+01
-4.358130032370250007e+01
-4.342483890485644338e+01
-4.323355101077842733e+01
-4.300073486336013673e+01
-4.272965740938634127e+01
-4.241599366538632410e+01
-4.206591784408244905e+01
-4.167252918748762625e+01
-4.121779507939574927e+01
-4.065505820884961707e+01
-3.986153042604473029e+01
-3.570957150935637259e+01
-3.801211430823202164e+01
-3.941547006409383869e+01
-4.039112157374700018e+01
-4.115428221805779430e+01
-4.180138834158341155e+01
-4.235571723649869114e+01
-4.281745391127416411e+01
-4.319614859803657225e+01
-4.350481146293796542e+01
-4.375092966933321748e+01
-4.394981822508937341e+01
-4.409745578260020693e+01
-4.420880845357552857e+01
-4.428554318075497775e+01
-4.432970244239938751e+01
-4.433617400950333831e+01
-4.430605159340204580e+01
-4.424396402204992285e+01
-4.413715451817333246e+01
-4.399463799840269473e+01
-4.380955012365710388e+01
-4.358429154163979291e+01
-4.331734961505690507e+01
-4.300805718907160013e+01
-4.265699148725244072e+01
-4.223173841975116716e+01
-4.166503321759412160e+01
-4.079419430751273978e+01
-3.262540705212018111e+01
-3.535103734979401224e+01
-3.695206069919247938e+01
-3.799578602051021647e+01
-3.868052836820531581e+01
-3.919690729452295130e+01
-3.963822093744310848e+01
-4.000254580262777893e+01
-4.027711664810675529e+01
-4.046620080640644090e+01
-4.057674810788947184e+01
-4.062259120298998027e+01
-4.062203779033731621e+01
-4.056962388602266856e+01
-4.049278762256862763e+01
-4.039176364627898863e+01
-4.026711341027655067e+01
-4.012009760729346652e+01
-3.995258732270486490e+01
-3.976754904671926738e+01
-3.955429264199713657e+01
-3.931517385395245157e+01
-3.904289794879422004e+01
-3.874312012914748493e+01
-3.840946570580837971e+01
-3.804743206130311961e+01
-3.767270849264397015e+01
-3.731392217664163269e+01
-3.708228588632751155e+01
-3.447472794727094936e+01
-3.718913226429354069e+01
-3.885517278115308670e+01
-3.999653903243257247e+01
-4.081591176942767163e+01
-4.146198208223697890e+01
-4.201203838376928701e+01
-4.248156069194983075e+01
-4.286842852099015744e+01
-4.317774246758192902e+01
-4.341571863961343780e+01
-4.359396786250657385e+01
-4.371505390170813143e+01
-4.379105704817850153e+01
-4.382482280974834765e+01
-4.381888399380646604e+01
-4.377543050706852057e+01
-4.369642169638967744e+01
-4.358130032370249296e+01
-4.342483890485645759e+01
-4.323355101077845575e+01
-4.300073486336018647e+01
-4.272965740938637680e+01
-4.241599366538638094e+01
-4.206591784408249879e+01
-4.167252918748765467e+01
-4.121779507939579901e+01
-4.065505820884971655e+01
-3.986153042604478003e+01
-3.570957150935637969e+01
-3.801211430823191506e+01
-3.941547006409378184e+01
-4.039112157374691492e+01
-4.115428221805770903e+01
-4.180138834158330496e+01
-4.235571723649866271e+01
-4.281745391127407885e+01
-4.319614859803655804e+01
-4.350481146293789436e+01
-4.375092966933326011e+01
-4.394981822508925973e+01
-4.409745578260029220e+01
-4.420880845357544331e+01
-4.428554318075504881e+01
-4.432970244239929514e+01
-4.433617400950345200e+01
-4.430605159340215948e+01
-4.424396402205000811e+01
-4.413715451817346747e+01
-4.399463799840283684e+01
-4.380955012365736678e+01
-4.358429154163997055e+01
-4.331734961505717507e+01
-4.300805718907179198e+01
-4.265699148725268230e+01
-4.223173841975125953e+01
-4.166503321759426370e+01
-4.079419430751274689e+01
-3.262540705212010295e+01
-3.535103734979406909e+01
-3.695206069919253622e+01
-3.799578602051045806e+01
-3.868052836820546503e+01
-3.919690729452321420e+01
-3.963822093744327191e+01
-4.000254580262794946e+01
-4.027711664810691161e+01
-4.046620080640662565e+01
-4.057674810788959263e+01
-4.062259120299013659e+01
-4.062203779033740858e+01
-4.056962388602273961e+01
-4.049278762256864894e+01
-4.039176364627904547e+01
-4.026711341027660751e+01
-4.012009760729348784e+01
-3.995258732270485780e+01
-3.976754904671930291e+01
-3.955429264199706552e+01
-3.931517385395245157e+01
-3.904289794879420583e+01
-3.874312012914737835e+01
-3.840946570580829444e+01
-3.804743206130299882e+01
-3.767270849264384225e+01
-3.731392217664152611e+01
-3.708228588632735523e+01
-3.447472794727096357e+01
-3.718913226429351937e+01
-3.885517278115308670e+01
-3.999653903243259379e+01
-4.081591176942769295e+01
-4.146198208223700732e+01
-4.201203838376932254e+01
-4.248156069194990891e+01
-4.286842852099017165e+01
-4.317774246758200718e+01
-4.341571863961348043e+01
-4.359396786250657385e+01
-4.371505390170817407e+01
-4.379105704817848732e+01
-4.382482280974839739e+01
-4.381888399380647314e+01
-4.377543050706853478e+01
-4.369642169638966323e+01
-4.358130032370250007e+01
-4.342483890485648601e+01
-4.323355101077844154e+01
-4.300073486336017226e+01
-4.272965740938635548e+01
-4.241599366538638094e+01
-4.206591784408246326e+01
-4.167252918748763335e+01
-4.121779507939577059e+01
-4.065505820884970234e+01
-3.986153042604473740e+01
-3.570957150935640811e+01
-3.801211430823197901e+01
-3.941547006409392395e+01
-4.039112157374708545e+01
-4.115428221805786535e+01
-4.180138834158348260e+01
-4.235571723649876930e+01
-4.281745391127421385e+01
-4.319614859803666462e+01
-4.350481146293800094e+01
-4.375092966933333827e+01
-4.394981822508940894e+01
-4.409745578260024956e+01
-4.420880845357554279e+01
-4.428554318075507013e+01
-4.432970244239932356e+01
-4.433617400950342358e+01
-4.430605159340215238e+01
-4.424396402204995127e+01
-4.413715451817341062e+01
-4.399463799840272316e+01
-4.380955012365715362e+01
-4.358429154163981423e+01
-4.331734961505696901e+01
-4.300805718907162856e+01
-4.265699148725255441e+01
-4.223173841975114584e+01
-4.166503321759417844e+01
-4.079419430751267583e+01
-3.262540705212008163e+01
-3.535103734979399803e+01
-3.695206069919245806e+01
-3.799578602051030174e+01
-3.868052836820528029e+01
-3.919690729452303657e+01
-3.963822093744308006e+01
-4.000254580262772919e+01
-4.027711664810673398e+01
-4.046620080640640538e+01
-4.057674810788937236e+01
-4.062259120298998027e+01
-4.062203779033728779e+01
-4.056962388602266145e+01
-4.049278762256862763e+01
-4.039176364627892468e+01
-4.026711341027660040e+01
-4.012009760729348784e+01
-3.995258732270490043e+01
-3.976754904671929580e+01
-3.955429264199714368e+01
-3.931517385395248709e+01
-3.904289794879428399e+01
-3.874312012914744230e+01
-3.840946570580840103e+01
-3.804743206130304145e+01
-3.767270849264401278e+01
-3.731392217664164690e+01
-3.708228588632749734e+01
