-7.188854101614777781e-01
-8.135451707470471305e-01
-9.067824215508918373e-01
-1.002910339111847016e+00
-1.105035775740652371e+00
-1.233938730536890960e+00
-1.358824867315390872e+00
-1.481555896689934482e+00
-1.607238081791191320e+00
-1.736176810238867496e+00
-1.873807100801012204e+00
-1.948256254180187774e+00
-2.015139148123279433e+00
-2.085342397236860990e+00
-2.157290533496898366e+00
-2.230435696438523685e+00
-2.305168895583423527e+00
-2.371347696674288130e+00
-2.418103116707090550e+00
-2.464949306177484978e+00
-2.510759425813175127e+00
-2.554979026630411099e+00
-2.597334743622644382e+00
-2.637809853725888942e+00
-2.673614791107726596e+00
-2.703277871208523031e+00
-2.730566460020622088e+00
-2.755353989968220674e+00
-2.777596191863351827e+00
-2.797514121788510444e+00
-2.815449672294716876e+00
-2.831766372807864585e+00
-2.843153107657450107e+00
-2.852193069684359372e+00
-2.858881379845676918e+00
-2.862397860537480909e+00
-2.861777851135624218e+00
-2.856202320044586074e+00
-2.845537947799666512e+00
-2.831065169284968874e+00
-2.815750092826451834e+00
-2.805182878972626526e+00
-2.808753310336490117e+00
-2.840635030094896152e+00
-2.988293799271978912e+00
-3.377302942374319272e+00
-3.595790970118359908e+00
-4.135441305657757916e+00
-5.343000904546492791e+00
-7.188854101614770009e-01
-8.135451707470471305e-01
-9.067824215508927255e-01
-1.002910339111846572e+00
-1.105035775740650372e+00
-1.233938730536889850e+00
-1.358824867315387319e+00
-1.481555896689934038e+00
-1.607238081791189099e+00
-1.736176810238867052e+00
-1.873807100801018422e+00
-1.948256254180188662e+00
-2.015139148123279433e+00
-2.085342397236862766e+00
-2.157290533496891261e+00
-2.230435696438517912e+00
-2.305168895583410205e+00
-2.371347696674287242e+00
-2.418103116707081668e+00
-2.464949306177492083e+00
-2.510759425813159140e+00
-2.554979026630405770e+00
-2.597334743622646158e+00
-2.637809853725892495e+00
-2.673614791107732813e+00
-2.703277871208520367e+00
-2.730566460020616759e+00
-2.755353989968209127e+00
-2.777596191863344721e+00
-2.797514121788511332e+00
-2.815449672294720429e+00
-2.831766372807855703e+00
-2.843153107657446554e+00
-2.852193069684346938e+00
-2.858881379845653825e+00
-2.862397860537480909e+00
-2.861777851135625994e+00
-2.856202320044555876e+00
-2.845537947799661183e+00
-2.831065169284974203e+00
-2.815750092826444728e+00
-2.805182878972615867e+00
-2.808753310336500775e+00
-2.840635030094896152e+00
-2.988293799271957596e+00
-3.377302942374303285e+00
-3.595790970118379448e+00
-4.135441305657749922e+00
-5.343000904546498120e+00
-7.188854101614775560e-01
-8.135451707470464644e-01
-9.067824215508910601e-01
-1.002910339111844351e+00
-1.105035775740650816e+00
-1.233938730536892292e+00
-1.358824867315388651e+00
-1.481555896689935148e+00
-1.607238081791187767e+00
-1.736176810238863055e+00
-1.873807100801015757e+00
-1.948256254180188662e+00
-2.015139148123281654e+00
-2.085342397236867651e+00
-2.157290533496901475e+00
-2.230435696438522797e+00
-2.305168895583418198e+00
-2.371347696674277472e+00
-2.418103116707086109e+00
-2.464949306177478761e+00
-2.510759425813178680e+00
-2.554979026630393335e+00
-2.597334743622649711e+00
-2.637809853725883613e+00
-2.673614791107723931e+00
-2.703277871208518590e+00
-2.730566460020630082e+00
-2.755353989968210904e+00
-2.777596191863350050e+00
-2.797514121788506891e+00
-2.815449672294716876e+00
-2.831766372807866361e+00
-2.843153107657444778e+00
-2.852193069684357596e+00
-2.858881379845650272e+00
-2.862397860537482686e+00
-2.861777851135633099e+00
-2.856202320044577192e+00
-2.845537947799680722e+00
-2.831065169284979532e+00
-2.815750092826442952e+00
-2.805182878972619420e+00
-2.808753310336498998e+00
-2.840635030094892599e+00
-2.988293799271971807e+00
-3.377302942374333483e+00
-3.595790970118361685e+00
-4.135441305657751698e+00
-5.343000904546493679e+00
-3.545538142217904465e+01
-3.775793962850014651e+01
-3.914815192742909744e+01
-4.010642731880343348e+01
-4.085399463134958609e+01
-4.149027846671592101e+01
-4.202993661942500836e+01
-4.247376546983927881e+01
-4.283531844538589439e+01
-4.312030398429133271e+01
-4.334880629678466590e+01
-4.352101973823560854e+01
-4.365480205593738106e+01
-4.375206155060684665e+01
-4.381475768197654475e+01
-4.384469624426652246e+01
-4.384362320122050960e+01
-4.381360926904390851e+01
-4.374035490215653965e+01
-4.363534381099896109e+01
-4.348672144095955616e+01
-4.330061981436668361e+01
-4.307175391522481078e+01
-4.280094637089955967e+01
-4.248900713331084944e+01
-4.213257555465260396e+01
-4.171613254103095159e+01
-4.118873023148501744e+01
-4.041809959017827936e+01
-3.249809778570714514e+01
-3.530577267587441526e+01
-3.695432535473044311e+01
-3.805802263916101680e+01
-3.879209174455248643e+01
-3.931560067740723241e+01
-3.975526759348981187e+01
-4.012827469113024392e+01
-4.042203046181515447e+01
-4.063628801710054006e+01
-4.077472468563732377e+01
-4.084710165989899622e+01
-4.087068228900599820e+01
-4.084279076820561727e+01
-4.078499843976037198e+01
-4.069765607578455757e+01
-4.058191025071540281e+01
-4.043919219384549990e+01
-4.027119463033880464e+01
-4.008016205912735330e+01
-3.986212199304952719e+01
-3.960926574366077801e+01
-3.932666256877732991e+01
-3.901063120117331806e+01
-3.865802516848565773e+01
-3.827804457248064551e+01
-3.787607207299090106e+01
-3.747357848049376372e+01
-3.715222601973796657e+01
-3.487506653703724169e+01
-3.751400851716982743e+01
-3.914085452316925284e+01
-4.025336658720591743e+01
-4.106429237016006795e+01
-4.171106506224829502e+01
-4.226187886967534268e+01
-4.273260718714470130e+01
-4.312290325429483318e+01
-4.343826773625752935e+01
-4.368421092428936703e+01
-4.387347913192991200e+01
-4.400829690227983093e+01
-4.409624869603149477e+01
-4.414316098460535898e+01
-4.415138594000092098e+01
-4.412311648870667113e+01
-4.405575907635131472e+01
-4.395002379890882338e+01
-4.380912810876770891e+01
-4.362733186944779362e+01
-4.340777865827335091e+01
-4.314785812884068861e+01
-4.285104197919240931e+01
-4.251334043445086763e+01
-4.212921351684870075e+01
-4.167553873670043885e+01
-4.108498577498252047e+01
-4.020368291972952335e+01
-3.545538142217896649e+01
-3.775793962850005414e+01
-3.914815192742893402e+01
-4.010642731880334111e+01
-4.085399463134952214e+01
-4.149027846671580733e+01
-4.202993661942493020e+01
-4.247376546983919354e+01
-4.283531844538583755e+01
-4.312030398429129718e+01
-4.334880629678465880e+01
-4.352101973823563696e+01
-4.365480205593742369e+01
-4.375206155060683955e+01
-4.381475768197657317e+01
-4.384469624426647272e+01
-4.384362320122060197e+01
-4.381360926904403641e+01
-4.374035490215658939e+01
-4.363534381099904635e+01
-4.348672144095967695e+01
-4.330061981436676888e+01
-4.307175391522498842e+01
-4.280094637089968757e+01
-4.248900713331100576e+01
-4.213257555465277449e+01
-4.171613254103111501e+01
-4.118873023148513113e+01
-4.041809959017830778e+01
-3.249809778570709540e+01
-3.530577267587441526e+01
-3.695432535473045732e+01
-3.805802263916118733e+01
-3.879209174455269249e+01
-3.931560067740741715e+01
-3.975526759349000372e+01
-4.012827469113046419e+01
-4.042203046181531079e+01
-4.063628801710066085e+01
-4.077472468563746588e+01
-4.084710165989912412e+01
-4.087068228900609768e+01
-4.084279076820571674e+01
-4.078499843976045725e+01
-4.069765607578465705e+01
-4.058191025071540992e+01
-4.043919219384552832e+01
-4.027119463033884017e+01
-4.008016205912729646e+01
-3.986212199304950587e+01
-3.960926574366077091e+01
-3.932666256877721622e+01
-3.901063120117314753e+01
-3.865802516848559378e+01
-3.827804457248053893e+01
-3.787607207299070211e+01
-3.747357848049370688e+01
-3.715222601973791683e+01
-3.487506653703730564e+01
-3.751400851716972085e+01
-3.914085452316925284e+01
-4.025336658720584637e+01
-4.106429237016003952e+01
-4.171106506224816712e+01
-4.226187886967534268e+01
-4.273260718714458051e+01
-4.312290325429481186e+01
-4.343826773625750803e+01
-4.368421092428933150e+01
-4.387347913192986937e+01
-4.400829690227982383e+01
-4.409624869603143793e+01
-4.414316098460534477e+01
-4.415138594000092809e+01
-4.412311648870667113e+01
-4.405575907635132182e+01
-4.395002379890885891e+01
-4.380912810876772312e+01
-4.362733186944784336e+01
-4.340777865827338644e+01
-4.314785812884073835e+01
-4.285104197919254432e+01
-4.251334043445095290e+01
-4.212921351684883575e+01
-4.167553873670054543e+01
-4.108498577498266968e+01
-4.020368291972958019e+01
-3.545538142217893807e+01
-3.775793962850008967e+01
-3.914815192742899086e+01
-4.010642731880349743e+01
-4.085399463134962872e+01
-4.149027846671585706e+01
-4.202993661942504389e+01
-4.247376546983924328e+01
-4.283531844538587308e+01
-4.312030398429130429e+01
-4.334880629678473696e+01
-4.352101973823572223e+01
-4.365480205593738106e+01
-4.375206155060686086e+01
-4.381475768197658027e+01
-4.384469624426644430e+01
-4.384362320122058065e+01
-4.381360926904400088e+01
-4.374035490215653255e+01
-4.363534381099898241e+01
-4.348672144095954195e+01
-4.330061981436669782e+01
-4.307175391522491026e+01
-4.280094637089965204e+01
-4.248900713331093471e+01
-4.213257555465261106e+01
-4.171613254103098711e+01
-4.118873023148506718e+01
-4.041809959017826515e+01
-3.249809778570713092e+01
-3.530577267587437262e+01
-3.695432535473034363e+01
-3.805802263916102390e+01
-3.879209174455250775e+01
-3.931560067740723952e+01
-3.975526759348984029e+01
-4.012827469113031498e+01
-4.042203046181516157e+01
-4.063628801710056138e+01
-4.077472468563733088e+01
-4.084710165989902464e+01
-4.087068228900606215e+01
-4.084279076820563148e+01
-4.078499843976044303e+01
-4.069765607578468547e+01
-4.058191025071543123e+01
-4.043919219384552832e+01
-4.027119463033886149e+01
-4.008016205912738883e+01
-3.986212199304945614e+01
-3.960926574366088460e+01
-3.932666256877735833e+01
-3.901063120117326122e+01
-3.865802516848576431e+01
-3.827804457248067393e+01
-3.787607207299083001e+01
-3.747357848049377083e+01
-3.715222601973800920e+01
-3.487506653703709958e+01
-3.751400851716959295e+01
-3.914085452316929548e+01
-4.025336658720583927e+01
-4.106429237016016032e+01
-4.171106506224826660e+01
-4.226187886967543506e+01
-4.273260718714469419e+01
-4.312290325429491133e+01
-4.343826773625752935e+01
-4.368421092428944519e+01
-4.387347913192998305e+01
-4.400829690227989488e+01
-4.409624869603151609e+01
-4.414316098460541582e+01
-4.415138594000092809e+01
-4.412311648870672798e+01
-4.405575907635134314e+01
-4.395002379890882338e+01
-4.380912810876773023e+01
-4.362733186944780783e+01
-4.340777865827335091e+01
-4.314785812884071703e+01
-4.285104197919248037e+01
-4.251334043445086053e+01
-4.212921351684877891e+01
-4.167553873670045306e+01
-4.108498577498256310e+01
-4.020368291972950203e+01
