-9.872402219934086620e-01
-1.534121127771437054e+00
-1.945666472613708065e+00
-2.215326356182682144e+00
-2.431885832106157608e+00
-2.609960169492803850e+00
-2.749317870948801534e+00
-2.850578816708148278e+00
-2.913133065410933753e+00
-2.934377993555409070e+00
-2.900825982235340827e+00
-2.765868003822208987e+00
-2.630963847766130570e+00
-2.844920001549138266e+00
-9.872402219934075518e-01
-1.534121127771433279e+00
-1.945666472613705178e+00
-2.215326356182679923e+00
-2.431885832106151391e+00
-2.609960169492800297e+00
-2.749317870948799758e+00
-2.850578816708146057e+00
-2.913133065410927092e+00
-2.934377993555405517e+00
-2.900825982235339495e+00
-2.765868003822196108e+00
-2.630963847766136787e+00
-2.844920001549135158e+00
-9.872402219934081069e-01
-1.534121127771435056e+00
-1.945666472613706954e+00
-2.215326356182679923e+00
-2.431885832106157164e+00
-2.609960169492801185e+00
-2.749317870948797982e+00
-2.850578816708142060e+00
-2.913133065410922207e+00
-2.934377993555402853e+00
-2.900825982235330169e+00
-2.765868003822184118e+00
-2.630963847766127905e+00
-2.844920001549106736e+00
-4.002655766039785590e+01
-2.494944885179711846e+01
-4.299226674898010003e+01
-2.801323146384286744e+01
-4.216788904880716160e+01
-3.096564973355560824e+01
-4.156132305887310707e+01
-3.385056809818051704e+01
-4.518640351086578733e+01
-3.962384799284079406e+01
-2.425658691865327299e+01
-4.110116743851548193e+01
-2.639154205944051768e+01
-3.926453619910083859e+01
-2.825356478145935668e+01
-3.764498383321064523e+01
-2.992393361948792929e+01
-3.982266320939157112e+01
-4.104880939252388572e+01
-2.580194446537142383e+01
-4.410858215632664070e+01
-2.894200676647480464e+01
-4.318356713329633578e+01
-3.185904667701708348e+01
-4.229863743902519957e+01
-3.457666234515803438e+01
-4.532711911752794265e+01
-4.002655766039806196e+01
-2.494944885179722860e+01
-4.299226674897984424e+01
-2.801323146384284257e+01
-4.216788904880719713e+01
-3.096564973355578587e+01
-4.156132305887314260e+01
-3.385056809818055967e+01
-4.518640351086565232e+01
-3.962384799284113512e+01
-2.425658691865316285e+01
-4.110116743851544641e+01
-2.639154205944048215e+01
-3.926453619910082438e+01
-2.825356478145935668e+01
-3.764498383321058839e+01
-2.992393361948791508e+01
-3.982266320939164927e+01
-4.104880939252411309e+01
-2.580194446537115738e+01
-4.410858215632659096e+01
-2.894200676647454884e+01
-4.318356713329662711e+01
-3.185904667701684190e+01
-4.229863743902557616e+01
-3.457666234515777859e+01
-4.532711911752790002e+01
-4.002655766039893592e+01
-2.494944885179650385e+01
-4.299226674898028477e+01
-2.801323146384271823e+01
-4.216788904880714739e+01
-3.096564973355568995e+01
-4.156132305887324918e+01
-3.385056809818053836e+01
-4.518640351086546758e+01
-3.962384799284254910e+01
-2.425658691865258731e+01
-4.110116743851568799e+01
-2.639154205944037912e+01
-3.926453619910095938e+01
-2.825356478145929984e+01
-3.764498383321067365e+01
-2.992393361948795416e+01
-3.982266320939174875e+01
-4.104880939252524286e+01
-2.580194446537040065e+01
-4.410858215632735835e+01
-2.894200676647407988e+01
-4.318356713329690422e+01
-3.185904667701680637e+01
-4.229863743902558326e+01
-3.457666234515786385e+01
-4.532711911752799949e+01
