-9.427488930904939224e-01
-1.479049748046990409e+00
-1.860935554964656014e+00
-2.113662145592237085e+00
-2.318646619026398348e+00
-2.486187258876255690e+00
-2.617415646568872045e+00
-2.713668998677170485e+00
-2.773877061686715439e+00
-2.795636084168279023e+00
-2.765800434004256125e+00
-2.639240305811638709e+00
-2.498977660565424586e+00
-2.735182714291969575e+00
-9.427488930904933673e-01
-1.479049748046989743e+00
-1.860935554964658456e+00
-2.113662145592233976e+00
-2.318646619026396127e+00
-2.486187258876252137e+00
-2.617415646568871601e+00
-2.713668998677163824e+00
-2.773877061686715439e+00
-2.795636084168283464e+00
-2.765800434004256569e+00
-2.639240305811638265e+00
-2.498977660565423253e+00
-2.735182714291968242e+00
-9.427488930904913689e-01
-1.479049748046987967e+00
-1.860935554964657568e+00
-2.113662145592235753e+00
-2.318646619026398348e+00
-2.486187258876250361e+00
-2.617415646568867160e+00
-2.713668998677161159e+00
-2.773877061686711443e+00
-2.795636084168281243e+00
-2.765800434004255237e+00
-2.639240305811632048e+00
-2.498977660565411707e+00
-2.735182714291933159e+00
-3.724997730189969047e+01
-2.317102037780809454e+01
-4.365853760457876831e+01
-2.320450042335850682e+01
-4.426782148473931500e+01
-2.564821006577242812e+01
-4.314762354210611761e+01
-2.934384081768226693e+01
-4.399133555114816829e+01
-3.690946730608436610e+01
-2.245319856323748553e+01
-4.167067002817959320e+01
-2.182758369396819020e+01
-4.112587002191569496e+01
-2.325179632594396040e+01
-3.900866574934357089e+01
-2.571438422879698393e+01
-3.866213243852708814e+01
-3.828761656303990435e+01
-2.388262888946829321e+01
-4.480931660414439932e+01
-2.398326200188656543e+01
-4.528083849033301078e+01
-2.640422537461822827e+01
-4.380136591954938297e+01
-2.999873860301128303e+01
-4.403528382161650256e+01
-3.724997730189969047e+01
-2.317102037780800217e+01
-4.365853760457892463e+01
-2.320450042335829011e+01
-4.426782148473934342e+01
-2.564821006577194495e+01
-4.314762354210655815e+01
-2.934384081768212482e+01
-4.399133555114811145e+01
-3.690946730608427373e+01
-2.245319856323725105e+01
-4.167067002817964294e+01
-2.182758369396836429e+01
-4.112587002191588681e+01
-2.325179632594398882e+01
-3.900866574934372011e+01
-2.571438422879695906e+01
-3.866213243852704551e+01
-3.828761656303989014e+01
-2.388262888946840334e+01
-4.480931660414424300e+01
-2.398326200188681057e+01
-4.528083849033325237e+01
-2.640422537461857644e+01
-4.380136591954877190e+01
-2.999873860301138961e+01
-4.403528382161636046e+01
-3.724997730190058576e+01
-2.317102037780690793e+01
-4.365853760457980570e+01
-2.320450042335792773e+01
-4.426782148473981238e+01
-2.564821006577172824e+01
-4.314762354210634498e+01
-2.934384081768208929e+01
-4.399133555114811145e+01
-3.690946730608536086e+01
-2.245319856323636643e+01
-4.167067002818018295e+01
-2.182758369396763598e+01
-4.112587002191630603e+01
-2.325179632594365486e+01
-3.900866574934372011e+01
-2.571438422879689156e+01
-3.866213243852735815e+01
-3.828761656304103411e+01
-2.388262888946758267e+01
-4.480931660414530882e+01
-2.398326200188640200e+01
-4.528083849033369290e+01
-2.640422537461793695e+01
-4.380136591954977376e+01
-2.999873860301106987e+01
-4.403528382161653099e+01
