-7.511382333131563227e-01
-8.441776404731941019e-01
-9.347477784513795740e-01
-1.027761058180176601e+00
-1.128039895029909090e+00
-1.237612616489322859e+00
-1.348855079745093111e+00
-1.462052803223210296e+00
-1.576590143146025191e+00
-1.692847332319999065e+00
-1.814300265186902905e+00
-1.939902573779426653e+00
-1.999351321054622765e+00
-2.062605827445693318e+00
-2.128355936858812747e+00
-2.195550751661731859e+00
-2.263775649210748142e+00
-2.333161001221695230e+00
-2.404721695168722029e+00
-2.450023005285379973e+00
-2.495251634220512216e+00
-2.539705528236834375e+00
-2.582990205622643032e+00
-2.624984100876599946e+00
-2.665520671406907738e+00
-2.704618433929948829e+00
-2.739554213656264281e+00
-2.769331832233574708e+00
-2.797179648567895249e+00
-2.822934051624415019e+00
-2.846573501984671850e+00
-2.868167873319512395e+00
-2.887865445742438197e+00
-2.905865943956928987e+00
-2.921264631166261339e+00
-2.932553374394188950e+00
-2.942324291600332486e+00
-2.950310978348099411e+00
-2.956156573737862558e+00
-2.959377952166599712e+00
-2.959425140390886000e+00
-2.955844055412377713e+00
-2.948559164004885602e+00
-2.938026103068015260e+00
-2.925335636042609266e+00
-2.914912335372783048e+00
-2.912184477802242100e+00
-2.924989041795907241e+00
-2.964062357755990362e+00
-3.044113308132534002e+00
-3.184281157130005369e+00
-3.416118127988523767e+00
-3.788036674227944545e+00
-4.417806551921442448e+00
-5.629187750734210738e+00
-7.511382333131580991e-01
-8.441776404731948791e-01
-9.347477784513807952e-01
-1.027761058180179488e+00
-1.128039895029909534e+00
-1.237612616489325301e+00
-1.348855079745090890e+00
-1.462052803223209185e+00
-1.576590143146025635e+00
-1.692847332320000175e+00
-1.814300265186899797e+00
-1.939902573779424877e+00
-1.999351321054620545e+00
-2.062605827445699092e+00
-2.128355936858814967e+00
-2.195550751661727862e+00
-2.263775649210747254e+00
-2.333161001221694342e+00
-2.404721695168725581e+00
-2.450023005285381750e+00
-2.495251634220520209e+00
-2.539705528236837928e+00
-2.582990205622646585e+00
-2.624984100876597282e+00
-2.665520671406910402e+00
-2.704618433929943500e+00
-2.739554213656255399e+00
-2.769331832233564938e+00
-2.797179648567889920e+00
-2.822934051624418572e+00
-2.846573501984664745e+00
-2.868167873319505290e+00
-2.887865445742441750e+00
-2.905865943956928987e+00
-2.921264631166270220e+00
-2.932553374394192502e+00
-2.942324291600334263e+00
-2.950310978348088753e+00
-2.956156573737860782e+00
-2.959377952166605041e+00
-2.959425140390877118e+00
-2.955844055412367055e+00
-2.948559164004878497e+00
-2.938026103068018813e+00
-2.925335636042607490e+00
-2.914912335372779495e+00
-2.912184477802238547e+00
-2.924989041795909017e+00
-2.964062357755983257e+00
-3.044113308132532225e+00
-3.184281157130005369e+00
-3.416118127988518438e+00
-3.788036674227937439e+00
-4.417806551921446001e+00
-5.629187750734212514e+00
-7.511382333131565447e-01
-8.441776404731952121e-01
-9.347477784513814614e-01
-1.027761058180180598e+00
-1.128039895029909978e+00
-1.237612616489324413e+00
-1.348855079745093555e+00
-1.462052803223212072e+00
-1.576590143146030298e+00
-1.692847332319999953e+00
-1.814300265186907346e+00
-1.939902573779423989e+00
-1.999351321054624098e+00
-2.062605827445693762e+00
-2.128355936858817632e+00
-2.195550751661728306e+00
-2.263775649210748142e+00
-2.333161001221692565e+00
-2.404721695168724693e+00
-2.450023005285379085e+00
-2.495251634220520209e+00
-2.539705528236833487e+00
-2.582990205622654578e+00
-2.624984100876596393e+00
-2.665520671406915731e+00
-2.704618433929942611e+00
-2.739554213656257176e+00
-2.769331832233573820e+00
-2.797179648567892585e+00
-2.822934051624418572e+00
-2.846573501984668297e+00
-2.868167873319510619e+00
-2.887865445742436421e+00
-2.905865943956943198e+00
-2.921264631166268444e+00
-2.932553374394196055e+00
-2.942324291600320052e+00
-2.950310978348092306e+00
-2.956156573737867888e+00
-2.959377952166608594e+00
-2.959425140390893105e+00
-2.955844055412375937e+00
-2.948559164004892708e+00
-2.938026103068017036e+00
-2.925335636042611043e+00
-2.914912335372770613e+00
-2.912184477802242100e+00
-2.924989041795907241e+00
-2.964062357755981481e+00
-3.044113308132535778e+00
-3.184281157130007145e+00
-3.416118127988518438e+00
-3.788036674227940992e+00
-4.417806551921449554e+00
-5.629187750734217843e+00
