-7.949791179042215994e-01
-1.042817067713042167e+00
-1.354507781921253207e+00
-1.678843136776886791e+00
-1.958384565736738914e+00
-2.137388457193909463e+00
-2.326444253199628776e+00
-2.459869057161713890e+00
-2.575132850307458643e+00
-2.675070962837499788e+00
-2.746661076231538878e+00
-2.801932084615704532e+00
-2.841986781459050704e+00
-2.862401500791268205e+00
-2.859053492957030151e+00
-2.821707583030178768e+00
-2.780540072230064386e+00
-3.172041875524212795e+00
-4.039901099269973983e+00
-7.949791179042217104e-01
-1.042817067713044610e+00
-1.354507781921255205e+00
-1.678843136776886569e+00
-1.958384565736738692e+00
-2.137388457193908575e+00
-2.326444253199628776e+00
-2.459869057161714778e+00
-2.575132850307454646e+00
-2.675070962837498456e+00
-2.746661076231536658e+00
-2.801932084615705421e+00
-2.841986781459055145e+00
-2.862401500791269093e+00
-2.859053492957030151e+00
-2.821707583030181432e+00
-2.780540072230068382e+00
-3.172041875524207910e+00
-4.039901099269976648e+00
-7.949791179042227096e-01
-1.042817067713043944e+00
-1.354507781921255427e+00
-1.678843136776888567e+00
-1.958384565736741134e+00
-2.137388457193911240e+00
-2.326444253199629664e+00
-2.459869057161716555e+00
-2.575132850307456422e+00
-2.675070962837501565e+00
-2.746661076231538878e+00
-2.801932084615708085e+00
-2.841986781459048927e+00
-2.862401500791266429e+00
-2.859053492957031928e+00
-2.821707583030174771e+00
-2.780540072230073712e+00
-3.172041875524208354e+00
-4.039901099269979312e+00
-4.157965061357637637e+01
-4.319953412806911786e+01
-4.008111155233162748e+01
-4.038671661001294666e+01
-4.179044639792841309e+01
-4.270389375954912481e+01
-4.308061185210726052e+01
-4.302014858657388885e+01
-4.259172527838076405e+01
-4.186571869699609039e+01
-4.097637834325185224e+01
-4.368451671895292776e+01
-4.471724254042429436e+01
-4.126199185362821709e+01
-4.157705118527232457e+01
-4.308892521015044252e+01
-4.413329836904996029e+01
-4.466092510965235363e+01
-4.476859058296077620e+01
-4.452271207218711169e+01
-4.398598737539101222e+01
-4.315943420487896276e+01
-4.076712348190637414e+01
-4.196479332167843523e+01
-3.866109820633670324e+01
-3.878546068195021235e+01
-4.002787417007358073e+01
-4.079733918415964666e+01
-4.107311510849719838e+01
-4.097135603966301431e+01
-4.054826354984616898e+01
-3.987547120707760229e+01
-3.915907805865779068e+01
-4.157965061357635506e+01
-4.319953412806913207e+01
-4.008111155233164880e+01
-4.038671661001291824e+01
-4.179044639792842020e+01
-4.270389375954910349e+01
-4.308061185210724631e+01
-4.302014858657386753e+01
-4.259172527838074984e+01
-4.186571869699605486e+01
-4.097637834325185224e+01
-4.368451671895289934e+01
-4.471724254042432278e+01
-4.126199185362813893e+01
-4.157705118527233168e+01
-4.308892521015037147e+01
-4.413329836905002423e+01
-4.466092510965236073e+01
-4.476859058296074778e+01
-4.452271207218715432e+01
-4.398598737539106907e+01
-4.315943420487894144e+01
-4.076712348190645230e+01
-4.196479332167841392e+01
-3.866109820633673877e+01
-3.878546068195024787e+01
-4.002787417007357362e+01
-4.079733918415965377e+01
-4.107311510849722680e+01
-4.097135603966301431e+01
-4.054826354984621872e+01
-3.987547120707766624e+01
-3.915907805865779778e+01
-4.157965061357638348e+01
-4.319953412806912496e+01
-4.008111155233161327e+01
-4.038671661001291113e+01
-4.179044639792840599e+01
-4.270389375954911770e+01
-4.308061185210724631e+01
-4.302014858657385332e+01
-4.259172527838076405e+01
-4.186571869699609039e+01
-4.097637834325185935e+01
-4.368451671895296329e+01
-4.471724254042432278e+01
-4.126199185362810340e+01
-4.157705118527236010e+01
-4.308892521015039989e+01
-4.413329836905001002e+01
-4.466092510965238205e+01
-4.476859058296072646e+01
-4.452271207218714721e+01
-4.398598737539106196e+01
-4.315943420487892723e+01
-4.076712348190642388e+01
-4.196479332167839971e+01
-3.866109820633673877e+01
-3.878546068195025498e+01
-4.002787417007355941e+01
-4.079733918415963956e+01
-4.107311510849723390e+01
-4.097135603966300721e+01
-4.054826354984621162e+01
-3.987547120707763781e+01
-3.915907805865778357e+01
