-1.031547391119750801e+00
-1.083171477927867166e+00
-1.166136293842224170e+00
-1.268932405026474752e+00
-1.382002939546736142e+00
-1.499061882703010884e+00
-1.619186737434807455e+00
-1.744346919627844272e+00
-1.845598323419501252e+00
-1.908863585288072429e+00
-1.973939862271504087e+00
-2.040512004597104578e+00
-2.108426451418100811e+00
-2.177677325544754794e+00
-2.249025348006907343e+00
-2.297096599468249067e+00
-2.341890884418946328e+00
-2.386040520249181895e+00
-2.429017124868055433e+00
-2.470579489617003688e+00
-2.510603507631843812e+00
-2.548419275792817906e+00
-2.579397762606102873e+00
-2.608659828729635421e+00
-2.636088819055126820e+00
-2.661722432332854993e+00
-2.685685323765849120e+00
-2.708173762036985011e+00
-2.729337876227798887e+00
-2.745733534498445039e+00
-2.760976172703600184e+00
-2.774946198038584555e+00
-2.787527998895246384e+00
-2.798581209713159268e+00
-2.807982617839531514e+00
-2.815738090689492878e+00
-2.821306954374188436e+00
-2.825494853377202631e+00
-2.830521500048515549e+00
-2.839056131906467328e+00
-2.855322369421232409e+00
-2.885511478019761711e+00
-2.938361843876439394e+00
-3.026188056510385138e+00
-3.164880373104221434e+00
-3.380608819891286032e+00
-3.719995120869285188e+00
-4.280162130772771079e+00
-5.330505015469155339e+00
-1.031547391119750134e+00
-1.083171477927867388e+00
-1.166136293842226390e+00
-1.268932405026475863e+00
-1.382002939546737030e+00
-1.499061882703010440e+00
-1.619186737434808343e+00
-1.744346919627842940e+00
-1.845598323419498588e+00
-1.908863585288072429e+00
-1.973939862271510304e+00
-2.040512004597102358e+00
-2.108426451418101699e+00
-2.177677325544753018e+00
-2.249025348006903791e+00
-2.297096599468242850e+00
-2.341890884418947216e+00
-2.386040520249179231e+00
-2.429017124868058985e+00
-2.470579489617003688e+00
-2.510603507631847364e+00
-2.548419275792816130e+00
-2.579397762606103761e+00
-2.608659828729628316e+00
-2.636088819055126820e+00
-2.661722432332853217e+00
-2.685685323765845567e+00
-2.708173762036986787e+00
-2.729337876227788229e+00
-2.745733534498439710e+00
-2.760976172703596632e+00
-2.774946198038586331e+00
-2.787527998895237502e+00
-2.798581209713159268e+00
-2.807982617839519079e+00
-2.815738090689494655e+00
-2.821306954374186660e+00
-2.825494853377200855e+00
-2.830521500048515549e+00
-2.839056131906460223e+00
-2.855322369421237738e+00
-2.885511478019751053e+00
-2.938361843876446500e+00
-3.026188056510376256e+00
-3.164880373104208999e+00
-3.380608819891284256e+00
-3.719995120869285188e+00
-4.280162130772763973e+00
-5.330505015469145569e+00
-1.031547391119751245e+00
-1.083171477927866944e+00
-1.166136293842228167e+00
-1.268932405026478083e+00
-1.382002939546736808e+00
-1.499061882703012660e+00
-1.619186737434806789e+00
-1.744346919627841164e+00
-1.845598323419498588e+00
-1.908863585288071540e+00
-1.973939862271512524e+00
-2.040512004597101914e+00
-2.108426451418100811e+00
-2.177677325544757458e+00
-2.249025348006899350e+00
-2.297096599468244627e+00
-2.341890884418948993e+00
-2.386040520249180119e+00
-2.429017124868058985e+00
-2.470579489617004576e+00
-2.510603507631838482e+00
-2.548419275792815242e+00
-2.579397762606102873e+00
-2.608659828729628316e+00
-2.636088819055117938e+00
-2.661722432332851440e+00
-2.685685323765852672e+00
-2.708173762036979682e+00
-2.729337876227793558e+00
-2.745733534498446815e+00
-2.760976172703594855e+00
-2.774946198038586331e+00
-2.787527998895248160e+00
-2.798581209713159268e+00
-2.807982617839526185e+00
-2.815738090689491102e+00
-2.821306954374177778e+00
-2.825494853377202631e+00
-2.830521500048515549e+00
-2.839056131906463776e+00
-2.855322369421237738e+00
-2.885511478019754605e+00
-2.938361843876439394e+00
-3.026188056510374480e+00
-3.164880373104216105e+00
-3.380608819891278927e+00
-3.719995120869290517e+00
-4.280162130772775519e+00
-5.330505015469151786e+00
