-7.185888591678457615e-01
-8.129633074130599990e-01
-9.058343441881959723e-01
-1.001432557230903075e+00
-1.102647561625386796e+00
-1.231157610468405661e+00
-1.356160647003147979e+00
-1.478373979645118519e+00
-1.603545941586682622e+00
-1.732261319397252919e+00
-1.869427089160264899e+00
-1.943532343697272680e+00
-2.009991569237771891e+00
-2.079859908240809130e+00
-2.151582441286598257e+00
-2.224638693424123126e+00
-2.299451763845504537e+00
-2.365879093372483588e+00
-2.413148618053828187e+00
-2.460806718763357104e+00
-2.507730770744537097e+00
-2.553384239215770179e+00
-2.597490057725562629e+00
-2.639996764860818246e+00
-2.678055843155406457e+00
-2.710074753653365143e+00
-2.739661640797124598e+00
-2.766489511837903592e+00
-2.790429096754912131e+00
-2.811363786954654387e+00
-2.829592187926900593e+00
-2.845597243371333462e+00
-2.856324204667750166e+00
-2.864881591730688015e+00
-2.871779665353297872e+00
-2.876534584530185512e+00
-2.877849628137781224e+00
-2.873293240906168222e+00
-2.859232635538823786e+00
-2.831191928465777607e+00
-2.783927561314110122e+00
-2.711346514949255493e+00
-2.599802006827287570e+00
-2.385180874793105588e+00
-2.022027136210917675e+00
-3.156181756242808945e+00
-5.849737808831690700e+00
-4.183448533928677548e+00
-5.326273786023514312e+00
-7.185888591678425419e-01
-8.129633074130508952e-01
-9.058343441881859803e-01
-1.001432557230890197e+00
-1.102647561625372363e+00
-1.231157610468387897e+00
-1.356160647003131769e+00
-1.478373979645105418e+00
-1.603545941586665524e+00
-1.732261319397230048e+00
-1.869427089160246247e+00
-1.943532343697251807e+00
-2.009991569237742581e+00
-2.079859908240780264e+00
-2.151582441286574277e+00
-2.224638693424095592e+00
-2.299451763845478780e+00
-2.365879093372457831e+00
-2.413148618053796213e+00
-2.460806718763336676e+00
-2.507730770744496240e+00
-2.553384239215732876e+00
-2.597490057725520884e+00
-2.639996764860779166e+00
-2.678055843155361160e+00
-2.710074753653319846e+00
-2.739661640797089959e+00
-2.766489511837870729e+00
-2.790429096754882821e+00
-2.811363786954601984e+00
-2.829592187926875724e+00
-2.845597243371333462e+00
-2.856324204667734179e+00
-2.864881591730670252e+00
-2.871779665353287214e+00
-2.876534584530180183e+00
-2.877849628137777671e+00
-2.873293240906191315e+00
-2.859232635538843326e+00
-2.831191928465784713e+00
-2.783927561314138543e+00
-2.711346514949243058e+00
-2.599802006827244938e+00
-2.385180874792981243e+00
-2.022027136210656550e+00
-3.156181756242474101e+00
-5.849737808831262598e+00
-4.183448533928505242e+00
-5.326273786023429935e+00
-7.185888591678446513e-01
-8.129633074130555581e-01
-9.058343441881908653e-01
-1.001432557230899967e+00
-1.102647561625383243e+00
-1.231157610468395891e+00
-1.356160647003138653e+00
-1.478373979645106306e+00
-1.603545941586673074e+00
-1.732261319397237820e+00
-1.869427089160252020e+00
-1.943532343697256692e+00
-2.009991569237751463e+00
-2.079859908240786481e+00
-2.151582441286582714e+00
-2.224638693424094704e+00
-2.299451763845484109e+00
-2.365879093372447173e+00
-2.413148618053789107e+00
-2.460806718763330458e+00
-2.507730770744498905e+00
-2.553384239215736429e+00
-2.597490057725518220e+00
-2.639996764860781830e+00
-2.678055843155343396e+00
-2.710074753653310076e+00
-2.739661640797080189e+00
-2.766489511837843196e+00
-2.790429096754865057e+00
-2.811363786954582444e+00
-2.829592187926833979e+00
-2.845597243371273066e+00
-2.856324204667640032e+00
-2.864881591730602750e+00
-2.871779665353177080e+00
-2.876534584530061167e+00
-2.877849628137635563e+00
-2.873293240906024337e+00
-2.859232635538592859e+00
-2.831191928465516483e+00
-2.783927561313808141e+00
-2.711346514948841602e+00
-2.599802006826720913e+00
-2.385180874792279582e+00
-2.022027136209532117e+00
-3.156181756240698633e+00
-5.849737808829137187e+00
-4.183448533927769830e+00
-5.326273786023052459e+00
-3.441538073610016824e+01
-3.713640223868491574e+01
-3.880601365393264501e+01
-3.994721022795442167e+01
-4.076643988137981012e+01
-4.141471837064176498e+01
-4.196694019079089344e+01
-4.243762338589160521e+01
-4.282365027231760024e+01
-4.313037449791875844e+01
-4.336663143802507392e+01
-4.353899061995303299e+01
-4.365710430663912689e+01
-4.372948784116616139e+01
-4.375911076521089171e+01
-4.374856497398747024e+01
-4.370007023980114980e+01
-4.361555921101598443e+01
-4.349687063641695062e+01
-4.333721974375113462e+01
-4.314035656181050626e+01
-4.290417674021093575e+01
-4.262823355004192649e+01
-4.231107178933748969e+01
-4.195496395160850511e+01
-4.155503700016876678e+01
-4.109918185265886592e+01
-4.054726147461514785e+01
-3.978433782187978807e+01
-3.582488533598382219e+01
-3.811383852706206454e+01
-3.951316499328331844e+01
-4.048920822415055198e+01
-4.125428814711841596e+01
-4.190324837653592027e+01
-4.245937326419084457e+01
-4.292340622644937298e+01
-4.330499758967735602e+01
-4.361787170006617487e+01
-4.386633253100315244e+01
-4.406758840912996078e+01
-4.422142008097313237e+01
-4.433517659148452594e+01
-4.441460915582766944e+01
-4.445964811237200820e+01
-4.446544601556254861e+01
-4.443792481860967314e+01
-4.437487296073057053e+01
-4.426945960748979303e+01
-4.412669118113183231e+01
-4.394244442238869652e+01
-4.371726791503903797e+01
-4.345249192017371342e+01
-4.314649847870388299e+01
-4.279340545847274768e+01
-4.236419935862542729e+01
-4.178701270705438020e+01
-4.088816463859674855e+01
-3.257389648722791264e+01
-3.530194045652976342e+01
-3.690284032540090209e+01
-3.794482476074590949e+01
-3.862642915036019531e+01
-3.914165047108709672e+01
-3.958361498035085191e+01
-3.994658401518620394e+01
-4.021952513306707999e+01
-4.040616667718610699e+01
-4.051316821211679553e+01
-4.055430655964491393e+01
-4.054855026158515585e+01
-4.049473669696715206e+01
-4.041749158931751396e+01
-4.031446676820404207e+01
-4.018871662805410949e+01
-4.004352480109333356e+01
-3.987570020293625817e+01
-3.969037474650760089e+01
-3.948407128859118131e+01
-3.924510151549935699e+01
-3.897902328768906699e+01
-3.868467062125334621e+01
-3.835345635044578927e+01
-3.799722099313280665e+01
-3.762824336226741195e+01
-3.727652720170907941e+01
-3.705566070921389610e+01
-3.441538073610043824e+01
-3.713640223868512180e+01
-3.880601365393273028e+01
-3.994721022795445720e+01
-4.076643988137985986e+01
-4.141471837064174366e+01
-4.196694019079089344e+01
-4.243762338589161232e+01
-4.282365027231760024e+01
-4.313037449791877975e+01
-4.336663143802501708e+01
-4.353899061995304720e+01
-4.365710430663909136e+01
-4.372948784116619692e+01
-4.375911076521092724e+01
-4.374856497398747024e+01
-4.370007023980112137e+01
-4.361555921101601285e+01
-4.349687063641697904e+01
-4.333721974375117725e+01
-4.314035656181055600e+01
-4.290417674021097127e+01
-4.262823355004198334e+01
-4.231107178933757496e+01
-4.195496395160857617e+01
-4.155503700016888047e+01
-4.109918185265898671e+01
-4.054726147461521180e+01
-3.978433782187987333e+01
-3.582488533598371561e+01
-3.811383852706185138e+01
-3.951316499328302712e+01
-4.048920822415046672e+01
-4.125428814711824543e+01
-4.190324837653579948e+01
-4.245937326419074509e+01
-4.292340622644920245e+01
-4.330499758967722101e+01
-4.361787170006602565e+01
-4.386633253100297480e+01
-4.406758840913005315e+01
-4.422142008097314658e+01
-4.433517659148449752e+01
-4.441460915582772628e+01
-4.445964811237200820e+01
-4.446544601556250598e+01
-4.443792481860961630e+01
-4.437487296073071263e+01
-4.426945960748987829e+01
-4.412669118113199573e+01
-4.394244442238879600e+01
-4.371726791503913745e+01
-4.345249192017376316e+01
-4.314649847870396826e+01
-4.279340545847292532e+01
-4.236419935862561914e+01
-4.178701270705450810e+01
-4.088816463859678407e+01
-3.257389648722775632e+01
-3.530194045652967816e+01
-3.690284032540094472e+01
-3.794482476074609423e+01
-3.862642915036035163e+01
-3.914165047108713935e+01
-3.958361498035095849e+01
-3.994658401518636026e+01
-4.021952513306716526e+01
-4.040616667718619226e+01
-4.051316821211691632e+01
-4.055430655964498499e+01
-4.054855026158512743e+01
-4.049473669696719469e+01
-4.041749158931753527e+01
-4.031446676820403496e+01
-4.018871662805405265e+01
-4.004352480109331935e+01
-3.987570020293617290e+01
-3.969037474650745878e+01
-3.948407128859108184e+01
-3.924510151549930015e+01
-3.897902328768893909e+01
-3.868467062125318279e+01
-3.835345635044572532e+01
-3.799722099313270007e+01
-3.762824336226724853e+01
-3.727652720170894440e+01
-3.705566070921374688e+01
-3.441538073610011850e+01
-3.713640223868499390e+01
-3.880601365393271607e+01
-3.994721022795448562e+01
-4.076643988137990249e+01
-4.141471837064185735e+01
-4.196694019079103555e+01
-4.243762338589174021e+01
-4.282365027231776367e+01
-4.313037449791892186e+01
-4.336663143802522313e+01
-4.353899061995323905e+01
-4.365710430663928321e+01
-4.372948784116640297e+01
-4.375911076521111198e+01
-4.374856497398768340e+01
-4.370007023980130612e+01
-4.361555921101617628e+01
-4.349687063641717799e+01
-4.333721974375132646e+01
-4.314035656181069101e+01
-4.290417674021110628e+01
-4.262823355004211123e+01
-4.231107178933766733e+01
-4.195496395160868985e+01
-4.155503700016897994e+01
-4.109918185265905777e+01
-4.054726147461528996e+01
-3.978433782187989465e+01
-3.582488533598399982e+01
-3.811383852706210007e+01
-3.951316499328326870e+01
-4.048920822415072251e+01
-4.125428814711848702e+01
-4.190324837653601264e+01
-4.245937326419089430e+01
-4.292340622644935166e+01
-4.330499758967737023e+01
-4.361787170006611092e+01
-4.386633253100306007e+01
-4.406758840913013131e+01
-4.422142008097318211e+01
-4.433517659148450463e+01
-4.441460915582762681e+01
-4.445964811237197978e+01
-4.446544601556247045e+01
-4.443792481860950971e+01
-4.437487296073067000e+01
-4.426945960748980724e+01
-4.412669118113181099e+01
-4.394244442238868942e+01
-4.371726791503900955e+01
-4.345249192017362105e+01
-4.314649847870386878e+01
-4.279340545847278321e+01
-4.236419935862542019e+01
-4.178701270705440152e+01
-4.088816463859670591e+01
-3.257389648722755737e+01
-3.530194045652938684e+01
-3.690284032540051129e+01
-3.794482476074559685e+01
-3.862642915035983293e+01
-3.914165047108664908e+01
-3.958361498035047532e+01
-3.994658401518582025e+01
-4.021952513306671761e+01
-4.040616667718573751e+01
-4.051316821211646868e+01
-4.055430655964455866e+01
-4.054855026158472953e+01
-4.049473669696682521e+01
-4.041749158931718711e+01
-4.031446676820372943e+01
-4.018871662805378975e+01
-4.004352480109307777e+01
-3.987570020293593132e+01
-3.969037474650727404e+01
-3.948407128859086157e+01
-3.924510151549911541e+01
-3.897902328768878277e+01
-3.868467062125302647e+01
-3.835345635044559032e+01
-3.799722099313257218e+01
-3.762824336226716326e+01
-3.727652720170885203e+01
-3.705566070921376109e+01
