-9.948553546792819890e-01
-1.381227423530121179e+00
-1.899927291434587273e+00
-2.156004117017445765e+00
-2.352820956050530654e+00
-2.511743168862560882e+00
-2.628379929165848949e+00
-2.703718501407897712e+00
-2.735365777960913292e+00
-2.719572485471382528e+00
-2.649500742158443334e+00
-2.508508381222370964e+00
-2.491206037053821376e+00
-1.969631693550546236e+00
-9.948553546792808788e-01
-1.381227423530121845e+00
-1.899927291434588383e+00
-2.156004117017445321e+00
-2.352820956050534207e+00
-2.511743168862564435e+00
-2.628379929165854278e+00
-2.703718501407901265e+00
-2.735365777960918177e+00
-2.719572485471382084e+00
-2.649500742158448219e+00
-2.508508381222371408e+00
-2.491206037053828037e+00
-1.969631693550550899e+00
-9.948553546792836544e-01
-1.381227423530122955e+00
-1.899927291434587717e+00
-2.156004117017443100e+00
-2.352820956050530654e+00
-2.511743168862561326e+00
-2.628379929165861384e+00
-2.703718501407901709e+00
-2.735365777960919509e+00
-2.719572485471384748e+00
-2.649500742158443778e+00
-2.508508381222371408e+00
-2.491206037053816047e+00
-1.969631693550558005e+00
-2.450898176378272453e+01
-2.350956192018096402e+01
-2.403187000826544306e+01
-2.115978341380158056e+01
-2.564695635406838292e+01
-2.726900840972218631e+01
-2.925642447535339130e+01
-3.127685487127783048e+01
-3.332907000550908094e+01
-2.080582532907440907e+01
-2.157485803002408176e+01
-2.030753826894168768e+01
-2.678409439246475898e+01
-2.269892164070217788e+01
-2.844719317414286053e+01
-2.872671459800363181e+01
-2.830629314846988365e+01
-2.919662611236071470e+01
-2.524617138939377270e+01
-2.383238624985827059e+01
-2.451542837991927115e+01
-2.489669685238247610e+01
-2.887504836291831367e+01
-3.095197718626141281e+01
-3.186675902896323720e+01
-3.246953578914963146e+01
-3.378996888507027307e+01
-2.450898176378281335e+01
-2.350956192018117719e+01
-2.403187000826465436e+01
-2.115978341380183636e+01
-2.564695635406824437e+01
-2.726900840972224316e+01
-2.925642447535348012e+01
-3.127685487127785890e+01
-3.332907000550910936e+01
-2.080582532907448368e+01
-2.157485803002408176e+01
-2.030753826894168057e+01
-2.678409439246525992e+01
-2.269892164070213525e+01
-2.844719317414294935e+01
-2.872671459800364957e+01
-2.830629314846988720e+01
-2.919662611236060101e+01
-2.524617138939383310e+01
-2.383238624985825638e+01
-2.451542837991921431e+01
-2.489669685238246544e+01
-2.887504836291822841e+01
-3.095197718626141636e+01
-3.186675902896324430e+01
-3.246953578914961724e+01
-3.378996888507030860e+01
-2.450898176378332494e+01
-2.350956192018140101e+01
-2.403187000826460817e+01
-2.115978341380241545e+01
-2.564695635406842200e+01
-2.726900840972227158e+01
-2.925642447535348012e+01
-3.127685487127781983e+01
-3.332907000550899568e+01
-2.080582532907419591e+01
-2.157485803002413149e+01
-2.030753826894158465e+01
-2.678409439246339119e+01
-2.269892164070114760e+01
-2.844719317414286408e+01
-2.872671459800364602e+01
-2.830629314846991562e+01
-2.919662611236073602e+01
-2.524617138939379402e+01
-2.383238624985831677e+01
-2.451542837991924628e+01
-2.489669685238256491e+01
-2.887504836291837407e+01
-3.095197718626142702e+01
-3.186675902896326207e+01
-3.246953578914963856e+01
-3.378996888507036545e+01
