-9.995418488397832535e-01
-1.549925059913723091e+00
-1.958924389496548235e+00
-2.227716244744428753e+00
-2.443235671640997975e+00
-2.619449085063389582e+00
-2.756773903748486187e+00
-2.856628541657640241e+00
-2.918922462007292218e+00
-2.940665790332646523e+00
-2.908265792059066435e+00
-2.785260481784321840e+00
-2.326721180605427541e+00
-3.609886161349823208e+00
-9.995418488397858070e-01
-1.549925059913723091e+00
-1.958924389496548457e+00
-2.227716244744431862e+00
-2.443235671640995754e+00
-2.619449085063387805e+00
-2.756773903748486187e+00
-2.856628541657642462e+00
-2.918922462007292662e+00
-2.940665790332650076e+00
-2.908265792059063326e+00
-2.785260481784316067e+00
-2.326721180605431094e+00
-3.609886161349858291e+00
-9.995418488397855850e-01
-1.549925059913724645e+00
-1.958924389496551122e+00
-2.227716244744431862e+00
-2.443235671640997531e+00
-2.619449085063390026e+00
-2.756773903748485743e+00
-2.856628541657643794e+00
-2.918922462007298879e+00
-2.940665790332650964e+00
-2.908265792059069543e+00
-2.785260481784323172e+00
-2.326721180605417771e+00
-3.609886161349828981e+00
-4.108207591823634885e+01
-2.530269840644946555e+01
-4.309051817184833055e+01
-2.862082562790780571e+01
-4.258438964266589721e+01
-3.156750812194546896e+01
-4.243335109702702113e+01
-3.473964402392860507e+01
-4.741524919543880401e+01
-4.071981085229919728e+01
-2.470067323870140541e+01
-4.167877334144976942e+01
-2.719478829045069190e+01
-4.042515315483112204e+01
-2.922418465654552122e+01
-3.942056986898900561e+01
-3.136826875698852746e+01
-4.300455793558610651e+01
-4.189831042390774485e+01
-2.610352745838232380e+01
-4.393097983942446660e+01
-2.953851779752835327e+01
-4.338902957262772730e+01
-3.248342231164356519e+01
-4.303414871503086658e+01
-3.553573634389266545e+01
-4.743438646411162551e+01
-4.108207591823642701e+01
-2.530269840644947266e+01
-4.309051817184817423e+01
-2.862082562790801532e+01
-4.258438964266579063e+01
-3.156750812194554712e+01
-4.243335109702699981e+01
-3.473964402392860507e+01
-4.741524919543870453e+01
-4.071981085229929676e+01
-2.470067323870136633e+01
-4.167877334144989732e+01
-2.719478829045079138e+01
-4.042515315483111493e+01
-2.922418465654554254e+01
-3.942056986898911930e+01
-3.136826875698852746e+01
-4.300455793558622730e+01
-4.189831042390800775e+01
-2.610352745838220301e+01
-4.393097983942494977e+01
-2.953851779752798024e+01
-4.338902957262835258e+01
-3.248342231164319571e+01
-4.303414871503113659e+01
-3.553573634389239544e+01
-4.743438646411147630e+01
-4.108207591823736493e+01
-2.530269840644899304e+01
-4.309051817184855082e+01
-2.862082562790759255e+01
-4.258438964266601801e+01
-3.156750812194529843e+01
-4.243335109702700692e+01
-3.473964402392872586e+01
-4.741524919543918770e+01
-4.071981085230018493e+01
-2.470067323870079079e+01
-4.167877334144991153e+01
-2.719478829045035795e+01
-4.042515315483130678e+01
-2.922418465654542175e+01
-3.942056986898912641e+01
-3.136826875698852746e+01
-4.300455793558657547e+01
-4.189831042390883908e+01
-2.610352745838141431e+01
-4.393097983942527662e+01
-2.953851779752793050e+01
-4.338902957262846627e+01
-3.248342231164303939e+01
-4.303414871503117922e+01
-3.553573634389259439e+01
-4.743438646411173210e+01
