-7.189244100899505607e-01
-8.136008296397410078e-01
-9.068519286008465130e-01
-1.002995215077199243e+00
-1.105145826256938690e+00
-1.234045300523303412e+00
-1.358914252110063670e+00
-1.481651957741497938e+00
-1.607340788492712003e+00
-1.736279153227697325e+00
-1.873915722019614982e+00
-1.948364344617843802e+00
-2.015252157593593108e+00
-2.085458278675322852e+00
-2.157407112931377657e+00
-2.230550468851984824e+00
-2.305278909257734377e+00
-2.371445317194108782e+00
-2.418189310233458400e+00
-2.465016197546304078e+00
-2.510801232032241259e+00
-2.554989728680729044e+00
-2.597308636726832098e+00
-2.637742290862394867e+00
-2.673501685957722529e+00
-2.703119564926003804e+00
-2.730365825610140185e+00
-2.755117357087871532e+00
-2.777328867905229259e+00
-2.797227071526639186e+00
-2.815146603821096605e+00
-2.831440730853264753e+00
-2.842780924609813908e+00
-2.851730677518869328e+00
-2.858264319280911181e+00
-2.861552780399950535e+00
-2.860647829480338800e+00
-2.854786858382841075e+00
-2.843944279708111367e+00
-2.829575960833023984e+00
-2.814963127978291624e+00
-2.806551775149218386e+00
-2.816641574224391320e+00
-2.868035025610618405e+00
-3.010158351985539937e+00
-3.278959927457968604e+00
-3.632380144780874787e+00
-4.174611716662622207e+00
-5.342040447899847777e+00
-7.189244100899487844e-01
-8.136008296397390094e-01
-9.068519286008440705e-01
-1.002995215077199687e+00
-1.105145826256938246e+00
-1.234045300523303190e+00
-1.358914252110062559e+00
-1.481651957741496162e+00
-1.607340788492713113e+00
-1.736279153227693994e+00
-1.873915722019611430e+00
-1.948364344617844246e+00
-2.015252157593585114e+00
-2.085458278675328625e+00
-2.157407112931376325e+00
-2.230550468851981272e+00
-2.305278909257728159e+00
-2.371445317194103453e+00
-2.418189310233465505e+00
-2.465016197546304966e+00
-2.510801232032234154e+00
-2.554989728680723715e+00
-2.597308636726831210e+00
-2.637742290862406414e+00
-2.673501685957724305e+00
-2.703119564925980711e+00
-2.730365825610140185e+00
-2.755117357087859986e+00
-2.777328867905236365e+00
-2.797227071526646291e+00
-2.815146603821091276e+00
-2.831440730853250543e+00
-2.842780924609817461e+00
-2.851730677518856893e+00
-2.858264319280896970e+00
-2.861552780399957641e+00
-2.860647829480319260e+00
-2.854786858382860615e+00
-2.843944279708106038e+00
-2.829575960833039971e+00
-2.814963127978307611e+00
-2.806551775149214834e+00
-2.816641574224380662e+00
-2.868035025610613076e+00
-3.010158351985520397e+00
-3.278959927457954393e+00
-3.632380144780874787e+00
-4.174611716662621319e+00
-5.342040447899858435e+00
-7.189244100899501166e-01
-8.136008296397424511e-01
-9.068519286008457359e-01
-1.002995215077200353e+00
-1.105145826256938912e+00
-1.234045300523302746e+00
-1.358914252110063003e+00
-1.481651957741496828e+00
-1.607340788492712225e+00
-1.736279153227693328e+00
-1.873915722019614982e+00
-1.948364344617845578e+00
-2.015252157593586890e+00
-2.085458278675330401e+00
-2.157407112931368776e+00
-2.230550468851981272e+00
-2.305278909257728159e+00
-2.371445317194107005e+00
-2.418189310233461065e+00
-2.465016197546303189e+00
-2.510801232032232377e+00
-2.554989728680735261e+00
-2.597308636726831210e+00
-2.637742290862409966e+00
-2.673501685957721641e+00
-2.703119564925995810e+00
-2.730365825610139296e+00
-2.755117357087867980e+00
-2.777328867905238141e+00
-2.797227071526648068e+00
-2.815146603821096605e+00
-2.831440730853255872e+00
-2.842780924609810356e+00
-2.851730677518874657e+00
-2.858264319280895194e+00
-2.861552780399938101e+00
-2.860647829480321036e+00
-2.854786858382844628e+00
-2.843944279708104261e+00
-2.829575960833032866e+00
-2.814963127978291624e+00
-2.806551775149211281e+00
-2.816641574224385991e+00
-2.868035025610613076e+00
-3.010158351985506187e+00
-3.278959927457959722e+00
-3.632380144780867681e+00
-4.174611716662614214e+00
-5.342040447899851330e+00
-3.554170320248251613e+01
-3.802664480189942253e+01
-3.956161146641575499e+01
-4.062485249196247139e+01
-4.141986391077347207e+01
-4.207083779952217384e+01
-4.263114233825589849e+01
-4.311137830015231032e+01
-4.351256511989848974e+01
-4.384290607231526593e+01
-4.410778793457616587e+01
-4.431832039166575044e+01
-4.448015507790666589e+01
-4.459625408108892941e+01
-4.467147359282056129e+01
-4.470643342785581353e+01
-4.470313713380963350e+01
-4.466304103136378956e+01
-4.458613161370769262e+01
-4.446880194592429802e+01
-4.431378535456178014e+01
-4.411883190615598238e+01
-4.388809098200049874e+01
-4.361848538735217318e+01
-4.331037923079182406e+01
-4.294836431943043209e+01
-4.248852985106722002e+01
-4.185395685431829094e+01
-4.084779534279149971e+01
-3.449472723348665681e+01
-3.688858758013095240e+01
-3.830373614646240554e+01
-3.923988803598778929e+01
-3.995100412836338677e+01
-4.055337055905548027e+01
-4.105525892540661204e+01
-4.145637998971075433e+01
-4.176719704448453996e+01
-4.200043004763350041e+01
-4.217170971456266670e+01
-4.228414903103070799e+01
-4.236133961504285139e+01
-4.240736869877189719e+01
-4.242347703194973008e+01
-4.241114422630763414e+01
-4.237196449424828870e+01
-4.230783156350153007e+01
-4.221951279397136148e+01
-4.208839860626876828e+01
-4.192900386159114134e+01
-4.172614643160822823e+01
-4.148360200815788090e+01
-4.120130438636213910e+01
-4.087682848049377782e+01
-4.050799121744636011e+01
-4.009898178813230629e+01
-3.963962960497916299e+01
-3.908330651992398685e+01
-3.285836462257214663e+01
-3.575542320903372229e+01
-3.748803561196604051e+01
-3.868502547960235916e+01
-3.951270120472386083e+01
-4.012291427423122769e+01
-4.062533680291752347e+01
-4.106892878307318284e+01
-4.143935546473190357e+01
-4.173335643740948342e+01
-4.195788748245649913e+01
-4.211646547303472232e+01
-4.222601024535417480e+01
-4.228196524561766978e+01
-4.229963678329938404e+01
-4.228184110851955779e+01
-4.223003703681928300e+01
-4.214582553498804174e+01
-4.203115429733287556e+01
-4.187561943406398512e+01
-4.168694261636474607e+01
-4.145997340084876015e+01
-4.119421364881424807e+01
-4.088770820625067159e+01
-4.054150541094270466e+01
-4.015207112446859838e+01
-3.972308801036413684e+01
-3.925021646988296453e+01
-3.870213100843670873e+01
-3.554170320248256587e+01
-3.802664480189935148e+01
-3.956161146641561999e+01
-4.062485249196233639e+01
-4.141986391077333707e+01
-4.207083779952203173e+01
-4.263114233825573507e+01
-4.311137830015221795e+01
-4.351256511989841158e+01
-4.384290607231521619e+01
-4.410778793457610192e+01
-4.431832039166577175e+01
-4.448015507790664458e+01
-4.459625408108890809e+01
-4.467147359282054708e+01
-4.470643342785590590e+01
-4.470313713380973297e+01
-4.466304103136371850e+01
-4.458613161370772104e+01
-4.446880194592431934e+01
-4.431378535456188672e+01
-4.411883190615608186e+01
-4.388809098200057690e+01
-4.361848538735229397e+01
-4.331037923079193064e+01
-4.294836431943052446e+01
-4.248852985106738345e+01
-4.185395685431837620e+01
-4.084779534279151392e+01
-3.449472723348667813e+01
-3.688858758013093109e+01
-3.830373614646239133e+01
-3.923988803598773245e+01
-3.995100412836333703e+01
-4.055337055905540922e+01
-4.105525892540658361e+01
-4.145637998971074012e+01
-4.176719704448446890e+01
-4.200043004763340093e+01
-4.217170971456263118e+01
-4.228414903103067246e+01
-4.236133961504285850e+01
-4.240736869877190429e+01
-4.242347703194976560e+01
-4.241114422630764125e+01
-4.237196449424832423e+01
-4.230783156350155849e+01
-4.221951279397141832e+01
-4.208839860626881801e+01
-4.192900386159119108e+01
-4.172614643160829928e+01
-4.148360200815793775e+01
-4.120130438636221726e+01
-4.087682848049382045e+01
-4.050799121744638853e+01
-4.009898178813239156e+01
-3.963962960497924826e+01
-3.908330651992404370e+01
-3.285836462257242374e+01
-3.575542320903382887e+01
-3.748803561196617551e+01
-3.868502547960257942e+01
-3.951270120472400293e+01
-4.012291427423139112e+01
-4.062533680291769400e+01
-4.106892878307331785e+01
-4.143935546473206699e+01
-4.173335643740955447e+01
-4.195788748245660571e+01
-4.211646547303472232e+01
-4.222601024535424585e+01
-4.228196524561776215e+01
-4.229963678329934851e+01
-4.228184110851960043e+01
-4.223003703681924748e+01
-4.214582553498798489e+01
-4.203115429733284714e+01
-4.187561943406392828e+01
-4.168694261636474607e+01
-4.145997340084867488e+01
-4.119421364881405623e+01
-4.088770820625060765e+01
-4.054150541094264781e+01
-4.015207112446861260e+01
-3.972308801036400894e+01
-3.925021646988282242e+01
-3.870213100843668741e+01
-3.554170320248239534e+01
-3.802664480189934437e+01
-3.956161146641563420e+01
-4.062485249196246428e+01
-4.141986391077346497e+01
-4.207083779952216673e+01
-4.263114233825585586e+01
-4.311137830015231742e+01
-4.351256511989852527e+01
-4.384290607231528725e+01
-4.410778793457616587e+01
-4.431832039166580728e+01
-4.448015507790671563e+01
-4.459625408108894362e+01
-4.467147359282058261e+01
-4.470643342785591301e+01
-4.470313713380972587e+01
-4.466304103136368298e+01
-4.458613161370760736e+01
-4.446880194592426960e+01
-4.431378535456180146e+01
-4.411883190615596817e+01
-4.388809098200047032e+01
-4.361848538735221581e+01
-4.331037923079181695e+01
-4.294836431943040367e+01
-4.248852985106718450e+01
-4.185395685431830515e+01
-4.084779534279146418e+01
-3.449472723348678471e+01
-3.688858758013096661e+01
-3.830373614646245528e+01
-3.923988803598779640e+01
-3.995100412836328019e+01
-4.055337055905541632e+01
-4.105525892540658361e+01
-4.145637998971078986e+01
-4.176719704448449022e+01
-4.200043004763342935e+01
-4.217170971456262407e+01
-4.228414903103075773e+01
-4.236133961504284429e+01
-4.240736869877186166e+01
-4.242347703194972297e+01
-4.241114422630768388e+01
-4.237196449424831712e+01
-4.230783156350152296e+01
-4.221951279397136858e+01
-4.208839860626878959e+01
-4.192900386159116977e+01
-4.172614643160822823e+01
-4.148360200815793064e+01
-4.120130438636220305e+01
-4.087682848049381334e+01
-4.050799121744630327e+01
-4.009898178813233471e+01
-3.963962960497920562e+01
-3.908330651992402238e+01
-3.285836462257223189e+01
-3.575542320903370097e+01
-3.748803561196606182e+01
-3.868502547960238758e+01
-3.951270120472383240e+01
-4.012291427423125612e+01
-4.062533680291753058e+01
-4.106892878307317574e+01
-4.143935546473196752e+01
-4.173335643740948342e+01
-4.195788748245654176e+01
-4.211646547303470811e+01
-4.222601024535424585e+01
-4.228196524561762715e+01
-4.229963678329934851e+01
-4.228184110851960043e+01
-4.223003703681928300e+01
-4.214582553498807016e+01
-4.203115429733293240e+01
-4.187561943406397802e+01
-4.168694261636483134e+01
-4.145997340084880278e+01
-4.119421364881417702e+01
-4.088770820625072844e+01
-4.054150541094274018e+01
-4.015207112446869786e+01
-3.972308801036412262e+01
-3.925021646988294322e+01
-3.870213100843677267e+01
