-2.252432565253066343e+00
-2.445362080570619767e+00
-2.642737672775820279e+00
-2.839228863034420680e+00
-3.033517977455868930e+00
-3.225513168874951653e+00
-3.415876238935475318e+00
-3.605647503904385154e+00
-3.826889050070398923e+00
-4.056031683863277060e+00
-4.273278537598196536e+00
-4.490506568473888294e+00
-4.713880760602275899e+00
-4.945252360737908859e+00
-5.186526150119759038e+00
-5.433067187402867759e+00
-5.696963425067266940e+00
-5.986235631236906940e+00
-6.137116361993115277e+00
-6.233489134792456809e+00
-6.344536939876057602e+00
-6.463970849912673344e+00
-6.587832643953603906e+00
-6.712269939517213402e+00
-6.832248754345059183e+00
-6.946121560803426576e+00
-7.050323355906165546e+00
-7.141831935203573067e+00
-7.219529346719287588e+00
-7.210783433497571338e+00
-7.171635650691079888e+00
-7.105634890670682324e+00
-7.016049165660646736e+00
-6.908824414303637695e+00
-6.791312070489599506e+00
-6.672982303335381005e+00
-6.564646734317896914e+00
-6.477799828097040802e+00
-6.424247217528446185e+00
-6.416183791096955247e+00
-6.466881948079617359e+00
-6.574634728060573252e+00
-6.774836967161867562e+00
-7.092327398142963091e+00
-7.561039437144202680e+00
-8.249181857571180387e+00
-9.270864925516740129e+00
-1.086946519979049341e+01
-1.373754058189921778e+01
-2.305511609357039582e+00
-2.480908228184547593e+00
-2.667138657106146837e+00
-2.855275957910277995e+00
-3.042632382091715382e+00
-3.228276326186114265e+00
-3.411870031551604399e+00
-3.591911744108591265e+00
-3.831236415369542847e+00
-4.062564985283021457e+00
-4.293311896623697166e+00
-4.512474569894536103e+00
-4.738750219078243120e+00
-4.973638428005259016e+00
-5.219530121631777320e+00
-5.472551928455487769e+00
-5.742743030965122841e+00
-6.041522304231866869e+00
-6.125275450802305954e+00
-6.228302165045640493e+00
-6.343293046837388260e+00
-6.465486902165999084e+00
-6.591478732307340493e+00
-6.718160453388779985e+00
-6.842340384062858050e+00
-6.958425345993703104e+00
-7.064871002873783112e+00
-7.159659066092480373e+00
-7.224568429343243281e+00
-7.209552654907600555e+00
-7.171736874603357847e+00
-7.107102459723421362e+00
-7.020046765891283513e+00
-6.915263795385577339e+00
-6.800194298812208160e+00
-6.684338943345817796e+00
-6.578521999934466180e+00
-6.494256449570912082e+00
-6.443397846344382174e+00
-6.438285084077364218e+00
-6.486082012998423352e+00
-6.596820604260919652e+00
-6.800009817152741221e+00
-7.120983688764610520e+00
-7.593498972250543488e+00
-8.286568846377889486e+00
-9.315026530287347839e+00
-1.092386379956086273e+01
-1.380986887855864609e+01
-2.280687786424405061e+00
-2.465791448264714081e+00
-2.658383360822746511e+00
-2.851465974564871164e+00
-3.043115025518167815e+00
-3.232893961636202018e+00
-3.421106023362095794e+00
-3.607925154238453835e+00
-3.837401695177986127e+00
-4.068149616762529064e+00
-4.290861713509923625e+00
-4.509593274380661043e+00
-4.734857549011341149e+00
-4.968386364497181518e+00
-5.212580009599651731e+00
-5.461891281714567725e+00
-5.729333399799147131e+00
-6.023703227674879201e+00
-6.141452800696036718e+00
-6.241572735928510696e+00
-6.354995616881762288e+00
-6.476201806607427613e+00
-6.601512235838047360e+00
-6.727706709499980064e+00
-6.849367866684680450e+00
-6.964442624289663542e+00
-7.070046129058223272e+00
-7.163327129473344712e+00
-7.239521564382680907e+00
-7.223223061363782449e+00
-7.185775623024735381e+00
-7.120663374377571131e+00
-7.032484221341345432e+00
-6.926580691061602124e+00
-6.810354686119090672e+00
-6.693297312801433918e+00
-6.586231622961136623e+00
-6.500665161801101988e+00
-6.448430314150755294e+00
-6.441793031084500853e+00
-6.490970790508882260e+00
-6.600130862846953050e+00
-6.801700398441894890e+00
-7.120479509420285069e+00
-7.590798434734011835e+00
-8.280783913056417589e+00
-9.304936420675115727e+00
-1.090719718888748702e+01
-1.378173606705750132e+01
-2.277002227553649227e+00
-2.460412858015085025e+00
-2.651539784713623948e+00
-2.843164318928665502e+00
-3.033243900295683027e+00
-3.221216686726214196e+00
-3.407168995418581314e+00
-3.590713806881062453e+00
-3.819421652040154491e+00
-4.049484702654145174e+00
-4.275227552495195482e+00
-4.492909475372009354e+00
-4.717307715504665211e+00
-4.950029398721650153e+00
-5.193445452359599201e+00
-5.443304875235593698e+00
-5.709943871124746551e+00
-6.003602595312512946e+00
-6.120785216024351882e+00
-6.219987285601401794e+00
-6.332527502809025322e+00
-6.452863247297948135e+00
-6.577295495259853908e+00
-6.702565778654516748e+00
-6.825083690085417487e+00
-6.939286964490698040e+00
-7.044126627960856979e+00
-7.136726825028972598e+00
-7.212448152430937398e+00
-7.195637205366118394e+00
-7.156992199975814373e+00
-7.090926979848305223e+00
-7.002529755881351292e+00
-6.896434398914870201e+00
-6.780057898849783271e+00
-6.662892061846616087e+00
-6.555756546293551423e+00
-6.470155670679012871e+00
-6.417921368615132849e+00
-6.411323708378290576e+00
-6.460607075159586543e+00
-6.569883581895055613e+00
-6.771658077637219719e+00
-7.091335470397758911e+00
-7.562223143447809548e+00
-8.253471838727229226e+00
-9.279522442325280451e+00
-1.088483208203793140e+01
-1.376464171668282432e+01
-2.305511609357038694e+00
-2.480908228184550257e+00
-2.667138657106147726e+00
-2.855275957910281548e+00
-3.042632382091712273e+00
-3.228276326186112932e+00
-3.411870031551605731e+00
-3.591911744108589488e+00
-3.831236415369549064e+00
-4.062564985283023233e+00
-4.293311896623705159e+00
-4.512474569894555643e+00
-4.738750219078250225e+00
-4.973638428005278556e+00
-5.219530121631768438e+00
-5.472551928455487769e+00
-5.742743030965126394e+00
-6.041522304231861540e+00
-6.125275450802361021e+00
-6.228302165045640493e+00
-6.343293046837374050e+00
-6.465486902165956451e+00
-6.591478732307372468e+00
-6.718160453388762221e+00
-6.842340384062822523e+00
-6.958425345993653366e+00
-7.064871002873807981e+00
-7.159659066092494584e+00
-7.224568429343211307e+00
-7.209552654907586344e+00
-7.171736874603350742e+00
-7.107102459723410703e+00
-7.020046765891283513e+00
-6.915263795385598655e+00
-6.800194298812222371e+00
-6.684338943345814243e+00
-6.578521999934437758e+00
-6.494256449570926293e+00
-6.443397846344403490e+00
-6.438285084077357112e+00
-6.486082012998394930e+00
-6.596820604260919652e+00
-6.800009817152769642e+00
-7.120983688764596309e+00
-7.593498972250515067e+00
-8.286568846377889486e+00
-9.315026530287369155e+00
-1.092386379956086273e+01
-1.380986887855865319e+01
-2.252432565253065455e+00
-2.445362080570618435e+00
-2.642737672775815838e+00
-2.839228863034421124e+00
-3.033517977455872483e+00
-3.225513168874949432e+00
-3.415876238935474873e+00
-3.605647503904373607e+00
-3.826889050070396259e+00
-4.056031683863278836e+00
-4.273278537598186766e+00
-4.490506568473881188e+00
-4.713880760602279452e+00
-4.945252360737908859e+00
-5.186526150119760814e+00
-5.433067187402860654e+00
-5.696963425067263387e+00
-5.986235631236930033e+00
-6.137116361993150804e+00
-6.233489134792442599e+00
-6.344536939876046944e+00
-6.463970849912676897e+00
-6.587832643953600353e+00
-6.712269939517241824e+00
-6.832248754345066288e+00
-6.946121560803440786e+00
-7.050323355906144229e+00
-7.141831935203601489e+00
-7.219529346719248508e+00
-7.210783433497599759e+00
-7.171635650691086994e+00
-7.105634890670707193e+00
-7.016049165660636078e+00
-6.908824414303627037e+00
-6.791312070489595953e+00
-6.672982303335381005e+00
-6.564646734317847176e+00
-6.477799828096991064e+00
-6.424247217528453291e+00
-6.416183791096955247e+00
-6.466881948079596043e+00
-6.574634728060587463e+00
-6.774836967161846246e+00
-7.092327398143019934e+00
-7.561039437144202680e+00
-8.249181857571137755e+00
-9.270864925516747235e+00
-1.086946519979050763e+01
-1.373754058189920535e+01
-2.277002227553648783e+00
-2.460412858015085469e+00
-2.651539784713617731e+00
-2.843164318928665057e+00
-3.033243900295678142e+00
-3.221216686726213307e+00
-3.407168995418581758e+00
-3.590713806881070447e+00
-3.819421652040165149e+00
-4.049484702654124746e+00
-4.275227552495195482e+00
-4.492909475372000472e+00
-4.717307715504663435e+00
-4.950029398721639495e+00
-5.193445452359608083e+00
-5.443304875235586593e+00
-5.709943871124735892e+00
-6.003602595312507617e+00
-6.120785216024348330e+00
-6.219987285601405347e+00
-6.332527502809018216e+00
-6.452863247297955240e+00
-6.577295495259864566e+00
-6.702565778654502537e+00
-6.825083690085442356e+00
-6.939286964490690934e+00
-7.044126627960814346e+00
-7.136726825028993915e+00
-7.212448152430958714e+00
-7.195637205366114841e+00
-7.156992199975793056e+00
-7.090926979848322986e+00
-7.002529755881354845e+00
-6.896434398914877306e+00
-6.780057898849790377e+00
-6.662892061846591218e+00
-6.555756546293565634e+00
-6.470155670678970239e+00
-6.417921368615147060e+00
-6.411323708378262154e+00
-6.460607075159614965e+00
-6.569883581895105351e+00
-6.771658077637184192e+00
-7.091335470397730489e+00
-7.562223143447802443e+00
-8.253471838727222121e+00
-9.279522442325294662e+00
-1.088483208203794916e+01
-1.376464171668281722e+01
-2.280687786424407726e+00
-2.465791448264720742e+00
-2.658383360822749619e+00
-2.851465974564871608e+00
-3.043115025518169592e+00
-3.232893961636198910e+00
-3.421106023362094906e+00
-3.607925154238457388e+00
-3.837401695177987015e+00
-4.068149616762514853e+00
-4.290861713509920072e+00
-4.509593274380669037e+00
-4.734857549011339373e+00
-4.968386364497167307e+00
-5.212580009599658837e+00
-5.461891281714558843e+00
-5.729333399799138249e+00
-6.023703227674840122e+00
-6.141452800696026060e+00
-6.241572735928532012e+00
-6.354995616881783604e+00
-6.476201806607438272e+00
-6.601512235838043807e+00
-6.727706709499972959e+00
-6.849367866684687556e+00
-6.964442624289670647e+00
-7.070046129058226825e+00
-7.163327129473369581e+00
-7.239521564382670249e+00
-7.223223061363789554e+00
-7.185775623024746039e+00
-7.120663374377578236e+00
-7.032484221341320563e+00
-6.926580691061598571e+00
-6.810354686119076462e+00
-6.693297312801433918e+00
-6.586231622961172150e+00
-6.500665161801052250e+00
-6.448430314150748188e+00
-6.441793031084479537e+00
-6.490970790508896471e+00
-6.600130862847031210e+00
-6.801700398441823836e+00
-7.120479509420285069e+00
-7.590798434734004729e+00
-8.280783913056431800e+00
-9.304936420675112174e+00
-1.090719718888745859e+01
-1.378173606705751553e+01
