-7.574829177614682552e-01
-8.617187164495369034e-01
-9.638415833891338380e-01
-1.070601755526290333e+00
-1.189286351889111470e+00
-1.313026559994224796e+00
-1.439364911319112261e+00
-1.567773824056587939e+00
-1.698217442805722621e+00
-1.835614933989639042e+00
-1.957209361739268516e+00
-2.024877084318667197e+00
-2.097126613337944701e+00
-2.171756229198222421e+00
-2.247818148803920391e+00
-2.325248913347698121e+00
-2.405186502978284402e+00
-2.455334585369046252e+00
-2.505926334570158787e+00
-2.555147648057707777e+00
-2.602922966058946130e+00
-2.648910838874515505e+00
-2.693019331465154487e+00
-2.733325733775372690e+00
-2.766570904626202143e+00
-2.797358207878939851e+00
-2.825483908754071294e+00
-2.850953385531470374e+00
-2.873909906351109100e+00
-2.894601733037264424e+00
-2.913193349406160593e+00
-2.925957181713279454e+00
-2.936868642159682352e+00
-2.945574079913182430e+00
-2.951569664148960825e+00
-2.954157131305098716e+00
-2.952581372637860468e+00
-2.946379126022673489e+00
-2.935968561129618237e+00
-2.922105348665978042e+00
-2.910218656264035531e+00
-2.907785577202597338e+00
-2.925919759103681628e+00
-2.980384170581750425e+00
-3.093754841014705548e+00
-3.296234070207201938e+00
-3.643616734428045234e+00
-4.252739393768635523e+00
-5.466078605318003270e+00
-7.574829177614685882e-01
-8.617187164495361262e-01
-9.638415833891322837e-01
-1.070601755526290555e+00
-1.189286351889111693e+00
-1.313026559994225018e+00
-1.439364911319114704e+00
-1.567773824056587717e+00
-1.698217442805719735e+00
-1.835614933989640152e+00
-1.957209361739268516e+00
-2.024877084318670750e+00
-2.097126613337946921e+00
-2.171756229198216648e+00
-2.247818148803919502e+00
-2.325248913347699009e+00
-2.405186502978288843e+00
-2.455334585369048916e+00
-2.505926334570160563e+00
-2.555147648057700671e+00
-2.602922966058951459e+00
-2.648910838874511953e+00
-2.693019331465151822e+00
-2.733325733775366473e+00
-2.766570904626203919e+00
-2.797358207878938074e+00
-2.825483908754071294e+00
-2.850953385531472151e+00
-2.873909906351109989e+00
-2.894601733037262647e+00
-2.913193349406158816e+00
-2.925957181713272348e+00
-2.936868642159687681e+00
-2.945574079913185983e+00
-2.951569664148967931e+00
-2.954157131305102268e+00
-2.952581372637851587e+00
-2.946379126022664607e+00
-2.935968561129618237e+00
-2.922105348665965607e+00
-2.910218656264031978e+00
-2.907785577202600891e+00
-2.925919759103679851e+00
-2.980384170581757530e+00
-3.093754841014696666e+00
-3.296234070207196609e+00
-3.643616734428059445e+00
-4.252739393768640852e+00
-5.466078605318005934e+00
-7.574829177614685882e-01
-8.617187164495375695e-01
-9.638415833891325057e-01
-1.070601755526289223e+00
-1.189286351889108584e+00
-1.313026559994226128e+00
-1.439364911319114260e+00
-1.567773824056586829e+00
-1.698217442805723287e+00
-1.835614933989639930e+00
-1.957209361739266740e+00
-2.024877084318670306e+00
-2.097126613337946477e+00
-2.171756229198218868e+00
-2.247818148803918170e+00
-2.325248913347701674e+00
-2.405186502978288843e+00
-2.455334585369047140e+00
-2.505926334570161451e+00
-2.555147648057710441e+00
-2.602922966058947907e+00
-2.648910838874517282e+00
-2.693019331465150934e+00
-2.733325733775375355e+00
-2.766570904626204808e+00
-2.797358207878940739e+00
-2.825483908754076623e+00
-2.850953385531472151e+00
-2.873909906351103771e+00
-2.894601733037259095e+00
-2.913193349406158816e+00
-2.925957181713281230e+00
-2.936868642159687681e+00
-2.945574079913187759e+00
-2.951569664148969707e+00
-2.954157131305109374e+00
-2.952581372637860468e+00
-2.946379126022662831e+00
-2.935968561129625343e+00
-2.922105348665965607e+00
-2.910218656264037307e+00
-2.907785577202604443e+00
-2.925919759103683404e+00
-2.980384170581761083e+00
-3.093754841014705548e+00
-3.296234070207198386e+00
-3.643616734428057669e+00
-4.252739393768643517e+00
-5.466078605318005046e+00
