-7.564563671301834935e-01
-8.603816983733419965e-01
-9.623777180308760171e-01
-1.069168702495637335e+00
-1.188311986543960863e+00
-1.312486967782984237e+00
-1.439233851770949091e+00
-1.567932872848043724e+00
-1.698653043195414991e+00
-1.836261878230824873e+00
-1.958313473565283847e+00
-2.026345364547156969e+00
-2.098813438988161195e+00
-2.173681067676398904e+00
-2.249999149307045254e+00
-2.327702360136204796e+00
-2.407926122245220846e+00
-2.458557998844913328e+00
-2.509505562554064539e+00
-2.559238735943337950e+00
-2.607470512270477769e+00
-2.653968596547382042e+00
-2.698635489945116817e+00
-2.739583490777338426e+00
-2.773498242900618749e+00
-2.804984835600873083e+00
-2.833824538367977652e+00
-2.860004270959608519e+00
-2.883645731686746316e+00
-2.904988354096568415e+00
-2.924302930948514678e+00
-2.937575131094806835e+00
-2.948896258215675914e+00
-2.957883079586911990e+00
-2.963995592734653073e+00
-2.966487366802670778e+00
-2.964541504882472367e+00
-2.957623151205501344e+00
-2.946079714045284348e+00
-2.930584602538516492e+00
-2.916592791487751413e+00
-2.911598505737870823e+00
-2.926809255254038789e+00
-2.978145598642306879e+00
-3.088404868995491270e+00
-3.288279609724449770e+00
-3.633935944680942498e+00
-4.242508594232989871e+00
-5.457678335038455231e+00
-7.564563671301838266e-01
-8.603816983733441059e-01
-9.623777180308756840e-01
-1.069168702495637113e+00
-1.188311986543961085e+00
-1.312486967782985792e+00
-1.439233851770949757e+00
-1.567932872848040393e+00
-1.698653043195412549e+00
-1.836261878230818656e+00
-1.958313473565286067e+00
-2.026345364547164074e+00
-2.098813438988162972e+00
-2.173681067676405121e+00
-2.249999149307051471e+00
-2.327702360136214566e+00
-2.407926122245209299e+00
-2.458557998844911552e+00
-2.509505562554072533e+00
-2.559238735943339726e+00
-2.607470512270475993e+00
-2.653968596547390035e+00
-2.698635489945115040e+00
-2.739583490777327768e+00
-2.773498242900609867e+00
-2.804984835600875748e+00
-2.833824538367981205e+00
-2.860004270959615624e+00
-2.883645731686747204e+00
-2.904988354096565750e+00
-2.924302930948510237e+00
-2.937575131094813941e+00
-2.948896258215658150e+00
-2.957883079586913766e+00
-2.963995592734665507e+00
-2.966487366802670778e+00
-2.964541504882468814e+00
-2.957623151205510226e+00
-2.946079714045255926e+00
-2.930584602538507610e+00
-2.916592791487751413e+00
-2.911598505737861942e+00
-2.926809255254035236e+00
-2.978145598642290892e+00
-3.088404868995478836e+00
-3.288279609724440888e+00
-3.633935944680944274e+00
-4.242508594232981878e+00
-5.457678335038454343e+00
-7.564563671301818282e-01
-8.603816983733417745e-01
-9.623777180308749069e-01
-1.069168702495634893e+00
-1.188311986543957977e+00
-1.312486967782985570e+00
-1.439233851770955308e+00
-1.567932872848042836e+00
-1.698653043195414991e+00
-1.836261878230822209e+00
-1.958313473565282070e+00
-2.026345364547165850e+00
-2.098813438988166080e+00
-2.173681067676398904e+00
-2.249999149307044366e+00
-2.327702360136211901e+00
-2.407926122245209299e+00
-2.458557998844916881e+00
-2.509505562554068980e+00
-2.559238735943342391e+00
-2.607470512270480434e+00
-2.653968596547376713e+00
-2.698635489945119481e+00
-2.739583490777328656e+00
-2.773498242900626742e+00
-2.804984835600862425e+00
-2.833824538367972323e+00
-2.860004270959602302e+00
-2.883645731686747204e+00
-2.904988354096564862e+00
-2.924302930948504908e+00
-2.937575131094810388e+00
-2.948896258215665256e+00
-2.957883079586919095e+00
-2.963995592734653073e+00
-2.966487366802661896e+00
-2.964541504882474143e+00
-2.957623151205504897e+00
-2.946079714045277242e+00
-2.930584602538516492e+00
-2.916592791487758518e+00
-2.911598505737872600e+00
-2.926809255254037012e+00
-2.978145598642299774e+00
-3.088404868995478836e+00
-3.288279609724449770e+00
-3.633935944680947827e+00
-4.242508594232978325e+00
-5.457678335038448125e+00
