(title "Cumulative Force")
(labels "Distance [m]" "Cumulative Force [N]")

((xy/key/label "Cumulative Force [N]")
0	0
0.009	0.00305649
0.018	0.00587142
0.027	0.00885561
0.036	0.0121469
0.045	0.0157243
0.054	0.019565
0.063	0.0236673
0.072	0.0279758
0.081	0.0333327
0.09	0.0386215
0.099	0.0441685
0.108	0.0501064
0.117	0.0565342
0.126	0.0643281
0.135	0.0719538
0.144	0.0799163
0.153	0.0885026
0.162	0.0984849
0.171	0.108584
0.18	0.118982
0.189	0.129925
0.198	0.141505
0.207	0.155901
0.216	0.168799
0.225	0.182459
0.234	0.196793
0.243	0.212085
0.252	0.22922
0.261	0.245848
0.27	0.262818
0.279	0.280629
0.288	0.301994
0.297	0.321328
0.306	0.341148
0.315	0.361745
0.324	0.383078
0.333	0.408268
0.342	0.431222
0.351	0.454523
0.36	0.479068
0.369	0.506573
0.378	0.532577
0.387	0.559036
0.396	0.586109
0.405	0.613788
0.414	0.646754
0.423	0.676209
0.432	0.70608
0.441	0.736819
0.45	0.771038
0.459	0.804462
0.468	0.837533
0.477	0.870896
0.486	0.905605
0.495	0.945529
0.504	0.981264
0.513	1.01757
0.522	1.05433
0.531	1.09236
0.54	1.13616
0.549	1.17508
0.558	1.21478
0.567	1.25599
0.576	1.30209
0.585	1.34435
0.594	1.38661
0.603	1.42944
0.612	1.47316
0.621	1.52467
0.63	1.56971
0.639	1.61501
0.648	1.66095
0.657	1.71371
0.666	1.76163
0.675	1.80987
0.684	1.85897
0.693	1.90919
0.702	1.96734
0.711	2.01655
0.72	2.07203
0.729	2.12421
0.738	2.17556
0.747	2.23341
0.756	2.28555
0.765	2.34178
0.774	2.3939
0.783	2.44391
0.792	2.50106
0.801	2.54923
0.81	2.60021
0.819	2.65137
0.828	2.69818
0.837	2.75216
0.846	2.80027
0.855	2.85085
0.864	2.9045
0.873	2.95429
0.882	3.01427
0.891	3.08167
0.9	3.19598
)
