-7.246994277198690604e-01
-8.195397912967377074e-01
-9.117210207968216018e-01
-1.006149557502686864e+00
-1.106073022103658765e+00
-1.231614651428211138e+00
-1.353518768402909522e+00
-1.471175132076849579e+00
-1.590710064681190472e+00
-1.714497975098809857e+00
-1.845657373689503444e+00
-1.914707378367447088e+00
-1.975050899465546017e+00
-2.038090907217481096e+00
-2.103409109388401976e+00
-2.170405288068860017e+00
-2.239470709606596444e+00
-2.301167968487167315e+00
-2.343066989530084854e+00
-2.385640561764312828e+00
-2.427792312631689597e+00
-2.469046736957919208e+00
-2.509190171776110034e+00
-2.548277606135565421e+00
-2.583730104437046649e+00
-2.613613991618546351e+00
-2.642267144850252159e+00
-2.669602843246017265e+00
-2.695706117838544635e+00
-2.720741740135554920e+00
-2.744914021011263472e+00
-2.768467738135967693e+00
-2.787967917200720791e+00
-2.805781143548053080e+00
-2.821828661823138518e+00
-2.835174542420084265e+00
-2.844731682983667298e+00
-2.849484843416375313e+00
-2.848931481720100578e+00
-2.843718604612508472e+00
-2.835848905812103027e+00
-2.829676806442545711e+00
-2.831757097010031643e+00
-2.834964785230379647e+00
-2.858361605006502160e+00
5.417908032094871373e-01
-3.403713039939349372e+00
-4.079505602659687646e+00
-5.324100722809653519e+00
-7.246994277198678391e-01
-8.195397912967361531e-01
-9.117210207968191593e-01
-1.006149557502684200e+00
-1.106073022103650327e+00
-1.231614651428204255e+00
-1.353518768402905970e+00
-1.471175132076847580e+00
-1.590710064681183589e+00
-1.714497975098805638e+00
-1.845657373689500780e+00
-1.914707378367445756e+00
-1.975050899465540688e+00
-2.038090907217474435e+00
-2.103409109388396203e+00
-2.170405288068854244e+00
-2.239470709606582233e+00
-2.301167968487151327e+00
-2.343066989530080413e+00
-2.385640561764309275e+00
-2.427792312631669169e+00
-2.469046736957899668e+00
-2.509190171776094047e+00
-2.548277606135553874e+00
-2.583730104437035102e+00
-2.613613991618517929e+00
-2.642267144850238836e+00
-2.669602843245987067e+00
-2.695706117838529536e+00
-2.720741740135540709e+00
-2.744914021011243932e+00
-2.768467738135930389e+00
-2.787967917200681711e+00
-2.805781143548026435e+00
-2.821828661823101214e+00
-2.835174542420059396e+00
-2.844731682983628218e+00
-2.849484843416320246e+00
-2.848931481720036629e+00
-2.843718604612437417e+00
-2.835848905811996445e+00
-2.829676806442410708e+00
-2.831757097009841573e+00
-2.834964785230093653e+00
-2.858361605005878658e+00
5.417908032153633258e-01
-3.403713039938869755e+00
-4.079505602659427410e+00
-5.324100722809514963e+00
-7.246994277198698375e-01
-8.195397912967408161e-01
-9.117210207968232671e-01
-1.006149557502688863e+00
-1.106073022103656989e+00
-1.231614651428214247e+00
-1.353518768402911299e+00
-1.471175132076855130e+00
-1.590710064681191138e+00
-1.714497975098810301e+00
-1.845657373689506997e+00
-1.914707378367447976e+00
-1.975050899465547793e+00
-2.038090907217485537e+00
-2.103409109388405085e+00
-2.170405288068865346e+00
-2.239470709606603549e+00
-2.301167968487161097e+00
-2.343066989530087518e+00
-2.385640561764305723e+00
-2.427792312631679827e+00
-2.469046736957898780e+00
-2.509190171776094047e+00
-2.548277606135561868e+00
-2.583730104437046649e+00
-2.613613991618530363e+00
-2.642267144850249494e+00
-2.669602843246003943e+00
-2.695706117838527760e+00
-2.720741740135544262e+00
-2.744914021011236827e+00
-2.768467738135925060e+00
-2.787967917200658619e+00
-2.805781143548003342e+00
-2.821828661823087003e+00
-2.835174542420025645e+00
-2.844731682983583809e+00
-2.849484843416290047e+00
-2.848931481719986891e+00
-2.843718604612385903e+00
-2.835848905811939602e+00
-2.829676806442350312e+00
-2.831757097009752755e+00
-2.834964785230010165e+00
-2.858361605005747208e+00
5.417908032223657244e-01
-3.403713039938871532e+00
-4.079505602659446950e+00
-5.324100722809507857e+00
-4.142598766342134553e+01
-4.654571787373633640e+01
-4.761149522684240765e+01
-4.549246475825203362e+01
-4.272302395450306278e+01
-4.077916992032565702e+01
-3.995775172967402256e+01
-3.997738981546107340e+01
-4.045599176342606995e+01
-4.109059211550481905e+01
-4.171660450238409368e+01
-4.226217017415653032e+01
-4.271518849439644328e+01
-4.309072578846355839e+01
-4.338959088857735225e+01
-4.362010094853187780e+01
-4.378840218597312628e+01
-4.389907291681168999e+01
-4.395566897231077519e+01
-4.396103112339615393e+01
-4.391733545649908166e+01
-4.383391735249186638e+01
-4.370876741059488069e+01
-4.354040328160321138e+01
-4.333696596217914276e+01
-4.308908204048938728e+01
-4.278495488825736004e+01
-4.239019719613638415e+01
-4.178991203722542025e+01
-3.766629764403204206e+01
-4.284551729865370362e+01
-4.414580885409492339e+01
-4.237391893427656697e+01
-3.989284126534965225e+01
-3.810669398006336905e+01
-3.729620563674011180e+01
-3.722839790534732884e+01
-3.757778307833569187e+01
-3.807888801192998329e+01
-3.857589332669164151e+01
-3.900697377457871795e+01
-3.934970379427163323e+01
-3.961028893647112881e+01
-3.979666786961254843e+01
-3.991518137792029108e+01
-3.997473719055314234e+01
-3.997948818984724539e+01
-3.993289633070791922e+01
-3.983811315869600378e+01
-3.969830384767958265e+01
-3.951696255437205707e+01
-3.929829763271710874e+01
-3.904782384227194569e+01
-3.877340441928409120e+01
-3.848227724849346032e+01
-3.820086375893074404e+01
-3.797901613300417978e+01
-3.798900330479268206e+01
-3.948163954021569566e+01
-4.491914813532885375e+01
-4.631268842437138744e+01
-4.448808887228871356e+01
-4.194680347691242872e+01
-4.017220213949097740e+01
-3.942600828834216031e+01
-3.945237286520266196e+01
-3.990521013345694001e+01
-4.050299125652161791e+01
-4.108238553893377087e+01
-4.158274339954191845e+01
-4.199374759450656569e+01
-4.231785600291507166e+01
-4.257268016976452429e+01
-4.275639760707779402e+01
-4.287573316094104570e+01
-4.293569199941675407e+01
-4.294024504037474088e+01
-4.289272927220488896e+01
-4.279607502491307258e+01
-4.265290365570752584e+01
-4.246547080025830923e+01
-4.223774434193543215e+01
-4.197895394988069029e+01
-4.168095482458181067e+01
-4.134839362417111630e+01
-4.097015854811557034e+01
-4.050930950373504658e+01
-4.142598766342126737e+01
-4.654571787373641456e+01
-4.761149522684253554e+01
-4.549246475825212599e+01
-4.272302395450331858e+01
-4.077916992032579202e+01
-3.995775172967405808e+01
-3.997738981546113024e+01
-4.045599176342607706e+01
-4.109059211550477642e+01
-4.171660450238410078e+01
-4.226217017415650901e+01
-4.271518849439637222e+01
-4.309072578846357260e+01
-4.338959088857733803e+01
-4.362010094853182807e+01
-4.378840218597314049e+01
-4.389907291681171841e+01
-4.395566897231077519e+01
-4.396103112339621788e+01
-4.391733545649910297e+01
-4.383391735249187349e+01
-4.370876741059498016e+01
-4.354040328160328954e+01
-4.333696596217920671e+01
-4.308908204048950097e+01
-4.278495488825743820e+01
-4.239019719613641968e+01
-4.178991203722542735e+01
-3.766629764403210601e+01
-4.284551729865370362e+01
-4.414580885409484523e+01
-4.237391893427641065e+01
-3.989284126534951724e+01
-3.810669398006321984e+01
-3.729620563673997680e+01
-3.722839790534719384e+01
-3.757778307833569897e+01
-3.807888801192999040e+01
-3.857589332669168414e+01
-3.900697377457875348e+01
-3.934970379427167586e+01
-3.961028893647113591e+01
-3.979666786961254843e+01
-3.991518137792026266e+01
-3.997473719055311392e+01
-3.997948818984714592e+01
-3.993289633070787659e+01
-3.983811315869594694e+01
-3.969830384767948317e+01
-3.951696255437194338e+01
-3.929829763271696663e+01
-3.904782384227188174e+01
-3.877340441928397752e+01
-3.848227724849328979e+01
-3.820086375893048114e+01
-3.797901613300393819e+01
-3.798900330479248311e+01
-3.948163954021561040e+01
-4.491914813532877560e+01
-4.631268842437135191e+01
-4.448808887228869935e+01
-4.194680347691246425e+01
-4.017220213949107688e+01
-3.942600828834225268e+01
-3.945237286520276143e+01
-3.990521013345701817e+01
-4.050299125652168897e+01
-4.108238553893380640e+01
-4.158274339954195398e+01
-4.199374759450661543e+01
-4.231785600291510008e+01
-4.257268016976455272e+01
-4.275639760707784376e+01
-4.287573316094109543e+01
-4.293569199941680381e+01
-4.294024504037477641e+01
-4.289272927220494580e+01
-4.279607502491312232e+01
-4.265290365570757558e+01
-4.246547080025837317e+01
-4.223774434193550320e+01
-4.197895394988076134e+01
-4.168095482458189593e+01
-4.134839362417119446e+01
-4.097015854811566982e+01
-4.050930950373512474e+01
-4.142598766342162264e+01
-4.654571787373669878e+01
-4.761149522684262791e+01
-4.549246475825212599e+01
-4.272302395450324752e+01
-4.077916992032570676e+01
-3.995775172967400835e+01
-3.997738981546110892e+01
-4.045599176342609127e+01
-4.109059211550480484e+01
-4.171660450238412920e+01
-4.226217017415654453e+01
-4.271518849439641485e+01
-4.309072578846358681e+01
-4.338959088857735935e+01
-4.362010094853184938e+01
-4.378840218597314760e+01
-4.389907291681171131e+01
-4.395566897231076098e+01
-4.396103112339619656e+01
-4.391733545649908876e+01
-4.383391735249183085e+01
-4.370876741059483805e+01
-4.354040328160323270e+01
-4.333696596217912855e+01
-4.308908204048934465e+01
-4.278495488825736714e+01
-4.239019719613636283e+01
-4.178991203722539183e+01
-3.766629764403184311e+01
-4.284551729865370362e+01
-4.414580885409488076e+01
-4.237391893427648171e+01
-3.989284126534957409e+01
-3.810669398006326247e+01
-3.729620563673995548e+01
-3.722839790534718674e+01
-3.757778307833562081e+01
-3.807888801192994066e+01
-3.857589332669159177e+01
-3.900697377457866821e+01
-3.934970379427159060e+01
-3.961028893647110039e+01
-3.979666786961247738e+01
-3.991518137792024135e+01
-3.997473719055307839e+01
-3.997948818984715302e+01
-3.993289633070788369e+01
-3.983811315869592562e+01
-3.969830384767953291e+01
-3.951696255437195049e+01
-3.929829763271702348e+01
-3.904782384227193859e+01
-3.877340441928406989e+01
-3.848227724849335374e+01
-3.820086375893058062e+01
-3.797901613300400925e+01
-3.798900330479261100e+01
-3.948163954021554645e+01
-4.491914813532891060e+01
-4.631268842437145850e+01
-4.448808887228877040e+01
-4.194680347691247846e+01
-4.017220213949103425e+01
-3.942600828834220295e+01
-3.945237286520271169e+01
-3.990521013345698265e+01
-4.050299125652164633e+01
-4.108238553893379219e+01
-4.158274339954196819e+01
-4.199374759450660122e+01
-4.231785600291512139e+01
-4.257268016976455272e+01
-4.275639760707784376e+01
-4.287573316094111675e+01
-4.293569199941683934e+01
-4.294024504037479062e+01
-4.289272927220496001e+01
-4.279607502491315074e+01
-4.265290365570759690e+01
-4.246547080025840870e+01
-4.223774434193551741e+01
-4.197895394988074713e+01
-4.168095482458189593e+01
-4.134839362417120867e+01
-4.097015854811565561e+01
-4.050930950373510342e+01
