-7.189267249114208447e-01
-8.136041744307611623e-01
-9.068558925838831053e-01
-1.002999708189874273e+00
-1.105150953139701686e+00
-1.234049590994038104e+00
-1.358917197172031965e+00
-1.481654927428458501e+00
-1.607343897692113277e+00
-1.736282161613784680e+00
-1.873919059683479382e+00
-1.948370346785750051e+00
-2.015259469335724418e+00
-2.085467380684950189e+00
-2.157418522723249410e+00
-2.230564748920046192e+00
-2.305296636162631252e+00
-2.371468303531634625e+00
-2.418218125951572262e+00
-2.465050889126905176e+00
-2.510842584091774299e+00
-2.555038428943684714e+00
-2.597365225724447058e+00
-2.637807078676313921e+00
-2.673575207092321548e+00
-2.703201350231741351e+00
-2.730455114549771523e+00
-2.755212831816605146e+00
-2.777429949374086604e+00
-2.797330473532039008e+00
-2.815249940846573651e+00
-2.831541782136717700e+00
-2.842878513657714379e+00
-2.851824454242681384e+00
-2.858356091853362813e+00
-2.861646369631799303e+00
-2.860748399936138497e+00
-2.854899146839519730e+00
-2.844069980542434095e+00
-2.829712213341748495e+00
-2.815106415044709820e+00
-2.806724462723082070e+00
-2.816918767172614579e+00
-2.868222108320683361e+00
-3.008460130865241666e+00
-3.274744467347595389e+00
-3.625124538191936807e+00
-4.167724627815179161e+00
-5.340352089555960191e+00
-7.189267249114201785e-01
-8.136041744307578316e-01
-9.068558925838822171e-01
-1.002999708189871608e+00
-1.105150953139698355e+00
-1.234049590994035439e+00
-1.358917197172030189e+00
-1.481654927428460056e+00
-1.607343897692111501e+00
-1.736282161613779573e+00
-1.873919059683477162e+00
-1.948370346785756269e+00
-2.015259469335721754e+00
-2.085467380684946637e+00
-2.157418522723246301e+00
-2.230564748920034646e+00
-2.305296636162628587e+00
-2.371468303531636401e+00
-2.418218125951579367e+00
-2.465050889126916722e+00
-2.510842584091768082e+00
-2.555038428943689155e+00
-2.597365225724450610e+00
-2.637807078676305927e+00
-2.673575207092319772e+00
-2.703201350231739575e+00
-2.730455114549760864e+00
-2.755212831816605146e+00
-2.777429949374097262e+00
-2.797330473532035455e+00
-2.815249940846586085e+00
-2.831541782136726582e+00
-2.842878513657712602e+00
-2.851824454242688489e+00
-2.858356091853368142e+00
-2.861646369631811737e+00
-2.860748399936127839e+00
-2.854899146839498414e+00
-2.844069980542439424e+00
-2.829712213341730731e+00
-2.815106415044711596e+00
-2.806724462723067859e+00
-2.816918767172600369e+00
-2.868222108320669150e+00
-3.008460130865227455e+00
-3.274744467347581178e+00
-3.625124538191940360e+00
-4.167724627815164951e+00
-5.340352089555964632e+00
-7.189267249114212888e-01
-8.136041744307606072e-01
-9.068558925838817730e-01
-1.002999708189873385e+00
-1.105150953139698355e+00
-1.234049590994035661e+00
-1.358917197172030855e+00
-1.481654927428460278e+00
-1.607343897692107726e+00
-1.736282161613782904e+00
-1.873919059683478050e+00
-1.948370346785751828e+00
-2.015259469335726195e+00
-2.085467380684949301e+00
-2.157418522723248078e+00
-2.230564748920044416e+00
-2.305296636162631252e+00
-2.371468303531628408e+00
-2.418218125951574038e+00
-2.465050889126904288e+00
-2.510842584091768970e+00
-2.555038428943697149e+00
-2.597365225724448834e+00
-2.637807078676305039e+00
-2.673575207092321548e+00
-2.703201350231738687e+00
-2.730455114549769746e+00
-2.755212831816600705e+00
-2.777429949374091933e+00
-2.797330473532045225e+00
-2.815249940846585197e+00
-2.831541782136715923e+00
-2.842878513657701944e+00
-2.851824454242667173e+00
-2.858356091853362813e+00
-2.861646369631808184e+00
-2.860748399936127839e+00
-2.854899146839521507e+00
-2.844069980542457188e+00
-2.829712213341753824e+00
-2.815106415044716925e+00
-2.806724462723085622e+00
-2.816918767172603921e+00
-2.868222108320679808e+00
-3.008460130865223903e+00
-3.274744467347598942e+00
-3.625124538191933254e+00
-4.167724627815153404e+00
-5.340352089555962856e+00
-3.471433568127889657e+01
-3.708188709008598494e+01
-3.848465788217857408e+01
-3.942271241170242746e+01
-4.014032307056820059e+01
-4.075032822825124157e+01
-4.125858093201802035e+01
-4.166696779570285969e+01
-4.198659992290627230e+01
-4.223117693677407658e+01
-4.241070616726868536e+01
-4.253849018722804232e+01
-4.262503869390123867e+01
-4.268079009800899115e+01
-4.270679932757886377e+01
-4.270453568717353221e+01
-4.267571689612616836e+01
-4.262268332956298877e+01
-4.253266047183430487e+01
-4.241239296691752969e+01
-4.225212984114286741e+01
-4.205648708666283397e+01
-4.181583127922304755e+01
-4.153587517997084433e+01
-4.121421244209756907e+01
-4.084906020867847332e+01
-4.043880768081159971e+01
-3.996772736695626804e+01
-3.937056721506587564e+01
-3.273673464395977817e+01
-3.562994351117278313e+01
-3.735257175227121706e+01
-3.853947172126753173e+01
-3.935693645880856195e+01
-3.995353284126432669e+01
-4.044162591206035273e+01
-4.087114864252698254e+01
-4.122983058262018119e+01
-4.151279773929658745e+01
-4.172717451912751585e+01
-4.187595855445533033e+01
-4.197723406404343649e+01
-4.202408254367306739e+01
-4.203523177157832436e+01
-4.201183666159538177e+01
-4.195538058440332208e+01
-4.186742687210116998e+01
-4.174979286777626442e+01
-4.159581132213078547e+01
-4.140625060695251136e+01
-4.118196186930725844e+01
-4.091773521219784726e+01
-4.061511466804976322e+01
-4.027317270385978532e+01
-3.988846367731147780e+01
-3.946750128892433196e+01
-3.900399599562414465e+01
-3.847490681444674721e+01
-3.543872033925664056e+01
-3.795306354989333641e+01
-3.950403494821662775e+01
-4.057636549980906437e+01
-4.137459699514346312e+01
-4.202469240216947099e+01
-4.258266291466035369e+01
-4.306087460717924387e+01
-4.346042887222330364e+01
-4.378842396300281337e+01
-4.405073101009731573e+01
-4.425781796330785767e+01
-4.441588681542680206e+01
-4.452805358786886103e+01
-4.459881969008951330e+01
-4.462959084416645794e+01
-4.462184084195807543e+01
-4.457723982287848230e+01
-4.449628323494632554e+01
-4.437465703579668741e+01
-4.421550420024640005e+01
-4.401678725408424242e+01
-4.378140446151929410e+01
-4.350644239000217794e+01
-4.319601436405344685e+01
-4.283055572758774332e+01
-4.237033692632095949e+01
-4.174066423969892270e+01
-4.074794725327624434e+01
-3.471433568127882552e+01
-3.708188709008597783e+01
-3.848465788217851014e+01
-3.942271241170236351e+01
-4.014032307056817217e+01
-4.075032822825119183e+01
-4.125858093201797772e+01
-4.166696779570280995e+01
-4.198659992290630782e+01
-4.223117693677405526e+01
-4.241070616726862852e+01
-4.253849018722794284e+01
-4.262503869390123157e+01
-4.268079009800902668e+01
-4.270679932757887087e+01
-4.270453568717353932e+01
-4.267571689612622521e+01
-4.262268332956305983e+01
-4.253266047183439014e+01
-4.241239296691760075e+01
-4.225212984114298820e+01
-4.205648708666289792e+01
-4.181583127922314702e+01
-4.153587517997092249e+01
-4.121421244209768275e+01
-4.084906020867851595e+01
-4.043880768081168497e+01
-3.996772736695626804e+01
-3.937056721506594670e+01
-3.273673464395952948e+01
-3.562994351117285419e+01
-3.735257175227133786e+01
-3.853947172126766674e+01
-3.935693645880869695e+01
-3.995353284126450433e+01
-4.044162591206055879e+01
-4.087114864252711754e+01
-4.122983058262030909e+01
-4.151279773929665140e+01
-4.172717451912760112e+01
-4.187595855445533743e+01
-4.197723406404352886e+01
-4.202408254367315976e+01
-4.203523177157838830e+01
-4.201183666159540309e+01
-4.195538058440330076e+01
-4.186742687210114866e+01
-4.174979286777620757e+01
-4.159581132213065757e+01
-4.140625060695241899e+01
-4.118196186930713054e+01
-4.091773521219779042e+01
-4.061511466804974191e+01
-4.027317270385976400e+01
-3.988846367731136411e+01
-3.946750128892416853e+01
-3.900399599562400965e+01
-3.847490681444661220e+01
-3.543872033925694609e+01
-3.795306354989342168e+01
-3.950403494821661354e+01
-4.057636549980891516e+01
-4.137459699514329259e+01
-4.202469240216936441e+01
-4.258266291466029685e+01
-4.306087460717919413e+01
-4.346042887222331785e+01
-4.378842396300277073e+01
-4.405073101009725889e+01
-4.425781796330772977e+01
-4.441588681542685180e+01
-4.452805358786888945e+01
-4.459881969008954883e+01
-4.462959084416655031e+01
-4.462184084195808964e+01
-4.457723982287855335e+01
-4.449628323494638948e+01
-4.437465703579669452e+01
-4.421550420024642136e+01
-4.401678725408427084e+01
-4.378140446151921594e+01
-4.350644239000232716e+01
-4.319601436405363160e+01
-4.283055572758787122e+01
-4.237033692632110871e+01
-4.174066423969905060e+01
-4.074794725327628697e+01
-3.471433568127888947e+01
-3.708188709008607020e+01
-3.848465788217853856e+01
-3.942271241170243457e+01
-4.014032307056823612e+01
-4.075032822825126289e+01
-4.125858093201797772e+01
-4.166696779570290232e+01
-4.198659992290629361e+01
-4.223117693677406947e+01
-4.241070616726868536e+01
-4.253849018722799258e+01
-4.262503869390123157e+01
-4.268079009800898405e+01
-4.270679932757892061e+01
-4.270453568717353932e+01
-4.267571689612624652e+01
-4.262268332956303851e+01
-4.253266047183439724e+01
-4.241239296691753680e+01
-4.225212984114296688e+01
-4.205648708666286240e+01
-4.181583127922307597e+01
-4.153587517997087986e+01
-4.121421244209759038e+01
-4.084906020867845200e+01
-4.043880768081163524e+01
-3.996772736695623962e+01
-3.937056721506590407e+01
-3.273673464395957922e+01
-3.562994351117266945e+01
-3.735257175227120285e+01
-3.853947172126752463e+01
-3.935693645880851932e+01
-3.995353284126431959e+01
-4.044162591206030299e+01
-4.087114864252696123e+01
-4.122983058262015987e+01
-4.151279773929655903e+01
-4.172717451912753006e+01
-4.187595855445526638e+01
-4.197723406404340807e+01
-4.202408254367309581e+01
-4.203523177157836699e+01
-4.201183666159541019e+01
-4.195538058440333629e+01
-4.186742687210118419e+01
-4.174979286777626442e+01
-4.159581132213074994e+01
-4.140625060695249005e+01
-4.118196186930725133e+01
-4.091773521219792542e+01
-4.061511466804982007e+01
-4.027317270385989190e+01
-3.988846367731144937e+01
-3.946750128892427512e+01
-3.900399599562409492e+01
-3.847490681444673299e+01
-3.543872033925680398e+01
-3.795306354989340747e+01
-3.950403494821660644e+01
-4.057636549980892937e+01
-4.137459699514333522e+01
-4.202469240216942836e+01
-4.258266291466034659e+01
-4.306087460717932203e+01
-4.346042887222341022e+01
-4.378842396300287021e+01
-4.405073101009732284e+01
-4.425781796330783635e+01
-4.441588681542690153e+01
-4.452805358786891787e+01
-4.459881969008958436e+01
-4.462959084416650057e+01
-4.462184084195809675e+01
-4.457723982287851072e+01
-4.449628323494631843e+01
-4.437465703579663057e+01
-4.421550420024632189e+01
-4.401678725408418558e+01
-4.378140446151921594e+01
-4.350644239000229163e+01
-4.319601436405358186e+01
-4.283055572758785701e+01
-4.237033692632105897e+01
-4.174066423969900796e+01
-4.074794725327623723e+01
