-7.950393315946129302e-01
-1.042932067092529502e+00
-1.354642222861997647e+00
-1.679012607847415239e+00
-1.958601826121568079e+00
-2.137665177074133727e+00
-2.326767226457095994e+00
-2.460200626729599716e+00
-2.575391706978523931e+00
-2.675146454549667929e+00
-2.746485610215349205e+00
-2.801598873507298748e+00
-2.841702744689924565e+00
-2.861811893025457465e+00
-2.856040591225181835e+00
-2.812022207455743050e+00
-2.749294106522142123e+00
-3.264911876364479770e+00
-4.023695975108134704e+00
-7.950393315946111539e-01
-1.042932067092529724e+00
-1.354642222862000756e+00
-1.679012607847415017e+00
-1.958601826121567857e+00
-2.137665177074134171e+00
-2.326767226457098658e+00
-2.460200626729600160e+00
-2.575391706978523931e+00
-2.675146454549667929e+00
-2.746485610215346096e+00
-2.801598873507297860e+00
-2.841702744689927229e+00
-2.861811893025460130e+00
-2.856040591225181391e+00
-2.812022207455740386e+00
-2.749294106522142123e+00
-3.264911876364477550e+00
-4.023695975108134704e+00
-7.950393315946114869e-01
-1.042932067092530168e+00
-1.354642222862000311e+00
-1.679012607847415239e+00
-1.958601826121568523e+00
-2.137665177074134171e+00
-2.326767226457095550e+00
-2.460200626729603268e+00
-2.575391706978521711e+00
-2.675146454549669706e+00
-2.746485610215347428e+00
-2.801598873507298748e+00
-2.841702744689921900e+00
-2.861811893025455689e+00
-2.856040591225179615e+00
-2.812022207455740386e+00
-2.749294106522141679e+00
-3.264911876364468224e+00
-4.023695975108136480e+00
-4.362214059629071983e+01
-4.462498368309393015e+01
-4.116085168815826734e+01
-4.146448848911313689e+01
-4.297782409780423052e+01
-4.402076113679161296e+01
-4.454803002047540872e+01
-4.465585024690010840e+01
-4.440625162525407177e+01
-4.386575100889473333e+01
-4.305446113748737957e+01
-4.037367811636062953e+01
-4.163483603561193291e+01
-3.837199922963034737e+01
-3.847766080136764799e+01
-3.968356047281366017e+01
-4.041415119329704453e+01
-4.064587994465435372e+01
-4.050468878812134932e+01
-4.005731865986022910e+01
-3.936709559880045362e+01
-3.867248819243047819e+01
-4.198421156464987547e+01
-4.353801839977859345e+01
-4.035699734693991303e+01
-4.065376874156908116e+01
-4.205844274210870992e+01
-4.297322064386504081e+01
-4.335287398789387225e+01
-4.329917699230617245e+01
-4.288132221989270221e+01
-4.216460028458516263e+01
-4.127218715004728722e+01
-4.362214059629069851e+01
-4.462498368309402252e+01
-4.116085168815824602e+01
-4.146448848911320084e+01
-4.297782409780415946e+01
-4.402076113679162006e+01
-4.454803002047538030e+01
-4.465585024690015103e+01
-4.440625162525406466e+01
-4.386575100889474044e+01
-4.305446113748731563e+01
-4.037367811636059400e+01
-4.163483603561198265e+01
-3.837199922963028342e+01
-3.847766080136766220e+01
-3.968356047281368149e+01
-4.041415119329702321e+01
-4.064587994465436793e+01
-4.050468878812139195e+01
-4.005731865986017226e+01
-3.936709559880043230e+01
-3.867248819243043556e+01
-4.198421156464982573e+01
-4.353801839977854371e+01
-4.035699734693991303e+01
-4.065376874156908826e+01
-4.205844274210868150e+01
-4.297322064386500529e+01
-4.335287398789386515e+01
-4.329917699230618666e+01
-4.288132221989265958e+01
-4.216460028458513420e+01
-4.127218715004728011e+01
-4.362214059629069851e+01
-4.462498368309406516e+01
-4.116085168815824602e+01
-4.146448848911315821e+01
-4.297782409780418078e+01
-4.402076113679165559e+01
-4.454803002047539451e+01
-4.465585024690016525e+01
-4.440625162525405756e+01
-4.386575100889474044e+01
-4.305446113748732273e+01
-4.037367811636059400e+01
-4.163483603561197555e+01
-3.837199922963031185e+01
-3.847766080136764799e+01
-3.968356047281366017e+01
-4.041415119329702321e+01
-4.064587994465435372e+01
-4.050468878812138485e+01
-4.005731865986020779e+01
-3.936709559880046072e+01
-3.867248819243044267e+01
-4.198421156464987547e+01
-4.353801839977859345e+01
-4.035699734693989171e+01
-4.065376874156906695e+01
-4.205844274210868150e+01
-4.297322064386503371e+01
-4.335287398789387936e+01
-4.329917699230617245e+01
-4.288132221989268089e+01
-4.216460028458514131e+01
-4.127218715004729432e+01
