-8.793779340598093519e-01
-9.058479154802770994e-01
-9.556531503869427624e-01
-1.010564258116025682e+00
-1.105009500047382964e+00
-1.214643956682114334e+00
-1.319298139028383110e+00
-1.421179509661699703e+00
-1.522076477808382178e+00
-1.623666134495014290e+00
-1.731818641758292365e+00
-1.838121103517301957e+00
-1.878785033569636553e+00
-1.925711388655375167e+00
-1.976430599513049113e+00
-2.029048207061577180e+00
-2.082570927860222909e+00
-2.136764191824767067e+00
-2.192149615412533947e+00
-2.241898723615552314e+00
-2.272392915969544624e+00
-2.303287453144200470e+00
-2.333424660532584127e+00
-2.362252511191233140e+00
-2.389496974480785241e+00
-2.415085338095736667e+00
-2.439143841037312299e+00
-2.461907538300833309e+00
-2.477091326812032257e+00
-2.491203786354280858e+00
-2.504154865216900561e+00
-2.515958214284065519e+00
-2.526539240708588707e+00
-2.535607559322730964e+00
-2.542576564853257892e+00
-2.546584824329030994e+00
-2.545928728214745362e+00
-2.537391052202048414e+00
-2.523406478174123890e+00
-2.504630002248607212e+00
-2.483115116792530941e+00
-2.461365512406437972e+00
-2.438735331889283486e+00
-2.408720307615221046e+00
-2.715333681432122503e+00
-3.260746366174318567e+00
-3.469031913822382407e+00
-3.771948151061422116e+00
-4.913815402124411591e+00
-8.793779340598077976e-01
-9.058479154802773214e-01
-9.556531503869437616e-01
-1.010564258116027236e+00
-1.105009500047386073e+00
-1.214643956682115000e+00
-1.319298139028383554e+00
-1.421179509661701701e+00
-1.522076477808384176e+00
-1.623666134495014290e+00
-1.731818641758294142e+00
-1.838121103517311727e+00
-1.878785033569639662e+00
-1.925711388655376499e+00
-1.976430599513047781e+00
-2.029048207061585618e+00
-2.082570927860224685e+00
-2.136764191824763515e+00
-2.192149615412534835e+00
-2.241898723615541655e+00
-2.272392915969541072e+00
-2.303287453144202246e+00
-2.333424660532585015e+00
-2.362252511191233140e+00
-2.389496974480783464e+00
-2.415085338095735779e+00
-2.439143841037314075e+00
-2.461907538300827980e+00
-2.477091326812026040e+00
-2.491203786354286187e+00
-2.504154865216904113e+00
-2.515958214284059302e+00
-2.526539240708590484e+00
-2.535607559322725635e+00
-2.542576564853272103e+00
-2.546584824329043428e+00
-2.545928728214745362e+00
-2.537391052202062625e+00
-2.523406478174127443e+00
-2.504630002248619647e+00
-2.483115116792550481e+00
-2.461365512406437972e+00
-2.438735331889278157e+00
-2.408720307615233480e+00
-2.715333681432101187e+00
-3.260746366174331001e+00
-3.469031913822393065e+00
-3.771948151061415899e+00
-4.913815402124406262e+00
-8.793779340598077976e-01
-9.058479154802743238e-01
-9.556531503869422073e-01
-1.010564258116024128e+00
-1.105009500047381632e+00
-1.214643956682180503e+00
-1.319298139028378225e+00
-1.421179509661693929e+00
-1.522076477808380846e+00
-1.623666134495015623e+00
-1.731818641758293253e+00
-1.838121103517308619e+00
-1.878785033569644103e+00
-1.925711388655378720e+00
-1.976430599513045117e+00
-2.029048207061574516e+00
-2.082570927860223797e+00
-2.136764191824772396e+00
-2.192149615412528618e+00
-2.241898723615539879e+00
-2.272392915969542848e+00
-2.303287453144198693e+00
-2.333424660532577022e+00
-2.362252511191234916e+00
-2.389496974480783464e+00
-2.415085338095732226e+00
-2.439143841037307858e+00
-2.461907538300826204e+00
-2.477091326812023375e+00
-2.491203786354279970e+00
-2.504154865216907666e+00
-2.515958214284053085e+00
-2.526539240708581602e+00
-2.535607559322743398e+00
-2.542576564853256116e+00
-2.546584824329036323e+00
-2.545928728214750691e+00
-2.537391052202057296e+00
-2.523406478174120338e+00
-2.504630002248601883e+00
-2.483115116792546928e+00
-2.461365512406434419e+00
-2.438735331889288815e+00
-2.408720307615228151e+00
-2.715333681432108293e+00
-3.260746366174325672e+00
-3.469031913822380631e+00
-3.771948151061410570e+00
-4.913815402124388498e+00
-3.514469199712959124e+01
-3.610700269839473719e+01
-3.685990380087793028e+01
-3.740451472507935193e+01
-3.777656501569624936e+01
-3.807878819917187485e+01
-3.835407926309581228e+01
-3.861652575778327900e+01
-3.886890189889825109e+01
-3.910879867641641994e+01
-3.933338945328793557e+01
-3.954360685525182362e+01
-3.973826380409401793e+01
-3.991806662514780868e+01
-4.008344634414854823e+01
-4.023490690444991458e+01
-4.037362102345778681e+01
-4.049967941949289241e+01
-4.061581883531005133e+01
-4.072432805410014112e+01
-4.082713885712984592e+01
-4.092594954135083185e+01
-4.102329513304322006e+01
-4.112366735803381346e+01
-4.122360295761068016e+01
-4.129414211965009684e+01
-4.135076179058437162e+01
-4.145530798784065496e+01
-4.185352121856971763e+01
-3.282565207009412944e+01
-3.425655882980659328e+01
-3.513337486087963413e+01
-3.581903336738140808e+01
-3.632406016660165449e+01
-3.664515551472406685e+01
-3.684992792107249215e+01
-3.701268586908371816e+01
-3.715547852738392010e+01
-3.728597113149272246e+01
-3.740393122736671216e+01
-3.750692708684442067e+01
-3.759486848637979506e+01
-3.766682357229735345e+01
-3.772393902462642501e+01
-3.776733232549185004e+01
-3.779812079317913032e+01
-3.781757065538612039e+01
-3.782800518882621077e+01
-3.783148674038022818e+01
-3.783317288801774936e+01
-3.783858993992326702e+01
-3.785607002845275559e+01
-3.789573337878351822e+01
-3.797465704836391609e+01
-3.811746195669061876e+01
-3.835263309806652643e+01
-3.870508858770465110e+01
-3.947416302509612507e+01
-3.509654231399770197e+01
-3.625786844929930908e+01
-3.713584886885892189e+01
-3.781818846441561277e+01
-3.831994931430578788e+01
-3.868799397446415611e+01
-3.899611783294250245e+01
-3.927450567503206713e+01
-3.953019600795030897e+01
-3.976767190211331382e+01
-3.998697851560297067e+01
-4.018724666893491104e+01
-4.036837338445032231e+01
-4.053125273584645072e+01
-4.067665269655896054e+01
-4.080531159887920012e+01
-4.091797685517838090e+01
-4.101734716937117753e+01
-4.110428381448767254e+01
-4.118088953643346883e+01
-4.124766991080292655e+01
-4.130684900287822359e+01
-4.136039918193807807e+01
-4.140861642204863813e+01
-4.143722447072848070e+01
-4.142289217418766611e+01
-4.139095735963651634e+01
-4.141300848775222931e+01
-4.169964845904993922e+01
-3.514469199712945624e+01
-3.610700269839446719e+01
-3.685990380087785923e+01
-3.740451472507912456e+01
-3.777656501569606462e+01
-3.807878819917174695e+01
-3.835407926309568438e+01
-3.861652575778312269e+01
-3.886890189889820846e+01
-3.910879867641624941e+01
-3.933338945328789293e+01
-3.954360685525165309e+01
-3.973826380409393266e+01
-3.991806662514780157e+01
-4.008344634414846297e+01
-4.023490690444990747e+01
-4.037362102345777970e+01
-4.049967941949294925e+01
-4.061581883531005133e+01
-4.072432805410031875e+01
-4.082713885712998092e+01
-4.092594954135077501e+01
-4.102329513304338349e+01
-4.112366735803396978e+01
-4.122360295761089333e+01
-4.129414211965028869e+01
-4.135076179058447110e+01
-4.145530798784082549e+01
-4.185352121857003738e+01
-3.282565207009395891e+01
-3.425655882980677802e+01
-3.513337486087984018e+01
-3.581903336738172072e+01
-3.632406016660195291e+01
-3.664515551472439370e+01
-3.684992792107283321e+01
-3.701268586908410896e+01
-3.715547852738420431e+01
-3.728597113149298536e+01
-3.740393122736698217e+01
-3.750692708684471910e+01
-3.759486848637995138e+01
-3.766682357229758082e+01
-3.772393902462659554e+01
-3.776733232549202768e+01
-3.779812079317922269e+01
-3.781757065538619145e+01
-3.782800518882626761e+01
-3.783148674038024950e+01
-3.783317288801761435e+01
-3.783858993992328834e+01
-3.785607002845274138e+01
-3.789573337878338322e+01
-3.797465704836380951e+01
-3.811746195669038428e+01
-3.835263309806626353e+01
-3.870508858770443084e+01
-3.947416302509587638e+01
-3.509654231399761670e+01
-3.625786844929925223e+01
-3.713584886885882952e+01
-3.781818846441561277e+01
-3.831994931430576656e+01
-3.868799397446407085e+01
-3.899611783294241008e+01
-3.927450567503194634e+01
-3.953019600795011002e+01
-3.976767190211323566e+01
-3.998697851560287830e+01
-4.018724666893492525e+01
-4.036837338445018730e+01
-4.053125273584631572e+01
-4.067665269655891791e+01
-4.080531159887910775e+01
-4.091797685517828143e+01
-4.101734716937122727e+01
-4.110428381448770807e+01
-4.118088953643348304e+01
-4.124766991080298340e+01
-4.130684900287820938e+01
-4.136039918193810649e+01
-4.140861642204878024e+01
-4.143722447072857307e+01
-4.142289217418782243e+01
-4.139095735963670109e+01
-4.141300848775246379e+01
-4.169964845905010264e+01
-3.514469199712937808e+01
-3.610700269839434640e+01
-3.685990380087786633e+01
-3.740451472507910324e+01
-3.777656501569602199e+01
-3.807878819917172564e+01
-3.835407926309553517e+01
-3.861652575778319374e+01
-3.886890189889814451e+01
-3.910879867641624230e+01
-3.933338945328787872e+01
-3.954360685525167440e+01
-3.973826380409391135e+01
-3.991806662514777315e+01
-4.008344634414872587e+01
-4.023490690444980800e+01
-4.037362102345770865e+01
-4.049967941949299188e+01
-4.061581883531007264e+01
-4.072432805410033296e+01
-4.082713885713001645e+01
-4.092594954135081764e+01
-4.102329513304334796e+01
-4.112366735803401951e+01
-4.122360295761096438e+01
-4.129414211965035264e+01
-4.135076179058452794e+01
-4.145530798784091076e+01
-4.185352121857010843e+01
-3.282565207009403707e+01
-3.425655882980682776e+01
-3.513337486087986861e+01
-3.581903336738176336e+01
-3.632406016660198844e+01
-3.664515551472438659e+01
-3.684992792107281900e+01
-3.701268586908415159e+01
-3.715547852738421852e+01
-3.728597113149304221e+01
-3.740393122736701770e+01
-3.750692708684469778e+01
-3.759486848638006506e+01
-3.766682357229766609e+01
-3.772393902462658843e+01
-3.776733232549204189e+01
-3.779812079317920848e+01
-3.781757065538628382e+01
-3.782800518882623919e+01
-3.783148674038024240e+01
-3.783317288801767830e+01
-3.783858993992328124e+01
-3.785607002845273428e+01
-3.789573337878329085e+01
-3.797465704836366740e+01
-3.811746195669034876e+01
-3.835263309806623511e+01
-3.870508858770416083e+01
-3.947416302509596875e+01
-3.509654231399765933e+01
-3.625786844929924513e+01
-3.713584886885874425e+01
-3.781818846441550619e+01
-3.831994931430578077e+01
-3.868799397446399979e+01
-3.899611783294223244e+01
-3.927450567503187528e+01
-3.953019600795002475e+01
-3.976767190211308645e+01
-3.998697851560283567e+01
-4.018724666893481867e+01
-4.036837338445018020e+01
-4.053125273584625887e+01
-4.067665269655889659e+01
-4.080531159887910775e+01
-4.091797685517828853e+01
-4.101734716937119885e+01
-4.110428381448768675e+01
-4.118088953643346173e+01
-4.124766991080296208e+01
-4.130684900287824490e+01
-4.136039918193805676e+01
-4.140861642204875892e+01
-4.143722447072852333e+01
-4.142289217418785086e+01
-4.139095735963675082e+01
-4.141300848775247800e+01
-4.169964845905008843e+01
