-7.949944948307600123e-01
-1.042826309215622249e+00
-1.354495551844284273e+00
-1.678810896680061893e+00
-1.958336873767915653e+00
-2.137328835722265286e+00
-2.326393605318404667e+00
-2.459870685079417640e+00
-2.575244552022011746e+00
-2.675362422299140341e+00
-2.747159086917281723e+00
-2.802540624365858157e+00
-2.842490833925693128e+00
-2.862877388692358416e+00
-2.860606858085647630e+00
-2.826946976007091550e+00
-2.805280092687756799e+00
-3.114277425563172663e+00
-4.040718331987329215e+00
-7.949944948307611226e-01
-1.042826309215621139e+00
-1.354495551844284273e+00
-1.678810896680064113e+00
-1.958336873767917652e+00
-2.137328835722265730e+00
-2.326393605318405555e+00
-2.459870685079418529e+00
-2.575244552022011302e+00
-2.675362422299139897e+00
-2.747159086917284831e+00
-2.802540624365856825e+00
-2.842490833925691351e+00
-2.862877388692358860e+00
-2.860606858085648518e+00
-2.826946976007098655e+00
-2.805280092687758131e+00
-3.114277425563172219e+00
-4.040718331987325662e+00
-7.949944948307600123e-01
-1.042826309215624248e+00
-1.354495551844284051e+00
-1.678810896680062337e+00
-1.958336873767914321e+00
-2.137328835722266618e+00
-2.326393605318405999e+00
-2.459870685079415864e+00
-2.575244552022013522e+00
-2.675362422299138121e+00
-2.747159086917281279e+00
-2.802540624365855493e+00
-2.842490833925691796e+00
-2.862877388692357528e+00
-2.860606858085646742e+00
-2.826946976007088885e+00
-2.805280092687752358e+00
-3.114277425563172663e+00
-4.040718331987327439e+00
-4.090442817594826863e+01
-4.255790717182220106e+01
-3.952042785811789116e+01
-3.982183265502569469e+01
-4.120978343889413509e+01
-4.212516087045217716e+01
-4.251465922123882279e+01
-4.247354633282073877e+01
-4.206700885703534709e+01
-4.136353690701434971e+01
-4.051412388655975860e+01
-4.360073924716022731e+01
-4.470578815729547273e+01
-4.127972443630559241e+01
-4.159425954475453580e+01
-4.308844876684305802e+01
-4.411444610123115950e+01
-4.462512005452315123e+01
-4.471588042367553584e+01
-4.445647510798185209e+01
-4.390650600957230409e+01
-4.305944550438347562e+01
-4.160896079543299209e+01
-4.269451920464856443e+01
-3.931718524729551234e+01
-3.947653992425807701e+01
-4.078729039254737643e+01
-4.163194970783020921e+01
-4.197909239261908709e+01
-4.193520588280487971e+01
-4.155424852067810804e+01
-4.090154434263565975e+01
-4.013118291037395835e+01
-4.090442817594833258e+01
-4.255790717182212290e+01
-3.952042785811793379e+01
-3.982183265502570180e+01
-4.120978343889418483e+01
-4.212516087045216295e+01
-4.251465922123884411e+01
-4.247354633282071035e+01
-4.206700885703533999e+01
-4.136353690701437813e+01
-4.051412388655978702e+01
-4.360073924716000704e+01
-4.470578815729545141e+01
-4.127972443630562793e+01
-4.159425954475455001e+01
-4.308844876684307224e+01
-4.411444610123111687e+01
-4.462512005452313701e+01
-4.471588042367554294e+01
-4.445647510798188762e+01
-4.390650600957236094e+01
-4.305944550438351826e+01
-4.160896079543299209e+01
-4.269451920464858574e+01
-3.931718524729551234e+01
-3.947653992425804859e+01
-4.078729039254739774e+01
-4.163194970783023052e+01
-4.197909239261913683e+01
-4.193520588280489392e+01
-4.155424852067814356e+01
-4.090154434263568817e+01
-4.013118291037396546e+01
-4.090442817594829705e+01
-4.255790717182219396e+01
-3.952042785811791248e+01
-3.982183265502568759e+01
-4.120978343889414930e+01
-4.212516087045217006e+01
-4.251465922123884411e+01
-4.247354633282073166e+01
-4.206700885703537551e+01
-4.136353690701439945e+01
-4.051412388655973018e+01
-4.360073924716012783e+01
-4.470578815729544431e+01
-4.127972443630562083e+01
-4.159425954475456422e+01
-4.308844876684302960e+01
-4.411444610123115240e+01
-4.462512005452315123e+01
-4.471588042367555005e+01
-4.445647510798188051e+01
-4.390650600957233252e+01
-4.305944550438349694e+01
-4.160896079543299209e+01
-4.269451920464857153e+01
-3.931718524729551234e+01
-3.947653992425806280e+01
-4.078729039254740485e+01
-4.163194970783023763e+01
-4.197909239261912262e+01
-4.193520588280489392e+01
-4.155424852067813646e+01
-4.090154434263565975e+01
-4.013118291037391572e+01
