-1.018587531650751776e+00
-1.067910097068946573e+00
-1.146908755242753264e+00
-1.243436667689521880e+00
-1.350040423890503494e+00
-1.461183317711636231e+00
-1.578233832242206702e+00
-1.654256832582682080e+00
-1.718675223951212416e+00
-1.783893225463657473e+00
-1.849335474611767616e+00
-1.914968750766983696e+00
-1.981140725282132919e+00
-2.042993160399722008e+00
-2.087284454895257824e+00
-2.130582490259737227e+00
-2.172870936553398025e+00
-2.213776374035162142e+00
-2.253095198230187890e+00
-2.290746718305369356e+00
-2.326434962632968784e+00
-2.356040787460774055e+00
-2.383424355860830346e+00
-2.408598884756350422e+00
-2.431615556752033669e+00
-2.452508524022348091e+00
-2.471375112274031061e+00
-2.488371767958263980e+00
-2.503732576318805414e+00
-2.515011590180680656e+00
-2.524507843698014398e+00
-2.532422888440418518e+00
-2.538628624245095722e+00
-2.542923478827631811e+00
-2.545047805062408131e+00
-2.544540416866048815e+00
-2.541468379887653839e+00
-2.536204629899646790e+00
-2.529880622615527486e+00
-2.523845195988167589e+00
-2.522864135130822305e+00
-2.532849024081951228e+00
-2.562329521760419837e+00
-2.622129306856260555e+00
-2.729682131815998503e+00
-2.909727222329214769e+00
-3.204718640994101975e+00
-3.709961564000380463e+00
-4.684555738592232288e+00
-1.018587531650750888e+00
-1.067910097068943687e+00
-1.146908755242751488e+00
-1.243436667689521435e+00
-1.350040423890501273e+00
-1.461183317711639340e+00
-1.578233832242204926e+00
-1.654256832582681191e+00
-1.718675223951207975e+00
-1.783893225463655696e+00
-1.849335474611767616e+00
-1.914968750766987249e+00
-1.981140725282132919e+00
-2.042993160399722008e+00
-2.087284454895249830e+00
-2.130582490259734563e+00
-2.172870936553391807e+00
-2.213776374035169248e+00
-2.253095198230184337e+00
-2.290746718305366691e+00
-2.326434962632960790e+00
-2.356040787460774055e+00
-2.383424355860822352e+00
-2.408598884756349534e+00
-2.431615556752032781e+00
-2.452508524022347203e+00
-2.471375112274033725e+00
-2.488371767958263092e+00
-2.503732576318803638e+00
-2.515011590180677103e+00
-2.524507843698001963e+00
-2.532422888440407860e+00
-2.538628624245092169e+00
-2.542923478827638917e+00
-2.545047805062413460e+00
-2.544540416866045263e+00
-2.541468379887653839e+00
-2.536204629899645013e+00
-2.529880622615536367e+00
-2.523845195988167589e+00
-2.522864135130834740e+00
-2.532849024081965439e+00
-2.562329521760418061e+00
-2.622129306856258779e+00
-2.729682131815996726e+00
-2.909727222329220098e+00
-3.204718640994098422e+00
-3.709961564000378687e+00
-4.684555738592237617e+00
-1.018587531650751332e+00
-1.067910097068943909e+00
-1.146908755242753042e+00
-1.243436667689522324e+00
-1.350040423890501939e+00
-1.461183317711639784e+00
-1.578233832242207590e+00
-1.654256832582683412e+00
-1.718675223951209752e+00
-1.783893225463655696e+00
-1.849335474611771613e+00
-1.914968750766982808e+00
-1.981140725282132919e+00
-2.042993160399719343e+00
-2.087284454895252495e+00
-2.130582490259735451e+00
-2.172870936553390919e+00
-2.213776374035168359e+00
-2.253095198230188778e+00
-2.290746718305367580e+00
-2.326434962632969672e+00
-2.356040787460768726e+00
-2.383424355860830346e+00
-2.408598884756346870e+00
-2.431615556752034557e+00
-2.452508524022347203e+00
-2.471375112274028396e+00
-2.488371767958261316e+00
-2.503732576318796532e+00
-2.515011590180671774e+00
-2.524507843698007292e+00
-2.532422888440397202e+00
-2.538628624245092169e+00
-2.542923478827631811e+00
-2.545047805062406354e+00
-2.544540416866054144e+00
-2.541468379887650286e+00
-2.536204629899652119e+00
-2.529880622615523933e+00
-2.523845195988162260e+00
-2.522864135130834740e+00
-2.532849024081956557e+00
-2.562329521760414508e+00
-2.622129306856264108e+00
-2.729682131815996726e+00
-2.909727222329216545e+00
-3.204718640994100198e+00
-3.709961564000376022e+00
-4.684555738592221630e+00
