-7.190929968956025764e-01
-8.138350257719927372e-01
-9.071346459446484323e-01
-1.003326168532963969e+00
-1.105554289811625068e+00
-1.234421478115806270e+00
-1.359216745433736051e+00
-1.481965448492802206e+00
-1.607666454131100320e+00
-1.736597433174762894e+00
-1.874250235779175711e+00
-1.948696057504371915e+00
-2.015606028340181766e+00
-2.085835780236792392e+00
-2.157811581481446250e+00
-2.230986599713975949e+00
-2.305752509779932069e+00
-2.371949104182786705e+00
-2.418754663044739850e+00
-2.465635480044745087e+00
-2.511480421359790327e+00
-2.555733538743759858e+00
-2.598119849976587403e+00
-2.638620765922841116e+00
-2.674438632633873603e+00
-2.704112033178883046e+00
-2.731397055429460430e+00
-2.756163388409842874e+00
-2.778370640959005655e+00
-2.798219377528501361e+00
-2.816054537085638465e+00
-2.832235560897114368e+00
-2.843439614648538338e+00
-2.852270266316487835e+00
-2.858725174230109189e+00
-2.862006981538225858e+00
-2.861188057627376935e+00
-2.855502230866166613e+00
-2.844884247774572827e+00
-2.830691014296524699e+00
-2.815924056246444707e+00
-2.806041363041526182e+00
-2.809351751386937934e+00
-2.837175562453115418e+00
-3.003397457640677004e+00
-3.298266140486694198e+00
-3.582182692046963268e+00
-4.170909238387013218e+00
-5.355991443015520659e+00
-7.190929968956016882e-01
-8.138350257719930703e-01
-9.071346459446495425e-01
-1.003326168532964191e+00
-1.105554289811621960e+00
-1.234421478115803383e+00
-1.359216745433735163e+00
-1.481965448492804427e+00
-1.607666454131100320e+00
-1.736597433174762450e+00
-1.874250235779177931e+00
-1.948696057504373691e+00
-2.015606028340182654e+00
-2.085835780236788839e+00
-2.157811581481438701e+00
-2.230986599713979501e+00
-2.305752509779935622e+00
-2.371949104182790258e+00
-2.418754663044749620e+00
-2.465635480044735317e+00
-2.511480421359796544e+00
-2.555733538743757194e+00
-2.598119849976595397e+00
-2.638620765922834899e+00
-2.674438632633874491e+00
-2.704112033178880381e+00
-2.731397055429463094e+00
-2.756163388409856196e+00
-2.778370640959003879e+00
-2.798219377528496921e+00
-2.816054537085637577e+00
-2.832235560897103710e+00
-2.843439614648540115e+00
-2.852270266316503822e+00
-2.858725174230125177e+00
-2.862006981538206318e+00
-2.861188057627371606e+00
-2.855502230866166613e+00
-2.844884247774574604e+00
-2.830691014296521146e+00
-2.815924056246455365e+00
-2.806041363041533288e+00
-2.809351751386934382e+00
-2.837175562453110089e+00
-3.003397457640675228e+00
-3.298266140486701303e+00
-3.582182692046950834e+00
-4.170909238387023876e+00
-5.355991443015517106e+00
-7.190929968956027984e-01
-8.138350257719932923e-01
-9.071346459446500976e-01
-1.003326168532963303e+00
-1.105554289811623292e+00
-1.234421478115803827e+00
-1.359216745433735607e+00
-1.481965448492803539e+00
-1.607666454131098543e+00
-1.736597433174763339e+00
-1.874250235779180596e+00
-1.948696057504375467e+00
-2.015606028340180877e+00
-2.085835780236785730e+00
-2.157811581481439589e+00
-2.230986599713979501e+00
-2.305752509779932957e+00
-2.371949104182793810e+00
-2.418754663044747844e+00
-2.465635480044749528e+00
-2.511480421359791215e+00
-2.555733538743767852e+00
-2.598119849976596285e+00
-2.638620765922840228e+00
-2.674438632633875379e+00
-2.704112033178889263e+00
-2.731397055429463983e+00
-2.756163388409849979e+00
-2.778370640959004767e+00
-2.798219377528504914e+00
-2.816054537085648235e+00
-2.832235560897098381e+00
-2.843439614648534786e+00
-2.852270266316496716e+00
-2.858725174230103860e+00
-2.862006981538227635e+00
-2.861188057627368053e+00
-2.855502230866171942e+00
-2.844884247774587038e+00
-2.830691014296512265e+00
-2.815924056246455365e+00
-2.806041363041527958e+00
-2.809351751386948592e+00
-2.837175562453104760e+00
-3.003397457640680557e+00
-3.298266140486679987e+00
-3.582182692046959716e+00
-4.170909238387004336e+00
-5.355991443015522435e+00
-3.870569512253070599e+01
-4.416626993630781328e+01
-4.563446069283287443e+01
-4.390901611669949034e+01
-4.145358823148373517e+01
-3.973731033560832770e+01
-3.900917866307428028e+01
-3.903772238982297438e+01
-3.948584818861996837e+01
-4.007734867533910261e+01
-4.064973529929913099e+01
-4.114856169166989730e+01
-4.155391441302173661e+01
-4.188263278352689412e+01
-4.213302626180926325e+01
-4.231195008002448077e+01
-4.242842075664213297e+01
-4.248435545350089626e+01
-4.248291300797554015e+01
-4.242752509426410512e+01
-4.232123008961384159e+01
-4.216679079549457043e+01
-4.197069229858622208e+01
-4.173369216790153047e+01
-4.145791629639822418e+01
-4.115167569214864329e+01
-4.082150460881996423e+01
-4.046558532011092524e+01
-4.010114209813855268e+01
-4.146035776220005431e+01
-4.663725625738613445e+01
-4.773277245702087157e+01
-4.562986205573890430e+01
-4.286807004067875226e+01
-4.094186835637137989e+01
-4.014493502793587965e+01
-4.017908546615922205e+01
-4.066371428763463314e+01
-4.130356231977959425e+01
-4.192833803040897322e+01
-4.247516810023589784e+01
-4.293385636238671310e+01
-4.330710233543236853e+01
-4.360516180520150442e+01
-4.383633959889033349e+01
-4.400677766275850189e+01
-4.412107792977786858e+01
-4.418283902423306841e+01
-4.419498433227206391e+01
-4.415990854268177657e+01
-4.407943518625866375e+01
-4.395600900380109266e+01
-4.379724645319772236e+01
-4.359398288030489965e+01
-4.334365256788179011e+01
-4.302962810657628268e+01
-4.260566810487698319e+01
-4.193297690743749939e+01
-3.845194102069383746e+01
-4.359069272069768175e+01
-4.480890457467704380e+01
-4.294158328445134032e+01
-4.038047317554769933e+01
-3.853643831982827805e+01
-3.769865307265165910e+01
-3.764294681638966011e+01
-3.801913911470666108e+01
-3.855300715170214687e+01
-3.907955686863842715e+01
-3.953486833306773462e+01
-3.990081754824036864e+01
-4.018385576725540886e+01
-4.039305391288338143e+01
-4.053362566275495738e+01
-4.061482850400164324e+01
-4.064091924566024971e+01
-4.061544138694480921e+01
-4.054158690923561181e+01
-4.042249174098770936e+01
-4.026151046396347510e+01
-4.006237233961229549e+01
-3.982600238150235583e+01
-3.956160633600621424e+01
-3.927796655177353102e+01
-3.899040223635721958e+01
-3.874001295285774660e+01
-3.864891192750410909e+01
-3.870569512253081257e+01
-4.416626993630764275e+01
-4.563446069283273943e+01
-4.390901611669936955e+01
-4.145358823148368543e+01
-3.973731033560829928e+01
-3.900917866307429449e+01
-3.903772238982300280e+01
-3.948584818861999679e+01
-4.007734867533912393e+01
-4.064973529929917362e+01
-4.114856169166991151e+01
-4.155391441302173661e+01
-4.188263278352689412e+01
-4.213302626180922061e+01
-4.231195008002443103e+01
-4.242842075664211166e+01
-4.248435545350086073e+01
-4.248291300797549752e+01
-4.242752509426406959e+01
-4.232123008961383448e+01
-4.216679079549457754e+01
-4.197069229858622919e+01
-4.173369216790155178e+01
-4.145791629639821707e+01
-4.115167569214862908e+01
-4.082150460882000687e+01
-4.046558532011091813e+01
-4.010114209813853847e+01
-4.146035776219975588e+01
-4.663725625738604919e+01
-4.773277245702087157e+01
-4.562986205573882614e+01
-4.286807004067888016e+01
-4.094186835637140831e+01
-4.014493502793597202e+01
-4.017908546615923626e+01
-4.066371428763466866e+01
-4.130356231977958714e+01
-4.192833803040898744e+01
-4.247516810023588363e+01
-4.293385636238674152e+01
-4.330710233543236143e+01
-4.360516180520154705e+01
-4.383633959889017717e+01
-4.400677766275840952e+01
-4.412107792977782594e+01
-4.418283902423310394e+01
-4.419498433227206391e+01
-4.415990854268182630e+01
-4.407943518625870638e+01
-4.395600900380109266e+01
-4.379724645319776499e+01
-4.359398288030492097e+01
-4.334365256788184695e+01
-4.302962810657629689e+01
-4.260566810487701872e+01
-4.193297690743750650e+01
-3.845194102069396536e+01
-4.359069272069798728e+01
-4.480890457467724275e+01
-4.294158328445131190e+01
-4.038047317554768512e+01
-3.853643831982826384e+01
-3.769865307265167331e+01
-3.764294681638971696e+01
-3.801913911470667529e+01
-3.855300715170220371e+01
-3.907955686863846978e+01
-3.953486833306779147e+01
-3.990081754824040416e+01
-4.018385576725543018e+01
-4.039305391288340275e+01
-4.053362566275498580e+01
-4.061482850400166456e+01
-4.064091924566031366e+01
-4.061544138694483763e+01
-4.054158690923561181e+01
-4.042249174098770936e+01
-4.026151046396350353e+01
-4.006237233961228128e+01
-3.982600238150232030e+01
-3.956160633600623555e+01
-3.927796655177355234e+01
-3.899040223635725511e+01
-3.874001295285773239e+01
-3.864891192750413040e+01
-3.870569512253067046e+01
-4.416626993630779197e+01
-4.563446069283284601e+01
-4.390901611669948323e+01
-4.145358823148372096e+01
-3.973731033560832770e+01
-3.900917866307425896e+01
-3.903772238982297438e+01
-3.948584818861995416e+01
-4.007734867533908840e+01
-4.064973529929914520e+01
-4.114856169166989730e+01
-4.155391441302172240e+01
-4.188263278352686569e+01
-4.213302626180920640e+01
-4.231195008002446656e+01
-4.242842075664214008e+01
-4.248435545350089626e+01
-4.248291300797553305e+01
-4.242752509426411223e+01
-4.232123008961385580e+01
-4.216679079549459175e+01
-4.197069229858624340e+01
-4.173369216790155178e+01
-4.145791629639823128e+01
-4.115167569214866461e+01
-4.082150460882002108e+01
-4.046558532011093945e+01
-4.010114209813855268e+01
-4.146035776220013247e+01
-4.663725625738619840e+01
-4.773277245702102078e+01
-4.562986205573879062e+01
-4.286807004067883042e+01
-4.094186835637130173e+01
-4.014493502793590096e+01
-4.017908546615920073e+01
-4.066371428763466156e+01
-4.130356231977959425e+01
-4.192833803040900875e+01
-4.247516810023590494e+01
-4.293385636238676994e+01
-4.330710233543240406e+01
-4.360516180520151863e+01
-4.383633959889024112e+01
-4.400677766275846636e+01
-4.412107792977781173e+01
-4.418283902423299736e+01
-4.419498433227203549e+01
-4.415990854268170551e+01
-4.407943518625864243e+01
-4.395600900380102871e+01
-4.379724645319769394e+01
-4.359398288030484281e+01
-4.334365256788176879e+01
-4.302962810657624004e+01
-4.260566810487699030e+01
-4.193297690743746386e+01
-3.845194102069386588e+01
-4.359069272069775280e+01
-4.480890457467710064e+01
-4.294158328445129058e+01
-4.038047317554772064e+01
-3.853643831982827805e+01
-3.769865307265168752e+01
-3.764294681638969564e+01
-3.801913911470664686e+01
-3.855300715170217529e+01
-3.907955686863840583e+01
-3.953486833306775594e+01
-3.990081754824036153e+01
-4.018385576725540886e+01
-4.039305391288338143e+01
-4.053362566275500001e+01
-4.061482850400170719e+01
-4.064091924566025682e+01
-4.061544138694489448e+01
-4.054158690923559050e+01
-4.042249174098776621e+01
-4.026151046396348221e+01
-4.006237233961230970e+01
-3.982600238150233452e+01
-3.956160633600621424e+01
-3.927796655177357366e+01
-3.899040223635721247e+01
-3.874001295285774660e+01
-3.864891192750410198e+01
