-6.746257654906022694e-01
-7.660834435499862538e-01
-8.534654204015713619e-01
-9.413590666731301848e-01
-1.032128612417389624e+00
-1.134361050994196152e+00
-1.251681887134082904e+00
-1.364845651475514066e+00
-1.476413721712484417e+00
-1.590462632653246500e+00
-1.707847905055656756e+00
-1.832010295318483362e+00
-1.908560598176917367e+00
-1.966858709499242686e+00
-2.028607380845579122e+00
-2.091941390333617257e+00
-2.156010367445684750e+00
-2.220711413683479130e+00
-2.287123379915378507e+00
-2.334940752690892296e+00
-2.374416311754487197e+00
-2.413415520887665089e+00
-2.451089493046231027e+00
-2.487013635087471641e+00
-2.520998633656013510e+00
-2.553072017823067696e+00
-2.582610153048609192e+00
-2.604899949195351283e+00
-2.625363297363010773e+00
-2.643880382037782084e+00
-2.660540839237309108e+00
-2.675559971956842809e+00
-2.689018385028221658e+00
-2.700844556282190112e+00
-2.710778092051411292e+00
-2.715300965389296550e+00
-2.715437577869151298e+00
-2.710958982777098569e+00
-2.701434648629135182e+00
-2.687624043049723355e+00
-2.672018115035585950e+00
-2.659272398703089735e+00
-2.657632600847870563e+00
-2.692880962817110202e+00
-2.889017686620743319e+00
-3.263123974367687197e+00
-3.482257811752885956e+00
-3.938939663373681732e+00
-5.081030424118571531e+00
-6.746257654906020473e-01
-7.660834435499854767e-01
-8.534654204015694745e-01
-9.413590666731237455e-01
-1.032128612417390290e+00
-1.134361050994193487e+00
-1.251681887134081794e+00
-1.364845651475517396e+00
-1.476413721712484861e+00
-1.590462632653246722e+00
-1.707847905055654536e+00
-1.832010295318476700e+00
-1.908560598176920919e+00
-1.966858709499243130e+00
-2.028607380845585340e+00
-2.091941390333611039e+00
-2.156010367445680309e+00
-2.220711413683472912e+00
-2.287123379915366073e+00
-2.334940752690893184e+00
-2.374416311754487197e+00
-2.413415520887657095e+00
-2.451089493046232803e+00
-2.487013635087471641e+00
-2.520998633656025945e+00
-2.553072017823057038e+00
-2.582610153048607415e+00
-2.604899949195360165e+00
-2.625363297363001891e+00
-2.643880382037774979e+00
-2.660540839237315325e+00
-2.675559971956861460e+00
-2.689018385028234093e+00
-2.700844556282195441e+00
-2.710778092051414845e+00
-2.715300965389300103e+00
-2.715437577869156627e+00
-2.710958982777087911e+00
-2.701434648629128077e+00
-2.687624043049726907e+00
-2.672018115035566410e+00
-2.659272398703066642e+00
-2.657632600847888327e+00
-2.692880962817122636e+00
-2.889017686620746872e+00
-3.263123974367687197e+00
-3.482257811752900167e+00
-3.938939663373661304e+00
-5.081030424118576860e+00
-6.746257654906020473e-01
-7.660834435499853656e-01
-8.534654204015681422e-01
-9.413590666731302958e-01
-1.032128612417390290e+00
-1.134361050994197706e+00
-1.251681887134085347e+00
-1.364845651475515842e+00
-1.476413721712486193e+00
-1.590462632653248054e+00
-1.707847905055658533e+00
-1.832010295318481141e+00
-1.908560598176923584e+00
-1.966858709499241353e+00
-2.028607380845580010e+00
-2.091941390333616368e+00
-2.156010367445682085e+00
-2.220711413683476465e+00
-2.287123379915373178e+00
-2.334940752690886967e+00
-2.374416311754473874e+00
-2.413415520887658872e+00
-2.451089493046228363e+00
-2.487013635087471641e+00
-2.520998633656013510e+00
-2.553072017823064144e+00
-2.582610153048616297e+00
-2.604899949195355724e+00
-2.625363297363005444e+00
-2.643880382037783860e+00
-2.660540839237310884e+00
-2.675559971956861460e+00
-2.689018385028221658e+00
-2.700844556282197217e+00
-2.710778092051423727e+00
-2.715300965389305432e+00
-2.715437577869138863e+00
-2.710958982777084358e+00
-2.701434648629133406e+00
-2.687624043049723355e+00
-2.672018115035600161e+00
-2.659272398703071971e+00
-2.657632600847888327e+00
-2.692880962817111978e+00
-2.889017686620750425e+00
-3.263123974367688973e+00
-3.482257811752894838e+00
-3.938939663373678179e+00
-5.081030424118567979e+00
-3.280745435944709243e+01
-3.491804944989104342e+01
-3.637150856961819301e+01
-3.746789966560498186e+01
-3.834968278055009705e+01
-3.911188857391758233e+01
-3.978712612746518573e+01
-4.037526019124269538e+01
-4.089093820519270395e+01
-4.132133734313093498e+01
-4.168745751571842817e+01
-4.198160948061817521e+01
-4.221063868231238558e+01
-4.238058336766941636e+01
-4.249626079914816046e+01
-4.255783858552270260e+01
-4.256830995878878809e+01
-4.253345107192954799e+01
-4.245393686917421405e+01
-4.233069691740250562e+01
-4.216462624763126144e+01
-4.196254129539373423e+01
-4.172664775344954080e+01
-4.145075970713077140e+01
-4.115432195958777584e+01
-4.082092609243899517e+01
-4.047245365649420989e+01
-4.010048332509597202e+01
-3.970423695484838333e+01
-3.928629483808241929e+01
-3.883460932693419210e+01
-2.921833942113125104e+01
-3.195866740601918110e+01
-3.376989533756364636e+01
-3.507798280242139555e+01
-3.605082623156405219e+01
-3.679838476368969680e+01
-3.739857584634923171e+01
-3.792926994456492906e+01
-3.840859225330385129e+01
-3.881812234045986543e+01
-3.915432021393222328e+01
-3.943055789742733452e+01
-3.963562077988812860e+01
-3.978819093112907979e+01
-3.987926310097969917e+01
-3.991380938391746724e+01
-3.989586021933668292e+01
-3.982875762114588980e+01
-3.971533406996486804e+01
-3.955802720388899729e+01
-3.935895565546913133e+01
-3.911996125376316513e+01
-3.884258949712077680e+01
-3.853683615393592987e+01
-3.820145285820322556e+01
-3.783923516668634335e+01
-3.746637985423388528e+01
-3.708583363937317756e+01
-3.671862984435166055e+01
-3.642872490623707904e+01
-3.633982679747232680e+01
-3.217578461748778551e+01
-3.461789842819548113e+01
-3.626922490194340298e+01
-3.751493594468092851e+01
-3.848938048588495064e+01
-3.928307579516827275e+01
-3.995663643344953186e+01
-4.055269589672353447e+01
-4.106600799317875783e+01
-4.150701380924808603e+01
-4.187192693833630130e+01
-4.217336236099546909e+01
-4.240608140379396218e+01
-4.257608719873429237e+01
-4.268811886559856816e+01
-4.274603205168999409e+01
-4.275300243251402321e+01
-4.271164561778425650e+01
-4.262408082381091390e+01
-4.249194171174409007e+01
-4.231630362808219559e+01
-4.210351388906575920e+01
-4.185804740929106771e+01
-4.157142427028544063e+01
-4.126342378327825600e+01
-4.091830008954269715e+01
-4.055572459899149607e+01
-4.015615355806894371e+01
-3.972341536614118951e+01
-3.923049272109002317e+01
-3.865011259514236741e+01
-3.280745435944703559e+01
-3.491804944989093684e+01
-3.637150856961814327e+01
-3.746789966560486818e+01
-3.834968278054991231e+01
-3.911188857391752549e+01
-3.978712612746503652e+01
-4.037526019124264565e+01
-4.089093820519259026e+01
-4.132133734313075735e+01
-4.168745751571829317e+01
-4.198160948061804731e+01
-4.221063868231239269e+01
-4.238058336766946610e+01
-4.249626079914818888e+01
-4.255783858552267418e+01
-4.256830995878877388e+01
-4.253345107192951247e+01
-4.245393686917428511e+01
-4.233069691740256246e+01
-4.216462624763146039e+01
-4.196254129539393318e+01
-4.172664775344969712e+01
-4.145075970713099167e+01
-4.115432195958791084e+01
-4.082092609243913017e+01
-4.047245365649429516e+01
-4.010048332509601465e+01
-3.970423695484845439e+01
-3.928629483808244061e+01
-3.883460932693418499e+01
-2.921833942113125460e+01
-3.195866740601934097e+01
-3.376989533756376005e+01
-3.507798280242165845e+01
-3.605082623156421562e+01
-3.679838476368990996e+01
-3.739857584634938803e+01
-3.792926994456504985e+01
-3.840859225330395077e+01
-3.881812234045999332e+01
-3.915432021393242223e+01
-3.943055789742745532e+01
-3.963562077988820676e+01
-3.978819093112917216e+01
-3.987926310097984128e+01
-3.991380938391749567e+01
-3.989586021933673265e+01
-3.982875762114591112e+01
-3.971533406996494620e+01
-3.955802720388898308e+01
-3.935895565546914554e+01
-3.911996125376312250e+01
-3.884258949712065601e+01
-3.853683615393579487e+01
-3.820145285820316872e+01
-3.783923516668636466e+01
-3.746637985423392792e+01
-3.708583363937312072e+01
-3.671862984435164634e+01
-3.642872490623706483e+01
-3.633982679747210653e+01
-3.217578461748794894e+01
-3.461789842819540297e+01
-3.626922490194345983e+01
-3.751493594468068693e+01
-3.848938048588482985e+01
-3.928307579516823012e+01
-3.995663643344941107e+01
-4.055269589672335684e+01
-4.106600799317861572e+01
-4.150701380924806472e+01
-4.187192693833625157e+01
-4.217336236099537672e+01
-4.240608140379383428e+01
-4.257608719873427106e+01
-4.268811886559849711e+01
-4.274603205169000830e+01
-4.275300243251400190e+01
-4.271164561778427071e+01
-4.262408082381087127e+01
-4.249194171174416823e+01
-4.231630362808227375e+01
-4.210351388906573789e+01
-4.185804740929113166e+01
-4.157142427028549037e+01
-4.126342378327833416e+01
-4.091830008954263320e+01
-4.055572459899157423e+01
-4.015615355806900766e+01
-3.972341536614123214e+01
-3.923049272109008712e+01
-3.865011259514243136e+01
-3.280745435944713506e+01
-3.491804944989107895e+01
-3.637150856961821432e+01
-3.746789966560498897e+01
-3.834968278054996915e+01
-3.911188857391763207e+01
-3.978712612746517152e+01
-4.037526019124258880e+01
-4.089093820519268974e+01
-4.132133734313090656e+01
-4.168745751571847080e+01
-4.198160948061821784e+01
-4.221063868231239269e+01
-4.238058336766938083e+01
-4.249626079914816756e+01
-4.255783858552273813e+01
-4.256830995878873836e+01
-4.253345107192946983e+01
-4.245393686917423537e+01
-4.233069691740263352e+01
-4.216462624763144618e+01
-4.196254129539379107e+01
-4.172664775344966159e+01
-4.145075970713088509e+01
-4.115432195958783268e+01
-4.082092609243892412e+01
-4.047245365649413884e+01
-4.010048332509586544e+01
-3.970423695484831228e+01
-3.928629483808231271e+01
-3.883460932693407131e+01
-2.921833942113119775e+01
-3.195866740601907452e+01
-3.376989533756353978e+01
-3.507798280242143818e+01
-3.605082623156402377e+01
-3.679838476368963995e+01
-3.739857584634911092e+01
-3.792926994456486511e+01
-3.840859225330379445e+01
-3.881812234045986543e+01
-3.915432021393223749e+01
-3.943055789742732031e+01
-3.963562077988817123e+01
-3.978819093112913663e+01
-3.987926310097980576e+01
-3.991380938391748856e+01
-3.989586021933668292e+01
-3.982875762114601770e+01
-3.971533406996501725e+01
-3.955802720388893334e+01
-3.935895565546915265e+01
-3.911996125376327171e+01
-3.884258949712075548e+01
-3.853683615393593698e+01
-3.820145285820331083e+01
-3.783923516668649967e+01
-3.746637985423408423e+01
-3.708583363937324151e+01
-3.671862984435173161e+01
-3.642872490623722115e+01
-3.633982679747222022e+01
-3.217578461748786367e+01
-3.461789842819536744e+01
-3.626922490194345983e+01
-3.751493594468086457e+01
-3.848938048588490801e+01
-3.928307579516835801e+01
-3.995663643344953186e+01
-4.055269589672342079e+01
-4.106600799317877204e+01
-4.150701380924812156e+01
-4.187192693833634394e+01
-4.217336236099535540e+01
-4.240608140379400481e+01
-4.257608719873422132e+01
-4.268811886559856816e+01
-4.274603205168995146e+01
-4.275300243251407295e+01
-4.271164561778425650e+01
-4.262408082381091390e+01
-4.249194171174418244e+01
-4.231630362808229506e+01
-4.210351388906568104e+01
-4.185804740929113876e+01
-4.157142427028546194e+01
-4.126342378327821336e+01
-4.091830008954265452e+01
-4.055572459899151738e+01
-4.015615355806899345e+01
-3.972341536614114688e+01
-3.923049272109006580e+01
-3.865011259514238873e+01
