-7.191410180662753948e-01
-8.139045112901068801e-01
-9.072206521802669288e-01
-1.003429702713421356e+00
-1.105684645041321801e+00
-1.234543645850217697e+00
-1.359314607800458763e+00
-1.482069232691628713e+00
-1.607776556184973726e+00
-1.736705576004959450e+00
-1.874364660655483128e+00
-1.948828674186409149e+00
-2.015749363068560562e+00
-2.085990472613959756e+00
-2.157978174312937369e+00
-2.231165427059074169e+00
-2.305943363106209176e+00
-2.372157567803304445e+00
-2.418981147740835169e+00
-2.465872207831310448e+00
-2.511725462537855336e+00
-2.555984079816470356e+00
-2.598372470813831825e+00
-2.638871714435654603e+00
-2.674687273602312843e+00
-2.704353945932960634e+00
-2.731630026504340947e+00
-2.756385501516311898e+00
-2.778582165107346569e+00
-2.798412188468033079e+00
-2.816217056828019594e+00
-2.832345793677582435e+00
-2.843463857720720966e+00
-2.852154539229877273e+00
-2.858405300366884561e+00
-2.861418190917920157e+00
-2.860287517119729728e+00
-2.854301494378313819e+00
-2.843490405441752245e+00
-2.829374454023078300e+00
-2.815301557683719480e+00
-2.807832870786423740e+00
-2.818964796213077051e+00
-2.868496959970673998e+00
-2.994368938303004768e+00
-3.224422084832498925e+00
-3.570831925425125064e+00
-4.157653472838362063e+00
-5.347946967490964099e+00
-7.191410180662758389e-01
-8.139045112901051038e-01
-9.072206521802663737e-01
-1.003429702713419136e+00
-1.105684645041320024e+00
-1.234543645850214144e+00
-1.359314607800462982e+00
-1.482069232691629823e+00
-1.607776556184971506e+00
-1.736705576004959450e+00
-1.874364660655480908e+00
-1.948828674186406040e+00
-2.015749363068558786e+00
-2.085990472613958868e+00
-2.157978174312939146e+00
-2.231165427059074169e+00
-2.305943363106198518e+00
-2.372157567803289346e+00
-2.418981147740831616e+00
-2.465872207831302454e+00
-2.511725462537844678e+00
-2.555984079816470356e+00
-2.598372470813824719e+00
-2.638871714435643057e+00
-2.674687273602316395e+00
-2.704353945932954417e+00
-2.731630026504345388e+00
-2.756385501516314562e+00
-2.778582165107339463e+00
-2.798412188468036632e+00
-2.816217056828028475e+00
-2.832345793677582435e+00
-2.843463857720742283e+00
-2.852154539229884378e+00
-2.858405300366879231e+00
-2.861418190917929039e+00
-2.860287517119731504e+00
-2.854301494378301385e+00
-2.843490405441750468e+00
-2.829374454023087182e+00
-2.815301557683740796e+00
-2.807832870786445056e+00
-2.818964796213077051e+00
-2.868496959970673998e+00
-2.994368938303011873e+00
-3.224422084832472279e+00
-3.570831925425137499e+00
-4.157653472838358510e+00
-5.347946967490973869e+00
-7.191410180662736185e-01
-8.139045112901041046e-01
-9.072206521802635981e-01
-1.003429702713418026e+00
-1.105684645041320247e+00
-1.234543645850214588e+00
-1.359314607800458319e+00
-1.482069232691629601e+00
-1.607776556184971062e+00
-1.736705576004958562e+00
-1.874364660655482684e+00
-1.948828674186407373e+00
-2.015749363068558786e+00
-2.085990472613957092e+00
-2.157978174312935149e+00
-2.231165427059074169e+00
-2.305943363106200295e+00
-2.372157567803289346e+00
-2.418981147740821847e+00
-2.465872207831306895e+00
-2.511725462537846454e+00
-2.555984079816462362e+00
-2.598372470813830049e+00
-2.638871714435652827e+00
-2.674687273602313731e+00
-2.704353945932953529e+00
-2.731630026504348052e+00
-2.756385501516308345e+00
-2.778582165107334134e+00
-2.798412188468034856e+00
-2.816217056828016041e+00
-2.832345793677582435e+00
-2.843463857720738730e+00
-2.852154539229886154e+00
-2.858405300366886337e+00
-2.861418190917920157e+00
-2.860287517119735057e+00
-2.854301494378312043e+00
-2.843490405441746915e+00
-2.829374454023088958e+00
-2.815301557683735467e+00
-2.807832870786411306e+00
-2.818964796213077051e+00
-2.868496959970663340e+00
-2.994368938303002992e+00
-3.224422084832479385e+00
-3.570831925425125064e+00
-4.157653472838361175e+00
-5.347946967490974757e+00
-4.078115111494140166e+01
-4.609895541748180392e+01
-4.732299412834322538e+01
-4.531904080318931705e+01
-4.263936854105291019e+01
-4.078728264627661559e+01
-4.001835111429353020e+01
-4.005136409415617038e+01
-4.052429272462424592e+01
-4.114663424552002624e+01
-4.175396484720079826e+01
-4.228028287664435680e+01
-4.271449008733409158e+01
-4.307019811381690744e+01
-4.334994933782912341e+01
-4.356235512408018451e+01
-4.371373123003507288e+01
-4.380880527142746672e+01
-4.385127711938566364e+01
-4.384416077402950407e+01
-4.378994652679019595e+01
-4.369058563648206928e+01
-4.354817935653883154e+01
-4.337062806637345602e+01
-4.314970631694500725e+01
-4.288245111292074796e+01
-4.255596852657141937e+01
-4.212910751255358832e+01
-4.147441490816885334e+01
-4.038877844195349809e+01
-4.546233805529416117e+01
-4.653819192464863619e+01
-4.448259526738541325e+01
-4.176932088467168569e+01
-3.983480175914581878e+01
-3.898108525872900287e+01
-3.895575539723616743e+01
-3.938579255733708351e+01
-3.997839381374809875e+01
-4.056364830433080471e+01
-4.107040482393784231e+01
-4.149239360537799115e+01
-4.182948465509171143e+01
-4.209133829857452014e+01
-4.228595703601196476e+01
-4.241925160119099303e+01
-4.249579677427161783e+01
-4.251921801982337001e+01
-4.249249561333832048e+01
-4.241843363448512605e+01
-4.229957807933398328e+01
-4.213821995904289253e+01
-4.194121800149938650e+01
-4.170955173611798728e+01
-4.144546368570313888e+01
-4.116040441250157045e+01
-4.084416925771597562e+01
-4.049494716120499049e+01
-3.751534522661035709e+01
-4.286803185157351948e+01
-4.432094825253219028e+01
-4.267800527546417300e+01
-4.032476151159621480e+01
-3.865628987479788492e+01
-3.792313481357905403e+01
-3.791522095643291834e+01
-3.831304305532952270e+01
-3.885034274778902841e+01
-3.937278869605546561e+01
-3.982978705341358960e+01
-4.020321316488286811e+01
-4.050453200141349441e+01
-4.073212349798382803e+01
-4.089825345204938856e+01
-4.100265401472366733e+01
-4.104997296227505643e+01
-4.104381795187987336e+01
-4.098725033353788660e+01
-4.088308609498582769e+01
-4.073410434660618762e+01
-4.054320751834275427e+01
-4.031354817745852870e+01
-4.005027738350141675e+01
-3.976290252539322267e+01
-3.945390340602371282e+01
-3.915438005360570628e+01
-3.891081579392317025e+01
-4.078115111494138034e+01
-4.609895541748155523e+01
-4.732299412834310459e+01
-4.531904080318920336e+01
-4.263936854105280361e+01
-4.078728264627651612e+01
-4.001835111429353731e+01
-4.005136409415629117e+01
-4.052429272462431697e+01
-4.114663424552009019e+01
-4.175396484720070589e+01
-4.228028287664432838e+01
-4.271449008733407737e+01
-4.307019811381687191e+01
-4.334994933782911630e+01
-4.356235512408017030e+01
-4.371373123003511552e+01
-4.380880527142750935e+01
-4.385127711938573469e+01
-4.384416077402947565e+01
-4.378994652679019595e+01
-4.369058563648206928e+01
-4.354817935653882444e+01
-4.337062806637347734e+01
-4.314970631694508540e+01
-4.288245111292087586e+01
-4.255596852657155438e+01
-4.212910751255370911e+01
-4.147441490816893150e+01
-4.038877844195339861e+01
-4.546233805529413985e+01
-4.653819192464899857e+01
-4.448259526738566194e+01
-4.176932088467182069e+01
-3.983480175914591825e+01
-3.898108525872903840e+01
-3.895575539723616032e+01
-3.938579255733709772e+01
-3.997839381374811296e+01
-4.056364830433082602e+01
-4.107040482393783520e+01
-4.149239360537795562e+01
-4.182948465509171143e+01
-4.209133829857448461e+01
-4.228595703601196476e+01
-4.241925160119096461e+01
-4.249579677427163915e+01
-4.251921801982346238e+01
-4.249249561333836311e+01
-4.241843363448521842e+01
-4.229957807933403302e+01
-4.213821995904295648e+01
-4.194121800149946466e+01
-4.170955173611801570e+01
-4.144546368570318862e+01
-4.116040441250154913e+01
-4.084416925771603246e+01
-4.049494716120504023e+01
-3.751534522661054893e+01
-4.286803185157371843e+01
-4.432094825253239634e+01
-4.267800527546419431e+01
-4.032476151159612954e+01
-3.865628987479775702e+01
-3.792313481357894034e+01
-3.791522095643293966e+01
-3.831304305532954402e+01
-3.885034274778904262e+01
-3.937278869605553666e+01
-3.982978705341363224e+01
-4.020321316488291785e+01
-4.050453200141352994e+01
-4.073212349798382093e+01
-4.089825345204941698e+01
-4.100265401472366023e+01
-4.104997296227504222e+01
-4.104381795187992310e+01
-4.098725033353787950e+01
-4.088308609498580637e+01
-4.073410434660614499e+01
-4.054320751834267611e+01
-4.031354817745851449e+01
-4.005027738350135280e+01
-3.976290252539311609e+01
-3.945390340602364887e+01
-3.915438005360562101e+01
-3.891081579392313472e+01
-4.078115111494145140e+01
-4.609895541748183234e+01
-4.732299412834318275e+01
-4.531904080318928862e+01
-4.263936854105273255e+01
-4.078728264627640954e+01
-4.001835111429348046e+01
-4.005136409415615617e+01
-4.052429272462431697e+01
-4.114663424552009019e+01
-4.175396484720073431e+01
-4.228028287664434259e+01
-4.271449008733409158e+01
-4.307019811381691454e+01
-4.334994933782914472e+01
-4.356235512408021293e+01
-4.371373123003509420e+01
-4.380880527142753067e+01
-4.385127711938573469e+01
-4.384416077402947565e+01
-4.378994652679017463e+01
-4.369058563648204085e+01
-4.354817935653878180e+01
-4.337062806637341339e+01
-4.314970631694501435e+01
-4.288245111292077638e+01
-4.255596852657150464e+01
-4.212910751255366648e+01
-4.147441490816890308e+01
-4.038877844195336309e+01
-4.546233805529433880e+01
-4.653819192464897014e+01
-4.448259526738571878e+01
-4.176932088467179938e+01
-3.983480175914586141e+01
-3.898108525872903130e+01
-3.895575539723618874e+01
-3.938579255733709061e+01
-3.997839381374811296e+01
-4.056364830433087576e+01
-4.107040482393787073e+01
-4.149239360537799115e+01
-4.182948465509171854e+01
-4.209133829857449882e+01
-4.228595703601197187e+01
-4.241925160119097171e+01
-4.249579677427163205e+01
-4.251921801982343396e+01
-4.249249561333837022e+01
-4.241843363448516868e+01
-4.229957807933400460e+01
-4.213821995904292805e+01
-4.194121800149942914e+01
-4.170955173611800859e+01
-4.144546368570313177e+01
-4.116040441250151360e+01
-4.084416925771600404e+01
-4.049494716120503313e+01
-3.751534522661045656e+01
-4.286803185157361895e+01
-4.432094825253224712e+01
-4.267800527546431510e+01
-4.032476151159623612e+01
-3.865628987479782097e+01
-3.792313481357897587e+01
-3.791522095643292545e+01
-3.831304305532951560e+01
-3.885034274778899999e+01
-3.937278869605544429e+01
-3.982978705341360381e+01
-4.020321316488289654e+01
-4.050453200141351573e+01
-4.073212349798381382e+01
-4.089825345204938856e+01
-4.100265401472366023e+01
-4.104997296227504933e+01
-4.104381795187985915e+01
-4.098725033353791503e+01
-4.088308609498583479e+01
-4.073410434660616630e+01
-4.054320751834270453e+01
-4.031354817745846475e+01
-4.005027738350140254e+01
-3.976290252539316583e+01
-3.945390340602360624e+01
-3.915438005360558549e+01
-3.891081579392324130e+01
