-2.601580866020196670e+00
-2.823123865405583910e+00
-3.057749765441289291e+00
-3.299427614965289912e+00
-3.550168370419148012e+00
-3.796063610186934945e+00
-4.026234554579775526e+00
-4.257661391732100675e+00
-4.490149417075223859e+00
-4.724119446682950141e+00
-4.960327300558791563e+00
-5.199923600160264670e+00
-5.444801929115854477e+00
-5.691486208770605515e+00
-5.949483207510136040e+00
-6.113050346375510813e+00
-6.209341020276990974e+00
-6.313226473029747154e+00
-6.421414258880023596e+00
-6.532609783018937577e+00
-6.646212153346777285e+00
-6.761764879074743106e+00
-6.878610009080396992e+00
-6.995621403548430095e+00
-7.110990414483378430e+00
-7.222079778534553185e+00
-7.325402229225659312e+00
-7.416856879807092184e+00
-7.492645332746249665e+00
-7.495713773391948109e+00
-7.471249719780729492e+00
-7.412308059925422299e+00
-7.313026158850412628e+00
-7.178720192660072996e+00
-7.015162305488157557e+00
-6.832176481313865679e+00
-6.642157886705259529e+00
-6.456694124775921750e+00
-6.294944149514009268e+00
-6.171997816293739447e+00
-6.103147158921970572e+00
-6.104991826669902366e+00
-6.197904608324158460e+00
-6.407873347414007270e+00
-6.774019711034370061e+00
-7.366993626056753897e+00
-8.305535367418464432e+00
-9.864600969293856991e+00
-1.277576810778651151e+01
-2.627912064038066653e+00
-2.842543989275588157e+00
-3.073148207177194280e+00
-3.312172396316508394e+00
-3.561159030541591886e+00
-3.805524875123400541e+00
-4.036098518350133446e+00
-4.268080142841149005e+00
-4.501270623798866666e+00
-4.736084876545669786e+00
-4.973289738389826908e+00
-5.214072618214453669e+00
-5.460403714713542911e+00
-5.709645679604660629e+00
-5.970258944550057123e+00
-6.111992047045308851e+00
-6.209984107774459972e+00
-6.314873020616943222e+00
-6.423757987016095683e+00
-6.535487833400836166e+00
-6.649459762402187835e+00
-6.765458941661655956e+00
-6.882653879254029050e+00
-7.000015591720277541e+00
-7.115767378655039721e+00
-7.227320775314261425e+00
-7.331276825335194758e+00
-7.423744966656990130e+00
-7.491835676667694344e+00
-7.495491043835805556e+00
-7.471707321319716044e+00
-7.412452689223425040e+00
-7.313864123719827859e+00
-7.180233025088497811e+00
-7.017370479469704492e+00
-6.835113181518078562e+00
-6.645564577729714983e+00
-6.460891793313937370e+00
-6.299911666701802915e+00
-6.177719510884749354e+00
-6.109616035345908358e+00
-6.112218143159260819e+00
-6.205926633919986557e+00
-6.416856391664197190e+00
-6.784046077578516076e+00
-7.378488830585290259e+00
-8.319192258870813816e+00
-9.881808124614458677e+00
-1.280070415434181363e+01
-2.615753758130519913e+00
-2.834345798227645652e+00
-3.067414564062743931e+00
-3.308243990070802276e+00
-3.558681199681673846e+00
-3.803720412238591031e+00
-4.034296342129128021e+00
-4.266193846212654073e+00
-4.499221295316127467e+00
-4.733799060913545631e+00
-4.970690672633892859e+00
-5.211068424438611402e+00
-5.456872190451930393e+00
-5.704640693892542913e+00
-5.964118296706049094e+00
-6.116906587892589897e+00
-6.214258368862363824e+00
-6.318845232183804228e+00
-6.427574536122207860e+00
-6.539225247348873893e+00
-6.653232109931813909e+00
-6.769159407978655452e+00
-6.886363942226591206e+00
-7.003732948982491990e+00
-7.119473479432961938e+00
-7.230971309125930446e+00
-7.334780763016677696e+00
-7.426901406157323748e+00
-7.499124793242916809e+00
-7.502466160333522538e+00
-7.478455036313523152e+00
-7.419820504117794258e+00
-7.320942885261182198e+00
-7.187024930430126801e+00
-7.023849267905056593e+00
-6.841241010080285179e+00
-6.651651028582143965e+00
-6.466573645859732267e+00
-6.305202486762802039e+00
-6.182626708936666660e+00
-6.114140796191286142e+00
-6.116350646995265095e+00
-6.209641229688472208e+00
-6.419873867137724233e+00
-6.786464014831029345e+00
-7.379768538741494410e+00
-8.318952652469306486e+00
-9.879089241870971705e+00
-1.279263042972979747e+01
-2.613603518934489500e+00
-2.831194170115793440e+00
-3.063353795134841739e+00
-3.303220570806295608e+00
-3.552503295174087139e+00
-3.797637667624284674e+00
-4.027812829541358219e+00
-4.259324990548654100e+00
-4.491974442550560553e+00
-4.726177356922649508e+00
-4.962693140800755742e+00
-5.202687515180457467e+00
-5.448083963814955410e+00
-5.696253598163639964e+00
-5.955375276223564995e+00
-6.107930195011052277e+00
-6.204842295932643026e+00
-6.309012663952699995e+00
-6.417339191624897410e+00
-6.528595815472680641e+00
-6.642214065902308562e+00
-6.757756117817873331e+00
-6.874577595454539392e+00
-6.991565537318766843e+00
-7.106927922308418744e+00
-7.218052756974021378e+00
-7.321498014736267379e+00
-7.413268025930666028e+00
-7.485239041534857307e+00
-7.488281473852950398e+00
-7.464035465016312543e+00
-7.404427244373430028e+00
-7.305412170527006310e+00
-7.171366261221400862e+00
-7.008091724949629509e+00
-6.825425504733548365e+00
-6.635398656675960183e+00
-6.450305588832843995e+00
-6.288912202533282425e+00
-6.166315699227880032e+00
-6.097815236559974039e+00
-6.100022238139565900e+00
-6.193325864797358804e+00
-6.403989670317685068e+00
-6.770720547592393501e+00
-7.364859788914962735e+00
-8.304955581560214739e+00
-9.866571490550178680e+00
-1.278326529829915259e+01
-2.627912064038065321e+00
-2.842543989275588601e+00
-3.073148207177193392e+00
-3.312172396316509726e+00
-3.561159030541594550e+00
-3.805524875123406758e+00
-4.036098518350139663e+00
-4.268080142841149005e+00
-4.501270623798867554e+00
-4.736084876545682221e+00
-4.973289738389828685e+00
-5.214072618214441235e+00
-5.460403714713544687e+00
-5.709645679604673063e+00
-5.970258944550046465e+00
-6.111992047045283982e+00
-6.209984107774470630e+00
-6.314873020616943222e+00
-6.423757987016109894e+00
-6.535487833400853930e+00
-6.649459762402148755e+00
-6.765458941661641745e+00
-6.882653879254061025e+00
-7.000015591720273989e+00
-7.115767378655064590e+00
-7.227320775314257872e+00
-7.331276825335194758e+00
-7.423744966656986577e+00
-7.491835676667712107e+00
-7.495491043835784239e+00
-7.471707321319701833e+00
-7.412452689223442803e+00
-7.313864123719866939e+00
-7.180233025088490706e+00
-7.017370479469683175e+00
-6.835113181518121195e+00
-6.645564577729714983e+00
-6.460891793313962239e+00
-6.299911666701799362e+00
-6.177719510884735143e+00
-6.109616035345922569e+00
-6.112218143159239503e+00
-6.205926633919965241e+00
-6.416856391664200743e+00
-6.784046077578558709e+00
-7.378488830585261837e+00
-8.319192258870824475e+00
-9.881808124614448019e+00
-1.280070415434182252e+01
-2.601580866020199334e+00
-2.823123865405579469e+00
-3.057749765441284850e+00
-3.299427614965289912e+00
-3.550168370419155117e+00
-3.796063610186938053e+00
-4.026234554579767533e+00
-4.257661391732112222e+00
-4.490149417075219418e+00
-4.724119446682952805e+00
-4.960327300558793340e+00
-5.199923600160262893e+00
-5.444801929115854477e+00
-5.691486208770601962e+00
-5.949483207510152027e+00
-6.113050346375494826e+00
-6.209341020276994527e+00
-6.313226473029775576e+00
-6.421414258880055570e+00
-6.532609783018923366e+00
-6.646212153346755969e+00
-6.761764879074739554e+00
-6.878610009080368570e+00
-6.995621403548398121e+00
-7.110990414483381983e+00
-7.222079778534531869e+00
-7.325402229225698392e+00
-7.416856879807085079e+00
-7.492645332746274534e+00
-7.495713773391926793e+00
-7.471249719780747256e+00
-7.412308059925400983e+00
-7.313026158850419733e+00
-7.178720192660080102e+00
-7.015162305488175321e+00
-6.832176481313901206e+00
-6.642157886705234660e+00
-6.456694124775925303e+00
-6.294944149514023479e+00
-6.171997816293718131e+00
-6.103147158921991888e+00
-6.104991826669923682e+00
-6.197904608324158460e+00
-6.407873347413982401e+00
-6.774019711034348745e+00
-7.366993626056782318e+00
-8.305535367418418247e+00
-9.864600969293825017e+00
-1.277576810778652749e+01
-2.613603518934486392e+00
-2.831194170115791664e+00
-3.063353795134836410e+00
-3.303220570806288947e+00
-3.552503295174086251e+00
-3.797637667624290003e+00
-4.027812829541352890e+00
-4.259324990548655876e+00
-4.491974442550563218e+00
-4.726177356922654837e+00
-4.962693140800750413e+00
-5.202687515180457467e+00
-5.448083963814930542e+00
-5.696253598163641740e+00
-5.955375276223556114e+00
-6.107930195011046948e+00
-6.204842295932651908e+00
-6.309012663952696442e+00
-6.417339191624940042e+00
-6.528595815472684194e+00
-6.642214065902319220e+00
-6.757756117817887542e+00
-6.874577595454542944e+00
-6.991565537318791712e+00
-7.106927922308432954e+00
-7.218052756974010720e+00
-7.321498014736302906e+00
-7.413268025930673133e+00
-7.485239041534864413e+00
-7.488281473852978820e+00
-7.464035465016294779e+00
-7.404427244373401606e+00
-7.305412170527024074e+00
-7.171366261221368887e+00
-7.008091724949615298e+00
-6.825425504733527049e+00
-6.635398656675938867e+00
-6.450305588832854653e+00
-6.288912202533285978e+00
-6.166315699227872926e+00
-6.097815236559959828e+00
-6.100022238139587216e+00
-6.193325864797358804e+00
-6.403989670317667304e+00
-6.770720547592347316e+00
-7.364859788914976946e+00
-8.304955581560204081e+00
-9.866571490550178680e+00
-1.278326529829917035e+01
-2.615753758130521689e+00
-2.834345798227651425e+00
-3.067414564062743931e+00
-3.308243990070807605e+00
-3.558681199681680507e+00
-3.803720412238589699e+00
-4.034296342129115587e+00
-4.266193846212661178e+00
-4.499221295316126579e+00
-4.733799060913542078e+00
-4.970690672633882201e+00
-5.211068424438593638e+00
-5.456872190451925064e+00
-5.704640693892521597e+00
-5.964118296706050870e+00
-6.116906587892593450e+00
-6.214258368862374482e+00
-6.318845232183797123e+00
-6.427574536122204307e+00
-6.539225247348866787e+00
-6.653232109931792593e+00
-6.769159407978641241e+00
-6.886363942226587653e+00
-7.003732948982463569e+00
-7.119473479433001017e+00
-7.230971309125923341e+00
-7.334780763016652827e+00
-7.426901406157323748e+00
-7.499124793242920362e+00
-7.502466160333508327e+00
-7.478455036313548021e+00
-7.419820504117829785e+00
-7.320942885261182198e+00
-7.187024930430137459e+00
-7.023849267905070803e+00
-6.841241010080299390e+00
-6.651651028582136860e+00
-6.466573645859746478e+00
-6.305202486762823355e+00
-6.182626708936652449e+00
-6.114140796191250615e+00
-6.116350646995286411e+00
-6.209641229688450892e+00
-6.419873867137731338e+00
-6.786464014831025793e+00
-7.379768538741501516e+00
-8.318952652469263853e+00
-9.879089241870978810e+00
-1.279263042972981168e+01
