-7.950170416911961357e-01
-1.042856516944117740e+00
-1.354518119992422331e+00
-1.678831903651134771e+00
-1.958363633112095048e+00
-2.137371350543241899e+00
-2.326467359800177714e+00
-2.460000376515066201e+00
-2.575453159146884552e+00
-2.675669668460157524e+00
-2.747563751172938495e+00
-2.803002139800143677e+00
-2.842932751780752554e+00
-2.863295328971692477e+00
-2.861160128920149592e+00
-2.827768959475027710e+00
-2.806846165519004899e+00
-3.100448314719174814e+00
-4.025539011469755124e+00
-7.950170416911981341e-01
-1.042856516944119516e+00
-1.354518119992422776e+00
-1.678831903651134771e+00
-1.958363633112096602e+00
-2.137371350543241899e+00
-2.326467359800175938e+00
-2.460000376515063980e+00
-2.575453159146885440e+00
-2.675669668460157524e+00
-2.747563751172934943e+00
-2.803002139800142345e+00
-2.842932751780753886e+00
-2.863295328971694698e+00
-2.861160128920148704e+00
-2.827768959475031263e+00
-2.806846165519012004e+00
-3.100448314719175258e+00
-4.025539011469755124e+00
-7.950170416911969129e-01
-1.042856516944117740e+00
-1.354518119992421443e+00
-1.678831903651135216e+00
-1.958363633112095714e+00
-2.137371350543239679e+00
-2.326467359800178158e+00
-2.460000376515063536e+00
-2.575453159146883664e+00
-2.675669668460156636e+00
-2.747563751172932278e+00
-2.803002139800141013e+00
-2.842932751780755218e+00
-2.863295328971691145e+00
-2.861160128920148704e+00
-2.827768959475020605e+00
-2.806846165519005787e+00
-3.100448314719172593e+00
-4.025539011469758677e+00
-4.340646680027221294e+01
-4.458313312834761177e+01
-4.118832619711365339e+01
-4.149395722062206460e+01
-4.296641515498411223e+01
-4.396763597310010852e+01
-4.445365165609248237e+01
-4.451945717198601926e+01
-4.423394817989098726e+01
-4.365774160505694823e+01
-4.279911901626849868e+01
-4.223188480160582259e+01
-4.324843844473893029e+01
-3.982731090128964269e+01
-4.001818980549854388e+01
-4.138677521235547374e+01
-4.228983668305983201e+01
-4.269527542598773096e+01
-4.269776222802828869e+01
-4.236015050165066498e+01
-4.173921993489269511e+01
-4.096260775135021248e+01
-4.048424988688688586e+01
-4.208884640008529487e+01
-3.905609772005537650e+01
-3.930617792807793620e+01
-4.063689982039034732e+01
-4.151194506643146553e+01
-4.187784128522730498e+01
-4.183116277722678689e+01
-4.143598991893066597e+01
-4.075550067596457637e+01
-3.994833404539016186e+01
-4.340646680027224846e+01
-4.458313312834751940e+01
-4.118832619711378129e+01
-4.149395722062210723e+01
-4.296641515498404118e+01
-4.396763597310011562e+01
-4.445365165609248947e+01
-4.451945717198599084e+01
-4.423394817989104411e+01
-4.365774160505700507e+01
-4.279911901626845605e+01
-4.223188480160580127e+01
-4.324843844473892318e+01
-3.982731090128962137e+01
-4.001818980549855098e+01
-4.138677521235546664e+01
-4.228983668305983201e+01
-4.269527542598774517e+01
-4.269776222802831711e+01
-4.236015050165068629e+01
-4.173921993489273774e+01
-4.096260775135024801e+01
-4.048424988688690007e+01
-4.208884640008524514e+01
-3.905609772005542624e+01
-3.930617792807789357e+01
-4.063689982039034732e+01
-4.151194506643145843e+01
-4.187784128522731919e+01
-4.183116277722682241e+01
-4.143598991893068728e+01
-4.075550067596463322e+01
-3.994833404539014765e+01
-4.340646680027234083e+01
-4.458313312834755493e+01
-4.118832619711378840e+01
-4.149395722062208591e+01
-4.296641515498403407e+01
-4.396763597310012983e+01
-4.445365165609249658e+01
-4.451945717198598373e+01
-4.423394817989104411e+01
-4.365774160505691270e+01
-4.279911901626846316e+01
-4.223188480160579417e+01
-4.324843844473890897e+01
-3.982731090128961426e+01
-4.001818980549856519e+01
-4.138677521235550927e+01
-4.228983668305982491e+01
-4.269527542598774517e+01
-4.269776222802833132e+01
-4.236015050165068629e+01
-4.173921993489274485e+01
-4.096260775135024090e+01
-4.048424988688687876e+01
-4.208884640008530198e+01
-3.905609772005539071e+01
-3.930617792807788646e+01
-4.063689982039031889e+01
-4.151194506643143711e+01
-4.187784128522731208e+01
-4.183116277722684373e+01
-4.143598991893073702e+01
-4.075550067596460480e+01
-3.994833404539021160e+01
