-7.950159402589778157e-01
-1.042863551686771695e+00
-1.354539427455883072e+00
-1.678867957976411418e+00
-1.958410669383710667e+00
-2.137433359405687128e+00
-2.326535695370673285e+00
-2.460051529843452212e+00
-2.575456989299055977e+00
-2.675582687001663906e+00
-2.747364580978676418e+00
-2.802740423972124528e+00
-2.842734195736064340e+00
-2.863120141448091793e+00
-2.860293620361889833e+00
-2.824327578890579726e+00
-2.789981899284547762e+00
-3.133297839381982808e+00
-4.020983442901012062e+00
-7.950159402589764834e-01
-1.042863551686769252e+00
-1.354539427455883516e+00
-1.678867957976412750e+00
-1.958410669383708669e+00
-2.137433359405689348e+00
-2.326535695370670176e+00
-2.460051529843454432e+00
-2.575456989299055088e+00
-2.675582687001667459e+00
-2.747364580978674642e+00
-2.802740423972125861e+00
-2.842734195736063008e+00
-2.863120141448093570e+00
-2.860293620361888944e+00
-2.824327578890582391e+00
-2.789981899284545097e+00
-3.133297839381979255e+00
-4.020983442901014726e+00
-7.950159402589775937e-01
-1.042863551686771251e+00
-1.354539427455883738e+00
-1.678867957976413194e+00
-1.958410669383710001e+00
-2.137433359405688016e+00
-2.326535695370672840e+00
-2.460051529843454432e+00
-2.575456989299054200e+00
-2.675582687001665239e+00
-2.747364580978673310e+00
-2.802740423972123196e+00
-2.842734195736062119e+00
-2.863120141448092237e+00
-2.860293620361887168e+00
-2.824327578890573065e+00
-2.789981899284545541e+00
-3.133297839381981476e+00
-4.020983442901020055e+00
-4.290017874778111917e+01
-4.387447531205724971e+01
-4.042001408009466701e+01
-4.065787149978845605e+01
-4.209713080434335097e+01
-4.307299838117954494e+01
-4.354295773866007835e+01
-4.360537339699336457e+01
-4.331694333567963184e+01
-4.273570770710360023e+01
-4.196484961077321429e+01
-4.012097100778670011e+01
-4.160084008095245878e+01
-3.849167714298577181e+01
-3.863629751984360894e+01
-3.985394300292843894e+01
-4.060882264269488928e+01
-4.086095289795382257e+01
-4.071256846398614471e+01
-4.023699341086489767e+01
-3.950119753848132120e+01
-3.871401589207656002e+01
-4.302888916787969720e+01
-4.431955904640700794e+01
-4.097864500704453405e+01
-4.127192010931111810e+01
-4.271146644188746677e+01
-4.367727046153370907e+01
-4.412256740599468685e+01
-4.414585756141330108e+01
-4.381160627697755672e+01
-4.318554016653686034e+01
-4.231632216285570536e+01
-4.290017874778106233e+01
-4.387447531205732787e+01
-4.042001408009464569e+01
-4.065787149978846315e+01
-4.209713080434333676e+01
-4.307299838117951651e+01
-4.354295773866009966e+01
-4.360537339699335746e+01
-4.331694333567968869e+01
-4.273570770710362154e+01
-4.196484961077321429e+01
-4.012097100778665038e+01
-4.160084008095252273e+01
-3.849167714298572207e+01
-3.863629751984367289e+01
-3.985394300292843184e+01
-4.060882264269493191e+01
-4.086095289795385099e+01
-4.071256846398619444e+01
-4.023699341086486925e+01
-3.950119753848135673e+01
-3.871401589207651028e+01
-4.302888916787964035e+01
-4.431955904640697241e+01
-4.097864500704449853e+01
-4.127192010931111810e+01
-4.271146644188746677e+01
-4.367727046153368775e+01
-4.412256740599469396e+01
-4.414585756141328687e+01
-4.381160627697754961e+01
-4.318554016653685323e+01
-4.231632216285576931e+01
-4.290017874778104101e+01
-4.387447531205732787e+01
-4.042001408009465280e+01
-4.065787149978849158e+01
-4.209713080434335097e+01
-4.307299838117948809e+01
-4.354295773866010677e+01
-4.360537339699335746e+01
-4.331694333567968869e+01
-4.273570770710358602e+01
-4.196484961077318587e+01
-4.012097100778667880e+01
-4.160084008095249430e+01
-3.849167714298572918e+01
-3.863629751984363736e+01
-3.985394300292843894e+01
-4.060882264269486086e+01
-4.086095289795387941e+01
-4.071256846398620866e+01
-4.023699341086491899e+01
-3.950119753848139226e+01
-3.871401589207656713e+01
-4.302888916787972562e+01
-4.431955904640702215e+01
-4.097864500704446300e+01
-4.127192010931113231e+01
-4.271146644188749519e+01
-4.367727046153370907e+01
-4.412256740599470817e+01
-4.414585756141327977e+01
-4.381160627697756382e+01
-4.318554016653684613e+01
-4.231632216285574799e+01
