-7.950063838998486787e-01
-1.042847060506449042e+00
-1.354516706035032270e+00
-1.678833238943321815e+00
-1.958362041442995194e+00
-2.137359013440065070e+00
-2.326430795057451650e+00
-2.459919189834160136e+00
-2.575307874116920637e+00
-2.675444332126158287e+00
-2.747258875595632865e+00
-2.802647292887587849e+00
-2.842583029735080924e+00
-2.862954070595277845e+00
-2.860729281175739658e+00
-2.827248850188842422e+00
-2.806624792459647466e+00
-3.110166001366883037e+00
-4.038188544434341942e+00
-7.950063838998484567e-01
-1.042847060506447487e+00
-1.354516706035033158e+00
-1.678833238943320705e+00
-1.958362041442998969e+00
-2.137359013440065070e+00
-2.326430795057452539e+00
-2.459919189834156583e+00
-2.575307874116922413e+00
-2.675444332126156510e+00
-2.747258875595630201e+00
-2.802647292887590069e+00
-2.842583029735087585e+00
-2.862954070595278289e+00
-2.860729281175738326e+00
-2.827248850188850859e+00
-2.806624792459648798e+00
-3.110166001366885258e+00
-4.038188544434341942e+00
-7.950063838998473464e-01
-1.042847060506447932e+00
-1.354516706035031604e+00
-1.678833238943319817e+00
-1.958362041442996748e+00
-2.137359013440065958e+00
-2.326430795057449430e+00
-2.459919189834157471e+00
-2.575307874116917972e+00
-2.675444332126160063e+00
-2.747258875595629313e+00
-2.802647292887590069e+00
-2.842583029735083144e+00
-2.862954070595276512e+00
-2.860729281175735217e+00
-2.827248850188844198e+00
-2.806624792459647022e+00
-3.110166001366881705e+00
-4.038188544434342830e+00
-4.173677992648954671e+01
-4.280674989132542407e+01
-3.941975351304959219e+01
-3.958487170721455328e+01
-4.090659831456797946e+01
-4.176364655350592159e+01
-4.212097763667107131e+01
-4.208720332923594754e+01
-4.171191690319953693e+01
-4.106357320234580754e+01
-4.028848308440345249e+01
-4.081348156991210629e+01
-4.246203430945342916e+01
-3.943062691953740284e+01
-3.972522620330839516e+01
-4.110581043894458730e+01
-4.201773473694636607e+01
-4.240718167668684657e+01
-4.236898315158548201e+01
-4.196774589939072797e+01
-4.127086791174805569e+01
-4.043024881421121108e+01
-4.357006292944619474e+01
-4.468818702369111406e+01
-4.126769201591365288e+01
-4.158076966810175179e+01
-4.307120497293779238e+01
-4.409271892905016443e+01
-4.459921570186593698e+01
-4.468578522966031841e+01
-4.442222195032967846e+01
-4.386810752663507884e+01
-4.301843928025752462e+01
-4.173677992648957513e+01
-4.280674989132539565e+01
-3.941975351304957798e+01
-3.958487170721456749e+01
-4.090659831456797235e+01
-4.176364655350592159e+01
-4.212097763667108552e+01
-4.208720332923595464e+01
-4.171191690319953693e+01
-4.106357320234581465e+01
-4.028848308440351644e+01
-4.081348156991202814e+01
-4.246203430945350732e+01
-3.943062691953736021e+01
-3.972522620330843068e+01
-4.110581043894455888e+01
-4.201773473694642291e+01
-4.240718167668686789e+01
-4.236898315158542516e+01
-4.196774589939074929e+01
-4.127086791174805569e+01
-4.043024881421118977e+01
-4.357006292944617343e+01
-4.468818702369114959e+01
-4.126769201591372394e+01
-4.158076966810173758e+01
-4.307120497293778527e+01
-4.409271892905017154e+01
-4.459921570186597961e+01
-4.468578522966031130e+01
-4.442222195032969267e+01
-4.386810752663510016e+01
-4.301843928025755304e+01
-4.173677992648956803e+01
-4.280674989132541697e+01
-3.941975351304958508e+01
-3.958487170721455328e+01
-4.090659831456797946e+01
-4.176364655350591448e+01
-4.212097763667111394e+01
-4.208720332923596175e+01
-4.171191690319954404e+01
-4.106357320234582176e+01
-4.028848308440350934e+01
-4.081348156991204235e+01
-4.246203430945347179e+01
-3.943062691953735310e+01
-3.972522620330840937e+01
-4.110581043894454467e+01
-4.201773473694640870e+01
-4.240718167668686078e+01
-4.236898315158545358e+01
-4.196774589939077060e+01
-4.127086791174802016e+01
-4.043024881421126793e+01
-4.357006292944624448e+01
-4.468818702369118512e+01
-4.126769201591369551e+01
-4.158076966810173047e+01
-4.307120497293780659e+01
-4.409271892905019286e+01
-4.459921570186598672e+01
-4.468578522966031841e+01
-4.442222195032967136e+01
-4.386810752663510016e+01
-4.301843928025753172e+01
