-7.950119397217041417e-01
-1.042883123164477732e+00
-1.354587144664336495e+00
-1.678942721836525820e+00
-1.958508680265813595e+00
-2.137538122680326502e+00
-2.326602998553101820e+00
-2.460002590789771570e+00
-2.575182577910665849e+00
-2.674965115188409737e+00
-2.746361868170713372e+00
-2.801505356753894560e+00
-2.841570824754093394e+00
-2.861800380078682871e+00
-2.857110980883545537e+00
-2.816369271882925407e+00
-2.764482146614014368e+00
-3.228820206399200199e+00
-4.031813924076860012e+00
-7.950119397217055850e-01
-1.042883123164478176e+00
-1.354587144664336495e+00
-1.678942721836523155e+00
-1.958508680265813817e+00
-2.137538122680324726e+00
-2.326602998553095603e+00
-2.460002590789770238e+00
-2.575182577910666737e+00
-2.674965115188410181e+00
-2.746361868170712928e+00
-2.801505356753893228e+00
-2.841570824754091618e+00
-2.861800380078680206e+00
-2.857110980883541984e+00
-2.816369271882924075e+00
-2.764482146614017033e+00
-3.228820206399201975e+00
-4.031813924076861788e+00
-7.950119397217054740e-01
-1.042883123164480397e+00
-1.354587144664336051e+00
-1.678942721836522489e+00
-1.958508680265814927e+00
-2.137538122680325614e+00
-2.326602998553099599e+00
-2.460002590789767574e+00
-2.575182577910664072e+00
-2.674965115188407516e+00
-2.746361868170711151e+00
-2.801505356753889675e+00
-2.841570824754090729e+00
-2.861800380078682871e+00
-2.857110980883540652e+00
-2.816369271882923631e+00
-2.764482146614015257e+00
-3.228820206399197978e+00
-4.031813924076859124e+00
-4.365908033918068298e+01
-4.467362560937658600e+01
-4.121302294764963392e+01
-4.152255661132753062e+01
-4.303641615679357102e+01
-4.408110557619488645e+01
-4.460953733319726666e+01
-4.471818736122371973e+01
-4.447118918742049942e+01
-4.393326840681523038e+01
-4.311509702101211872e+01
-4.053073266249638351e+01
-4.176403996533310448e+01
-3.848394339076567405e+01
-3.859737718961353181e+01
-3.981872434436575503e+01
-4.056617668578302727e+01
-4.081543502132740997e+01
-4.069130831076751065e+01
-4.025648888797450553e+01
-3.957418355012669764e+01
-3.887152759070182384e+01
-4.181049767467301592e+01
-4.339610366666344277e+01
-4.024241052206021152e+01
-4.054299939211458792e+01
-4.194694236114109742e+01
-4.286004437311481041e+01
-4.323687080834671548e+01
-4.317845922406285553e+01
-4.275424140901557735e+01
-4.203203060707333094e+01
-4.113822653770235149e+01
-4.365908033918057640e+01
-4.467362560937664995e+01
-4.121302294764956287e+01
-4.152255661132753062e+01
-4.303641615679354260e+01
-4.408110557619491487e+01
-4.460953733319716719e+01
-4.471818736122371973e+01
-4.447118918742054205e+01
-4.393326840681525880e+01
-4.311509702101204766e+01
-4.053073266249635509e+01
-4.176403996533316842e+01
-3.848394339076573090e+01
-3.859737718961351050e+01
-3.981872434436576924e+01
-4.056617668578305569e+01
-4.081543502132744550e+01
-4.069130831076755328e+01
-4.025648888797453395e+01
-3.957418355012669764e+01
-3.887152759070180252e+01
-4.181049767467298750e+01
-4.339610366666341434e+01
-4.024241052206023284e+01
-4.054299939211458081e+01
-4.194694236114109742e+01
-4.286004437311482462e+01
-4.323687080834670837e+01
-4.317845922406284132e+01
-4.275424140901556314e+01
-4.203203060707328120e+01
-4.113822653770230886e+01
-4.365908033918069719e+01
-4.467362560937669969e+01
-4.121302294764951313e+01
-4.152255661132750930e+01
-4.303641615679354970e+01
-4.408110557619495040e+01
-4.460953733319720982e+01
-4.471818736122370552e+01
-4.447118918742048521e+01
-4.393326840681524459e+01
-4.311509702101206187e+01
-4.053073266249635509e+01
-4.176403996533316132e+01
-3.848394339076573090e+01
-3.859737718961351760e+01
-3.981872434436576214e+01
-4.056617668578302727e+01
-4.081543502132744550e+01
-4.069130831076755328e+01
-4.025648888797453395e+01
-3.957418355012672606e+01
-3.887152759070181673e+01
-4.181049767467300171e+01
-4.339610366666344987e+01
-4.024241052206021152e+01
-4.054299939211456660e+01
-4.194694236114107611e+01
-4.286004437311481752e+01
-4.323687080834672258e+01
-4.317845922406284842e+01
-4.275424140901559156e+01
-4.203203060707330252e+01
-4.113822653770233018e+01
