-2.281141184149141132e+00
-2.504966250773562830e+00
-2.733624917657607512e+00
-2.969542770434649093e+00
-3.218860749699101298e+00
-3.462902214068735773e+00
-3.690313608558438929e+00
-3.923040476734304782e+00
-4.163008403438608340e+00
-4.410984077694958927e+00
-4.668338368712637632e+00
-4.929365083959593719e+00
-5.200980912745780671e+00
-5.443264601616839116e+00
-5.571341474548152206e+00
-5.706294868110834528e+00
-5.845086772414788356e+00
-5.986249332853056160e+00
-6.128891749042615800e+00
-6.272431163105181895e+00
-6.416608247500839468e+00
-6.561902628732376286e+00
-6.667705743464196644e+00
-6.736272101799166023e+00
-6.797292227383781693e+00
-6.847754845251717626e+00
-6.885493047801467981e+00
-6.909018531095547644e+00
-6.917628564551854708e+00
-6.911135640270323677e+00
-6.890640091582980631e+00
-6.858197546989764248e+00
-6.805043137300842204e+00
-6.749108437923887038e+00
-6.695410831635982163e+00
-6.649920046617111780e+00
-6.619272857020192191e+00
-6.610657982436777047e+00
-6.631864285492589772e+00
-6.691541306238661946e+00
-6.799756028644893036e+00
-6.968837406079266827e+00
-7.205578932517212820e+00
-7.540344343708653696e+00
-8.007180709485886894e+00
-8.657563454632580147e+00
-9.584629447732368135e+00
-1.098473788980284382e+01
-1.339669980784143277e+01
-2.325046639033812035e+00
-2.538978723285517880e+00
-2.762465010744414862e+00
-2.995706005692193141e+00
-3.244390104398517938e+00
-3.480020852308298274e+00
-3.710518792817027567e+00
-3.945463490563178688e+00
-4.187123679675739396e+00
-4.437114963665948153e+00
-4.696856571603845509e+00
-4.962217052448023580e+00
-5.237454362831705623e+00
-5.449359867102748112e+00
-5.578899763674664669e+00
-5.714779468836303167e+00
-5.854324644933772248e+00
-5.996212831404967858e+00
-6.139643250222146520e+00
-6.284118277814652487e+00
-6.429500215790870499e+00
-6.576531121031568006e+00
-6.668843487124547664e+00
-6.738514931749808312e+00
-6.800315492899272840e+00
-6.851445151517246757e+00
-6.889827180021278252e+00
-6.914027598415867004e+00
-6.923388464262394848e+00
-6.917257001855510623e+00
-6.897885258186200019e+00
-6.863317573402710536e+00
-6.811318017964204330e+00
-6.756490498548927803e+00
-6.703899624718971495e+00
-6.659531674542144231e+00
-6.630032736234284130e+00
-6.622601643601527144e+00
-6.645043304850346999e+00
-6.706035520202796363e+00
-6.815702011946250138e+00
-6.984292947384716399e+00
-7.222780262039854904e+00
-7.559416902632030144e+00
-8.028536158864042704e+00
-8.681725404639379917e+00
-9.612635851910990681e+00
-1.101834645330830398e+01
-1.343995568595837575e+01
-2.304457974249611851e+00
-2.524097479940766942e+00
-2.750810751750766059e+00
-2.986020935988362712e+00
-3.235709737728714064e+00
-3.475917077498758445e+00
-3.705130833443408989e+00
-3.938829613342022640e+00
-4.179902603506160830e+00
-4.429129220798161626e+00
-4.687919839400754185e+00
-4.950761527310191923e+00
-5.224386459952562234e+00
-5.451741863351704964e+00
-5.580847718805777902e+00
-5.716550500763155185e+00
-5.855997574832500163e+00
-5.997795678572963141e+00
-6.141100073800529913e+00
-6.285371048048894238e+00
-6.430410299980813704e+00
-6.576828866747089108e+00
-6.676112505030797450e+00
-6.745444833448413391e+00
-6.807059074994999293e+00
-6.858047254219908240e+00
-6.896285237113325195e+00
-6.920309341473267040e+00
-6.929435573238812651e+00
-6.923414560269396389e+00
-6.903572929409936165e+00
-6.870143369372769371e+00
-6.817619401685050207e+00
-6.762277444675866889e+00
-6.709158604719071661e+00
-6.664241329084241272e+00
-6.634167304302295065e+00
-6.626129978331285031e+00
-6.647924974309738388e+00
-6.708213430399169397e+00
-6.817086562004810446e+00
-6.985826908173223160e+00
-7.223249587799230653e+00
-7.558770791084413077e+00
-8.026415166500477483e+00
-8.677825009738008077e+00
-9.606141695216336984e+00
-1.100812515178012063e+01
-1.342325940620247948e+01
-2.301567600689655713e+00
-2.519780925541677430e+00
-2.745264711698473192e+00
-2.979244382568213112e+00
-3.227572502525695164e+00
-3.466842264747787894e+00
-3.696320731576788532e+00
-3.929572256645363026e+00
-4.170162398740112408e+00
-4.418919363197053585e+00
-4.677231843793364874e+00
-4.940786780117470300e+00
-5.214009478749545679e+00
-5.441006998047638987e+00
-5.569496608424540085e+00
-5.704609411415303200e+00
-5.843483009940058537e+00
-5.984719261403306234e+00
-6.127470703838518773e+00
-6.271196085432389822e+00
-6.415696137352220774e+00
-6.561580515501191257e+00
-6.660430171722353521e+00
-6.729312351689667793e+00
-6.790495453431084627e+00
-6.841075437835662854e+00
-6.878932479451556503e+00
-6.902607810539059585e+00
-6.911424741138585404e+00
-6.904782444121327245e+00
-6.884725822840586318e+00
-6.851116710930838849e+00
-6.798453328507648052e+00
-6.742998672602304566e+00
-6.689793889129767024e+00
-6.644816866641555464e+00
-6.614709162651486452e+00
-6.606665311818076702e+00
-6.628483940510911054e+00
-6.688831785458141610e+00
-6.797808922284282573e+00
-6.966718049216353847e+00
-7.204504439932833293e+00
-7.540366713071975369e+00
-8.008673226960524971e+00
-8.660837023622661945e+00
-9.590493385929008241e+00
-1.099441105889672698e+01
-1.341296329889375016e+01
-2.325046639033811591e+00
-2.538978723285513439e+00
-2.762465010744414862e+00
-2.995706005692200691e+00
-3.244390104398521046e+00
-3.480020852308291168e+00
-3.710518792817022238e+00
-3.945463490563190234e+00
-4.187123679675730514e+00
-4.437114963665951706e+00
-4.696856571603849062e+00
-4.962217052448036014e+00
-5.237454362831714505e+00
-5.449359867102756994e+00
-5.578899763674648682e+00
-5.714779468836290732e+00
-5.854324644933772248e+00
-5.996212831404974963e+00
-6.139643250222160731e+00
-6.284118277814641829e+00
-6.429500215790863393e+00
-6.576531121031539584e+00
-6.668843487124551217e+00
-6.738514931749826076e+00
-6.800315492899279946e+00
-6.851445151517289389e+00
-6.889827180021278252e+00
-6.914027598415955822e+00
-6.923388464262366426e+00
-6.917257001855524834e+00
-6.897885258186203572e+00
-6.863317573402724747e+00
-6.811318017964161697e+00
-6.756490498549005963e+00
-6.703899624718985706e+00
-6.659531674542208179e+00
-6.630032736234291235e+00
-6.622601643601512933e+00
-6.645043304850410948e+00
-6.706035520202775047e+00
-6.815702011946278560e+00
-6.984292947384766137e+00
-7.222780262039847798e+00
-7.559416902632086988e+00
-8.028536158864056915e+00
-8.681725404639394128e+00
-9.612635851911008444e+00
-1.101834645330831464e+01
-1.343995568595836332e+01
-2.281141184149140244e+00
-2.504966250773567715e+00
-2.733624917657603959e+00
-2.969542770434649093e+00
-3.218860749699095969e+00
-3.462902214068737994e+00
-3.690313608558443370e+00
-3.923040476734301230e+00
-4.163008403438606564e+00
-4.410984077694948269e+00
-4.668338368712621644e+00
-4.929365083959583060e+00
-5.200980912745770013e+00
-5.443264601616839116e+00
-5.571341474548152206e+00
-5.706294868110820317e+00
-5.845086772414788356e+00
-5.986249332853077476e+00
-6.128891749042615800e+00
-6.272431163105153473e+00
-6.416608247500828810e+00
-6.561902628732404708e+00
-6.667705743464182433e+00
-6.736272101799162471e+00
-6.797292227383799457e+00
-6.847754845251678546e+00
-6.885493047801492850e+00
-6.909018531095544091e+00
-6.917628564551822734e+00
-6.911135640270288150e+00
-6.890640091582984184e+00
-6.858197546989750037e+00
-6.805043137300785361e+00
-6.749108437923936776e+00
-6.695410831635982163e+00
-6.649920046617083358e+00
-6.619272857020177980e+00
-6.610657982436784152e+00
-6.631864285492554245e+00
-6.691541306238661946e+00
-6.799756028644885930e+00
-6.968837406079259722e+00
-7.205578932517170188e+00
-7.540344343708667907e+00
-8.007180709485822945e+00
-8.657563454632565936e+00
-9.584629447732382346e+00
-1.098473788980284382e+01
-1.339669980784140968e+01
-2.301567600689657933e+00
-2.519780925541682315e+00
-2.745264711698474969e+00
-2.979244382568217109e+00
-3.227572502525690723e+00
-3.466842264747784341e+00
-3.696320731576780538e+00
-3.929572256645356809e+00
-4.170162398740104415e+00
-4.418919363197058914e+00
-4.677231843793357768e+00
-4.940786780117463195e+00
-5.214009478749527915e+00
-5.441006998047631882e+00
-5.569496608424540085e+00
-5.704609411415262343e+00
-5.843483009940062090e+00
-5.984719261403313340e+00
-6.127470703838536537e+00
-6.271196085432393375e+00
-6.415696137352213668e+00
-6.561580515501169941e+00
-6.660430171722339310e+00
-6.729312351689639371e+00
-6.790495453431052653e+00
-6.841075437835655748e+00
-6.878932479451570714e+00
-6.902607810538995636e+00
-6.911424741138542771e+00
-6.904782444121309481e+00
-6.884725822840561449e+00
-6.851116710930817533e+00
-6.798453328507655158e+00
-6.742998672602247723e+00
-6.689793889129745708e+00
-6.644816866641576780e+00
-6.614709162651479346e+00
-6.606665311818105124e+00
-6.628483940510861316e+00
-6.688831785458170032e+00
-6.797808922284275468e+00
-6.966718049216339637e+00
-7.204504439932883031e+00
-7.540366713071982474e+00
-8.008673226960496550e+00
-8.660837023622697473e+00
-9.590493385929001136e+00
-1.099441105889672698e+01
-1.341296329889374306e+01
-2.304457974249611407e+00
-2.524097479940766497e+00
-2.750810751750769612e+00
-2.986020935988364045e+00
-3.235709737728709623e+00
-3.475917077498761998e+00
-3.705130833443417870e+00
-3.938829613342026192e+00
-4.179902603506175041e+00
-4.429129220798163402e+00
-4.687919839400770172e+00
-4.950761527310191923e+00
-5.224386459952553352e+00
-5.451741863351710293e+00
-5.580847718805783231e+00
-5.716550500763153408e+00
-5.855997574832507269e+00
-5.997795678572984457e+00
-6.141100073800547676e+00
-6.285371048048865816e+00
-6.430410299980824362e+00
-6.576828866747074898e+00
-6.676112505030776134e+00
-6.745444833448441813e+00
-6.807059074995002845e+00
-6.858047254219922451e+00
-6.896285237113325195e+00
-6.920309341473274145e+00
-6.929435573238791335e+00
-6.923414560269375073e+00
-6.903572929409897085e+00
-6.870143369372776476e+00
-6.817619401685014680e+00
-6.762277444675859783e+00
-6.709158604719021923e+00
-6.664241329084269694e+00
-6.634167304302302171e+00
-6.626129978331228187e+00
-6.647924974309759705e+00
-6.708213430399148081e+00
-6.817086562004760708e+00
-6.985826908173194738e+00
-7.223249587799315918e+00
-7.558770791084405971e+00
-8.026415166500498799e+00
-8.677825009738015183e+00
-9.606141695216361853e+00
-1.100812515178012063e+01
-1.342325940620246705e+01
