-6.144393345008601903e-01
-2.282071053184851372e+00
-1.757105137059622013e+00
-1.929397131827934153e+00
-2.076449436798561976e+00
-2.153509408766252076e+00
-2.175351120235266666e+00
-2.151651167502538264e+00
-2.076319355432769687e+00
-1.899896815871003675e+00
-1.438875263217182621e+00
-1.404303060929219527e-01
1.190263034188462754e+01
-1.472317305085906014e+02
-6.144393345008410945e-01
-2.282071053184882459e+00
-1.757105137059699729e+00
-1.929397131827899070e+00
-2.076449436798465165e+00
-2.153509408766102418e+00
-2.175351120235069935e+00
-2.151651167502295348e+00
-2.076319355432444169e+00
-1.899896815870547151e+00
-1.438875263216404576e+00
-1.404303060914813273e-01
1.190263034189736935e+01
-1.472317305086229737e+02
-6.144393345008687390e-01
-2.282071053184762555e+00
-1.757105137059532085e+00
-1.929397131827822909e+00
-2.076449436798416315e+00
-2.153509408766063782e+00
-2.175351120235009539e+00
-2.151651167502200757e+00
-2.076319355432285185e+00
-1.899896815870268707e+00
-1.438875263215945388e+00
-1.404303060907068357e-01
1.190263034190311231e+01
-1.472317305085804264e+02
-2.316135321932492275e+01
-2.419670557264741717e+01
-2.777813970233269458e+01
-4.060484841856144556e+01
5.730205336152494056e+02
-4.278357470634934856e+01
-3.300388919204954163e+01
-3.147557814260447628e+01
-3.300289334536395103e+01
-2.315400164727821064e+01
-1.835848888009298818e+01
-2.286519595245530212e+01
-2.268009163160534669e+01
-2.396460782616582463e+01
-2.474904539175157936e+01
-2.545429940225255905e+01
-2.577130787030313641e+01
-2.679906441233023529e+01
-9.988156413540751899e+00
-1.082491974401308426e+02
-2.283703863639034282e+01
-1.974879796479250871e+01
-3.347414014667309345e+01
-3.476852369563047773e+01
-3.703540788575974574e+01
-3.676619892222657882e+01
-3.732223698048987615e+01
-2.316135321932084068e+01
-2.419670557264235100e+01
-2.777813970233011176e+01
-4.060484841855993920e+01
5.730205336147777189e+02
-4.278357470634815485e+01
-3.300388919204634419e+01
-3.147557814260156306e+01
-3.300289334536152808e+01
-2.315400164727619270e+01
-1.835848888009098090e+01
-2.286519595245125913e+01
-2.268009163160177977e+01
-2.396460782616250285e+01
-2.474904539174842810e+01
-2.545429940224981280e+01
-2.577130787030082004e+01
-2.679906441232814274e+01
-9.988156413543821444e+00
-1.082491974401357879e+02
-2.283703863639165377e+01
-1.974879796479459060e+01
-3.347414014667531745e+01
-3.476852369563241751e+01
-3.703540788576148657e+01
-3.676619892222815622e+01
-3.732223698049124039e+01
-2.316135321931960789e+01
-2.419670557264058175e+01
-2.777813970232895002e+01
-4.060484841855837601e+01
5.730205336171343333e+02
-4.278357470634816195e+01
-3.300388919204489468e+01
-3.147557814260044751e+01
-3.300289334536050490e+01
-2.315400164727484622e+01
-1.835848888009043378e+01
-2.286519595244952541e+01
-2.268009163159996433e+01
-2.396460782616087215e+01
-2.474904539174696794e+01
-2.545429940224856225e+01
-2.577130787029982173e+01
-2.679906441232736825e+01
-9.988156413544277967e+00
-1.082491974401416570e+02
-2.283703863639391329e+01
-1.974879796479588379e+01
-3.347414014667631932e+01
-3.476852369563339806e+01
-3.703540788576218290e+01
-3.676619892222880992e+01
-3.732223698049188698e+01
