-9.667152437846540991e+00
-1.318145845086550860e+00
-8.715913925101251847e-01
-1.984609939360830744e-01
2.391981646540231043e-01
2.248777813000608639e-01
-1.995021248996022845e-01
-5.443232087593112833e-01
-4.176738297645492537e-01
1.140948316418347819e+00
3.500847150886952530e+00
4.519731708760268418e+00
4.084698843373089971e+00
1.765371668213434830e+00
-5.653957057421518329e+00
-8.633452564057493817e+01
-9.526876417975746136e+00
-3.055066644825476629e+00
1.604959754229387414e+00
2.271083354134378673e+00
2.269006092303112787e+00
4.048986771246766203e+00
6.917452234885958617e+00
7.887793474506469948e+00
1.171324317772611501e+01
9.055032013448567341e+00
7.053274795584943746e+00
5.678962537423413615e+00
4.216619942067646676e+00
-1.656625204271103824e+00
-3.250836677773517636e+01
-3.992273127971506597e+01
-2.359679150716848994e+01
-8.209275142747245013e+00
-2.859071207132716452e+00
-1.411921573231391669e-01
2.794478891588714209e+00
3.539022105015435127e+00
3.234978459088794445e+00
3.484534818631444875e+00
3.220099965767401429e+00
2.787821847656354102e+00
2.370254480045935530e+00
2.023792130585561289e+00
1.735166213897104459e+00
1.479097692844972167e+00
1.233904978476282555e+00
9.325407767807711856e-01
3.496102412778334667e-01
-9.669352447456491362e+00
-1.318251352226840423e+00
-8.716152005616183418e-01
-1.984850592979345851e-01
2.391762237138905789e-01
2.248661722816848174e-01
-1.995194134554602039e-01
-5.443504435212358494e-01
-4.176318275190951113e-01
1.141002143990053952e+00
3.500839563923905384e+00
4.519491594189720018e+00
4.084468688908081901e+00
1.765364398612642827e+00
-5.653994178714538243e+00
-8.633436648997613361e+01
-9.526378369146961234e+00
-3.055106037669570895e+00
1.605003651802878295e+00
2.271070943837392164e+00
2.268997605128164619e+00
4.048963928568550585e+00
6.917547893995466879e+00
7.887783689340269078e+00
1.171293501284266725e+01
9.054682417449029685e+00
7.053269961844519820e+00
5.678947422234746689e+00
4.216575871295418665e+00
-1.656758698886247050e+00
-3.250810659602213093e+01
-3.992274421135876850e+01
-2.359653848575047164e+01
-8.209337455918266357e+00
-2.859150719338128255e+00
-1.412103270786584375e-01
2.794451886363569670e+00
3.538988567278134045e+00
3.234941409071781404e+00
3.484467449658710247e+00
3.220022974363319079e+00
2.787745197709808664e+00
2.370178553861560733e+00
2.023718671739158204e+00
1.735092108620965634e+00
1.479026289141291528e+00
1.233826867489777657e+00
9.324585380896894815e-01
3.495088977270039976e-01
-9.641877572665144669e+00
-1.320776491822965859e+00
-8.757777323484887688e-01
-2.024108258788439585e-01
2.352290714552756068e-01
2.206699343767688504e-01
-2.041323719902341516e-01
-5.488961684943813868e-01
-4.218526630703736124e-01
1.136631105870831160e+00
3.496694787414849515e+00
4.513425191209584852e+00
4.076995075119697276e+00
1.759280253852903986e+00
-5.660354528704941046e+00
-8.635018197891156433e+01
-9.545466660361572764e+00
-3.062070386346080753e+00
1.599721254466264675e+00
2.264777144894242866e+00
2.261855433414559080e+00
4.041324321108606732e+00
6.909199783575742160e+00
7.872312668195524665e+00
1.170547682048165328e+01
9.045843912007061505e+00
7.044544728209672257e+00
5.668503881264031818e+00
4.206786802868895947e+00
-1.665945629859889809e+00
-3.253541078143574339e+01
-3.994130232244322798e+01
-2.362296136101702615e+01
-8.226681214238674045e+00
-2.870188186786383433e+00
-1.560225301580980828e-01
2.780125173690205287e+00
3.524262475758897839e+00
3.219116107720339404e+00
3.470938428699518408e+00
3.207082585586457757e+00
2.774382883153433177e+00
2.356013607297451351e+00
2.009055093434197747e+00
1.719909884235862441e+00
1.463971870121257401e+00
1.218310262139941980e+00
9.176474873017717027e-01
3.367675696941418995e-01
-9.698630894049211193e+00
-1.315319038858077549e+00
-8.670185367275345945e-01
-1.941122443657399277e-01
2.435342712815237176e-01
2.295080665218001137e-01
-1.942763938672245061e-01
-5.389000723801727899e-01
-4.123687214577209659e-01
1.146444858818118195e+00
3.506098553852790456e+00
4.527566811374094335e+00
4.093646055193918443e+00
1.771931259419390559e+00
-5.647929367960039748e+00
-8.632781513318880684e+01
-9.506842529001879427e+00
-3.047181829530398289e+00
1.612143465947272869e+00
2.278943102817158284e+00
2.277316913683971045e+00
4.057806927392641150e+00
6.927320043364124658e+00
7.906260054912662483e+00
1.172488062387920849e+01
9.068585371921178861e+00
7.065502943340460362e+00
5.693243631890367418e+00
4.229773149345863459e+00
-1.646167320751714236e+00
-3.249393441088722767e+01
-3.991962408881397550e+01
-2.358029693233449109e+01
-8.194415327583287834e+00
-2.848080199440642168e+00
-1.248323387231815573e-01
2.811515060734938842e+00
3.556952306443934120e+00
3.253903632983370819e+00
3.501521882825049836e+00
3.236599690615659330e+00
2.804680967153956317e+00
2.387864250222844209e+00
2.041828226067243790e+00
1.753704882718679192e+00
1.497389509473516789e+00
1.252695642999366532e+00
9.504379307378305608e-01
3.649886596694713603e-01
-9.669352447456518007e+00
-1.318251352226844197e+00
-8.716152005616164544e-01
-1.984850592979445771e-01
2.391762237138916891e-01
2.248661722816804875e-01
-1.995194134554558740e-01
-5.443504435212387360e-01
-4.176318275191008844e-01
1.141002143990044182e+00
3.500839563923901387e+00
4.519491594189720907e+00
4.084468688908080125e+00
1.765364398612642383e+00
-5.653994178714516927e+00
-8.633436648997613361e+01
-9.526378369146922154e+00
-3.055106037669561125e+00
1.605003651802880960e+00
2.271070943837400602e+00
2.268997605128165951e+00
4.048963928568556803e+00
6.917547893995473096e+00
7.887783689340260196e+00
1.171293501284265659e+01
9.054682417449031462e+00
7.053269961844526037e+00
5.678947422234744913e+00
4.216575871295416889e+00
-1.656758698886245051e+00
-3.250810659602214514e+01
-3.992274421135878271e+01
-2.359653848575046808e+01
-8.209337455918252147e+00
-2.859150719338130031e+00
-1.412103270786593257e-01
2.794451886363567006e+00
3.538988567278139374e+00
3.234941409071782292e+00
3.484467449658711136e+00
3.220022974363322188e+00
2.787745197709817102e+00
2.370178553861564730e+00
2.023718671739162644e+00
1.735092108620971629e+00
1.479026289141293304e+00
1.233826867489775880e+00
9.324585380896892595e-01
3.495088977270017772e-01
-9.667152437846533886e+00
-1.318145845086536205e+00
-8.715913925101237414e-01
-1.984609939360784114e-01
2.391981646540155548e-01
2.248777813000716885e-01
-1.995021248996016738e-01
-5.443232087593039559e-01
-4.176738297645448128e-01
1.140948316418358033e+00
3.500847150886954751e+00
4.519731708760279076e+00
4.084698843373097965e+00
1.765371668213449041e+00
-5.653957057421520105e+00
-8.633452564057496659e+01
-9.526876417975769229e+00
-3.055066644825486399e+00
1.604959754229392077e+00
2.271083354134381338e+00
2.269006092303110123e+00
4.048986771246764427e+00
6.917452234885958617e+00
7.887793474506482383e+00
1.171324317772611501e+01
9.055032013448572670e+00
7.053274795584932200e+00
5.678962537423416279e+00
4.216619942067650229e+00
-1.656625204271100937e+00
-3.250836677773519057e+01
-3.992273127971509439e+01
-2.359679150716849705e+01
-8.209275142747237908e+00
-2.859071207132720005e+00
-1.411921573231449401e-01
2.794478891588719982e+00
3.539022105015428021e+00
3.234978459088794001e+00
3.484534818631442654e+00
3.220099965767396544e+00
2.787821847656352769e+00
2.370254480045931977e+00
2.023792130585557736e+00
1.735166213897098908e+00
1.479097692844973055e+00
1.233904978476282777e+00
9.325407767807678550e-01
3.496102412778350210e-01
-9.698630894049117046e+00
-1.315319038858079992e+00
-8.670185367275442534e-01
-1.941122443657390395e-01
2.435342712815178334e-01
2.295080665217890115e-01
-1.942763938672251722e-01
-5.389000723801727899e-01
-4.123687214577240745e-01
1.146444858818105317e+00
3.506098553852784683e+00
4.527566811374085454e+00
4.093646055193895350e+00
1.771931259419385896e+00
-5.647929367960048630e+00
-8.632781513318882105e+01
-9.506842529001904296e+00
-3.047181829530388963e+00
1.612143465947275978e+00
2.278943102817156952e+00
2.277316913683975041e+00
4.057806927392650920e+00
6.927320043364126434e+00
7.906260054912660706e+00
1.172488062387923158e+01
9.068585371921173532e+00
7.065502943340449704e+00
5.693243631890370970e+00
4.229773149345872341e+00
-1.646167320751711571e+00
-3.249393441088722057e+01
-3.991962408881396840e+01
-2.358029693233449464e+01
-8.194415327583293163e+00
-2.848080199440625293e+00
-1.248323387231842219e-01
2.811515060734911309e+00
3.556952306443928791e+00
3.253903632983370375e+00
3.501521882825046728e+00
3.236599690615650893e+00
2.804680967153948767e+00
2.387864250222841989e+00
2.041828226067245566e+00
1.753704882718686076e+00
1.497389509473519231e+00
1.252695642999364978e+00
9.504379307378274522e-01
3.649886596694722485e-01
-9.641877572665244145e+00
-1.320776491822966081e+00
-8.757777323484767784e-01
-2.024108258788350767e-01
2.352290714552738304e-01
2.206699343767621890e-01
-2.041323719902318201e-01
-5.488961684943822750e-01
-4.218526630703629543e-01
1.136631105870831826e+00
3.496694787414847738e+00
4.513425191209581300e+00
4.076995075119700829e+00
1.759280253852894216e+00
-5.660354528704946375e+00
-8.635018197891157854e+01
-9.545466660361555000e+00
-3.062070386346082973e+00
1.599721254466263565e+00
2.264777144894243754e+00
2.261855433414558636e+00
4.041324321108616502e+00
6.909199783575737719e+00
7.872312668195527330e+00
1.170547682048163729e+01
9.045843912007075716e+00
7.044544728209670481e+00
5.668503881264032707e+00
4.206786802868893282e+00
-1.665945629859885813e+00
-3.253541078143572918e+01
-3.994130232244326351e+01
-2.362296136101705457e+01
-8.226681214238666939e+00
-2.870188186786385209e+00
-1.560225301581041890e-01
2.780125173690217721e+00
3.524262475758892510e+00
3.219116107720335851e+00
3.470938428699518852e+00
3.207082585586459533e+00
2.774382883153442947e+00
2.356013607297448242e+00
2.009055093434199524e+00
1.719909884235863995e+00
1.463971870121259844e+00
1.218310262139939981e+00
9.176474873017763656e-01
3.367675696941453412e-01
