-7.188720415738554248e-01
-8.135244266551878711e-01
-9.067552664170127619e-01
-1.002875506304003350e+00
-1.104989051718500592e+00
-1.233892004742014770e+00
-1.358785510965678345e+00
-1.481511522812841486e+00
-1.607188287202025334e+00
-1.736125566217237903e+00
-1.873750415005988934e+00
-1.948185495799871880e+00
-2.015060175916881136e+00
-2.085254838314885895e+00
-2.157194269505183559e+00
-2.230330906387027134e+00
-2.305056248163158905e+00
-2.371223841492241746e+00
-2.417969094203323621e+00
-2.464810582526245852e+00
-2.510617960526696280e+00
-2.554837235625883274e+00
-2.597195201477323856e+00
-2.637674956700054807e+00
-2.673484195257874951e+00
-2.703153208940463514e+00
-2.730446635124124555e+00
-2.755236395147582229e+00
-2.777475470730454532e+00
-2.797388209400704540e+00
-2.815317384011878588e+00
-2.831631858967925908e+00
-2.843027113105980774e+00
-2.852099241559731269e+00
-2.858850522785795434e+00
-2.862462609594302876e+00
-2.861958675011285536e+00
-2.856486907593374980e+00
-2.845856403892312869e+00
-2.831255654141900280e+00
-2.815475636664126924e+00
-2.803545843933008541e+00
-2.802888349060486561e+00
-2.822079417203438467e+00
-2.976541026266966483e+00
-3.394380679447241533e+00
-3.673412725159597159e+00
-4.180943951655118340e+00
-5.353972241434705737e+00
-7.188720415738548697e-01
-8.135244266551868719e-01
-9.067552664170106524e-01
-1.002875506304001574e+00
-1.104989051718501258e+00
-1.233892004742012327e+00
-1.358785510965680787e+00
-1.481511522812844150e+00
-1.607188287202026000e+00
-1.736125566217242344e+00
-1.873750415005991599e+00
-1.948185495799873213e+00
-2.015060175916881580e+00
-2.085254838314884562e+00
-2.157194269505188000e+00
-2.230330906387031131e+00
-2.305056248163158017e+00
-2.371223841492239970e+00
-2.417969094203327174e+00
-2.464810582526256511e+00
-2.510617960526700720e+00
-2.554837235625885938e+00
-2.597195201477323856e+00
-2.637674956700063689e+00
-2.673484195257865181e+00
-2.703153208940451080e+00
-2.730446635124137877e+00
-2.755236395147582229e+00
-2.777475470730458085e+00
-2.797388209400690329e+00
-2.815317384011892798e+00
-2.831631858967922355e+00
-2.843027113106000314e+00
-2.852099241559740150e+00
-2.858850522785820303e+00
-2.862462609594308205e+00
-2.861958675011276654e+00
-2.856486907593373203e+00
-2.845856403892295106e+00
-2.831255654141900280e+00
-2.815475636664125147e+00
-2.803545843933012094e+00
-2.802888349060509654e+00
-2.822079417203459784e+00
-2.976541026266941614e+00
-3.394380679447220217e+00
-3.673412725159584724e+00
-4.180943951655109458e+00
-5.353972241434709289e+00
-7.188720415738540925e-01
-8.135244266551886483e-01
-9.067552664170113186e-01
-1.002875506304006237e+00
-1.104989051718505255e+00
-1.233892004742015658e+00
-1.358785510965681453e+00
-1.481511522812837933e+00
-1.607188287202026000e+00
-1.736125566217238347e+00
-1.873750415005990266e+00
-1.948185495799869216e+00
-2.015060175916878471e+00
-2.085254838314878789e+00
-2.157194269505184447e+00
-2.230330906387035128e+00
-2.305056248163159793e+00
-2.371223841492241746e+00
-2.417969094203325398e+00
-2.464810582526247629e+00
-2.510617960526700720e+00
-2.554837235625893044e+00
-2.597195201477325632e+00
-2.637674956700061912e+00
-2.673484195257870510e+00
-2.703153208940456409e+00
-2.730446635124128107e+00
-2.755236395147578676e+00
-2.777475470730442986e+00
-2.797388209400699211e+00
-2.815317384011880364e+00
-2.831631858967918802e+00
-2.843027113105980774e+00
-2.852099241559736598e+00
-2.858850522785809645e+00
-2.862462609594317087e+00
-2.861958675011276654e+00
-2.856486907593387414e+00
-2.845856403892284447e+00
-2.831255654141900280e+00
-2.815475636664125147e+00
-2.803545843933003212e+00
-2.802888349060502549e+00
-2.822079417203443796e+00
-2.976541026266962930e+00
-3.394380679447206006e+00
-3.673412725159598935e+00
-4.180943951655122781e+00
-5.353972241434711066e+00
-3.362204216633367082e+01
-3.646298992320709687e+01
-3.819465847216007859e+01
-3.938035409114405638e+01
-4.021820896043715265e+01
-4.085871921873777524e+01
-4.140591591851811870e+01
-4.187653608026187868e+01
-4.226420263388340004e+01
-4.257079809394646475e+01
-4.280612064652404314e+01
-4.297153035779871288e+01
-4.308570453383843102e+01
-4.314709939501215530e+01
-4.316507982886078310e+01
-4.314542703422971925e+01
-4.309004104599198826e+01
-4.300121687688783112e+01
-4.287047660707212771e+01
-4.270496271514581110e+01
-4.250354414191784969e+01
-4.225949828088121762e+01
-4.197742624825288260e+01
-4.165395815206456831e+01
-4.128856583743171171e+01
-4.088284091759044259e+01
-4.043147784763935704e+01
-3.991672748948559502e+01
-3.928053046382301261e+01
-3.582924720088442427e+01
-3.819668652225950467e+01
-3.965976003286717599e+01
-4.067553946651423757e+01
-4.145505685459214362e+01
-4.211226158120335583e+01
-4.267902930044665055e+01
-4.316051379047110714e+01
-4.356181689489925901e+01
-4.389107105515691387e+01
-4.416079968491030172e+01
-4.437482511868586244e+01
-4.454069446765383589e+01
-4.466510248779322012e+01
-4.475040929845772553e+01
-4.479872407400272039e+01
-4.481052655269596841e+01
-4.478084631143020289e+01
-4.471569501826143522e+01
-4.461103010981447170e+01
-4.446703594971645401e+01
-4.428336299664345432e+01
-4.406107943484074951e+01
-4.379875455375512416e+01
-4.350251365472098541e+01
-4.314924775017676239e+01
-4.269927684595316464e+01
-4.207456037809144789e+01
-4.107600878446211823e+01
-3.341375017906932499e+01
-3.596541110264792707e+01
-3.746409777042232037e+01
-3.842205351406178693e+01
-3.909919202423947837e+01
-3.966155236752790358e+01
-4.013682191615475148e+01
-4.051169411696051270e+01
-4.079158202019180379e+01
-4.098511305480288058e+01
-4.110711823984348712e+01
-4.117582644748084419e+01
-4.119067499648355124e+01
-4.117954208841727137e+01
-4.114388180947249651e+01
-4.108414605131491015e+01
-4.100145781847393067e+01
-4.089744143561523515e+01
-4.077457252984125091e+01
-4.062754688203499853e+01
-4.044658960231275557e+01
-4.023461966206549789e+01
-3.999031123149128319e+01
-3.970144395732783948e+01
-3.937745428512544521e+01
-3.902034829497854673e+01
-3.863550439285560856e+01
-3.824132352803886192e+01
-3.790364572105143992e+01
-3.362204216633373477e+01
-3.646298992320714660e+01
-3.819465847216014964e+01
-3.938035409114412033e+01
-4.021820896043723792e+01
-4.085871921873785340e+01
-4.140591591851818976e+01
-4.187653608026187158e+01
-4.226420263388341425e+01
-4.257079809394647896e+01
-4.280612064652405024e+01
-4.297153035779874131e+01
-4.308570453383838128e+01
-4.314709939501218372e+01
-4.316507982886076888e+01
-4.314542703422969794e+01
-4.309004104599196694e+01
-4.300121687688776717e+01
-4.287047660707203534e+01
-4.270496271514574005e+01
-4.250354414191782126e+01
-4.225949828088118920e+01
-4.197742624825284707e+01
-4.165395815206456120e+01
-4.128856583743169040e+01
-4.088284091759042838e+01
-4.043147784763937125e+01
-3.991672748948557370e+01
-3.928053046382300550e+01
-3.582924720088441717e+01
-3.819668652225952599e+01
-3.965976003286708362e+01
-4.067553946651411678e+01
-4.145505685459206546e+01
-4.211226158120324214e+01
-4.267902930044658660e+01
-4.316051379047101477e+01
-4.356181689489922348e+01
-4.389107105515688545e+01
-4.416079968491031593e+01
-4.437482511868581980e+01
-4.454069446765391405e+01
-4.466510248779326275e+01
-4.475040929845784632e+01
-4.479872407400260670e+01
-4.481052655269596130e+01
-4.478084631143024552e+01
-4.471569501826154180e+01
-4.461103010981453565e+01
-4.446703594971656059e+01
-4.428336299664350406e+01
-4.406107943484077794e+01
-4.379875455375522364e+01
-4.350251365472102805e+01
-4.314924775017686187e+01
-4.269927684595322148e+01
-4.207456037809152605e+01
-4.107600878446215376e+01
-3.341375017906919709e+01
-3.596541110264795549e+01
-3.746409777042239142e+01
-3.842205351406181535e+01
-3.909919202423952100e+01
-3.966155236752795332e+01
-4.013682191615478700e+01
-4.051169411696059797e+01
-4.079158202019182511e+01
-4.098511305480296585e+01
-4.110711823984352975e+01
-4.117582644748091525e+01
-4.119067499648359387e+01
-4.117954208841730690e+01
-4.114388180947251072e+01
-4.108414605131493857e+01
-4.100145781847397330e+01
-4.089744143561522804e+01
-4.077457252984126512e+01
-4.062754688203496301e+01
-4.044658960231270584e+01
-4.023461966206554052e+01
-3.999031123149121214e+01
-3.970144395732780396e+01
-3.937745428512545942e+01
-3.902034829497851831e+01
-3.863550439285559435e+01
-3.824132352803879087e+01
-3.790364572105139729e+01
-3.362204216633349318e+01
-3.646298992320701871e+01
-3.819465847216002885e+01
-3.938035409114402796e+01
-4.021820896043713844e+01
-4.085871921873778945e+01
-4.140591591851813291e+01
-4.187653608026184315e+01
-4.226420263388335741e+01
-4.257079809394643632e+01
-4.280612064652405024e+01
-4.297153035779867025e+01
-4.308570453383846655e+01
-4.314709939501218372e+01
-4.316507982886080441e+01
-4.314542703422971215e+01
-4.309004104599198115e+01
-4.300121687688778138e+01
-4.287047660707209218e+01
-4.270496271514578268e+01
-4.250354414191784969e+01
-4.225949828088122473e+01
-4.197742624825288971e+01
-4.165395815206456831e+01
-4.128856583743173303e+01
-4.088284091759044259e+01
-4.043147784763942809e+01
-3.991672748948559502e+01
-3.928053046382301972e+01
-3.582924720088438164e+01
-3.819668652225944072e+01
-3.965976003286721152e+01
-4.067553946651424468e+01
-4.145505685459223599e+01
-4.211226158120342689e+01
-4.267902930044672871e+01
-4.316051379047117109e+01
-4.356181689489932296e+01
-4.389107105515694229e+01
-4.416079968491037988e+01
-4.437482511868587665e+01
-4.454069446765394957e+01
-4.466510248779327696e+01
-4.475040929845774684e+01
-4.479872407400263512e+01
-4.481052655269596130e+01
-4.478084631143018157e+01
-4.471569501826134285e+01
-4.461103010981442907e+01
-4.446703594971634033e+01
-4.428336299664340459e+01
-4.406107943484067135e+01
-4.379875455375510285e+01
-4.350251365472090725e+01
-4.314924775017673397e+01
-4.269927684595312911e+01
-4.207456037809146920e+01
-4.107600878446207560e+01
-3.341375017906916156e+01
-3.596541110264791996e+01
-3.746409777042228484e+01
-3.842205351406171587e+01
-3.909919202423947837e+01
-3.966155236752790358e+01
-4.013682191615470884e+01
-4.051169411696046296e+01
-4.079158202019172563e+01
-4.098511305480293743e+01
-4.110711823984350133e+01
-4.117582644748078735e+01
-4.119067499648356545e+01
-4.117954208841729269e+01
-4.114388180947251072e+01
-4.108414605131494568e+01
-4.100145781847397330e+01
-4.089744143561524936e+01
-4.077457252984130776e+01
-4.062754688203495590e+01
-4.044658960231275557e+01
-4.023461966206559737e+01
-3.999031123149129030e+01
-3.970144395732788212e+01
-3.937745428512550916e+01
-3.902034829497859647e+01
-3.863550439285559435e+01
-3.824132352803883350e+01
-3.790364572105140439e+01
