-7.950157671350261968e-01
-1.042854792198739444e+00
-1.354516563520039130e+00
-1.678829260649508104e+00
-1.958358882018143454e+00
-2.137362694481897307e+00
-2.326452581931768293e+00
-2.459976308391926381e+00
-2.575416974354316046e+00
-2.675619570258432223e+00
-2.747500570949636955e+00
-2.802930502916875177e+00
-2.842859502435739483e+00
-2.863219464798086200e+00
-2.861079975656958485e+00
-2.827756136416541555e+00
-2.807482240678939256e+00
-3.101495624308040711e+00
-4.028377566971833801e+00
-7.950157671350264188e-01
-1.042854792198737890e+00
-1.354516563520040906e+00
-1.678829260649508548e+00
-1.958358882018146563e+00
-2.137362694481899972e+00
-2.326452581931767405e+00
-2.459976308391925048e+00
-2.575416974354317823e+00
-2.675619570258430002e+00
-2.747500570949637400e+00
-2.802930502916875621e+00
-2.842859502435737262e+00
-2.863219464798083980e+00
-2.861079975656959817e+00
-2.827756136416542887e+00
-2.807482240678943697e+00
-3.101495624308039378e+00
-4.028377566971831136e+00
-7.950157671350264188e-01
-1.042854792198739222e+00
-1.354516563520040684e+00
-1.678829260649508548e+00
-1.958358882018144564e+00
-2.137362694481897751e+00
-2.326452581931769181e+00
-2.459976308391927269e+00
-2.575416974354316935e+00
-2.675619570258430002e+00
-2.747500570949636511e+00
-2.802930502916873845e+00
-2.842859502435737706e+00
-2.863219464798083980e+00
-2.861079975656958041e+00
-2.827756136416541999e+00
-2.807482240678937924e+00
-3.101495624308036714e+00
-4.028377566971828472e+00
-4.344675133338814987e+01
-4.461018904254205353e+01
-4.120922737161918548e+01
-4.151662755719897291e+01
-4.299327612079537886e+01
-4.399911344301117566e+01
-4.448998677510526534e+01
-4.456075048435801733e+01
-4.428063280496394327e+01
-4.370987652794469369e+01
-4.285303082512153594e+01
-4.212897396532744665e+01
-4.315554455196736683e+01
-3.974098018949587896e+01
-3.992596684371935822e+01
-4.128417483680193811e+01
-4.217750146647475162e+01
-4.257345388383646423e+01
-4.256646750868434026e+01
-4.222093862197404945e+01
-4.159241315814084317e+01
-4.081441819211224242e+01
-4.054961144397000083e+01
-4.216666563635356368e+01
-3.913786988456305949e+01
-3.939969964360345500e+01
-4.074384346546106173e+01
-4.163025412660005031e+01
-4.200514588758012735e+01
-4.196411940019875431e+01
-4.157101982088245506e+01
-4.088990013046286265e+01
-4.007678240419973292e+01
-4.344675133338817830e+01
-4.461018904254197537e+01
-4.120922737161932758e+01
-4.151662755719896580e+01
-4.299327612079532202e+01
-4.399911344301120408e+01
-4.448998677510525823e+01
-4.456075048435798891e+01
-4.428063280496400012e+01
-4.370987652794472922e+01
-4.285303082512154305e+01
-4.212897396532746086e+01
-4.315554455196738104e+01
-3.974098018949587185e+01
-3.992596684371934401e+01
-4.128417483680193101e+01
-4.217750146647476583e+01
-4.257345388383644291e+01
-4.256646750868436868e+01
-4.222093862197409209e+01
-4.159241315814085738e+01
-4.081441819211229927e+01
-4.054961144396995110e+01
-4.216666563635350684e+01
-3.913786988456308791e+01
-3.939969964360349053e+01
-4.074384346546106173e+01
-4.163025412660008584e+01
-4.200514588758017709e+01
-4.196411940019868325e+01
-4.157101982088241954e+01
-4.088990013046284844e+01
-4.007678240419966187e+01
-4.344675133338824224e+01
-4.461018904254203221e+01
-4.120922737161934890e+01
-4.151662755719896580e+01
-4.299327612079534333e+01
-4.399911344301123250e+01
-4.448998677510526534e+01
-4.456075048435799602e+01
-4.428063280496401433e+01
-4.370987652794475764e+01
-4.285303082512151462e+01
-4.212897396532746797e+01
-4.315554455196739525e+01
-3.974098018949587185e+01
-3.992596684371934401e+01
-4.128417483680194522e+01
-4.217750146647478005e+01
-4.257345388383645002e+01
-4.256646750868435447e+01
-4.222093862197407077e+01
-4.159241315814081474e+01
-4.081441819211229216e+01
-4.054961144396996531e+01
-4.216666563635357079e+01
-3.913786988456310212e+01
-3.939969964360342658e+01
-4.074384346546106883e+01
-4.163025412660010005e+01
-4.200514588758014156e+01
-4.196411940019871878e+01
-4.157101982088246217e+01
-4.088990013046289818e+01
-4.007678240419971871e+01
