-1.004991245670118882e+00
-1.029741566072021719e+00
-1.076216230265563789e+00
-1.186576306328484431e+00
-1.306649782040543162e+00
-1.420387158862968624e+00
-1.531240886395890399e+00
-1.642046665872844979e+00
-1.751929746245591168e+00
-1.869081870286381175e+00
-1.947159321059852122e+00
-1.998115425376040477e+00
-2.053404521293927143e+00
-2.110578958926855542e+00
-2.168459812464065273e+00
-2.226527210884930774e+00
-2.284830525200383988e+00
-2.344171969238463937e+00
-2.390557228218589181e+00
-2.425216795604082876e+00
-2.459648901673996413e+00
-2.492861796640672090e+00
-2.524340134128251201e+00
-2.553762769462396776e+00
-2.580949222233204665e+00
-2.605855407989655426e+00
-2.628617055382415302e+00
-2.647838868346065411e+00
-2.660925904176785650e+00
-2.672196357718112480e+00
-2.681668374809004440e+00
-2.689448474430788494e+00
-2.695536401533260573e+00
-2.699648484849220154e+00
-2.701058793523559487e+00
-2.698523549392181309e+00
-2.690393254946322088e+00
-2.674981924161389912e+00
-2.651397792890520577e+00
-2.618183288939249564e+00
-2.578988788049102254e+00
-2.537906559511506899e+00
-2.495112847403932577e+00
-2.435449067441878057e+00
-2.659718385261276907e+00
-3.319199741489070377e+00
-3.529537593709287435e+00
-3.833536518849647301e+00
-5.074678786670858699e+00
-1.004991245670119993e+00
-1.029741566072021497e+00
-1.076216230265565343e+00
-1.186576306328482433e+00
-1.306649782040549823e+00
-1.420387158862972177e+00
-1.531240886395890399e+00
-1.642046665872848976e+00
-1.751929746245586283e+00
-1.869081870286382063e+00
-1.947159321059852566e+00
-1.998115425376037368e+00
-2.053404521293928475e+00
-2.110578958926843551e+00
-2.168459812464071490e+00
-2.226527210884937880e+00
-2.284830525200375106e+00
-2.344171969238450615e+00
-2.390557228218602503e+00
-2.425216795604080211e+00
-2.459648901674006183e+00
-2.492861796640662320e+00
-2.524340134128256530e+00
-2.553762769462405657e+00
-2.580949222233204665e+00
-2.605855407989658090e+00
-2.628617055382413525e+00
-2.647838868346063634e+00
-2.660925904176795420e+00
-2.672196357718112480e+00
-2.681668374809019539e+00
-2.689448474430793823e+00
-2.695536401533251691e+00
-2.699648484849236141e+00
-2.701058793523564816e+00
-2.698523549392186638e+00
-2.690393254946325641e+00
-2.674981924161404123e+00
-2.651397792890520577e+00
-2.618183288939263775e+00
-2.578988788049107583e+00
-2.537906559511508675e+00
-2.495112847403943235e+00
-2.435449067441878057e+00
-2.659718385261276907e+00
-3.319199741489086364e+00
-3.529537593709322962e+00
-3.833536518849664176e+00
-5.074678786670858699e+00
-1.004991245670119770e+00
-1.029741566072019499e+00
-1.076216230265563123e+00
-1.186576306328482655e+00
-1.306649782040542274e+00
-1.420387158862969734e+00
-1.531240886395892398e+00
-1.642046665872846312e+00
-1.751929746245586728e+00
-1.869081870286381619e+00
-1.947159321059854786e+00
-1.998115425376042698e+00
-2.053404521293914264e+00
-2.110578958926847548e+00
-2.168459812464069714e+00
-2.226527210884936991e+00
-2.284830525200383100e+00
-2.344171969238461273e+00
-2.390557228218595398e+00
-2.425216795604082876e+00
-2.459648901674005295e+00
-2.492861796640677419e+00
-2.524340134128257418e+00
-2.553762769462410986e+00
-2.580949222233200224e+00
-2.605855407989660755e+00
-2.628617055382416190e+00
-2.647838868346060082e+00
-2.660925904176785650e+00
-2.672196357718116921e+00
-2.681668374809003552e+00
-2.689448474430793823e+00
-2.695536401533246362e+00
-2.699648484849220154e+00
-2.701058793523559487e+00
-2.698523549392191967e+00
-2.690393254946327417e+00
-2.674981924161397018e+00
-2.651397792890515248e+00
-2.618183288939265552e+00
-2.578988788049105807e+00
-2.537906559511544202e+00
-2.495112847403930800e+00
-2.435449067441885163e+00
-2.659718385261264473e+00
-3.319199741489107680e+00
-3.529537593709314081e+00
-3.833536518849648189e+00
-5.074678786670858699e+00
-3.747541556205658253e+01
-3.865259995158173467e+01
-3.957232240626876774e+01
-4.026821915931462570e+01
-4.075831842500726054e+01
-4.111457221061144196e+01
-4.142183618485153573e+01
-4.170139161779805903e+01
-4.196028469164782138e+01
-4.220034051361980687e+01
-4.242102459854184104e+01
-4.262144933539071445e+01
-4.280181642696129529e+01
-4.296214987683161723e+01
-4.310326819972634382e+01
-4.322592683256358725e+01
-4.333237610926066452e+01
-4.342243018552386502e+01
-4.350004121049251182e+01
-4.356590027208540050e+01
-4.362278051186419248e+01
-4.367215236066037676e+01
-4.371703549573139469e+01
-4.375971577447558047e+01
-4.379385173432063993e+01
-4.380140390364922354e+01
-4.380151802685730900e+01
-4.385568732068797715e+01
-4.422836880882972821e+01
-3.493530249392645715e+01
-3.659719079664230890e+01
-3.764336506273901506e+01
-3.846270869736267883e+01
-3.908178334013920363e+01
-3.950084222005953904e+01
-3.976094981599126754e+01
-3.995135741069151436e+01
-4.010703787637783790e+01
-4.023985333386558239e+01
-4.035340231808922340e+01
-4.044698259696447451e+01
-4.052102091815295637e+01
-4.057372618305851120e+01
-4.060652807994237889e+01
-4.062075594662883304e+01
-4.061777457023250548e+01
-4.059912161491891425e+01
-4.056661655933134369e+01
-4.052474420047733616e+01
-4.047636832066628898e+01
-4.042883975543708885e+01
-4.038922944857350927e+01
-4.036757155299967081e+01
-4.038149659136730207e+01
-4.045593934080662990e+01
-4.062569579452345891e+01
-4.092808837647324793e+01
-4.169505811551625385e+01
-3.715292808186917028e+01
-3.857383965583031227e+01
-3.963252130216733349e+01
-4.046799749286073222e+01
-4.110852124580233635e+01
-4.158284505256560237e+01
-4.193559548046876984e+01
-4.224025724215417910e+01
-4.251068713153191680e+01
-4.275320062686607514e+01
-4.297038435128055767e+01
-4.316367384092207260e+01
-4.333319041601394872e+01
-4.347985007666889601e+01
-4.360467187012581292e+01
-4.370877410066407265e+01
-4.379343043126890223e+01
-4.386031028051809955e+01
-4.391153067597183224e+01
-4.394741443754637800e+01
-4.397081502113022111e+01
-4.398369607800815118e+01
-4.398718649885435639e+01
-4.397748717210606628e+01
-4.393571838860553669e+01
-4.385813936939563007e+01
-4.377217285008750025e+01
-4.374535827358063500e+01
-4.399439616362803207e+01
-3.747541556205646884e+01
-3.865259995158150730e+01
-3.957232240626856878e+01
-4.026821915931439122e+01
-4.075831842500720370e+01
-4.111457221061128564e+01
-4.142183618485142915e+01
-4.170139161779774639e+01
-4.196028469164779295e+01
-4.220034051361970029e+01
-4.242102459854184815e+01
-4.262144933539065050e+01
-4.280181642696121003e+01
-4.296214987683167408e+01
-4.310326819972635803e+01
-4.322592683256353752e+01
-4.333237610926056504e+01
-4.342243018552382239e+01
-4.350004121049245498e+01
-4.356590027208552840e+01
-4.362278051186432037e+01
-4.367215236066041939e+01
-4.371703549573147995e+01
-4.375971577447557337e+01
-4.379385173432064704e+01
-4.380140390364954328e+01
-4.380151802685762163e+01
-4.385568732068799847e+01
-4.422836880882982058e+01
-3.493530249392664189e+01
-3.659719079664275654e+01
-3.764336506273959060e+01
-3.846270869736321174e+01
-3.908178334013984312e+01
-3.950084222006014301e+01
-3.976094981599196387e+01
-3.995135741069206148e+01
-4.010703787637832818e+01
-4.023985333386599450e+01
-4.035340231808970657e+01
-4.044698259696483689e+01
-4.052102091815331164e+01
-4.057372618305871725e+01
-4.060652807994262758e+01
-4.062075594662898936e+01
-4.061777457023264759e+01
-4.059912161491890714e+01
-4.056661655933135791e+01
-4.052474420047727222e+01
-4.047636832066624635e+01
-4.042883975543713149e+01
-4.038922944857340269e+01
-4.036757155299978450e+01
-4.038149659136726655e+01
-4.045593934080677201e+01
-4.062569579452345891e+01
-4.092808837647337583e+01
-4.169505811551650254e+01
-3.715292808186917028e+01
-3.857383965583012753e+01
-3.963252130216720559e+01
-4.046799749286059011e+01
-4.110852124580216582e+01
-4.158284505256541763e+01
-4.193559548046867036e+01
-4.224025724215397304e+01
-4.251068713153179601e+01
-4.275320062686598988e+01
-4.297038435128053635e+01
-4.316367384092192339e+01
-4.333319041601380661e+01
-4.347985007666876811e+01
-4.360467187012572055e+01
-4.370877410066400870e+01
-4.379343043126895907e+01
-4.386031028051808534e+01
-4.391153067597185355e+01
-4.394741443754622878e+01
-4.397081502113028506e+01
-4.398369607800820802e+01
-4.398718649885444165e+01
-4.397748717210625102e+01
-4.393571838860570722e+01
-4.385813936939577928e+01
-4.377217285008775605e+01
-4.374535827358072027e+01
-4.399439616362811023e+01
-3.747541556205663937e+01
-3.865259995158163520e+01
-3.957232240626873221e+01
-4.026821915931451201e+01
-4.075831842500743818e+01
-4.111457221061140643e+01
-4.142183618485162100e+01
-4.170139161779786008e+01
-4.196028469164775743e+01
-4.220034051361980687e+01
-4.242102459854188368e+01
-4.262144933539072156e+01
-4.280181642696133792e+01
-4.296214987683158171e+01
-4.310326819972647172e+01
-4.322592683256335278e+01
-4.333237610926071426e+01
-4.342243018552375844e+01
-4.350004121049238393e+01
-4.356590027208541471e+01
-4.362278051186423511e+01
-4.367215236066026307e+01
-4.371703549573140180e+01
-4.375971577447537442e+01
-4.379385173432052625e+01
-4.380140390364924485e+01
-4.380151802685742268e+01
-4.385568732068778530e+01
-4.422836880882960742e+01
-3.493530249392642162e+01
-3.659719079664251495e+01
-3.764336506273927085e+01
-3.846270869736298437e+01
-3.908178334013950916e+01
-3.950084222005986589e+01
-3.976094981599161571e+01
-3.995135741069184121e+01
-4.010703787637814344e+01
-4.023985333386585239e+01
-4.035340231808946498e+01
-4.044698259696469478e+01
-4.052102091815314822e+01
-4.057372618305866752e+01
-4.060652807994248548e+01
-4.062075594662884725e+01
-4.061777457023251259e+01
-4.059912161491892135e+01
-4.056661655933139343e+01
-4.052474420047737169e+01
-4.047636832066631740e+01
-4.042883975543725938e+01
-4.038922944857353059e+01
-4.036757155299990529e+01
-4.038149659136741576e+01
-4.045593934080690701e+01
-4.062569579452356550e+01
-4.092808837647338294e+01
-4.169505811551640306e+01
-3.715292808186917739e+01
-3.857383965583019858e+01
-3.963252130216731217e+01
-4.046799749286078907e+01
-4.110852124580226530e+01
-4.158284505256543184e+01
-4.193559548046871299e+01
-4.224025724215418620e+01
-4.251068713153182443e+01
-4.275320062686614619e+01
-4.297038435128053635e+01
-4.316367384092200155e+01
-4.333319041601380661e+01
-4.347985007666891022e+01
-4.360467187012574186e+01
-4.370877410066410107e+01
-4.379343043126880275e+01
-4.386031028051808534e+01
-4.391153067597178961e+01
-4.394741443754632826e+01
-4.397081502113033480e+01
-4.398369607800812986e+01
-4.398718649885437770e+01
-4.397748717210619418e+01
-4.393571838860553669e+01
-4.385813936939566560e+01
-4.377217285008760683e+01
-4.374535827358059947e+01
-4.399439616362794681e+01
