-6.755219094124095269e-01
-7.673420912162917107e-01
-8.549886316527954833e-01
-9.431287155027692215e-01
-1.034219248376007538e+00
-1.136725312349934569e+00
-1.253932987806800403e+00
-1.366676293226696259e+00
-1.478311966106508279e+00
-1.592416982835419770e+00
-1.709714429096752308e+00
-1.833917472413145511e+00
-1.910513905486732167e+00
-1.968865583253473606e+00
-2.030654591623155980e+00
-2.094018540781727555e+00
-2.158172761118255067e+00
-2.222908694909127902e+00
-2.289336499947666859e+00
-2.337195615703314466e+00
-2.376695790640838801e+00
-2.415717537559764594e+00
-2.453411106307433087e+00
-2.489351247133602563e+00
-2.523347820562037214e+00
-2.555427076261109320e+00
-2.584977045327656597e+00
-2.607269910192610674e+00
-2.627727713302925316e+00
-2.646255418860143038e+00
-2.662894775655912483e+00
-2.677883058519501702e+00
-2.691299196891284495e+00
-2.703070761305902181e+00
-2.712937166349128404e+00
-2.717396168411346125e+00
-2.717448962331504347e+00
-2.712881955234511366e+00
-2.703266643129927260e+00
-2.689362872121288106e+00
-2.673659469029203706e+00
-2.660807193732541265e+00
-2.659036482414265379e+00
-2.694000334674260699e+00
-2.889153707166837393e+00
-3.263634447178384690e+00
-3.484148694588382611e+00
-3.939927472888258286e+00
-5.081610963199684861e+00
-6.755219094124093049e-01
-7.673420912162909335e-01
-8.549886316527961494e-01
-9.431287155027723301e-01
-1.034219248376010647e+00
-1.136725312349927908e+00
-1.253932987806803068e+00
-1.366676293226694483e+00
-1.478311966106509168e+00
-1.592416982835416439e+00
-1.709714429096752308e+00
-1.833917472413141958e+00
-1.910513905486733943e+00
-1.968865583253478935e+00
-2.030654591623153316e+00
-2.094018540781727111e+00
-2.158172761118255956e+00
-2.222908694909120797e+00
-2.289336499947665970e+00
-2.337195615703323348e+00
-2.376695790640830808e+00
-2.415717537559765482e+00
-2.453411106307431311e+00
-2.489351247133604339e+00
-2.523347820562027444e+00
-2.555427076261102215e+00
-2.584977045327653045e+00
-2.607269910192615114e+00
-2.627727713302929757e+00
-2.646255418860143038e+00
-2.662894775655904489e+00
-2.677883058519507919e+00
-2.691299196891294265e+00
-2.703070761305906622e+00
-2.712937166349131957e+00
-2.717396168411349677e+00
-2.717448962331513229e+00
-2.712881955234509590e+00
-2.703266643129923708e+00
-2.689362872121270343e+00
-2.673659469029216140e+00
-2.660807193732541265e+00
-2.659036482414263602e+00
-2.694000334674262476e+00
-2.889153707166823182e+00
-3.263634447178377584e+00
-3.484148694588396822e+00
-3.939927472888262727e+00
-5.081610963199696407e+00
-6.755219094124096380e-01
-7.673420912162900454e-01
-8.549886316527968155e-01
-9.431287155027711089e-01
-1.034219248376010203e+00
-1.136725312349936345e+00
-1.253932987806801069e+00
-1.366676293226697148e+00
-1.478311966106506947e+00
-1.592416982835417105e+00
-1.709714429096756749e+00
-1.833917472413143290e+00
-1.910513905486734387e+00
-1.968865583253478047e+00
-2.030654591623148431e+00
-2.094018540781733773e+00
-2.158172761118249294e+00
-2.222908694909121685e+00
-2.289336499947660641e+00
-2.337195615703319795e+00
-2.376695790640822814e+00
-2.415717537559761041e+00
-2.453411106307420653e+00
-2.489351247133599898e+00
-2.523347820562037214e+00
-2.555427076261100439e+00
-2.584977045327653933e+00
-2.607269910192621332e+00
-2.627727713302924428e+00
-2.646255418860147479e+00
-2.662894775655908930e+00
-2.677883058519510584e+00
-2.691299196891283607e+00
-2.703070761305918168e+00
-2.712937166349124851e+00
-2.717396168411331914e+00
-2.717448962331497242e+00
-2.712881955234514919e+00
-2.703266643129925484e+00
-2.689362872121284553e+00
-2.673659469029212588e+00
-2.660807193732534159e+00
-2.659036482414270708e+00
-2.694000334674267805e+00
-2.889153707166842722e+00
-3.263634447178395348e+00
-3.484148694588391493e+00
-3.939927472888275162e+00
-5.081610963199699071e+00
-3.294664780503208590e+01
-3.512240701058541248e+01
-3.660495350735417475e+01
-3.771441078871993824e+01
-3.860846244589550480e+01
-3.938758367003427452e+01
-4.007633763602182597e+01
-4.066573796600245316e+01
-4.116138038025012236e+01
-4.157754364347596265e+01
-4.191264998809042197e+01
-4.217142321756593049e+01
-4.236121808949332035e+01
-4.248870152377528342e+01
-4.255408998736564286e+01
-4.256104785595773876e+01
-4.251667726554472893e+01
-4.242109007191264425e+01
-4.227570668820211353e+01
-4.208140222054413471e+01
-4.185151583804488240e+01
-4.157676551694964928e+01
-4.126865072797007628e+01
-4.092251134072758845e+01
-4.055561657273734255e+01
-4.015792019062200779e+01
-3.973440722202604292e+01
-3.928612941438287720e+01
-3.878953207419944960e+01
-2.940476272570620964e+01
-3.221873252901490048e+01
-3.405617940113671693e+01
-3.536079316726942778e+01
-3.632159315576560488e+01
-3.705447207586494329e+01
-3.766274219738336626e+01
-3.820195061136975312e+01
-3.866785531011164068e+01
-3.905398496293179988e+01
-3.936956857532309328e+01
-3.960408086060027699e+01
-3.977443802688623009e+01
-3.987598978487348944e+01
-3.991257418950210933e+01
-3.988913990514345187e+01
-3.980972914688179287e+01
-3.967772715647616621e+01
-3.949601448405723403e+01
-3.926706205410106065e+01
-3.899296747315179346e+01
-3.867820585160320945e+01
-3.833315028795573909e+01
-3.795127056966898493e+01
-3.755472832529218152e+01
-3.714078667560051628e+01
-3.674057727122018946e+01
-3.640552437945549968e+01
-3.626600911155011175e+01
-3.234608657879945071e+01
-3.485549958721841080e+01
-3.653858319447756031e+01
-3.779423194932092400e+01
-3.877111968250354579e+01
-3.956954791787753578e+01
-4.025134257477774469e+01
-4.083579733225267461e+01
-4.134715102308315693e+01
-4.176133122273243714e+01
-4.210525768179886086e+01
-4.236860918744227433e+01
-4.255910519805907199e+01
-4.268271496969878598e+01
-4.274421940703447120e+01
-4.274750212350015488e+01
-4.269571568169769904e+01
-4.259136539755930073e+01
-4.243631262440846541e+01
-4.223163887873548106e+01
-4.199061552618518078e+01
-4.170569220460890136e+01
-4.138349345788840594e+01
-4.102985960178115477e+01
-4.064521089554626343e+01
-4.022275960846631904e+01
-3.976742739698229201e+01
-3.924261385352072296e+01
-3.861665812506294770e+01
-3.294664780503207879e+01
-3.512240701058538406e+01
-3.660495350735405395e+01
-3.771441078871987429e+01
-3.860846244589549769e+01
-3.938758367003394056e+01
-4.007633763602171939e+01
-4.066573796600231816e+01
-4.116138038025002288e+01
-4.157754364347583476e+01
-4.191264998809035802e+01
-4.217142321756580259e+01
-4.236121808949322087e+01
-4.248870152377523368e+01
-4.255408998736568549e+01
-4.256104785595771745e+01
-4.251667726554470761e+01
-4.242109007191269399e+01
-4.227570668820219169e+01
-4.208140222054421287e+01
-4.185151583804498898e+01
-4.157676551694979139e+01
-4.126865072797023259e+01
-4.092251134072770924e+01
-4.055561657273747755e+01
-4.015792019062210727e+01
-3.973440722202615660e+01
-3.928612941438299799e+01
-3.878953207419953486e+01
-2.940476272570620608e+01
-3.221873252901488627e+01
-3.405617940113685194e+01
-3.536079316726969068e+01
-3.632159315576577541e+01
-3.705447207586504987e+01
-3.766274219738360785e+01
-3.820195061136998049e+01
-3.866785531011178279e+01
-3.905398496293192778e+01
-3.936956857532321408e+01
-3.960408086060045463e+01
-3.977443802688635799e+01
-3.987598978487353207e+01
-3.991257418950212355e+01
-3.988913990514350161e+01
-3.980972914688189945e+01
-3.967772715647619464e+01
-3.949601448405715587e+01
-3.926706205410107486e+01
-3.899296747315172240e+01
-3.867820585160306734e+01
-3.833315028795560409e+01
-3.795127056966898493e+01
-3.755472832529211757e+01
-3.714078667560034575e+01
-3.674057727122009709e+01
-3.640552437945533626e+01
-3.626600911155002649e+01
-3.234608657879946492e+01
-3.485549958721847474e+01
-3.653858319447756031e+01
-3.779423194932095242e+01
-3.877111968250344631e+01
-3.956954791787745052e+01
-4.025134257477763100e+01
-4.083579733225241881e+01
-4.134715102308311430e+01
-4.176133122273235898e+01
-4.210525768179883954e+01
-4.236860918744231697e+01
-4.255910519805903647e+01
-4.268271496969867229e+01
-4.274421940703444278e+01
-4.274750212350023304e+01
-4.269571568169777720e+01
-4.259136539755927231e+01
-4.243631262440850804e+01
-4.223163887873548106e+01
-4.199061552618522342e+01
-4.170569220460905058e+01
-4.138349345788851963e+01
-4.102985960178125424e+01
-4.064521089554628475e+01
-4.022275960846641851e+01
-3.976742739698237017e+01
-3.924261385352077980e+01
-3.861665812506310402e+01
-3.294664780503217827e+01
-3.512240701058552617e+01
-3.660495350735418185e+01
-3.771441078871997377e+01
-3.860846244589563270e+01
-3.938758367003412530e+01
-4.007633763602169807e+01
-4.066573796600234658e+01
-4.116138038025010104e+01
-4.157754364347590581e+01
-4.191264998809040065e+01
-4.217142321756582390e+01
-4.236121808949328482e+01
-4.248870152377514842e+01
-4.255408998736567128e+01
-4.256104785595768902e+01
-4.251667726554468629e+01
-4.242109007191269399e+01
-4.227570668820217747e+01
-4.208140222054409918e+01
-4.185151583804483977e+01
-4.157676551694964218e+01
-4.126865072797003364e+01
-4.092251134072758134e+01
-4.055561657273730702e+01
-4.015792019062194385e+01
-3.973440722202600739e+01
-3.928612941438289141e+01
-3.878953207419941407e+01
-2.940476272570615635e+01
-3.221873252901474416e+01
-3.405617940113668141e+01
-3.536079316726940647e+01
-3.632159315576557645e+01
-3.705447207586492198e+01
-3.766274219738345153e+01
-3.820195061136981707e+01
-3.866785531011167620e+01
-3.905398496293181410e+01
-3.936956857532310039e+01
-3.960408086060036936e+01
-3.977443802688627272e+01
-3.987598978487353207e+01
-3.991257418950210223e+01
-3.988913990514355135e+01
-3.980972914688187814e+01
-3.967772715647624437e+01
-3.949601448405724824e+01
-3.926706205410107486e+01
-3.899296747315194267e+01
-3.867820585160326630e+01
-3.833315028795574619e+01
-3.795127056966914836e+01
-3.755472832529225968e+01
-3.714078667560053049e+01
-3.674057727122026762e+01
-3.640552437945555653e+01
-3.626600911155022544e+01
-3.234608657879937255e+01
-3.485549958721843211e+01
-3.653858319447765268e+01
-3.779423194932098795e+01
-3.877111968250353868e+01
-3.956954791787757131e+01
-4.025134257477769495e+01
-4.083579733225262487e+01
-4.134715102308332746e+01
-4.176133122273250109e+01
-4.210525768179891770e+01
-4.236860918744231697e+01
-4.255910519805899384e+01
-4.268271496969875756e+01
-4.274421940703444278e+01
-4.274750212350015488e+01
-4.269571568169763509e+01
-4.259136539755925810e+01
-4.243631262440845830e+01
-4.223163887873545264e+01
-4.199061552618515947e+01
-4.170569220460892268e+01
-4.138349345788844147e+01
-4.102985960178118319e+01
-4.064521089554626343e+01
-4.022275960846629772e+01
-3.976742739698222806e+01
-3.924261385352068032e+01
-3.861665812506302586e+01
