-7.188870491402066243e-01
-8.135482077665825429e-01
-9.067869772522038074e-01
-1.002916793674300866e+00
-1.105045250339347973e+00
-1.233948995962966588e+00
-1.358834347336728809e+00
-1.481567105669234108e+00
-1.607251155637049456e+00
-1.736190856097038715e+00
-1.873823042819285689e+00
-1.948273569271576022e+00
-2.015158405910336459e+00
-2.085363425952126981e+00
-2.157313139925327583e+00
-2.230459653176358970e+00
-2.305193942861565759e+00
-2.371373248711811321e+00
-2.418129832953409775e+00
-2.464976138731585387e+00
-2.510786042844681987e+00
-2.555005065914865092e+00
-2.597359837022971796e+00
-2.637833649158887184e+00
-2.673636983011707713e+00
-2.703298287901376717e+00
-2.730584916281073582e+00
-2.755370389863975866e+00
-2.777610693281505228e+00
-2.797526579581213646e+00
-2.815460079016126826e+00
-2.831774556451339464e+00
-2.843158603028753006e+00
-2.852194979540476183e+00
-2.858878363752065610e+00
-2.862388298936268782e+00
-2.861760289150545589e+00
-2.856176189659493048e+00
-2.845504468235551698e+00
-2.831028556977100763e+00
-2.815720641272013935e+00
-2.805192191934875012e+00
-2.808923036909488857e+00
-2.841488905857280756e+00
-2.989240813245599426e+00
-3.372448167030636768e+00
-3.597113202089694539e+00
-4.135917958868782662e+00
-5.342892465253374468e+00
-7.188870491402077345e-01
-8.135482077665820988e-01
-9.067869772522029193e-01
-1.002916793674298868e+00
-1.105045250339349305e+00
-1.233948995962964590e+00
-1.358834347336726145e+00
-1.481567105669232554e+00
-1.607251155637046791e+00
-1.736190856097037161e+00
-1.873823042819284801e+00
-1.948273569271573358e+00
-2.015158405910334682e+00
-2.085363425952130978e+00
-2.157313139925333356e+00
-2.230459653176352752e+00
-2.305193942861572864e+00
-2.371373248711806880e+00
-2.418129832953406222e+00
-2.464976138731587163e+00
-2.510786042844681099e+00
-2.555005065914861540e+00
-2.597359837022985118e+00
-2.637833649158891625e+00
-2.673636983011709489e+00
-2.703298287901370500e+00
-2.730584916281070917e+00
-2.755370389863974978e+00
-2.777610693281503451e+00
-2.797526579581210093e+00
-2.815460079016132156e+00
-2.831774556451351899e+00
-2.843158603028761888e+00
-2.852194979540474407e+00
-2.858878363752070939e+00
-2.862388298936268782e+00
-2.861760289150558023e+00
-2.856176189659496600e+00
-2.845504468235557027e+00
-2.831028556977102539e+00
-2.815720641272026370e+00
-2.805192191934883894e+00
-2.808923036909481752e+00
-2.841488905857300296e+00
-2.989240813245601203e+00
-3.372448167030645649e+00
-3.597113202089687434e+00
-4.135917958868784439e+00
-5.342892465253386902e+00
-7.188870491402068463e-01
-8.135482077665825429e-01
-9.067869772522019201e-01
-1.002916793674300866e+00
-1.105045250339347529e+00
-1.233948995962966144e+00
-1.358834347336728143e+00
-1.481567105669232109e+00
-1.607251155637044793e+00
-1.736190856097038271e+00
-1.873823042819291018e+00
-1.948273569271576466e+00
-2.015158405910338679e+00
-2.085363425952125649e+00
-2.157313139925322254e+00
-2.230459653176363410e+00
-2.305193942861573753e+00
-2.371373248711808657e+00
-2.418129832953406222e+00
-2.464976138731582722e+00
-2.510786042844681099e+00
-2.555005065914863316e+00
-2.597359837022978013e+00
-2.637833649158884519e+00
-2.673636983011708601e+00
-2.703298287901383823e+00
-2.730584916281070917e+00
-2.755370389863974978e+00
-2.777610693281500787e+00
-2.797526579581210981e+00
-2.815460079016136596e+00
-2.831774556451353675e+00
-2.843158603028760112e+00
-2.852194979540445985e+00
-2.858878363752063834e+00
-2.862388298936263453e+00
-2.861760289150563352e+00
-2.856176189659503706e+00
-2.845504468235560580e+00
-2.831028556977104316e+00
-2.815720641272024594e+00
-2.805192191934892776e+00
-2.808923036909471094e+00
-2.841488905857296743e+00
-2.989240813245604755e+00
-3.372448167030643873e+00
-3.597113202089696316e+00
-4.135917958868779998e+00
-5.342892465253387790e+00
-3.249757382883463208e+01
-3.530742682727283466e+01
-3.695740961848773054e+01
-3.806292978253612347e+01
-3.879860869041466032e+01
-3.932311387485342635e+01
-3.976289855956451902e+01
-4.013654144953700609e+01
-4.043111887578198349e+01
-4.064630241938662891e+01
-4.078588933897731295e+01
-4.085971104007926868e+01
-4.088509517198961163e+01
-4.085790121641910133e+01
-4.080088410485992512e+01
-4.071434704155544182e+01
-4.059942191205746553e+01
-4.045753835612935490e+01
-4.029040128269440402e+01
-4.010030490822179416e+01
-3.988160919679003058e+01
-3.962964524939125255e+01
-3.934649880875613803e+01
-3.903103951121168080e+01
-3.867789978232833192e+01
-3.829746518818056700e+01
-3.789470265868165910e+01
-3.749068663871509699e+01
-3.716493439683190303e+01
-3.488596580147067527e+01
-3.752273870156777491e+01
-3.914845763626183839e+01
-4.026014651848615244e+01
-4.107084022924472322e+01
-4.171765928935333534e+01
-4.226853316765728152e+01
-4.273934091320176520e+01
-4.312978073580355698e+01
-4.344534794649464970e+01
-4.369158492033849939e+01
-4.388114558160729217e+01
-4.401646042091086741e+01
-4.410479563711128037e+01
-4.415212543598113371e+01
-4.416079616958661092e+01
-4.413300306872957890e+01
-4.406584654275798840e+01
-4.396058287641001527e+01
-4.382014611079269173e+01
-4.363864251106269876e+01
-4.341948945754481315e+01
-4.315988539581281458e+01
-4.286357787112702766e+01
-4.252648110682714844e+01
-4.214270625508959967e+01
-4.168872252930954403e+01
-4.109745183408539049e+01
-4.021367604059628320e+01
-3.544610020901716751e+01
-3.774901003018539569e+01
-3.913897978752038398e+01
-4.009677035212723695e+01
-4.084382997620056699e+01
-4.147978195648865807e+01
-4.201889029435025691e+01
-4.246209668319480812e+01
-4.282313326164738498e+01
-4.310737784123958960e+01
-4.333492885379189374e+01
-4.350663552665938028e+01
-4.363990366416658162e+01
-4.373665722376524911e+01
-4.379886000044668748e+01
-4.382831718683166145e+01
-4.382676850492669729e+01
-4.379626310541392797e+01
-4.372324568092789576e+01
-4.361779659484243155e+01
-4.346927798016294275e+01
-4.328309622600756512e+01
-4.305406758490745034e+01
-4.278323213134045488e+01
-4.247108893725978618e+01
-4.211443628328675004e+01
-4.169826692449389327e+01
-4.117209725839395418e+01
-4.040456656448163386e+01
-3.249757382883455392e+01
-3.530742682727296256e+01
-3.695740961848792949e+01
-3.806292978253629400e+01
-3.879860869041492322e+01
-3.932311387485359688e+01
-3.976289855956467534e+01
-4.013654144953714109e+01
-4.043111887578207586e+01
-4.064630241938679234e+01
-4.078588933897742663e+01
-4.085971104007933974e+01
-4.088509517198974663e+01
-4.085790121641915107e+01
-4.080088410485991801e+01
-4.071434704155542050e+01
-4.059942191205744422e+01
-4.045753835612924121e+01
-4.029040128269438270e+01
-4.010030490822167337e+01
-3.988160919678997374e+01
-3.962964524939122413e+01
-3.934649880875603856e+01
-3.903103951121151738e+01
-3.867789978232816850e+01
-3.829746518818041778e+01
-3.789470265868155963e+01
-3.749068663871510410e+01
-3.716493439683188171e+01
-3.488596580147064685e+01
-3.752273870156776070e+01
-3.914845763626177444e+01
-4.026014651848612402e+01
-4.107084022924461664e+01
-4.171765928935325007e+01
-4.226853316765718205e+01
-4.273934091320166573e+01
-4.312978073580352145e+01
-4.344534794649457154e+01
-4.369158492033842833e+01
-4.388114558160719980e+01
-4.401646042091078925e+01
-4.410479563711124484e+01
-4.415212543598112660e+01
-4.416079616958664644e+01
-4.413300306872950785e+01
-4.406584654275796709e+01
-4.396058287641004370e+01
-4.382014611079272015e+01
-4.363864251106278402e+01
-4.341948945754488420e+01
-4.315988539581291406e+01
-4.286357787112710582e+01
-4.252648110682724791e+01
-4.214270625508967782e+01
-4.168872252930958666e+01
-4.109745183408551839e+01
-4.021367604059626899e+01
-3.544610020901713909e+01
-3.774901003018522516e+01
-3.913897978752021345e+01
-4.009677035212707352e+01
-4.084382997620036804e+01
-4.147978195648857991e+01
-4.201889029435011480e+01
-4.246209668319472996e+01
-4.282313326164734235e+01
-4.310737784123951144e+01
-4.333492885379183690e+01
-4.350663552665929501e+01
-4.363990366416654609e+01
-4.373665722376521359e+01
-4.379886000044669458e+01
-4.382831718683173960e+01
-4.382676850492669018e+01
-4.379626310541405587e+01
-4.372324568092797392e+01
-4.361779659484254523e+01
-4.346927798016314171e+01
-4.328309622600763618e+01
-4.305406758490751429e+01
-4.278323213134047620e+01
-4.247108893725983592e+01
-4.211443628328688504e+01
-4.169826692449392880e+01
-4.117209725839400392e+01
-4.040456656448164807e+01
-3.249757382883456813e+01
-3.530742682727291992e+01
-3.695740961848776607e+01
-3.806292978253619452e+01
-3.879860869041473137e+01
-3.932311387485347609e+01
-3.976289855956450481e+01
-4.013654144953706293e+01
-4.043111887578204744e+01
-4.064630241938667154e+01
-4.078588933897740532e+01
-4.085971104007926868e+01
-4.088509517198970400e+01
-4.085790121641914396e+01
-4.080088410485989669e+01
-4.071434704155541340e+01
-4.059942191205749396e+01
-4.045753835612934068e+01
-4.029040128269443954e+01
-4.010030490822176574e+01
-3.988160919679009453e+01
-3.962964524939136624e+01
-3.934649880875620909e+01
-3.903103951121164528e+01
-3.867789978232829640e+01
-3.829746518818050305e+01
-3.789470265868154542e+01
-3.749068663871518226e+01
-3.716493439683198829e+01
-3.488596580147041237e+01
-3.752273870156768965e+01
-3.914845763626173181e+01
-4.026014651848610981e+01
-4.107084022924466638e+01
-4.171765928935330692e+01
-4.226853316765725310e+01
-4.273934091320175099e+01
-4.312978073580357830e+01
-4.344534794649463549e+01
-4.369158492033852781e+01
-4.388114558160727796e+01
-4.401646042091088873e+01
-4.410479563711130169e+01
-4.415212543598111949e+01
-4.416079616958662513e+01
-4.413300306872957890e+01
-4.406584654275799551e+01
-4.396058287641004370e+01
-4.382014611079269173e+01
-4.363864251106275560e+01
-4.341948945754486999e+01
-4.315988539581287853e+01
-4.286357787112705608e+01
-4.252648110682714844e+01
-4.214270625508962809e+01
-4.168872252930951561e+01
-4.109745183408545444e+01
-4.021367604059624057e+01
-3.544610020901716041e+01
-3.774901003018527490e+01
-3.913897978752030582e+01
-4.009677035212715879e+01
-4.084382997620051015e+01
-4.147978195648869360e+01
-4.201889029435019296e+01
-4.246209668319482944e+01
-4.282313326164742051e+01
-4.310737784123958960e+01
-4.333492885379191506e+01
-4.350663552665935185e+01
-4.363990366416658873e+01
-4.373665722376516385e+01
-4.379886000044670169e+01
-4.382831718683173250e+01
-4.382676850492664755e+01
-4.379626310541402034e+01
-4.372324568092788155e+01
-4.361779659484245286e+01
-4.346927798016308486e+01
-4.328309622600751538e+01
-4.305406758490741481e+01
-4.278323213134035541e+01
-4.247108893725972223e+01
-4.211443628328680688e+01
-4.169826692449383643e+01
-4.117209725839397549e+01
-4.040456656448161965e+01
