-1.812467441915402100e+00
-1.969497004200859269e+00
-2.130086667251423815e+00
-2.289859803185916753e+00
-2.447652225391408365e+00
-2.603253867930226839e+00
-2.756989380226968045e+00
-2.909305585978466446e+00
-3.084269731277600179e+00
-3.270564694968735253e+00
-3.450764747065744764e+00
-3.625904052770288821e+00
-3.806042613900292082e+00
-3.992579875003045231e+00
-4.187402958425565203e+00
-4.387430836757962638e+00
-4.599651121816213717e+00
-4.831651165156575445e+00
-4.979433707954367350e+00
-5.055363030616117470e+00
-5.144558927079655675e+00
-5.241320768399019059e+00
-5.342199414881044106e+00
-5.444320564041920107e+00
-5.543174682827821442e+00
-5.636695167139841089e+00
-5.722327927309713402e+00
-5.797330976000047542e+00
-5.860343349662723966e+00
-5.864133460589965097e+00
-5.831318714487597532e+00
-5.776118019311844876e+00
-5.701073003627843860e+00
-5.610941164254928282e+00
-5.511797595163333341e+00
-5.411530184417898681e+00
-5.319162169541474583e+00
-5.244274336443147888e+00
-5.196668942063023877e+00
-5.186408543458814080e+00
-5.224394682490068220e+00
-5.312252847522785260e+00
-5.473008934624139954e+00
-5.730727756846974330e+00
-6.111533596169696381e+00
-6.672246168842395520e+00
-7.505492198218085775e+00
-8.809863449978077909e+00
-1.115017428839792757e+01
-1.878221047768272145e+00
-2.012731664801981513e+00
-2.158683491428257994e+00
-2.307453192069510273e+00
-2.456206890268051168e+00
-2.603775242848238136e+00
-2.749389117202029720e+00
-2.891691242117119476e+00
-3.089395249419295553e+00
-3.278724710800290154e+00
-3.467192671243074287e+00
-3.653066398605274934e+00
-3.836447789845193412e+00
-4.027291869906392208e+00
-4.227301638048881927e+00
-4.436144517091552331e+00
-4.656456393314204689e+00
-4.896695577200130600e+00
-4.963325483270999428e+00
-5.047450525580432057e+00
-5.141512640255513134e+00
-5.241694028449053633e+00
-5.345243531498375944e+00
-5.449620179910528606e+00
-5.552162547917223634e+00
-5.650049499583637669e+00
-5.738871458721941821e+00
-5.817715671892504048e+00
-5.871242782582903885e+00
-5.860130829852082002e+00
-5.828477219768686268e+00
-5.775838556963670101e+00
-5.704118131421012095e+00
-5.617206800265758915e+00
-5.521294462100474476e+00
-5.424307258519746711e+00
-5.335282173706904274e+00
-5.263821339848416159e+00
-5.219470744867621192e+00
-5.213322202293795726e+00
-5.250538138529719845e+00
-5.339453587227112052e+00
-5.504329070033364246e+00
-5.766787183391031135e+00
-6.152730566057510231e+00
-6.720076641310740229e+00
-7.562419686865556656e+00
-8.880524405347060224e+00
-1.124483366365777570e+01
-1.848187680781952835e+00
-1.995814603653690344e+00
-2.150714548371290835e+00
-2.306488053609968780e+00
-2.461239951235292267e+00
-2.614349124990109630e+00
-2.765712906500340296e+00
-2.914727303459513585e+00
-3.100714473707218755e+00
-3.289107994843687877e+00
-3.475570701922565675e+00
-3.652829797682970003e+00
-3.835552113506381922e+00
-4.025019647868884221e+00
-4.223156854000206906e+00
-4.427138256929445959e+00
-4.644008292816568684e+00
-4.882626268827698013e+00
-4.988713718026128063e+00
-5.069537760955100225e+00
-5.161894478616655846e+00
-5.261059062148680354e+00
-5.363944361435333263e+00
-5.467851066901928903e+00
-5.569260936666381667e+00
-5.664404971446213466e+00
-5.751875106259188186e+00
-5.829085222667373500e+00
-5.895064704136469658e+00
-5.884550451829145601e+00
-5.854169533773571743e+00
-5.800492607641309917e+00
-5.727346866182692509e+00
-5.638987844766326418e+00
-5.541558100806508236e+00
-5.442973946271663976e+00
-5.352272973883351881e+00
-5.279049296207780628e+00
-5.233128529485469471e+00
-5.224626158885200766e+00
-5.263570455017905658e+00
-5.350343971049071001e+00
-5.513000372654641268e+00
-5.772339097422591436e+00
-6.155223099204871318e+00
-6.718198145700242208e+00
-7.554426769182853718e+00
-8.863174050868735776e+00
-1.121120680831833738e+01
-1.841964762710630588e+00
-1.986653419444252888e+00
-2.138811684737934815e+00
-2.292113027732072705e+00
-2.444574648561935071e+00
-2.594618065526643758e+00
-2.742188197920953918e+00
-2.885778426296790045e+00
-3.070348289354326354e+00
-3.257929105570476658e+00
-3.444078382604002897e+00
-3.624866404347876880e+00
-3.805825360450949546e+00
-3.993787141382856731e+00
-4.190461639372029978e+00
-4.395400219680620779e+00
-4.610861552312377043e+00
-4.848236969141561659e+00
-4.953347015652886043e+00
-5.032585840662585852e+00
-5.123423662796476208e+00
-5.221099443920721228e+00
-5.322500977186251703e+00
-5.424894227491101617e+00
-5.525480694318616770e+00
-5.621308070426632497e+00
-5.707432964967637190e+00
-5.783418113217706491e+00
-5.848348739136209673e+00
-5.837137986955923452e+00
-5.803911594891694392e+00
-5.749292912083916463e+00
-5.675716480182686041e+00
-5.586993623931810760e+00
-5.489282891559518873e+00
-5.390499717035758920e+00
-5.299679019723782858e+00
-5.226187038283754305e+00
-5.179890038862758672e+00
-5.171983583130874251e+00
-5.211095911339786113e+00
-5.298041358479466112e+00
-5.461033789484936563e+00
-5.721677857886525942e+00
-6.105751570034225750e+00
-6.670888828130799197e+00
-7.510389188769327262e+00
-8.824407612364161935e+00
-1.118157462389307888e+01
-1.878221047768275920e+00
-2.012731664801986398e+00
-2.158683491428257994e+00
-2.307453192069511161e+00
-2.456206890268052057e+00
-2.603775242848237248e+00
-2.749389117202023503e+00
-2.891691242117118144e+00
-3.089395249419294665e+00
-3.278724710800279496e+00
-3.467192671243076951e+00
-3.653066398605292697e+00
-3.836447789845195189e+00
-4.027291869906399313e+00
-4.227301638048871268e+00
-4.436144517091548778e+00
-4.656456393314202913e+00
-4.896695577200119942e+00
-4.963325483271017191e+00
-5.047450525580458702e+00
-5.141512640255495370e+00
-5.241694028449050080e+00
-5.345243531498347522e+00
-5.449620179910507289e+00
-5.552162547917269819e+00
-5.650049499583623458e+00
-5.738871458721966690e+00
-5.817715671892521812e+00
-5.871242782582914543e+00
-5.860130829852060685e+00
-5.828477219768714690e+00
-5.775838556963641679e+00
-5.704118131421012095e+00
-5.617206800265787336e+00
-5.521294462100474476e+00
-5.424307258519775132e+00
-5.335282173706893616e+00
-5.263821339848416159e+00
-5.219470744867592771e+00
-5.213322202293760199e+00
-5.250538138529734056e+00
-5.339453587227115605e+00
-5.504329070033364246e+00
-5.766787183391034688e+00
-6.152730566057478256e+00
-6.720076641310779308e+00
-7.562419686865560209e+00
-8.880524405347056671e+00
-1.124483366365774373e+01
-1.812467441915396549e+00
-1.969497004200857715e+00
-2.130086667251425148e+00
-2.289859803185917642e+00
-2.447652225391408365e+00
-2.603253867930227727e+00
-2.756989380226969377e+00
-2.909305585978465558e+00
-3.084269731277592186e+00
-3.270564694968733477e+00
-3.450764747065745652e+00
-3.625904052770289709e+00
-3.806042613900295635e+00
-3.992579875003047896e+00
-4.187402958425561650e+00
-4.387430836757975072e+00
-4.599651121816220822e+00
-4.831651165156566563e+00
-4.979433707954392219e+00
-5.055363030616128128e+00
-5.144558927079666333e+00
-5.241320768399008401e+00
-5.342199414881058317e+00
-5.444320564041902344e+00
-5.543174682827814337e+00
-5.636695167139848195e+00
-5.722327927309727613e+00
-5.797330976000015568e+00
-5.860343349662706203e+00
-5.864133460589954439e+00
-5.831318714487611743e+00
-5.776118019311855534e+00
-5.701073003627858071e+00
-5.610941164254914071e+00
-5.511797595163343999e+00
-5.411530184417905787e+00
-5.319162169541471030e+00
-5.244274336443154994e+00
-5.196668942063020324e+00
-5.186408543458814080e+00
-5.224394682490107300e+00
-5.312252847522820787e+00
-5.473008934624147059e+00
-5.730727756846974330e+00
-6.111533596169707039e+00
-6.672246168842402625e+00
-7.505492198218117750e+00
-8.809863449978109884e+00
-1.115017428839789204e+01
-1.841964762710629699e+00
-1.986653419444253554e+00
-2.138811684737935259e+00
-2.292113027732070485e+00
-2.444574648561937735e+00
-2.594618065526642869e+00
-2.742188197920960135e+00
-2.885778426296798038e+00
-3.070348289354338789e+00
-3.257929105570481987e+00
-3.444078382603999344e+00
-3.624866404347890203e+00
-3.805825360450956651e+00
-3.993787141382862060e+00
-4.190461639372028202e+00
-4.395400219680624332e+00
-4.610861552312393030e+00
-4.848236969141574093e+00
-4.953347015652882490e+00
-5.032585840662585852e+00
-5.123423662796460221e+00
-5.221099443920733663e+00
-5.322500977186276572e+00
-5.424894227491105170e+00
-5.525480694318630981e+00
-5.621308070426614734e+00
-5.707432964967605216e+00
-5.783418113217727807e+00
-5.848348739136177699e+00
-5.837137986955895030e+00
-5.803911594891712156e+00
-5.749292912083902252e+00
-5.675716480182682488e+00
-5.586993623931821418e+00
-5.489282891559518873e+00
-5.390499717035773131e+00
-5.299679019723818385e+00
-5.226187038283754305e+00
-5.179890038862758672e+00
-5.171983583130881357e+00
-5.211095911339814535e+00
-5.298041358479473217e+00
-5.461033789484929457e+00
-5.721677857886557916e+00
-6.105751570034257725e+00
-6.670888828130784987e+00
-7.510389188769313051e+00
-8.824407612364165487e+00
-1.118157462389308421e+01
-1.848187680781951503e+00
-1.995814603653689234e+00
-2.150714548371287282e+00
-2.306488053609966560e+00
-2.461239951235289602e+00
-2.614349124990106077e+00
-2.765712906500343848e+00
-2.914727303459512253e+00
-3.100714473707222751e+00
-3.289107994843699423e+00
-3.475570701922563011e+00
-3.652829797682982438e+00
-3.835552113506370375e+00
-4.025019647868882444e+00
-4.223156854000203353e+00
-4.427138256929442406e+00
-4.644008292816570460e+00
-4.882626268827703342e+00
-4.988713718026126287e+00
-5.069537760955093120e+00
-5.161894478616671833e+00
-5.261059062148699894e+00
-5.363944361435340369e+00
-5.467851066901928903e+00
-5.569260936666381667e+00
-5.664404971446217019e+00
-5.751875106259163317e+00
-5.829085222667391264e+00
-5.895064704136469658e+00
-5.884550451829134943e+00
-5.854169533773568190e+00
-5.800492607641320575e+00
-5.727346866182692509e+00
-5.638987844766308655e+00
-5.541558100806511789e+00
-5.442973946271660424e+00
-5.352272973883366092e+00
-5.279049296207759312e+00
-5.233128529485497893e+00
-5.224626158885250504e+00
-5.263570455017905658e+00
-5.350343971049088765e+00
-5.513000372654637715e+00
-5.772339097422580778e+00
-6.155223099204867765e+00
-6.718198145700259971e+00
-7.554426769182811086e+00
-8.863174050868749987e+00
-1.121120680831834804e+01
