-7.571923544174071763e-01
-8.613690041916735041e-01
-9.634868012340709331e-01
-1.070323138248653549e+00
-1.189189348404802171e+00
-1.313142237917524602e+00
-1.439695974551420843e+00
-1.568240255833175389e+00
-1.698840230564903298e+00
-1.836356675186115339e+00
-1.958086031081947009e+00
-2.025956141784384545e+00
-2.098306129322609070e+00
-2.173043909745544955e+00
-2.249222590170748326e+00
-2.326777546085351034e+00
-2.406845100357045020e+00
-2.457194585059253811e+00
-2.507946222205744924e+00
-2.557407274151876742e+00
-2.605390511030193146e+00
-2.651614675097974327e+00
-2.695986042563063734e+00
-2.736596096795059552e+00
-2.770167325752472820e+00
-2.801300028680881127e+00
-2.829783210852467867e+00
-2.855612512318455920e+00
-2.878919284396590506e+00
-2.899954439587317800e+00
-2.918911703402021551e+00
-2.931946707822842058e+00
-2.943089509661643177e+00
-2.951982928224516911e+00
-2.958122779505172772e+00
-2.960810892724362375e+00
-2.959289290545921602e+00
-2.953084502994361316e+00
-2.942592343095878249e+00
-2.928520103144064635e+00
-2.916256350649728546e+00
-2.913218478780537524e+00
-2.930479719532543825e+00
-2.983803683516192962e+00
-3.095827546971138489e+00
-3.296868032793042858e+00
-3.642985950260660744e+00
-4.251228136356360210e+00
-5.464411030248575329e+00
-7.571923544174082865e-01
-8.613690041916735041e-01
-9.634868012340707111e-01
-1.070323138248654438e+00
-1.189189348404799063e+00
-1.313142237917525490e+00
-1.439695974551426838e+00
-1.568240255833176056e+00
-1.698840230564898857e+00
-1.836356675186122223e+00
-1.958086031081946121e+00
-2.025956141784387654e+00
-2.098306129322613067e+00
-2.173043909745548508e+00
-2.249222590170747882e+00
-2.326777546085351922e+00
-2.406845100357040579e+00
-2.457194585059252923e+00
-2.507946222205745812e+00
-2.557407274151881182e+00
-2.605390511030198475e+00
-2.651614675097968998e+00
-2.695986042563062846e+00
-2.736596096795060440e+00
-2.770167325752467491e+00
-2.801300028680900667e+00
-2.829783210852468756e+00
-2.855612512318459473e+00
-2.878919284396593170e+00
-2.899954439587309807e+00
-2.918911703402022439e+00
-2.931946707822852716e+00
-2.943089509661646730e+00
-2.951982928224529346e+00
-2.958122779505174549e+00
-2.960810892724351717e+00
-2.959289290545914497e+00
-2.953084502994352434e+00
-2.942592343095878249e+00
-2.928520103144078846e+00
-2.916256350649728546e+00
-2.913218478780530418e+00
-2.930479719532549154e+00
-2.983803683516196514e+00
-3.095827546971131383e+00
-3.296868032793041081e+00
-3.642985950260662520e+00
-4.251228136356353104e+00
-5.464411030248577106e+00
-7.571923544174069542e-01
-8.613690041916743922e-01
-9.634868012340702670e-01
-1.070323138248656880e+00
-1.189189348404801727e+00
-1.313142237917523714e+00
-1.439695974551423507e+00
-1.568240255833177610e+00
-1.698840230564905518e+00
-1.836356675186112675e+00
-1.958086031081947453e+00
-2.025956141784384990e+00
-2.098306129322606850e+00
-2.173043909745543623e+00
-2.249222590170750991e+00
-2.326777546085345705e+00
-2.406845100357043243e+00
-2.457194585059252034e+00
-2.507946222205744924e+00
-2.557407274151880294e+00
-2.605390511030194922e+00
-2.651614675097968110e+00
-2.695986042563064622e+00
-2.736596096795061328e+00
-2.770167325752465715e+00
-2.801300028680893561e+00
-2.829783210852466979e+00
-2.855612512318460361e+00
-2.878919284396596723e+00
-2.899954439587308030e+00
-2.918911703402024216e+00
-2.931946707822852716e+00
-2.943089509661648506e+00
-2.951982928224518687e+00
-2.958122779505172772e+00
-2.960810892724349941e+00
-2.959289290545914497e+00
-2.953084502994343552e+00
-2.942592343095878249e+00
-2.928520103144080622e+00
-2.916256350649723217e+00
-2.913218478780530418e+00
-2.930479719532545602e+00
-2.983803683516192962e+00
-3.095827546971138489e+00
-3.296868032793035752e+00
-3.642985950260662520e+00
-4.251228136356361986e+00
-5.464411030248573553e+00
