2.255288782817667093e-01
1.593636222516245926e-01
-2.469564878410401843e-01
1.416196457348148918e+00
5.668796382272271117e+00
1.833030101466334605e+00
-2.545881458039546352e+00
-1.037716045912648610e+01
-7.424786019258555747e+00
2.558544087940921585e-01
5.289929369999806674e+00
4.173980478216448908e+00
1.249284563768777723e+00
-1.755755459611551883e+00
-3.385785713672936570e+00
-4.079459490895724905e+00
-4.205599000710066093e+00
-3.963132255652796587e+00
-3.107859866390513925e+00
-1.842368401289564250e+00
2.827729821363348939e-01
1.304895495147395668e+00
2.000678955145373639e+00
2.949900923717105883e+00
4.034474439548207059e+00
4.768290977316071988e+00
4.774284434112680664e+00
4.211152767755667270e+00
3.000623624140967838e+00
-4.435419618859159918e-02
-3.815979936416358687e+00
-5.512531200114749730e+00
-1.052315942838440890e+02
-7.901901989583844710e+00
-1.119949685621737245e-01
6.387031454602811742e+00
3.415487464573159571e+01
6.498485353336990400e+00
4.702775560755082296e+00
4.298488773310538136e+00
3.720088700551980931e+00
3.153069420751084539e+00
2.653740337377526792e+00
2.235115573648738696e+00
1.880512736730914014e+00
1.558216993422726127e+00
1.235909689783921683e+00
8.257777817996563297e-01
3.224532451001227429e-02
2.252736658456213070e-01
1.593032859705361126e-01
-2.469748980759984835e-01
1.416340245094538819e+00
5.667998252111603463e+00
1.831429670101571539e+00
-2.546808503168087157e+00
-1.037608231715162610e+01
-7.421866182691863933e+00
2.551790060406737837e-01
5.289531197227598014e+00
4.173506948244851245e+00
1.249491500043351966e+00
-1.755480749486730163e+00
-3.385843122091067414e+00
-4.079647635155181362e+00
-4.205880342971396679e+00
-3.963370588087350654e+00
-3.107880225204545432e+00
-1.842155568605775784e+00
2.827735438898879572e-01
1.304862220040325482e+00
2.000713034501587995e+00
2.949968137376729693e+00
4.034465932806927668e+00
4.768166397584845839e+00
4.774114501205449557e+00
4.211007040593307771e+00
3.000521869458080193e+00
-4.445223110408669243e-02
-3.816608784530810539e+00
-5.513541666622892023e+00
-1.052336979885690909e+02
-7.904898363547960827e+00
-1.130516605645937034e-01
6.386451388464811529e+00
3.414709828834195093e+01
6.498445402500358625e+00
4.702752697777681234e+00
4.298339784964950283e+00
3.719908573138082986e+00
3.152892716375375048e+00
2.653577745288429934e+00
2.234962912260642476e+00
1.880364236516260057e+00
1.558071304950250591e+00
1.235730025939862697e+00
8.255445620673149687e-01
3.183421076255488202e-02
2.233257015607836293e-01
1.571038209268965646e-01
-2.492853232668309493e-01
1.412953936041029923e+00
5.662607280085930839e+00
1.829437765144936501e+00
-2.548782203959332637e+00
-1.038260936851350635e+01
-7.426689437795378268e+00
2.529110251503734474e-01
5.279546257528355824e+00
4.165163557032290242e+00
1.244091565990302684e+00
-1.764274322097827641e+00
-3.392857837610141036e+00
-4.086140832721151916e+00
-4.212171860316071381e+00
-3.970258116047947539e+00
-3.116152462701611725e+00
-1.852634413653315271e+00
2.738548599186373389e-01
1.296254799184438866e+00
1.991795799734772388e+00
2.940537923988038926e+00
4.024672149962889911e+00
4.758869417507198385e+00
4.765348676408831530e+00
4.202153433630694046e+00
2.991387419816633031e+00
-5.618060976678451723e-02
-3.822703228329787706e+00
-5.518419668057782168e+00
-1.052410096625752374e+02
-7.892977490163833210e+00
-1.159966620583787744e-01
6.383312251821112504e+00
3.419893687374597846e+01
6.489048091655971184e+00
4.690214109517897967e+00
4.286319239076016530e+00
3.707605355613650566e+00
3.140028538567378735e+00
2.640104532108964452e+00
2.220886907131942589e+00
1.865855468274927986e+00
1.543523401134186734e+00
1.220865710738066934e+00
8.113456632527167312e-01
1.982448307563933199e-02
2.280120762979765403e-01
1.621426370464618127e-01
-2.441831717193818641e-01
1.419949119633726387e+00
5.675168762415028212e+00
1.835541203085214068e+00
-2.543722905926062872e+00
-1.037128005318903057e+01
-7.420493490680797777e+00
2.591406648710957716e-01
5.303109139945174633e+00
4.185177070548726341e+00
1.255642986378743053e+00
-1.746614052236327597e+00
-3.378899171145930413e+00
-4.073263899450961567e+00
-4.199627182151052907e+00
-3.956463747448144552e+00
-3.099521275335061610e+00
-1.831306200339888779e+00
2.929103888178787862e-01
1.315028532650865500e+00
2.011333084296277107e+00
2.961444704071692247e+00
4.046894219077101340e+00
4.780560457097787541e+00
4.786089966876398982e+00
4.222929659495790133e+00
3.012249080967903225e+00
-3.092640201233987085e-02
-3.809764157192058853e+00
-5.508013903473127471e+00
-1.052635405179192105e+02
-7.915541218657042855e+00
-1.075490438632940027e-01
6.393677232019371104e+00
3.412033308770348583e+01
6.511506578092473241e+00
4.718703317854282098e+00
4.314065915002974094e+00
3.735933905683861855e+00
3.169398382314080553e+00
2.670592530385341945e+00
2.252522193487646707e+00
1.898293722056660915e+00
1.576101517168983168e+00
1.253965895504929318e+00
8.430083677318935820e-01
4.682293150408312066e-02
2.252736658456123697e-01
1.593032859705342252e-01
-2.469748980759945978e-01
1.416340245094530825e+00
5.667998252111591917e+00
1.831429670101557994e+00
-2.546808503168097815e+00
-1.037608231715161367e+01
-7.421866182691832847e+00
2.551790060406653460e-01
5.289531197227594461e+00
4.173506948244844139e+00
1.249491500043345971e+00
-1.755480749486731717e+00
-3.385843122091065638e+00
-4.079647635155180474e+00
-4.205880342971394015e+00
-3.963370588087345325e+00
-3.107880225204544988e+00
-1.842155568605785554e+00
2.827735438898842935e-01
1.304862220040327037e+00
2.000713034501596432e+00
2.949968137376733246e+00
4.034465932806915234e+00
4.768166397584834293e+00
4.774114501205445116e+00
4.211007040593308659e+00
3.000521869458087743e+00
-4.445223110409024514e-02
-3.816608784530818532e+00
-5.513541666622890247e+00
-1.052336979885691193e+02
-7.904898363547939510e+00
-1.130516605645528472e-01
6.386451388464825740e+00
3.414709828834201488e+01
6.498445402500370172e+00
4.702752697777677682e+00
4.298339784964955612e+00
3.719908573138084318e+00
3.152892716375365278e+00
2.653577745288429934e+00
2.234962912260646029e+00
1.880364236516260057e+00
1.558071304950249925e+00
1.235730025939867360e+00
8.255445620673103058e-01
3.183421076255799065e-02
2.255288782817745918e-01
1.593636222516225942e-01
-2.469564878410475117e-01
1.416196457348144255e+00
5.668796382272286216e+00
1.833030101466345041e+00
-2.545881458039530365e+00
-1.037716045912647189e+01
-7.424786019258560188e+00
2.558544087940994860e-01
5.289929369999794240e+00
4.173980478216449796e+00
1.249284563768774392e+00
-1.755755459611551883e+00
-3.385785713672939234e+00
-4.079459490895721352e+00
-4.205599000710067870e+00
-3.963132255652802804e+00
-3.107859866390515258e+00
-1.842368401289558033e+00
2.827729821363345053e-01
1.304895495147396556e+00
2.000678955145369642e+00
2.949900923717099666e+00
4.034474439548219493e+00
4.768290977316078205e+00
4.774284434112695763e+00
4.211152767755676152e+00
3.000623624140966506e+00
-4.435419618858071900e-02
-3.815979936416345808e+00
-5.512531200114734631e+00
-1.052315942838441742e+02
-7.901901989583845598e+00
-1.119949685621683955e-01
6.387031454602821512e+00
3.415487464573158860e+01
6.498485353336986847e+00
4.702775560755084960e+00
4.298488773310539024e+00
3.720088700551982264e+00
3.153069420751091645e+00
2.653740337377532565e+00
2.235115573648739140e+00
1.880512736730916235e+00
1.558216993422724128e+00
1.235909689783919019e+00
8.257777817996632130e-01
3.224532451001360656e-02
2.280120762979768179e-01
1.621426370464690292e-01
-2.441831717193854168e-01
1.419949119633711065e+00
5.675168762415025547e+00
1.835541203085216511e+00
-2.543722905926061983e+00
-1.037128005318902702e+01
-7.420493490680790671e+00
2.591406648710834482e-01
5.303109139945158645e+00
4.185177070548733447e+00
1.255642986378738613e+00
-1.746614052236317383e+00
-3.378899171145924640e+00
-4.073263899450963343e+00
-4.199627182151052907e+00
-3.956463747448142776e+00
-3.099521275335057169e+00
-1.831306200339879453e+00
2.929103888178827830e-01
1.315028532650873494e+00
2.011333084296279328e+00
2.961444704071697576e+00
4.046894219077113775e+00
4.780560457097783988e+00
4.786089966876395430e+00
4.222929659495799015e+00
3.012249080967898340e+00
-3.092640201232710329e-02
-3.809764157192063738e+00
-5.508013903473129247e+00
-1.052635405179193668e+02
-7.915541218656995781e+00
-1.075490438633206480e-01
6.393677232019301826e+00
3.412033308770338635e+01
6.511506578092470576e+00
4.718703317854286539e+00
4.314065915002977647e+00
3.735933905683862299e+00
3.169398382314086771e+00
2.670592530385348162e+00
2.252522193487651592e+00
1.898293722056672461e+00
1.576101517168992050e+00
1.253965895504933092e+00
8.430083677319013535e-01
4.682293150408334270e-02
2.233257015607885698e-01
1.571038209268948993e-01
-2.492853232668308383e-01
1.412953936041036584e+00
5.662607280085929062e+00
1.829437765144942940e+00
-2.548782203959328641e+00
-1.038260936851348504e+01
-7.426689437795400472e+00
2.529110251503687845e-01
5.279546257528349607e+00
4.165163557032285802e+00
1.244091565990303350e+00
-1.764274322097826975e+00
-3.392857837610141480e+00
-4.086140832721143923e+00
-4.212171860316065164e+00
-3.970258116047943986e+00
-3.116152462701617054e+00
-1.852634413653325707e+00
2.738548599186334531e-01
1.296254799184441975e+00
1.991795799734768391e+00
2.940537923988042035e+00
4.024672149962893464e+00
4.758869417507211708e+00
4.765348676408835971e+00
4.202153433630694934e+00
2.991387419816629034e+00
-5.618060976677963225e-02
-3.822703228329785041e+00
-5.518419668057781280e+00
-1.052410096625752658e+02
-7.892977490163893606e+00
-1.159966620583539054e-01
6.383312251821205763e+00
3.419893687374616320e+01
6.489048091655979178e+00
4.690214109517898855e+00
4.286319239076026300e+00
3.707605355613650566e+00
3.140028538567381844e+00
2.640104532108966673e+00
2.220886907131935928e+00
1.865855468274931983e+00
1.543523401134187401e+00
1.220865710738064047e+00
8.113456632527107359e-01
1.982448307564044221e-02
