-9.887285089702231300e-01
-1.550151805186569254e+00
-1.925271911373047651e+00
-2.185145788127120792e+00
-2.400147970053324809e+00
-2.577379867743721853e+00
-2.717910956621985008e+00
-2.821138117446703397e+00
-2.883770062047191995e+00
-2.901612811724917584e+00
-2.860640262152593927e+00
-2.727950228822992873e+00
-2.637624850588208059e+00
-2.547567658228558685e+00
-9.887285089702233520e-01
-1.550151805186567255e+00
-1.925271911373045208e+00
-2.185145788127121680e+00
-2.400147970053321256e+00
-2.577379867743720077e+00
-2.717910956621985008e+00
-2.821138117446705618e+00
-2.883770062047192884e+00
-2.901612811724914920e+00
-2.860640262152586821e+00
-2.727950228822975554e+00
-2.637624850588180081e+00
-2.547567658228534704e+00
-9.887285089702237961e-01
-1.550151805186571252e+00
-1.925271911373048983e+00
-2.185145788127121236e+00
-2.400147970053323476e+00
-2.577379867743723629e+00
-2.717910956621985008e+00
-2.821138117446704729e+00
-2.883770062047195104e+00
-2.901612811724914920e+00
-2.860640262152591706e+00
-2.727950228822988876e+00
-2.637624850588204062e+00
-2.547567658228562237e+00
-3.218691542474172707e+01
-2.755947835324806761e+01
-3.190330525656235849e+01
-3.042938751435845290e+01
-3.088602504206001953e+01
-3.220427681645514895e+01
-3.253170898629675634e+01
-3.461109836992144295e+01
-3.708370597787387624e+01
-2.973841276797772792e+01
-3.181077275291776374e+01
-3.426197708939587727e+01
-2.927224433396154168e+01
-3.210202861635185911e+01
-3.293749867570069512e+01
-3.237354591327002851e+01
-3.168276288237870020e+01
-3.192792774232945163e+01
-3.266324079285074333e+01
6.110549333341885436e+00
-5.375987113325366806e+01
-2.459970514276540143e+01
-3.654133367965957291e+01
-3.160823180810290012e+01
-3.535456059081933233e+01
-3.661551518451749843e+01
-3.777402785581210765e+01
-3.218691542474169864e+01
-2.755947835325059714e+01
-3.190330525656120741e+01
-3.042938751435839606e+01
-3.088602504206009058e+01
-3.220427681645551843e+01
-3.253170898629685581e+01
-3.461109836992211086e+01
-3.708370597787403256e+01
-2.973841276797780608e+01
-3.181077275291812967e+01
-3.426197708939429276e+01
-2.927224433396355963e+01
-3.210202861635134042e+01
-3.293749867570037537e+01
-3.237354591326987219e+01
-3.168276288237864335e+01
-3.192792774232941255e+01
-3.266324079284569137e+01
6.110549333349200474e+00
-5.375987113325168565e+01
-2.459970514276602316e+01
-3.654133367965935975e+01
-3.160823180810277577e+01
-3.535456059081922575e+01
-3.661551518451744869e+01
-3.777402785581205080e+01
-3.218691542474229550e+01
-2.755947835324688100e+01
-3.190330525656300864e+01
-3.042938751435852396e+01
-3.088602504206000177e+01
-3.220427681645529105e+01
-3.253170898629663554e+01
-3.461109836992191191e+01
-3.708370597787394729e+01
-2.973841276797855571e+01
-3.181077275291928430e+01
-3.426197708939534436e+01
-2.927224433396208170e+01
-3.210202861635167437e+01
-3.293749867570054590e+01
-3.237354591326994324e+01
-3.168276288237870730e+01
-3.192792774232958664e+01
-3.266324079284645876e+01
6.110549333351402268e+00
-5.375987113324925559e+01
-2.459970514276554354e+01
-3.654133367965914658e+01
-3.160823180810254129e+01
-3.535456059081911917e+01
-3.661551518451741316e+01
-3.777402785581205080e+01
