-1.060933375500103137e+00
-1.113872723190876268e+00
-1.196019331109008821e+00
-1.296218329008471004e+00
-1.406953105766208134e+00
-1.522290680678580976e+00
-1.643228797907839933e+00
-1.730501633181598997e+00
-1.796827065055386807e+00
-1.864191728781659840e+00
-1.931836675142502457e+00
-1.999643509288524079e+00
-2.067855388606576028e+00
-2.136617928806368027e+00
-2.182374490517544174e+00
-2.227234645928944268e+00
-2.271164415924595836e+00
-2.313745514598320341e+00
-2.354751669083949395e+00
-2.394081455992499663e+00
-2.431785967535207149e+00
-2.464057322438533149e+00
-2.493061630619312297e+00
-2.519893842182603372e+00
-2.544601879151737300e+00
-2.567201464557371082e+00
-2.587775936336370819e+00
-2.606470187882143463e+00
-2.623502057098976437e+00
-2.637716179149514062e+00
-2.648960676192613661e+00
-2.658828682586902303e+00
-2.667239306160254841e+00
-2.674049113623290452e+00
-2.679017498065926262e+00
-2.681823528265670831e+00
-2.682143462994973859e+00
-2.679660323717660830e+00
-2.674598387138768629e+00
-2.667560011694366295e+00
-2.659393875074934854e+00
-2.651987721120331543e+00
-2.641398915156003113e+00
-2.584211396678847805e+00
-2.289392421678353884e+00
-3.714771123535019370e+00
-3.648909993579488642e+00
-4.107517278417662787e+00
-5.097270921822705247e+00
-1.060933375500100695e+00
-1.113872723190873604e+00
-1.196019331109007044e+00
-1.296218329008468562e+00
-1.406953105766206136e+00
-1.522290680678579200e+00
-1.643228797907845706e+00
-1.730501633181598553e+00
-1.796827065055391248e+00
-1.864191728781657176e+00
-1.931836675142510895e+00
-1.999643509288531629e+00
-2.067855388606576916e+00
-2.136617928806361810e+00
-2.182374490517553056e+00
-2.227234645928948709e+00
-2.271164415924596724e+00
-2.313745514598319453e+00
-2.354751669083963606e+00
-2.394081455992501439e+00
-2.431785967535218695e+00
-2.464057322438536701e+00
-2.493061630619308744e+00
-2.519893842182607813e+00
-2.544601879151732859e+00
-2.567201464557358648e+00
-2.587775936336372595e+00
-2.606470187882147016e+00
-2.623502057098951568e+00
-2.637716179149508733e+00
-2.648960676192636754e+00
-2.658828682586912961e+00
-2.667239306160244183e+00
-2.674049113623299334e+00
-2.679017498065917380e+00
-2.681823528265667278e+00
-2.682143462994982741e+00
-2.679660323717683923e+00
-2.674598387138793498e+00
-2.667560011694375177e+00
-2.659393875074954394e+00
-2.651987721120354635e+00
-2.641398915156051075e+00
-2.584211396678872674e+00
-2.289392421678391187e+00
-3.714771123535081543e+00
-3.648909993579721345e+00
-4.107517278417693873e+00
-5.097270921822726564e+00
-1.060933375500102693e+00
-1.113872723190875380e+00
-1.196019331109007489e+00
-1.296218329008469450e+00
-1.406953105766208578e+00
-1.522290680678581420e+00
-1.643228797907849703e+00
-1.730501633181595444e+00
-1.796827065055389472e+00
-1.864191728781663837e+00
-1.931836675142503346e+00
-1.999643509288521415e+00
-2.067855388606569811e+00
-2.136617928806355593e+00
-2.182374490517544174e+00
-2.227234645928948709e+00
-2.271164415924594948e+00
-2.313745514598323894e+00
-2.354751669083957388e+00
-2.394081455992504104e+00
-2.431785967535217807e+00
-2.464057322438534925e+00
-2.493061630619306079e+00
-2.519893842182615806e+00
-2.544601879151731971e+00
-2.567201464557365753e+00
-2.587775936336367266e+00
-2.606470187882155898e+00
-2.623502057098946239e+00
-2.637716179149510509e+00
-2.648960676192634978e+00
-2.658828682586912961e+00
-2.667239306160240631e+00
-2.674049113623297558e+00
-2.679017498065908498e+00
-2.681823528265656620e+00
-2.682143462994970307e+00
-2.679660323717664383e+00
-2.674598387138779287e+00
-2.667560011694364519e+00
-2.659393875074925973e+00
-2.651987721120349306e+00
-2.641398915156003113e+00
-2.584211396678833594e+00
-2.289392421678178025e+00
-3.714771123534902131e+00
-3.648909993579232847e+00
-4.107517278417827100e+00
-5.097270921822734557e+00
-3.538286715730323806e+01
-3.601374462218431916e+01
-3.647278139257066698e+01
-3.680012074079253637e+01
-3.710400779430727169e+01
-3.741063795900451083e+01
-3.771063811759066908e+01
-3.798669501937727944e+01
-3.822758369014540847e+01
-3.843590545028279593e+01
-3.862146349567216674e+01
-3.879255385169066983e+01
-3.895278831559713240e+01
-3.910249513901088392e+01
-3.924321990864341103e+01
-3.937794132981453288e+01
-3.950470676834904538e+01
-3.961830384594616561e+01
-3.971523654470308884e+01
-3.979657270958184512e+01
-3.986278996111093420e+01
-3.992357059744345804e+01
-3.999258743132339333e+01
-4.008442868607918541e+01
-4.022355878460649592e+01
-4.044334028221992838e+01
-4.080929631289373560e+01
-4.145300181538260631e+01
-4.267341893830482746e+01
-3.306596686258759377e+01
-3.423647870739172561e+01
-3.505166882357430325e+01
-3.554247096412651530e+01
-3.582316842875288643e+01
-3.603946344945061497e+01
-3.624248391945006631e+01
-3.643408441574752032e+01
-3.660058561673499611e+01
-3.672938048809599820e+01
-3.682063718086111948e+01
-3.688263243351545384e+01
-3.692788343341007362e+01
-3.695438383045220121e+01
-3.697248958665066709e+01
-3.698334396610179198e+01
-3.699066036393250556e+01
-3.698879426460045750e+01
-3.698464134054488284e+01
-3.697023809847043907e+01
-3.695070575744201591e+01
-3.692435757994206114e+01
-3.689840779642950253e+01
-3.689478689092164387e+01
-3.694735280279310530e+01
-3.711067032335403582e+01
-3.748838422580570295e+01
-3.830411660380193695e+01
-4.009455981499558419e+01
-3.536581704037330809e+01
-3.623955785988355416e+01
-3.690126059210397358e+01
-3.734032398875773850e+01
-3.769505350973091140e+01
-3.802257304824755124e+01
-3.833446315681599970e+01
-3.862615644629771339e+01
-3.888817748044246514e+01
-3.911716942795462870e+01
-3.931482377310860699e+01
-3.948701983939231042e+01
-3.963773792746941638e+01
-3.977254912944081866e+01
-3.989289589631283661e+01
-4.000144233908496716e+01
-4.008861478865003392e+01
-4.016621883347756494e+01
-4.022053751654637210e+01
-4.026196727815504062e+01
-4.029270563770792535e+01
-4.032105706643623222e+01
-4.035635064748819190e+01
-4.041274584365034173e+01
-4.051024442963422700e+01
-4.067769028828590905e+01
-4.097948682059886494e+01
-4.151510807595397523e+01
-4.259834361299741801e+01
-3.538286715730309595e+01
-3.601374462218416284e+01
-3.647278139257046803e+01
-3.680012074079232320e+01
-3.710400779430724327e+01
-3.741063795900434741e+01
-3.771063811759059092e+01
-3.798669501937710891e+01
-3.822758369014533031e+01
-3.843590545028253302e+01
-3.862146349567220938e+01
-3.879255385169059878e+01
-3.895278831559694055e+01
-3.910249513901078444e+01
-3.924321990864337550e+01
-3.937794132981439787e+01
-3.950470676834900274e+01
-3.961830384594615140e+01
-3.971523654470311016e+01
-3.979657270958193749e+01
-3.986278996111104789e+01
-3.992357059744344383e+01
-3.999258743132347860e+01
-4.008442868607915699e+01
-4.022355878460650302e+01
-4.044334028222024102e+01
-4.080929631289409087e+01
-4.145300181538262052e+01
-4.267341893830499799e+01
-3.306596686258792772e+01
-3.423647870739215193e+01
-3.505166882357485747e+01
-3.554247096412710505e+01
-3.582316842875350460e+01
-3.603946344945115499e+01
-3.624248391945062053e+01
-3.643408441574797507e+01
-3.660058561673544375e+01
-3.672938048809636769e+01
-3.682063718086144632e+01
-3.688263243351576648e+01
-3.692788343341033652e+01
-3.695438383045242148e+01
-3.697248958665090868e+01
-3.698334396610195540e+01
-3.699066036393260504e+01
-3.698879426460047171e+01
-3.698464134054497521e+01
-3.697023809847043907e+01
-3.695070575744203722e+01
-3.692435757994214640e+01
-3.689840779642948831e+01
-3.689478689092175046e+01
-3.694735280279308398e+01
-3.711067032335413529e+01
-3.748838422580571006e+01
-3.830411660380212169e+01
-4.009455981499595367e+01
-3.536581704037326546e+01
-3.623955785988341205e+01
-3.690126059210371778e+01
-3.734032398875768877e+01
-3.769505350973070534e+01
-3.802257304824739492e+01
-3.833446315681580074e+01
-3.862615644629753575e+01
-3.888817748044223066e+01
-3.911716942795459317e+01
-3.931482377310842224e+01
-3.948701983939221805e+01
-3.963773792746945901e+01
-3.977254912944069076e+01
-3.989289589631273003e+01
-4.000144233908499558e+01
-4.008861478864993444e+01
-4.016621883347755073e+01
-4.022053751654645737e+01
-4.026196727815503351e+01
-4.029270563770801772e+01
-4.032105706643622511e+01
-4.035635064748820611e+01
-4.041274584365044831e+01
-4.051024442963433358e+01
-4.067769028828598721e+01
-4.097948682059922021e+01
-4.151510807595410313e+01
-4.259834361299756722e+01
-3.538286715730324516e+01
-3.601374462218424100e+01
-3.647278139257058172e+01
-3.680012074079246531e+01
-3.710400779430734275e+01
-3.741063795900451083e+01
-3.771063811759072593e+01
-3.798669501937722259e+01
-3.822758369014543689e+01
-3.843590545028282435e+01
-3.862146349567216674e+01
-3.879255385169055614e+01
-3.895278831559715371e+01
-3.910249513901097629e+01
-3.924321990864336840e+01
-3.937794132981444051e+01
-3.950470676834899564e+01
-3.961830384594622245e+01
-3.971523654470311016e+01
-3.979657270958186643e+01
-3.986278996111093420e+01
-3.992357059744344383e+01
-3.999258743132351412e+01
-4.008442868607912146e+01
-4.022355878460646039e+01
-4.044334028222002075e+01
-4.080929631289389192e+01
-4.145300181538237894e+01
-4.267341893830470667e+01
-3.306596686258764350e+01
-3.423647870739189614e+01
-3.505166882357451641e+01
-3.554247096412677820e+01
-3.582316842875319907e+01
-3.603946344945096314e+01
-3.624248391945038605e+01
-3.643408441574779744e+01
-3.660058561673530164e+01
-3.672938048809624689e+01
-3.682063718086136106e+01
-3.688263243351568832e+01
-3.692788343341022284e+01
-3.695438383045228647e+01
-3.697248958665073104e+01
-3.698334396610187014e+01
-3.699066036393252688e+01
-3.698879426460050723e+01
-3.698464134054505337e+01
-3.697023809847053144e+01
-3.695070575744210828e+01
-3.692435757994222456e+01
-3.689840779642962332e+01
-3.689478689092187125e+01
-3.694735280279322609e+01
-3.711067032335429872e+01
-3.748838422580582375e+01
-3.830411660380208616e+01
-4.009455981499581867e+01
-3.536581704037344309e+01
-3.623955785988356126e+01
-3.690126059210390963e+01
-3.734032398875784509e+01
-3.769505350973093982e+01
-3.802257304824752993e+01
-3.833446315681595706e+01
-3.862615644629781286e+01
-3.888817748044235145e+01
-3.911716942795474239e+01
-3.931482377310852883e+01
-3.948701983939222515e+01
-3.963773792746938085e+01
-3.977254912944083287e+01
-3.989289589631284372e+01
-4.000144233908494584e+01
-4.008861478865013339e+01
-4.016621883347765731e+01
-4.022053751654642895e+01
-4.026196727815506904e+01
-4.029270563770809588e+01
-4.032105706643627485e+01
-4.035635064748821321e+01
-4.041274584365046962e+01
-4.051024442963418437e+01
-4.067769028828588063e+01
-4.097948682059896441e+01
-4.151510807595396102e+01
-4.259834361299736827e+01
