-7.944219847908238208e-01
-1.041586313506000172e+00
-1.353039438447403375e+00
-1.677124471309631826e+00
-1.956523328700836784e+00
-2.135845016246054051e+00
-2.326164438927971201e+00
-2.462337038178619597e+00
-2.582204157466550853e+00
-2.688456972056265659e+00
-2.766849960594646163e+00
-2.827048969976423187e+00
-2.869048460441364856e+00
-2.894002128423426523e+00
-2.905546052626193365e+00
-2.870530252513368463e+00
-2.704008775416114396e+00
-1.657639983130478889e+00
-3.917492142716414438e+00
-7.944219847908250420e-01
-1.041586313506001060e+00
-1.353039438447408926e+00
-1.677124471309634046e+00
-1.956523328700840558e+00
-2.135845016246061601e+00
-2.326164438927972533e+00
-2.462337038178624482e+00
-2.582204157466554406e+00
-2.688456972056269212e+00
-2.766849960594649716e+00
-2.827048969976427628e+00
-2.869048460441358195e+00
-2.894002128423422970e+00
-2.905546052626175602e+00
-2.870530252513342706e+00
-2.704008775416082422e+00
-1.657639983130322126e+00
-3.917492142716397563e+00
-7.944219847908253751e-01
-1.041586313506001504e+00
-1.353039438447406262e+00
-1.677124471309634046e+00
-1.956523328700841002e+00
-2.135845016246062489e+00
-2.326164438927973421e+00
-2.462337038178625370e+00
-2.582204157466557959e+00
-2.688456972056275429e+00
-2.766849960594654600e+00
-2.827048969976432513e+00
-2.869048460441371518e+00
-2.894002128423440290e+00
-2.905546052626206688e+00
-2.870530252513392444e+00
-2.704008775416171240e+00
-1.657639983131095285e+00
-3.917492142716470838e+00
-4.236997810693749500e+01
-4.381760503834098586e+01
-4.056031767914810615e+01
-4.084367153308220111e+01
-4.225034486987802040e+01
-4.316633638490007741e+01
-4.354843697056460172e+01
-4.349916004284224869e+01
-4.308727095545776109e+01
-4.237610456580870277e+01
-4.148309829219366662e+01
-4.355694833594724713e+01
-4.455651249033315509e+01
-4.109167586676210249e+01
-4.139121529445635872e+01
-4.290478993115556960e+01
-4.394610581555399165e+01
-4.447116827398916428e+01
-4.457635159874347863e+01
-4.432127245633319745e+01
-4.377176136635547721e+01
-4.296948267172906810e+01
-4.003307985969165372e+01
-4.138751567619424776e+01
-3.818334270541247122e+01
-3.828948766262319481e+01
-3.948031786681504940e+01
-4.019717833503469251e+01
-4.041051677080875493e+01
-4.025020191378249024e+01
-3.978311654534524422e+01
-3.908301557917773295e+01
-3.839943257146595101e+01
-4.236997810693746658e+01
-4.381760503834093612e+01
-4.056031767914813457e+01
-4.084367153308221532e+01
-4.225034486987799198e+01
-4.316633638490009872e+01
-4.354843697056460883e+01
-4.349916004284223447e+01
-4.308727095545778951e+01
-4.237610456580873119e+01
-4.148309829219370926e+01
-4.355694833594721871e+01
-4.455651249033320482e+01
-4.109167586676200301e+01
-4.139121529445640135e+01
-4.290478993115563355e+01
-4.394610581555396323e+01
-4.447116827398921401e+01
-4.457635159874345732e+01
-4.432127245633328272e+01
-4.377176136635548431e+01
-4.296948267172908942e+01
-4.003307985969172478e+01
-4.138751567619426197e+01
-3.818334270541248543e+01
-3.828948766262317349e+01
-3.948031786681505650e+01
-4.019717833503473514e+01
-4.041051677080874072e+01
-4.025020191378249734e+01
-3.978311654534525132e+01
-3.908301557917776847e+01
-3.839943257146596522e+01
-4.236997810693749500e+01
-4.381760503834099296e+01
-4.056031767914809905e+01
-4.084367153308217979e+01
-4.225034486987797777e+01
-4.316633638490008451e+01
-4.354843697056458751e+01
-4.349916004284222737e+01
-4.308727095545776109e+01
-4.237610456580870277e+01
-4.148309829219365952e+01
-4.355694833594722581e+01
-4.455651249033321903e+01
-4.109167586676195327e+01
-4.139121529445640135e+01
-4.290478993115565487e+01
-4.394610581555397744e+01
-4.447116827398923533e+01
-4.457635159874344311e+01
-4.432127245633323298e+01
-4.377176136635546300e+01
-4.296948267172909652e+01
-4.003307985969173899e+01
-4.138751567619431881e+01
-3.818334270541243569e+01
-3.828948766262320191e+01
-3.948031786681506361e+01
-4.019717833503474935e+01
-4.041051677080877624e+01
-4.025020191378253998e+01
-3.978311654534531527e+01
-3.908301557917778979e+01
-3.839943257146603628e+01
