-7.190704283725419810e-01
-8.138017928027250214e-01
-9.070918720553935444e-01
-1.003272182331522266e+00
-1.105482035002373742e+00
-1.234349483375542844e+00
-1.359155225794124622e+00
-1.481898044202638376e+00
-1.607593348780000042e+00
-1.736524114522153273e+00
-1.874172298479467980e+00
-1.948616663385406067e+00
-2.015523944466238504e+00
-2.085753362809047218e+00
-2.157731580531163207e+00
-2.230912303050154755e+00
-2.305687853560041134e+00
-2.371900215617382734e+00
-2.418725068603494677e+00
-2.465632894889260740e+00
-2.511511771907067647e+00
-2.555805959794635207e+00
-2.598240081491754339e+00
-2.638794331651023839e+00
-2.674669225440695186e+00
-2.704400630526576421e+00
-2.731740218268885023e+00
-2.756553334728394589e+00
-2.778801250511204302e+00
-2.798674324601758912e+00
-2.816524708144061862e+00
-2.832720488024888184e+00
-2.843953320330042445e+00
-2.852848563512894842e+00
-2.859423900468396340e+00
-2.862893292937290113e+00
-2.862316892910865107e+00
-2.856877860001265645e+00
-2.846412868778308791e+00
-2.832133170330484617e+00
-2.816829080722760281e+00
-2.805477843529301296e+00
-2.804068283070765943e+00
-2.803025363392595892e+00
-2.991107047306366340e+00
-3.361089573699384658e+00
-3.557424818293357660e+00
-4.160371868491713698e+00
-5.354288490588097638e+00
-7.190704283725413148e-01
-8.138017928027234671e-01
-9.070918720553946546e-01
-1.003272182331520268e+00
-1.105482035002369967e+00
-1.234349483375541290e+00
-1.359155225794123512e+00
-1.481898044202638154e+00
-1.607593348780000486e+00
-1.736524114522149054e+00
-1.874172298479467980e+00
-1.948616663385410508e+00
-2.015523944466231843e+00
-2.085753362809040112e+00
-2.157731580531167204e+00
-2.230912303050152978e+00
-2.305687853560042910e+00
-2.371900215617388064e+00
-2.418725068603492900e+00
-2.465632894889262516e+00
-2.511511771907057877e+00
-2.555805959794642312e+00
-2.598240081491761444e+00
-2.638794331651032721e+00
-2.674669225440700515e+00
-2.704400630526571092e+00
-2.731740218268891240e+00
-2.756553334728389260e+00
-2.778801250511204302e+00
-2.798674324601751806e+00
-2.816524708144070743e+00
-2.832720488024911276e+00
-2.843953320330040668e+00
-2.852848563512921487e+00
-2.859423900468382129e+00
-2.862893292937304324e+00
-2.862316892910873989e+00
-2.856877860001265645e+00
-2.846412868778321226e+00
-2.832133170330477512e+00
-2.816829080722762058e+00
-2.805477843529308402e+00
-2.804068283070769496e+00
-2.803025363392592340e+00
-2.991107047306371669e+00
-3.361089573699395316e+00
-3.557424818293371871e+00
-4.160371868491697711e+00
-5.354288490588102967e+00
-7.190704283725408708e-01
-8.138017928027239112e-01
-9.070918720553928782e-01
-1.003272182331518714e+00
-1.105482035002370189e+00
-1.234349483375545953e+00
-1.359155225794121735e+00
-1.481898044202638154e+00
-1.607593348780000042e+00
-1.736524114522150164e+00
-1.874172298479472420e+00
-1.948616663385408732e+00
-2.015523944466232287e+00
-2.085753362809043221e+00
-2.157731580531162763e+00
-2.230912303050147649e+00
-2.305687853560041134e+00
-2.371900215617382734e+00
-2.418725068603496453e+00
-2.465632894889257187e+00
-2.511511771907075641e+00
-2.555805959794631654e+00
-2.598240081491761444e+00
-2.638794331651022063e+00
-2.674669225440695186e+00
-2.704400630526574645e+00
-2.731740218268885911e+00
-2.756553334728401694e+00
-2.778801250511202525e+00
-2.798674324601755359e+00
-2.816524708144053868e+00
-2.832720488024877525e+00
-2.843953320330044221e+00
-2.852848563512917934e+00
-2.859423900468378577e+00
-2.862893292937295442e+00
-2.862316892910859778e+00
-2.856877860001254987e+00
-2.846412868778308791e+00
-2.832133170330470406e+00
-2.816829080722767387e+00
-2.805477843529304849e+00
-2.804068283070765943e+00
-2.803025363392620761e+00
-2.991107047306376998e+00
-3.361089573699395316e+00
-3.557424818293387858e+00
-4.160371868491714586e+00
-5.354288490588107408e+00
-3.793603133657863680e+01
-4.309555973208273372e+01
-4.436520042145154719e+01
-4.255680116546303537e+01
-4.004652563020038514e+01
-3.823714194236226405e+01
-3.741565971649380629e+01
-3.735139610248955933e+01
-3.770769205738598373e+01
-3.822320833645025573e+01
-3.873095751303110035e+01
-3.917050986534669477e+01
-3.952126081179931560e+01
-3.978973386393500533e+01
-3.998338126621786870e+01
-4.010972848552873415e+01
-4.017696385404367732e+01
-4.018927876504314156e+01
-4.015016115157414589e+01
-4.006277641517053212e+01
-3.993028286040011210e+01
-3.975613136115698865e+01
-3.954442550215809149e+01
-3.930048278576191478e+01
-3.902904489354160233e+01
-3.874119554285012867e+01
-3.845883646656699284e+01
-3.822657097095796530e+01
-3.820445563500395991e+01
-3.917523997435434069e+01
-4.462876999781661880e+01
-4.605543123154832585e+01
-4.427152623428140998e+01
-4.176420509977075568e+01
-4.001186493327273297e+01
-3.927262319351540043e+01
-3.929984290938322999e+01
-3.975077199629136260e+01
-4.034601555068874745e+01
-4.092222325541721517e+01
-4.142171727631620826e+01
-4.182965700759074679e+01
-4.215510348487488557e+01
-4.240712346081842554e+01
-4.258787321191324793e+01
-4.270396114209806626e+01
-4.276034574135499611e+01
-4.276105000305372528e+01
-4.270926753058162717e+01
-4.260817518156319750e+01
-4.246048481191695601e+01
-4.226875400573683095e+01
-4.203516090218555235e+01
-4.176663191198070280e+01
-4.146799151500679415e+01
-4.113151734932618808e+01
-4.076608181254315610e+01
-4.034291365590751610e+01
-4.147406370346282500e+01
-4.661353884458575436e+01
-4.768694435087678585e+01
-4.557042020135082794e+01
-4.280050549685799410e+01
-4.086155196351253238e+01
-4.004794696144739419e+01
-4.007498433949389494e+01
-4.055674029450489115e+01
-4.119364616474553742e+01
-4.181890509660583177e+01
-4.236776570807840159e+01
-4.282406209884317860e+01
-4.319507700091116220e+01
-4.349654190844332646e+01
-4.372938013945191216e+01
-4.389978288515693094e+01
-4.401237948508540399e+01
-4.407070120401018443e+01
-4.407743591630008240e+01
-4.404120801481388270e+01
-4.396074656419253301e+01
-4.383631699653902558e+01
-4.367201890145609156e+01
-4.347076649971774032e+01
-4.322103283729632039e+01
-4.291399814293202297e+01
-4.250701624257077782e+01
-4.187248984341216840e+01
-3.793603133657869364e+01
-4.309555973208276214e+01
-4.436520042145176035e+01
-4.255680116546302827e+01
-4.004652563020044909e+01
-3.823714194236221431e+01
-3.741565971649376365e+01
-3.735139610248960906e+01
-3.770769205738596952e+01
-3.822320833645029836e+01
-3.873095751303112877e+01
-3.917050986534673029e+01
-3.952126081179942219e+01
-3.978973386393506217e+01
-3.998338126621794686e+01
-4.010972848552879100e+01
-4.017696385404370574e+01
-4.018927876504319840e+01
-4.015016115157413168e+01
-4.006277641517059607e+01
-3.993028286040014763e+01
-3.975613136115694601e+01
-3.954442550215804886e+01
-3.930048278576184373e+01
-3.902904489354160233e+01
-3.874119554285007183e+01
-3.845883646656691468e+01
-3.822657097095788714e+01
-3.820445563500388175e+01
-3.917523997435430516e+01
-4.462876999781660459e+01
-4.605543123154817664e+01
-4.427152623428139577e+01
-4.176420509977069884e+01
-4.001186493327274718e+01
-3.927262319351540754e+01
-3.929984290938322289e+01
-3.975077199629139102e+01
-4.034601555068876166e+01
-4.092222325541722228e+01
-4.142171727631620826e+01
-4.182965700759075389e+01
-4.215510348487489267e+01
-4.240712346081841133e+01
-4.258787321191326214e+01
-4.270396114209804495e+01
-4.276034574135499611e+01
-4.276105000305371817e+01
-4.270926753058161296e+01
-4.260817518156321881e+01
-4.246048481191692758e+01
-4.226875400573685226e+01
-4.203516090218555235e+01
-4.176663191198070990e+01
-4.146799151500681546e+01
-4.113151734932617387e+01
-4.076608181254317742e+01
-4.034291365590753031e+01
-4.147406370346257631e+01
-4.661353884458578278e+01
-4.768694435087662242e+01
-4.557042020135099847e+01
-4.280050549685792305e+01
-4.086155196351265317e+01
-4.004794696144735866e+01
-4.007498433949395888e+01
-4.055674029450484852e+01
-4.119364616474555874e+01
-4.181890509660576072e+01
-4.236776570807841580e+01
-4.282406209884312887e+01
-4.319507700091118352e+01
-4.349654190844329094e+01
-4.372938013945195479e+01
-4.389978288515689542e+01
-4.401237948508545372e+01
-4.407070120401016311e+01
-4.407743591630013924e+01
-4.404120801481387559e+01
-4.396074656419259696e+01
-4.383631699653901137e+01
-4.367201890145616261e+01
-4.347076649971774742e+01
-4.322103283729638434e+01
-4.291399814293203008e+01
-4.250701624257083466e+01
-4.187248984341218261e+01
-3.793603133657868653e+01
-4.309555973208267687e+01
-4.436520042145163245e+01
-4.255680116546309932e+01
-4.004652563020065514e+01
-3.823714194236231378e+01
-3.741565971649379208e+01
-3.735139610248957354e+01
-3.770769205738595531e+01
-3.822320833645028415e+01
-3.873095751303107903e+01
-3.917050986534668056e+01
-3.952126081179932982e+01
-3.978973386393498402e+01
-3.998338126621791133e+01
-4.010972848552875547e+01
-4.017696385404365600e+01
-4.018927876504321972e+01
-4.015016115157411036e+01
-4.006277641517061738e+01
-3.993028286040014052e+01
-3.975613136115700996e+01
-3.954442550215811281e+01
-3.930048278576190768e+01
-3.902904489354170181e+01
-3.874119554285014289e+01
-3.845883646656701416e+01
-3.822657097095800083e+01
-3.820445563500397412e+01
-3.917523997435426963e+01
-4.462876999781666143e+01
-4.605543123154836849e+01
-4.427152623428148104e+01
-4.176420509977071305e+01
-4.001186493327276139e+01
-3.927262319351538622e+01
-3.929984290938318736e+01
-3.975077199629135549e+01
-4.034601555068873324e+01
-4.092222325541719385e+01
-4.142171727631620115e+01
-4.182965700759075389e+01
-4.215510348487487846e+01
-4.240712346081841133e+01
-4.258787321191326214e+01
-4.270396114209808047e+01
-4.276034574135499611e+01
-4.276105000305375370e+01
-4.270926753058164138e+01
-4.260817518156322592e+01
-4.246048481191698443e+01
-4.226875400573687358e+01
-4.203516090218555945e+01
-4.176663191198073832e+01
-4.146799151500682967e+01
-4.113151734932620229e+01
-4.076608181254319874e+01
-4.034291365590753742e+01
-4.147406370346288185e+01
-4.661353884458607411e+01
-4.768694435087667927e+01
-4.557042020135092031e+01
-4.280050549685772410e+01
-4.086155196351251107e+01
-4.004794696144720945e+01
-4.007498433949390915e+01
-4.055674029450482010e+01
-4.119364616474557295e+01
-4.181890509660579625e+01
-4.236776570807847264e+01
-4.282406209884315729e+01
-4.319507700091123326e+01
-4.349654190844329804e+01
-4.372938013945199032e+01
-4.389978288515688121e+01
-4.401237948508544662e+01
-4.407070120401012758e+01
-4.407743591630011082e+01
-4.404120801481381875e+01
-4.396074656419256854e+01
-4.383631699653895453e+01
-4.367201890145611287e+01
-4.347076649971767637e+01
-4.322103283729633461e+01
-4.291399814293195192e+01
-4.250701624257079203e+01
-4.187248984341216129e+01
