-1.004191630228816523e+00
-1.028512421977612279e+00
-1.074781774041835947e+00
-1.185093276940423879e+00
-1.305273979033073850e+00
-1.419232274583199338e+00
-1.530073058040895662e+00
-1.641018991711599373e+00
-1.750877876955305279e+00
-1.868024106566792852e+00
-1.946126283170153570e+00
-1.997077115943811876e+00
-2.052369549708400243e+00
-2.109550214052047679e+00
-2.167435319161321594e+00
-2.225500530795657461e+00
-2.283790833718111202e+00
-2.343103588576731511e+00
-2.389453142799092156e+00
-2.424041958801369745e+00
-2.458367209129569630e+00
-2.491437020489595255e+00
-2.522732223473639124e+00
-2.551931534985062200e+00
-2.578859499013471890e+00
-2.603483279910093984e+00
-2.625955957240799776e+00
-2.644913398202198174e+00
-2.657758073890921224e+00
-2.668836888978310284e+00
-2.678163445583981783e+00
-2.685810590598171288e+00
-2.691706231670041305e+00
-2.695456982086431807e+00
-2.696207916595303899e+00
-2.692611836347744259e+00
-2.682997217494019537e+00
-2.665838672455505431e+00
-2.640573386150814272e+00
-2.606253502712952752e+00
-2.567372142159349835e+00
-2.531723046987016446e+00
-2.519457690565108265e+00
-2.600761943877337501e+00
-2.809156574506708637e+00
-3.020629095214090398e+00
-3.260050170787755164e+00
-3.760804806707950476e+00
-4.964344352872711141e+00
-1.004191630228818966e+00
-1.028512421977614721e+00
-1.074781774041833060e+00
-1.185093276940422324e+00
-1.305273979033076737e+00
-1.419232274583200670e+00
-1.530073058040893885e+00
-1.641018991711600039e+00
-1.750877876955302170e+00
-1.868024106566795073e+00
-1.946126283170151794e+00
-1.997077115943810099e+00
-2.052369549708401575e+00
-2.109550214052057004e+00
-2.167435319161322482e+00
-2.225500530795653908e+00
-2.283790833718103208e+00
-2.343103588576722629e+00
-2.389453142799085050e+00
-2.424041958801367969e+00
-2.458367209129566966e+00
-2.491437020489597920e+00
-2.522732223473652446e+00
-2.551931534985058647e+00
-2.578859499013480772e+00
-2.603483279910086878e+00
-2.625955957240799776e+00
-2.644913398202190180e+00
-2.657758073890921224e+00
-2.668836888978300514e+00
-2.678163445583980895e+00
-2.685810590598166847e+00
-2.691706231670030647e+00
-2.695456982086435360e+00
-2.696207916595296794e+00
-2.692611836347754917e+00
-2.682997217494012432e+00
-2.665838672455508984e+00
-2.640573386150796509e+00
-2.606253502712954528e+00
-2.567372142159353388e+00
-2.531723046987023551e+00
-2.519457690565129582e+00
-2.600761943877323290e+00
-2.809156574506708637e+00
-3.020629095214086846e+00
-3.260050170787767598e+00
-3.760804806707946923e+00
-4.964344352872705812e+00
-1.004191630228818077e+00
-1.028512421977614277e+00
-1.074781774041833504e+00
-1.185093276940424545e+00
-1.305273979033074294e+00
-1.419232274583198450e+00
-1.530073058040895440e+00
-1.641018991711604258e+00
-1.750877876955305279e+00
-1.868024106566797293e+00
-1.946126283170158011e+00
-1.997077115943817205e+00
-2.052369549708405128e+00
-2.109550214052058337e+00
-2.167435319161322482e+00
-2.225500530795658349e+00
-2.283790833718116531e+00
-2.343103588576717300e+00
-2.389453142799092156e+00
-2.424041958801374186e+00
-2.458367209129579400e+00
-2.491437020489601473e+00
-2.522732223473644453e+00
-2.551931534985061312e+00
-2.578859499013481660e+00
-2.603483279910089543e+00
-2.625955957240796224e+00
-2.644913398202190180e+00
-2.657758073890931882e+00
-2.668836888978302291e+00
-2.678163445583992441e+00
-2.685810590598162406e+00
-2.691706231670055516e+00
-2.695456982086440689e+00
-2.696207916595316334e+00
-2.692611836347756693e+00
-2.682997217494028419e+00
-2.665838672455501879e+00
-2.640573386150808943e+00
-2.606253502712947423e+00
-2.567372142159340953e+00
-2.531723046987018222e+00
-2.519457690565124253e+00
-2.600761943877314408e+00
-2.809156574506710413e+00
-3.020629095214095727e+00
-3.260050170787737400e+00
-3.760804806707942483e+00
-4.964344352872705812e+00
-3.731112117953882290e+01
-3.850349052005081774e+01
-3.933023473182416296e+01
-3.998047530589096965e+01
-4.048174180482456563e+01
-4.085512481959604258e+01
-4.112889325038671728e+01
-4.135917092573262721e+01
-4.156760066398194198e+01
-4.176105296496377406e+01
-4.194179023760832337e+01
-4.210922354148868862e+01
-4.226372481371465994e+01
-4.240505020806514835e+01
-4.253328198956072015e+01
-4.264873643159106820e+01
-4.275202780459100182e+01
-4.284329547276908556e+01
-4.292330292535478975e+01
-4.299176325678546107e+01
-4.304996787263796421e+01
-4.309706936939943489e+01
-4.312751609274765485e+01
-4.312344351453219105e+01
-4.307371518157202672e+01
-4.298502684901416870e+01
-4.287439760773462183e+01
-4.278896567346141921e+01
-4.288578931859047572e+01
-3.487077722159020254e+01
-3.663579750156589654e+01
-3.747881930379088544e+01
-3.807282379322887067e+01
-3.856061183791398150e+01
-3.892742285549490333e+01
-3.916664810943828456e+01
-3.928416189387669988e+01
-3.934955127145580889e+01
-3.938902198410205813e+01
-3.941378800251960968e+01
-3.942525810505320294e+01
-3.942436851500524853e+01
-3.941054814893254132e+01
-3.938414623916906976e+01
-3.934457604095610606e+01
-3.929272116107046742e+01
-3.922954728745636999e+01
-3.915701792632742695e+01
-3.907751189460385888e+01
-3.899326514065320026e+01
-3.890897415993367758e+01
-3.882842238477615382e+01
-3.876050542292841072e+01
-3.871829209610083211e+01
-3.872103938389982858e+01
-3.877300188182221774e+01
-3.895703231861789817e+01
-3.955112160276324573e+01
-3.716972380967926881e+01
-3.864454255416967499e+01
-3.954031324288439464e+01
-4.025261253151246166e+01
-4.083290478002218293e+01
-4.128913957012069602e+01
-4.164233374355671913e+01
-4.190924714959477626e+01
-4.211836168454735230e+01
-4.229975041781730738e+01
-4.246067731497224429e+01
-4.260454557787727481e+01
-4.273013678738563925e+01
-4.283957564068042956e+01
-4.293347601245184819e+01
-4.301255283951922337e+01
-4.307691000896686262e+01
-4.312695116834171216e+01
-4.316521557812510679e+01
-4.318875255889689413e+01
-4.319852459668903322e+01
-4.319058618621645707e+01
-4.315362380636385353e+01
-4.307559835059763031e+01
-4.295649653255696876e+01
-4.280001348922291982e+01
-4.262147680859969512e+01
-4.245893675885643859e+01
-4.244076721415559916e+01
-3.731112117953868079e+01
-3.850349052005067563e+01
-3.933023473182409191e+01
-3.998047530589085596e+01
-4.048174180482432405e+01
-4.085512481959587205e+01
-4.112889325038659649e+01
-4.135917092573259879e+01
-4.156760066398182119e+01
-4.176105296496368169e+01
-4.194179023760827363e+01
-4.210922354148850388e+01
-4.226372481371460310e+01
-4.240505020806502046e+01
-4.253328198956068462e+01
-4.264873643159107530e+01
-4.275202780459097340e+01
-4.284329547276910688e+01
-4.292330292535486791e+01
-4.299176325678558896e+01
-4.304996787263804947e+01
-4.309706936939957700e+01
-4.312751609274774012e+01
-4.312344351453232605e+01
-4.307371518157202672e+01
-4.298502684901431081e+01
-4.287439760773482789e+01
-4.278896567346169633e+01
-4.288578931859080967e+01
-3.487077722159027360e+01
-3.663579750156605286e+01
-3.747881930379110571e+01
-3.807282379322901278e+01
-3.856061183791416624e+01
-3.892742285549497439e+01
-3.916664810943841246e+01
-3.928416189387672830e+01
-3.934955127145589415e+01
-3.938902198410218602e+01
-3.941378800251975179e+01
-3.942525810505329531e+01
-3.942436851500533379e+01
-3.941054814893261238e+01
-3.938414623916907686e+01
-3.934457604095616290e+01
-3.929272116107040347e+01
-3.922954728745638420e+01
-3.915701792632748379e+01
-3.907751189460388730e+01
-3.899326514065320737e+01
-3.890897415993362074e+01
-3.882842238477613961e+01
-3.876050542292839651e+01
-3.871829209610069000e+01
-3.872103938389969358e+01
-3.877300188182221063e+01
-3.895703231861772764e+01
-3.955112160276316757e+01
-3.716972380967931855e+01
-3.864454255416959683e+01
-3.954031324288433780e+01
-4.025261253151242613e+01
-4.083290478002206214e+01
-4.128913957012059655e+01
-4.164233374355666939e+01
-4.190924714959474073e+01
-4.211836168454725993e+01
-4.229975041781724343e+01
-4.246067731497220876e+01
-4.260454557787728191e+01
-4.273013678738558951e+01
-4.283957564068042956e+01
-4.293347601245182688e+01
-4.301255283951921626e+01
-4.307691000896687683e+01
-4.312695116834179032e+01
-4.316521557812514942e+01
-4.318875255889696518e+01
-4.319852459668910427e+01
-4.319058618621650680e+01
-4.315362380636396722e+01
-4.307559835059770847e+01
-4.295649653255706113e+01
-4.280001348922302640e+01
-4.262147680859982302e+01
-4.245893675885658070e+01
-4.244076721415574127e+01
-3.731112117953873053e+01
-3.850349052005075379e+01
-3.933023473182421270e+01
-3.998047530589097676e+01
-4.048174180482440931e+01
-4.085512481959601416e+01
-4.112889325038675281e+01
-4.135917092573265563e+01
-4.156760066398196329e+01
-4.176105296496378827e+01
-4.194179023760833758e+01
-4.210922354148856783e+01
-4.226372481371464573e+01
-4.240505020806509151e+01
-4.253328198956069173e+01
-4.264873643159106820e+01
-4.275202780459098051e+01
-4.284329547276911399e+01
-4.292330292535482528e+01
-4.299176325678557475e+01
-4.304996787263798552e+01
-4.309706936939942779e+01
-4.312751609274769748e+01
-4.312344351453226921e+01
-4.307371518157199120e+01
-4.298502684901419713e+01
-4.287439760773474262e+01
-4.278896567346150448e+01
-4.288578931859060361e+01
-3.487077722159018833e+01
-3.663579750156591075e+01
-3.747881930379089965e+01
-3.807282379322884935e+01
-3.856061183791395308e+01
-3.892742285549473991e+01
-3.916664810943824904e+01
-3.928416189387658619e+01
-3.934955127145578047e+01
-3.938902198410206523e+01
-3.941378800251958126e+01
-3.942525810505323136e+01
-3.942436851500526984e+01
-3.941054814893257685e+01
-3.938414623916902713e+01
-3.934457604095607763e+01
-3.929272116107043189e+01
-3.922954728745641262e+01
-3.915701792632741984e+01
-3.907751189460393704e+01
-3.899326514065328553e+01
-3.890897415993367048e+01
-3.882842238477618935e+01
-3.876050542292839651e+01
-3.871829209610083211e+01
-3.872103938389979305e+01
-3.877300188182223906e+01
-3.895703231861790528e+01
-3.955112160276343047e+01
-3.716972380967926171e+01
-3.864454255416961814e+01
-3.954031324288439464e+01
-4.025261253151244034e+01
-4.083290478002212609e+01
-4.128913957012062497e+01
-4.164233374355671913e+01
-4.190924714959479047e+01
-4.211836168454729545e+01
-4.229975041781732159e+01
-4.246067731497228692e+01
-4.260454557787731744e+01
-4.273013678738563925e+01
-4.283957564068050772e+01
-4.293347601245184819e+01
-4.301255283951923047e+01
-4.307691000896683420e+01
-4.312695116834178322e+01
-4.316521557812518495e+01
-4.318875255889693676e+01
-4.319852459668909717e+01
-4.319058618621650680e+01
-4.315362380636388906e+01
-4.307559835059768716e+01
-4.295649653255703271e+01
-4.280001348922297666e+01
-4.262147680859972354e+01
-4.245893675885648122e+01
-4.244076721415562758e+01
