-7.190697078459109548e-01
-8.138006939425737052e-01
-9.070903978374236232e-01
-1.003270223262172633e+00
-1.105479267498895801e+00
-1.234346594093645777e+00
-1.359152687028154505e+00
-1.481895202616104523e+00
-1.607590224926504607e+00
-1.736520960778384470e+00
-1.874168927693839581e+00
-1.948613111981321033e+00
-2.015520260198353508e+00
-2.085749659595738326e+00
-2.157727998976385120e+00
-2.230909016740880269e+00
-2.305685075660262484e+00
-2.371898223784373094e+00
-2.418724126983979872e+00
-2.465633422229752014e+00
-2.511514174990458592e+00
-2.555810679403953678e+00
-2.598247568463507129e+00
-2.638805009655214917e+00
-2.674683450011190899e+00
-2.704418666536498428e+00
-2.731762081545163312e+00
-2.756578758232697268e+00
-2.778829999432550935e+00
-2.798705296111396734e+00
-2.816556941568032713e+00
-2.832753164159788284e+00
-2.843986164358671687e+00
-2.852882522187497827e+00
-2.859461592017659370e+00
-2.862939395895622852e+00
-2.862377925185469962e+00
-2.856961015758498590e+00
-2.846523730943452790e+00
-2.832272668417623152e+00
-2.816990838057218838e+00
-2.805649585961949910e+00
-2.804262764491287641e+00
-2.803919226679255416e+00
-2.987959027278247248e+00
-3.358601553617011959e+00
-3.558311818355596401e+00
-4.161120481209749755e+00
-5.354404646740087870e+00
-7.190697078459103997e-01
-8.138006939425730391e-01
-9.070903978374217358e-01
-1.003270223262174854e+00
-1.105479267498897578e+00
-1.234346594093648886e+00
-1.359152687028153617e+00
-1.481895202616097196e+00
-1.607590224926504829e+00
-1.736520960778384914e+00
-1.874168927693839137e+00
-1.948613111981313040e+00
-2.015520260198348623e+00
-2.085749659595736993e+00
-2.157727998976380679e+00
-2.230909016740883821e+00
-2.305685075660274919e+00
-2.371898223784372206e+00
-2.418724126983978095e+00
-2.465633422229748462e+00
-2.511514174990449710e+00
-2.555810679403959895e+00
-2.598247568463506241e+00
-2.638805009655213141e+00
-2.674683450011198005e+00
-2.704418666536495763e+00
-2.731762081545172194e+00
-2.756578758232692827e+00
-2.778829999432550935e+00
-2.798705296111391405e+00
-2.816556941568043371e+00
-2.832753164159795389e+00
-2.843986164358657476e+00
-2.852882522187481840e+00
-2.859461592017666476e+00
-2.862939395895624628e+00
-2.862377925185489502e+00
-2.856961015758480826e+00
-2.846523730943445685e+00
-2.832272668417621375e+00
-2.816990838057213509e+00
-2.805649585961957015e+00
-2.804262764491292970e+00
-2.803919226679262522e+00
-2.987959027278227708e+00
-3.358601553617006630e+00
-3.558311818355601730e+00
-4.161120481209739097e+00
-5.354404646740087870e+00
-7.190697078459111768e-01
-8.138006939425749264e-01
-9.070903978374240673e-01
-1.003270223262173522e+00
-1.105479267498901130e+00
-1.234346594093647331e+00
-1.359152687028158280e+00
-1.481895202616097418e+00
-1.607590224926502831e+00
-1.736520960778387579e+00
-1.874168927693841358e+00
-1.948613111981318813e+00
-2.015520260198347735e+00
-2.085749659595735217e+00
-2.157727998976385120e+00
-2.230909016740869610e+00
-2.305685075660267813e+00
-2.371898223784370430e+00
-2.418724126983978984e+00
-2.465633422229739580e+00
-2.511514174990459480e+00
-2.555810679403944796e+00
-2.598247568463509793e+00
-2.638805009655211364e+00
-2.674683450011190899e+00
-2.704418666536493099e+00
-2.731762081545168641e+00
-2.756578758232703485e+00
-2.778829999432554487e+00
-2.798705296111384300e+00
-2.816556941568039818e+00
-2.832753164159795389e+00
-2.843986164358659252e+00
-2.852882522187490721e+00
-2.859461592017666476e+00
-2.862939395895626404e+00
-2.862377925185491279e+00
-2.856961015758482603e+00
-2.846523730943454566e+00
-2.832272668417628481e+00
-2.816990838057225943e+00
-2.805649585961951686e+00
-2.804262764491282311e+00
-2.803919226679257193e+00
-2.987959027278261459e+00
-3.358601553616999524e+00
-3.558311818355617717e+00
-4.161120481209746202e+00
-5.354404646740084317e+00
-4.147536483471512980e+01
-4.661614366776956331e+01
-4.769016673396331640e+01
-4.557397882961667790e+01
-4.280417885065897110e+01
-4.086559185671957550e+01
-4.005246646032076541e+01
-4.007992497828339395e+01
-4.056184748396888295e+01
-4.119893842990806831e+01
-4.182407756998016879e+01
-4.237310367514139386e+01
-4.282955138145512564e+01
-4.320071987991121176e+01
-4.350191300037793241e+01
-4.373487805372688797e+01
-4.390538457863178223e+01
-4.401806990499731853e+01
-4.407646544337448091e+01
-4.408325065371339946e+01
-4.404749007069143119e+01
-4.396705290356931073e+01
-4.384263721431987193e+01
-4.367866262226121421e+01
-4.347735636138017412e+01
-4.322762673951431367e+01
-4.292031742640179459e+01
-4.251271083355465663e+01
-4.187645695924359757e+01
-3.795163038208634276e+01
-4.311025907717835537e+01
-4.437830610154021826e+01
-4.256790796318097847e+01
-4.005601530648412023e+01
-3.824546929071196644e+01
-3.742335045722481368e+01
-3.735935382122202952e+01
-3.771611177925570502e+01
-3.823246594264730192e+01
-3.874087771548789760e+01
-3.918094016248993938e+01
-3.953219268923909624e+01
-3.980115392837128496e+01
-3.999527522670966562e+01
-4.012210234159754663e+01
-4.018980764561408137e+01
-4.020258488074838255e+01
-4.016392373921544845e+01
-4.007699056590005426e+01
-3.994494318885778483e+01
-3.977122958308616063e+01
-3.955994645296834733e+01
-3.931639860917339035e+01
-3.904511751504202977e+01
-3.875745516372570876e+01
-3.847501283498885272e+01
-3.824205829017844138e+01
-3.821787733665343012e+01
-3.915914733441995565e+01
-4.461328409629318514e+01
-4.604153028155126037e+01
-4.425969641941237143e+01
-4.175413688785041444e+01
-4.000295107279686846e+01
-3.926407273259921737e+01
-3.929133565559530439e+01
-3.974216348617984096e+01
-4.033727875200992230e+01
-4.091332590129808011e+01
-4.141279354335819107e+01
-4.182058633019043725e+01
-4.214613120711960903e+01
-4.239802075773495460e+01
-4.257863043474456077e+01
-4.269456032857306127e+01
-4.275076258898928216e+01
-4.275149609627948877e+01
-4.269927615716186153e+01
-4.259796251016974367e+01
-4.245003695638934715e+01
-4.225807420419194926e+01
-4.202428342674799921e+01
-4.175509159072737475e+01
-4.145640293427396728e+01
-4.112010178325557774e+01
-4.075497870932541389e+01
-4.033391217728608780e+01
-4.147536483471508006e+01
-4.661614366776939278e+01
-4.769016673396344430e+01
-4.557397882961704738e+01
-4.280417885065909189e+01
-4.086559185671984551e+01
-4.005246646032079383e+01
-4.007992497828349343e+01
-4.056184748396887585e+01
-4.119893842990801147e+01
-4.182407756998016879e+01
-4.237310367514130860e+01
-4.282955138145512564e+01
-4.320071987991113360e+01
-4.350191300037794662e+01
-4.373487805372683823e+01
-4.390538457863179644e+01
-4.401806990499740380e+01
-4.407646544337449512e+01
-4.408325065371348472e+01
-4.404749007069147382e+01
-4.396705290356938889e+01
-4.384263721431985772e+01
-4.367866262226133500e+01
-4.347735636138038018e+01
-4.322762673951435630e+01
-4.292031742640186565e+01
-4.251271083355465663e+01
-4.187645695924359046e+01
-3.795163038208643513e+01
-4.311025907717851169e+01
-4.437830610154038880e+01
-4.256790796318107795e+01
-4.005601530648425523e+01
-3.824546929071195223e+01
-3.742335045722489184e+01
-3.735935382122204373e+01
-3.771611177925574054e+01
-3.823246594264735165e+01
-3.874087771548796866e+01
-3.918094016249000333e+01
-3.953219268923915308e+01
-3.980115392837130628e+01
-3.999527522670971535e+01
-4.012210234159762479e+01
-4.018980764561412400e+01
-4.020258488074838255e+01
-4.016392373921545556e+01
-4.007699056590008979e+01
-3.994494318885777062e+01
-3.977122958308615353e+01
-3.955994645296837575e+01
-3.931639860917336904e+01
-3.904511751504203687e+01
-3.875745516372563770e+01
-3.847501283498871771e+01
-3.824205829017837743e+01
-3.821787733665341591e+01
-3.915914733441990592e+01
-4.461328409629317093e+01
-4.604153028155133143e+01
-4.425969641941240695e+01
-4.175413688785038602e+01
-4.000295107279683293e+01
-3.926407273259925290e+01
-3.929133565559532570e+01
-3.974216348617987649e+01
-4.033727875200995072e+01
-4.091332590129804458e+01
-4.141279354335816265e+01
-4.182058633019040883e+01
-4.214613120711960903e+01
-4.239802075773494039e+01
-4.257863043474456788e+01
-4.269456032857306127e+01
-4.275076258898927506e+01
-4.275149609627949587e+01
-4.269927615716187574e+01
-4.259796251016976498e+01
-4.245003695638937558e+01
-4.225807420419194216e+01
-4.202428342674802764e+01
-4.175509159072736054e+01
-4.145640293427398859e+01
-4.112010178325559195e+01
-4.075497870932542810e+01
-4.033391217728610201e+01
-4.147536483471525770e+01
-4.661614366776965568e+01
-4.769016673396351536e+01
-4.557397882961703317e+01
-4.280417885065898531e+01
-4.086559185671976735e+01
-4.005246646032071567e+01
-4.007992497828348633e+01
-4.056184748396873374e+01
-4.119893842990803279e+01
-4.182407756998021142e+01
-4.237310367514133702e+01
-4.282955138145517537e+01
-4.320071987991116202e+01
-4.350191300037798214e+01
-4.373487805372685244e+01
-4.390538457863181065e+01
-4.401806990499742511e+01
-4.407646544337448091e+01
-4.408325065371347051e+01
-4.404749007069140987e+01
-4.396705290356938889e+01
-4.384263721431976535e+01
-4.367866262226119289e+01
-4.347735636138024518e+01
-4.322762673951430656e+01
-4.292031742640183722e+01
-4.251271083355459979e+01
-4.187645695924356204e+01
-3.795163038208630724e+01
-4.311025907717851169e+01
-4.437830610154035327e+01
-4.256790796318108505e+01
-4.005601530648425523e+01
-3.824546929071203749e+01
-3.742335045722492026e+01
-3.735935382122202952e+01
-3.771611177925566949e+01
-3.823246594264730192e+01
-3.874087771548789760e+01
-3.918094016248988964e+01
-3.953219268923910334e+01
-3.980115392837124944e+01
-3.999527522670964430e+01
-4.012210234159759636e+01
-4.018980764561409558e+01
-4.020258488074841097e+01
-4.016392373921544845e+01
-4.007699056590011821e+01
-3.994494318885778483e+01
-3.977122958308621037e+01
-3.955994645296843260e+01
-3.931639860917347562e+01
-3.904511751504209371e+01
-3.875745516372571586e+01
-3.847501283498883851e+01
-3.824205829017844849e+01
-3.821787733665345144e+01
-3.915914733441988460e+01
-4.461328409629321357e+01
-4.604153028155147354e+01
-4.425969641941244959e+01
-4.175413688785044997e+01
-4.000295107279681872e+01
-3.926407273259921737e+01
-3.929133565559527597e+01
-3.974216348617984096e+01
-4.033727875200992941e+01
-4.091332590129805880e+01
-4.141279354335816976e+01
-4.182058633019043015e+01
-4.214613120711960903e+01
-4.239802075773495460e+01
-4.257863043474456788e+01
-4.269456032857306838e+01
-4.275076258898929638e+01
-4.275149609627953851e+01
-4.269927615716191127e+01
-4.259796251016977209e+01
-4.245003695638938979e+01
-4.225807420419197058e+01
-4.202428342674801343e+01
-4.175509159072737475e+01
-4.145640293427399570e+01
-4.112010178325558485e+01
-4.075497870932540678e+01
-4.033391217728608069e+01
