-7.896326142129774794e-01
-1.031286863670781928e+00
-1.340583344650259079e+00
-1.663404369837573338e+00
-1.941942864280295167e+00
-2.122339069067384010e+00
-2.319962832001166042e+00
-2.473805356536733946e+00
-2.625882304911647314e+00
-2.781300927556937808e+00
-2.919804918948718964e+00
-3.028599021189462004e+00
-3.085571145910754431e+00
-3.111994600228114471e+00
-3.168647991475534109e+00
-3.097895011168029455e+00
-2.102311438186252435e+00
-5.136837880918321275e-01
-2.969435533366360680e+00
-7.896326142129747039e-01
-1.031286863670775045e+00
-1.340583344650243980e+00
-1.663404369837560681e+00
-1.941942864280282510e+00
-2.122339069067370687e+00
-2.319962832001150055e+00
-2.473805356536709965e+00
-2.625882304911620224e+00
-2.781300927556910274e+00
-2.919804918948686101e+00
-3.028599021189429141e+00
-3.085571145910727786e+00
-3.111994600228111807e+00
-3.168647991475574521e+00
-3.097895011168107615e+00
-2.102311438186330150e+00
-5.136837880918447841e-01
-2.969435533366366897e+00
-7.896326142129761472e-01
-1.031286863670777265e+00
-1.340583344650249753e+00
-1.663404369837562236e+00
-1.941942864280286951e+00
-2.122339069067372463e+00
-2.319962832001150499e+00
-2.473805356536713962e+00
-2.625882304911622001e+00
-2.781300927556907610e+00
-2.919804918948676331e+00
-3.028599021189414486e+00
-3.085571145910700253e+00
-3.111994600228055408e+00
-3.168647991475457282e+00
-3.097895011167905110e+00
-2.102311438185976655e+00
-5.136837880911073739e-01
-2.969435533366089786e+00
-4.365290740837411221e+01
-4.468612500758563044e+01
-4.116948031964166432e+01
-4.139436072096681585e+01
-4.280301554040808298e+01
-4.370769346793851895e+01
-4.407370572875693426e+01
-4.400638312470557167e+01
-4.357646747706910162e+01
-4.284818873496703162e+01
-4.193358959461548352e+01
-4.339414795156919524e+01
-4.446299535131678482e+01
-4.105008862183759533e+01
-4.137825724565697527e+01
-4.291178299228621285e+01
-4.395254482738032209e+01
-4.446095562528024914e+01
-4.454093609700257872e+01
-4.425942431672004318e+01
-4.368189678974935219e+01
-4.287225865249110512e+01
-3.884991951239156549e+01
-4.054657917252551158e+01
-3.759882419565287393e+01
-3.773815172935358220e+01
-3.889978187225839434e+01
-3.957656205459974785e+01
-3.974643097691877358e+01
-3.955070487623994779e+01
-3.905061234399915548e+01
-3.833972042261503788e+01
-3.768597861735612042e+01
-4.365290740837413352e+01
-4.468612500758560913e+01
-4.116948031964167853e+01
-4.139436072096684427e+01
-4.280301554040806877e+01
-4.370769346793851184e+01
-4.407370572875689874e+01
-4.400638312470556457e+01
-4.357646747706909451e+01
-4.284818873496706715e+01
-4.193358959461551194e+01
-4.339414795156926630e+01
-4.446299535131656455e+01
-4.105008862183767349e+01
-4.137825724565704633e+01
-4.291178299228615600e+01
-4.395254482738035051e+01
-4.446095562528032019e+01
-4.454093609700255030e+01
-4.425942431672010713e+01
-4.368189678974945167e+01
-4.287225865249109091e+01
-3.884991951239157970e+01
-4.054657917252546184e+01
-3.759882419565282419e+01
-3.773815172935361062e+01
-3.889978187225834461e+01
-3.957656205459976206e+01
-3.974643097691878779e+01
-3.955070487623991937e+01
-3.905061234399910575e+01
-3.833972042261505209e+01
-3.768597861735612042e+01
-4.365290740837416195e+01
-4.468612500758569439e+01
-4.116948031964169985e+01
-4.139436072096686559e+01
-4.280301554040812562e+01
-4.370769346793861132e+01
-4.407370572875699111e+01
-4.400638312470564983e+01
-4.357646747706916557e+01
-4.284818873496712399e+01
-4.193358959461556879e+01
-4.339414795156942972e+01
-4.446299535131669955e+01
-4.105008862183758112e+01
-4.137825724565709606e+01
-4.291178299228617021e+01
-4.395254482738030788e+01
-4.446095562528034861e+01
-4.454093609700253609e+01
-4.425942431672007871e+01
-4.368189678974941614e+01
-4.287225865249105539e+01
-3.884991951239146601e+01
-4.054657917252540500e+01
-3.759882419565276734e+01
-3.773815172935347562e+01
-3.889978187225826645e+01
-3.957656205459965548e+01
-3.974643097691867411e+01
-3.955070487623984121e+01
-3.905061234399900627e+01
-3.833972042261496682e+01
-3.768597861735599253e+01
