-7.950120736817183342e-01
-1.042852234977516446e+00
-1.354522089908845484e+00
-1.678845650699241965e+00
-1.958385459557032693e+00
-2.137406564120183372e+00
-2.326514879081048370e+00
-2.460051252665492072e+00
-2.575495613315494925e+00
-2.675681886582544688e+00
-2.747533558154306110e+00
-2.802955241573799938e+00
-2.842940895803697021e+00
-2.863347905062630261e+00
-2.860832360736389468e+00
-2.825740374018027357e+00
-2.794921224546739857e+00
-3.118888782774325019e+00
-4.017049294071708410e+00
-7.950120736817186673e-01
-1.042852234977515336e+00
-1.354522089908845039e+00
-1.678845650699242409e+00
-1.958385459557031805e+00
-2.137406564120181596e+00
-2.326514879081047482e+00
-2.460051252665495181e+00
-2.575495613315499366e+00
-2.675681886582544244e+00
-2.747533558154310107e+00
-2.802955241573793721e+00
-2.842940895803702794e+00
-2.863347905062634702e+00
-2.860832360736390800e+00
-2.825740374018026468e+00
-2.794921224546740302e+00
-3.118888782774323243e+00
-4.017049294071707521e+00
-7.950120736817193334e-01
-1.042852234977516002e+00
-1.354522089908847260e+00
-1.678845650699243519e+00
-1.958385459557033137e+00
-2.137406564120186925e+00
-2.326514879081045706e+00
-2.460051252665493404e+00
-2.575495613315499366e+00
-2.675681886582541136e+00
-2.747533558154306554e+00
-2.802955241573799494e+00
-2.842940895803700574e+00
-2.863347905062636478e+00
-2.860832360736386804e+00
-2.825740374018029577e+00
-2.794921224546739857e+00
-3.118888782774320578e+00
-4.017049294071704857e+00
-4.310846828528741526e+01
-4.437607805805397732e+01
-4.102386679905270483e+01
-4.131902685753404825e+01
-4.276455990242505578e+01
-4.373675614118692323e+01
-4.418985946254826302e+01
-4.422144818823199586e+01
-4.389702431483763689e+01
-4.328109965042096263e+01
-4.241346215614952797e+01
-4.279094550829972121e+01
-4.376923850912120173e+01
-4.031897110175008692e+01
-4.054814034684957846e+01
-4.197539303256338172e+01
-4.293878251921355371e+01
-4.339829047429320497e+01
-4.345285723621498164e+01
-4.315649822569688610e+01
-4.257098170002737447e+01
-4.180130111109944835e+01
-4.016858732992277226e+01
-4.167375288883511075e+01
-3.858235166041241371e+01
-3.874650297654287812e+01
-3.998255684294529289e+01
-4.075948230034685338e+01
-4.103610649346421724e+01
-4.090919499408567361e+01
-4.044801177101895462e+01
-3.972688401099924249e+01
-3.893402930158812580e+01
-4.310846828528731578e+01
-4.437607805805390626e+01
-4.102386679905272615e+01
-4.131902685753401983e+01
-4.276455990242506289e+01
-4.373675614118685928e+01
-4.418985946254827013e+01
-4.422144818823196033e+01
-4.389702431483767953e+01
-4.328109965042096974e+01
-4.241346215614954929e+01
-4.279094550829967147e+01
-4.376923850912122305e+01
-4.031897110175010823e+01
-4.054814034684957136e+01
-4.197539303256338883e+01
-4.293878251921356792e+01
-4.339829047429319075e+01
-4.345285723621501717e+01
-4.315649822569691452e+01
-4.257098170002743132e+01
-4.180130111109947677e+01
-4.016858732992279357e+01
-4.167375288883513917e+01
-3.858235166041249187e+01
-3.874650297654289233e+01
-3.998255684294534973e+01
-4.075948230034688891e+01
-4.103610649346424566e+01
-4.090919499408565230e+01
-4.044801177101897594e+01
-3.972688401099926381e+01
-3.893402930158809028e+01
-4.310846828528737262e+01
-4.437607805805394889e+01
-4.102386679905272615e+01
-4.131902685753401983e+01
-4.276455990242504868e+01
-4.373675614118688060e+01
-4.418985946254828434e+01
-4.422144818823195322e+01
-4.389702431483766532e+01
-4.328109965042092711e+01
-4.241346215614952087e+01
-4.279094550829962884e+01
-4.376923850912122305e+01
-4.031897110175009402e+01
-4.054814034684958557e+01
-4.197539303256339593e+01
-4.293878251921357503e+01
-4.339829047429317654e+01
-4.345285723621498164e+01
-4.315649822569690741e+01
-4.257098170002741711e+01
-4.180130111109946256e+01
-4.016858732992278647e+01
-4.167375288883508233e+01
-3.858235166041250608e+01
-3.874650297654282127e+01
-3.998255684294532131e+01
-4.075948230034687469e+01
-4.103610649346421724e+01
-4.090919499408567361e+01
-4.044801177101891909e+01
-3.972688401099929933e+01
-3.893402930158815423e+01
