-8.462247647125942240e-01
-6.066148449067224613e-01
-5.026658538544024335e-01
-4.269298776421099895e-01
-3.467171430757682860e-01
-2.557572464172459537e-01
-1.651920999421396807e-01
-9.754131406456689746e-02
-7.528844659722899735e-02
-1.113090353601831062e-01
-2.029405987681254242e-01
-3.291428771077749005e-01
-4.785842703662803732e-01
-7.132676305994909427e-01
-1.154871731317580030e+00
-1.919422931923399744e+00
-1.713796101115789394e+00
2.602048870121416613e+00
1.683414320813011855e+01
6.271186729871494236e+01
8.878336335063364686e+02
5.210149779450352980e+02
6.591681198175041345e+01
7.469530863366724560e+00
9.938958340097750366e+00
5.952917985212288876e+00
4.010932591885783438e+00
2.867931572326089640e+00
2.103533500046888882e+00
1.543676710386102435e+00
1.088851052004019326e+00
6.607918778484558331e-01
1.682479243789312129e-01
-6.273235938789618604e-01
-2.434235600838138058e+00
-7.076109866392292780e+00
-8.113888749403269429e+00
-9.302508547336914013e-01
1.727969393360311301e-01
-4.709248204108085645e+00
9.592536728752347752e-01
7.863599076682206146e-01
6.506648209736747290e-01
5.248582476916392459e-01
4.057570550876725690e-01
2.678064903510160022e-01
8.062691155187184933e-02
-2.203006371356828197e-01
-1.028857599828484570e+00
-8.459694703796517556e-01
-6.065107747909436187e-01
-5.026071730480797806e-01
-4.268884672407763370e-01
-3.466771174776985820e-01
-2.557083942373021834e-01
-1.651291391046338930e-01
-9.746487003955661699e-02
-7.520446522293244840e-02
-1.112260513677802987e-01
-2.028633813034668165e-01
-3.290659620809934793e-01
-4.784923385497295012e-01
-7.131531150829859556e-01
-1.154742139595439365e+00
-1.919311901253848651e+00
-1.713770187852966309e+00
2.601872623122688744e+00
1.683464246090343863e+01
6.271223258652065624e+01
8.878497612777068753e+02
5.210045057588431519e+02
6.591737581466330198e+01
7.468194828534555185e+00
9.939124364845710602e+00
5.953040183044443268e+00
4.011035579476001089e+00
2.868044256909292322e+00
2.103647595728733943e+00
1.543790506003848151e+00
1.088962485563005789e+00
6.608990664739144982e-01
1.683411479792038534e-01
-6.272558175230504851e-01
-2.434153284808830531e+00
-7.075764538733171349e+00
-8.113518062676950748e+00
-9.303637106741766694e-01
1.728186267675102528e-01
-4.709712720813735487e+00
9.594201928858705486e-01
7.865477400898202021e-01
6.508578571812959623e-01
5.250482931488109628e-01
4.059563831009569412e-01
2.680199024297316157e-01
8.085040322738645813e-02
-2.200292340210479036e-01
-1.028457426362571203e+00
-8.488499044464458132e-01
-6.099565872060350724e-01
-5.064066564937639292e-01
-4.310495208109705878e-01
-3.511478792945452732e-01
-2.604484701520310974e-01
-1.701132161604406168e-01
-1.026913770181341334e-01
-8.069363326495571087e-02
-1.169999056305701668e-01
-2.090491014450697183e-01
-3.355090759524428368e-01
-4.852002409449314158e-01
-7.199912448711263124e-01
-1.161819077026880587e+00
-1.926689424066438949e+00
-1.721241329553714561e+00
2.595415518798896315e+00
1.682416618680999321e+01
6.270507721462928430e+01
8.880508324719990014e+02
5.209654828340852646e+02
6.590820431484962683e+01
7.447666230476714944e+00
9.929474582309309127e+00
5.942649912285779656e+00
4.000405092504798255e+00
2.856762765797176140e+00
2.091759536204386816e+00
1.531379573663041338e+00
1.076108919478205639e+00
6.475722465835525021e-01
1.544520411411003380e-01
-6.418297089696813895e-01
-2.448300439923416505e+00
-7.089051953152541330e+00
-8.127564830753319924e+00
-9.484326064528305622e-01
1.559225780798909611e-01
-4.735401676308801378e+00
9.439111431598803392e-01
7.709715515909341121e-01
6.348448214505477694e-01
5.090728851768444585e-01
3.895505027590209224e-01
2.511827072535099958e-01
6.461870830917559871e-02
-2.363260625897285472e-01
-1.042768491088517546e+00
-8.430878353256527902e-01
-6.028508353308102974e-01
-4.985105482329028614e-01
-4.223716816116680484e-01
-3.418060430229956648e-01
-2.505294126178725378e-01
-1.596692965382293661e-01
-9.172403772095605312e-02
-6.915789670569516545e-02
-1.048459593090351749e-01
-1.960016660613477235e-01
-3.218825029713994201e-01
-4.709592049830297888e-01
-7.054043596491119672e-01
-1.146625708262073662e+00
-1.910683831911492492e+00
-1.704743658194781020e+00
2.610213777325661511e+00
1.684913342647617895e+01
6.272801446956228233e+01
8.877963849878703968e+02
5.211530149601703670e+02
6.593604435817768206e+01
7.491851524228572146e+00
9.951416283158422971e+00
5.965556166233894508e+00
4.023550195116031958e+00
2.881146957350906312e+00
2.117347272181648865e+00
1.558016057009913968e+00
1.103629724937187806e+00
6.760313566327313950e-01
1.839697237449424705e-01
-6.110942046724820997e-01
-2.419167008224877513e+00
-7.063787867400167286e+00
-8.101204289795838065e+00
-9.102599117146317198e-01
1.922263289296335387e-01
-4.683351843519298896e+00
9.777341483212591555e-01
8.048847442125133256e-01
6.696821615677395201e-01
5.438211266440848846e-01
4.252325512158039444e-01
2.878046716540128003e-01
9.992197847110251274e-02
-2.009100038836404423e-01
-1.011822974117304597e+00
-8.459694703796499793e-01
-6.065107747909407321e-01
-5.026071730480706767e-01
-4.268884672407653458e-01
-3.466771174776936970e-01
-2.557083942372986307e-01
-1.651291391046236789e-01
-9.746487003956993966e-02
-7.520446522293622316e-02
-1.112260513677880702e-01
-2.028633813034936839e-01
-3.290659620809990304e-01
-4.784923385497421577e-01
-7.131531150829857335e-01
-1.154742139595439365e+00
-1.919311901253858643e+00
-1.713770187852977411e+00
2.601872623122680306e+00
1.683464246090342087e+01
6.271223258652062782e+01
8.878497612777050563e+02
5.210045057588430382e+02
6.591737581466327356e+01
7.468194828534546303e+00
9.939124364845692838e+00
5.953040183044442379e+00
4.011035579475981550e+00
2.868044256909281220e+00
2.103647595728737052e+00
1.543790506003841045e+00
1.088962485563011562e+00
6.608990664739042842e-01
1.683411479792051857e-01
-6.272558175230371624e-01
-2.434153284808824314e+00
-7.075764538733166908e+00
-8.113518062676925879e+00
-9.303637106741931007e-01
1.728186267674702847e-01
-4.709712720813726605e+00
9.594201928858727690e-01
7.865477400898130966e-01
6.508578571813030678e-01
5.250482931488136273e-01
4.059563831009489476e-01
2.680199024297325039e-01
8.085040322738334950e-02
-2.200292340210938669e-01
-1.028457426362573646e+00
-8.462247647126006633e-01
-6.066148449067190196e-01
-5.026658538544082067e-01
-4.269298776421208697e-01
-3.467171430757665096e-01
-2.557572464172555016e-01
-1.651920999421496727e-01
-9.754131406456112430e-02
-7.528844659723143984e-02
-1.113090353601979832e-01
-2.029405987681287549e-01
-3.291428771077775650e-01
-4.785842703662910314e-01
-7.132676305994998245e-01
-1.154871731317582029e+00
-1.919422931923389974e+00
-1.713796101115790727e+00
2.602048870121412172e+00
1.683414320813008658e+01
6.271186729871491394e+01
8.878336335063372644e+02
5.210149779450348433e+02
6.591681198175038503e+01
7.469530863366742324e+00
9.938958340097750366e+00
5.952917985212284435e+00
4.010932591885786991e+00
2.867931572326092304e+00
2.103533500046871119e+00
1.543676710386088224e+00
1.088851052004011777e+00
6.607918778484562772e-01
1.682479243789365420e-01
-6.273235938789682997e-01
-2.434235600838141167e+00
-7.076109866392275016e+00
-8.113888749403283640e+00
-9.302508547336927336e-01
1.727969393360595518e-01
-4.709248204108077651e+00
9.592536728752292241e-01
7.863599076682139533e-01
6.506648209736698441e-01
5.248582476916325845e-01
4.057570550876619109e-01
2.678064903510106731e-01
8.062691155186740843e-02
-2.203006371356903692e-01
-1.028857599828501446e+00
-8.430878353256539004e-01
-6.028508353308182910e-01
-4.985105482329031945e-01
-4.223716816116662720e-01
-3.418060430229912239e-01
-2.505294126178714276e-01
-1.596692965382395801e-01
-9.172403772094961383e-02
-6.915789670567629166e-02
-1.048459593090254049e-01
-1.960016660613532746e-01
-3.218825029713812125e-01
-4.709592049830173544e-01
-7.054043596491164081e-01
-1.146625708262094756e+00
-1.910683831911492714e+00
-1.704743658194774802e+00
2.610213777325665063e+00
1.684913342647613632e+01
6.272801446956225391e+01
8.877963849878688052e+02
5.211530149601707080e+02
6.593604435817766785e+01
7.491851524228540171e+00
9.951416283158401654e+00
5.965556166233892732e+00
4.023550195116033734e+00
2.881146957350927629e+00
2.117347272181648421e+00
1.558016057009901978e+00
1.103629724937193579e+00
6.760313566327300627e-01
1.839697237449486877e-01
-6.110942046724863186e-01
-2.419167008224876181e+00
-7.063787867400180609e+00
-8.101204289795830960e+00
-9.102599117146257246e-01
1.922263289296299860e-01
-4.683351843519311331e+00
9.777341483212509399e-01
8.048847442124991147e-01
6.696821615677368555e-01
5.438211266440724501e-01
4.252325512158035004e-01
2.878046716540154648e-01
9.992197847110606546e-02
-2.009100038836186819e-01
-1.011822974117314811e+00
-8.488499044464474785e-01
-6.099565872060266347e-01
-5.064066564937642623e-01
-4.310495208109782483e-01
-3.511478792945377236e-01
-2.604484701520410894e-01
-1.701132161604388404e-01
-1.026913770181308028e-01
-8.069363326495349042e-02
-1.169999056305774943e-01
-2.090491014450748253e-01
-3.355090759524572697e-01
-4.852002409449525100e-01
-7.199912448711307533e-01
-1.161819077026868818e+00
-1.926689424066438727e+00
-1.721241329553717225e+00
2.595415518798874110e+00
1.682416618681000386e+01
6.270507721462925588e+01
8.880508324719994562e+02
5.209654828340844688e+02
6.590820431484958419e+01
7.447666230476700733e+00
9.929474582309318009e+00
5.942649912285751235e+00
4.000405092504794702e+00
2.856762765797173032e+00
2.091759536204393033e+00
1.531379573663042670e+00
1.076108919478203862e+00
6.475722465835578312e-01
1.544520411411149929e-01
-6.418297089696838320e-01
-2.448300439923428939e+00
-7.089051953152548435e+00
-8.127564830753332359e+00
-9.484326064528363354e-01
1.559225780798838557e-01
-4.735401676308805818e+00
9.439111431598727897e-01
7.709715515909314476e-01
6.348448214505357790e-01
5.090728851768444585e-01
3.895505027590129288e-01
2.511827072535108840e-01
6.461870830917870734e-02
-2.363260625897298794e-01
-1.042768491088499117e+00
