-1.153072624113423927e+00
-1.655225560738439849e+00
-1.967434471906193139e+00
-2.205564751458985118e+00
-2.406369051134813031e+00
-2.569881871863251011e+00
-2.697867340822866389e+00
-2.791730129926516035e+00
-2.851450447294757495e+00
-2.875096528829590437e+00
-2.848651144677551539e+00
-2.725147014191093398e+00
-2.633587372685955330e+00
-3.187289629819803238e+00
-1.153072624113422817e+00
-1.655225560738439849e+00
-1.967434471906189586e+00
-2.205564751458981121e+00
-2.406369051134809922e+00
-2.569881871863248346e+00
-2.697867340822864612e+00
-2.791730129926516923e+00
-2.851450447294758384e+00
-2.875096528829593545e+00
-2.848651144677552427e+00
-2.725147014191097838e+00
-2.633587372685963324e+00
-3.187289629819801906e+00
-1.153072624113421707e+00
-1.655225560738440294e+00
-1.967434471906190696e+00
-2.205564751458982009e+00
-2.406369051134811254e+00
-2.569881871863244793e+00
-2.697867340822864612e+00
-2.791730129926511150e+00
-2.851450447294756607e+00
-2.875096528829582887e+00
-2.848651144677542657e+00
-2.725147014191082295e+00
-2.633587372685942452e+00
-3.187289629819769932e+00
-3.911575033098778675e+01
-2.305462408881468406e+01
-4.156105664380513787e+01
-2.665411338342882530e+01
-4.036733100234887672e+01
-2.970212988200536941e+01
-3.967473503813015867e+01
-3.233236293457971300e+01
-4.221700652809057885e+01
-3.872464091869544234e+01
-2.242816893744225837e+01
-3.969819548406582044e+01
-2.504672441207708644e+01
-3.752673752032492871e+01
-2.696241416150263248e+01
-3.581416128917448560e+01
-2.836410919624386651e+01
-3.700152966177386560e+01
-4.027169367166537484e+01
-2.395887681457615770e+01
-4.275843464614535350e+01
-2.761844879629912697e+01
-4.140290139504978839e+01
-3.057939220765492649e+01
-4.035988862702703983e+01
-3.297362074615170968e+01
-4.227441331059669949e+01
-3.911575033098792176e+01
-2.305462408881486880e+01
-4.156105664380521603e+01
-2.665411338342865832e+01
-4.036733100234919647e+01
-2.970212988200536586e+01
-3.967473503813017999e+01
-3.233236293457969168e+01
-4.221700652809046517e+01
-3.872464091869559866e+01
-2.242816893744199902e+01
-3.969819548406584886e+01
-2.504672441207715394e+01
-3.752673752032498555e+01
-2.696241416150268932e+01
-3.581416128917454955e+01
-2.836410919624386295e+01
-3.700152966177390823e+01
-4.027169367166553826e+01
-2.395887681457584861e+01
-4.275843464614537481e+01
-2.761844879629877170e+01
-4.140290139504990918e+01
-3.057939220765484123e+01
-4.035988862702721747e+01
-3.297362074615163152e+01
-4.227441331059645080e+01
-3.911575033098907284e+01
-2.305462408881396996e+01
-4.156105664380531550e+01
-2.665411338342877556e+01
-4.036733100234899752e+01
-2.970212988200547599e+01
-3.967473503813029367e+01
-3.233236293457986932e+01
-4.221700652809005305e+01
-3.872464091869691316e+01
-2.242816893744149098e+01
-3.969819548406628940e+01
-2.504672441207686617e+01
-3.752673752032505661e+01
-2.696241416150263959e+01
-3.581416128917463482e+01
-2.836410919624397664e+01
-3.700152966177412850e+01
-4.027169367166693092e+01
-2.395887681457513807e+01
-4.275843464614591483e+01
-2.761844879629860117e+01
-4.140290139505008682e+01
-3.057939220765480570e+01
-4.035988862702724589e+01
-3.297362074615173810e+01
-4.227441331059669949e+01
