  
       XFOIL         Version 6.99
  
 Calculated polar for: NACA 0012                                       
  
 1 1 Reynolds number fixed          Mach number fixed         
  
 xtrf =   1.000 (top)        1.000 (bottom)  
 Mach =   0.000     Re =     1.245 e 6     Ncrit =   9.000
  
   alpha    CL        CD       CDp       CM     Top_Xtr  Bot_Xtr
  ------ -------- --------- --------- -------- -------- --------
 -10.000  -1.0882   0.01414   0.00845  -0.0041   1.0000   0.0236
  -9.500  -1.0457   0.01329   0.00757  -0.0018   1.0000   0.0259
  -9.000  -1.0015   0.01272   0.00697   0.0003   1.0000   0.0282
  -8.500  -0.9600   0.01200   0.00625   0.0029   1.0000   0.0316
  -8.000  -0.9179   0.01144   0.00567   0.0055   1.0000   0.0353
  -7.500  -0.8757   0.01095   0.00518   0.0081   1.0000   0.0399
  -7.000  -0.8134   0.01034   0.00461   0.0064   0.9979   0.0478
  -6.500  -0.7455   0.00974   0.00410   0.0034   0.9950   0.0600
  -6.000  -0.6785   0.00917   0.00363   0.0008   0.9915   0.0771
  -5.500  -0.6113   0.00859   0.00319  -0.0019   0.9870   0.1023
  -5.000  -0.5425   0.00801   0.00278  -0.0049   0.9829   0.1372
  -4.500  -0.4834   0.00745   0.00242  -0.0057   0.9717   0.1805
  -4.000  -0.4282   0.00696   0.00211  -0.0055   0.9562   0.2291
  -3.500  -0.3761   0.00652   0.00185  -0.0045   0.9345   0.2807
  -3.000  -0.3237   0.00615   0.00162  -0.0036   0.9083   0.3341
  -2.500  -0.2705   0.00586   0.00143  -0.0028   0.8764   0.3878
  -2.000  -0.2169   0.00564   0.00128  -0.0021   0.8396   0.4412
  -1.500  -0.1630   0.00547   0.00116  -0.0015   0.7970   0.4956
  -1.000  -0.1088   0.00537   0.00108  -0.0010   0.7516   0.5481
  -0.500  -0.0544   0.00531   0.00103  -0.0005   0.7025   0.6006
   0.000  -0.0000   0.00529   0.00101  -0.0000   0.6520   0.6523
   0.500   0.0545   0.00531   0.00103   0.0005   0.6007   0.7026
   1.000   0.1088   0.00537   0.00108   0.0010   0.5480   0.7512
   1.500   0.1630   0.00547   0.00116   0.0015   0.4950   0.7969
   2.000   0.2169   0.00564   0.00128   0.0021   0.4420   0.8395
   2.500   0.2705   0.00586   0.00143   0.0028   0.3878   0.8764
   3.000   0.3237   0.00615   0.00162   0.0036   0.3340   0.9083
   3.500   0.3761   0.00652   0.00185   0.0045   0.2806   0.9346
   4.500   0.4834   0.00745   0.00242   0.0057   0.1807   0.9717
   5.000   0.5425   0.00801   0.00278   0.0049   0.1371   0.9830
   5.500   0.6114   0.00859   0.00318   0.0019   0.1023   0.9870
   6.000   0.6786   0.00917   0.00363  -0.0008   0.0771   0.9915
   6.500   0.7456   0.00974   0.00410  -0.0035   0.0600   0.9950
   7.000   0.8134   0.01034   0.00461  -0.0064   0.0478   0.9979
   7.500   0.8756   0.01095   0.00518  -0.0081   0.0399   1.0000
   8.000   0.9178   0.01144   0.00567  -0.0055   0.0354   1.0000
   8.500   0.9599   0.01200   0.00625  -0.0029   0.0316   1.0000
   9.000   1.0015   0.01272   0.00697  -0.0003   0.0282   1.0000
   9.500   1.0457   0.01329   0.00757   0.0018   0.0259   1.0000
  10.000   1.0882   0.01413   0.00845   0.0041   0.0236   1.0000
  10.500   1.1336   0.01484   0.00920   0.0057   0.0220   1.0000
  11.000   1.1749   0.01599   0.01040   0.0078   0.0201   1.0000
  11.500   1.2202   0.01674   0.01123   0.0093   0.0191   1.0000
  12.000   1.2630   0.01769   0.01224   0.0110   0.0180   1.0000
  12.500   1.2973   0.01927   0.01392   0.0137   0.0167   1.0000
  13.000   1.3362   0.02032   0.01508   0.0157   0.0162   1.0000
  13.500   1.3692   0.02160   0.01647   0.0185   0.0155   1.0000
  14.000   1.3939   0.02306   0.01804   0.0223   0.0148   1.0000
  14.500   1.4104   0.02521   0.02030   0.0262   0.0142   1.0000
  15.000   1.4166   0.02842   0.02371   0.0295   0.0137   1.0000
  15.500   1.4328   0.03135   0.02680   0.0310   0.0133   1.0000
  16.000   1.4404   0.03554   0.03118   0.0315   0.0130   1.0000
  16.500   1.4419   0.04108   0.03692   0.0303   0.0127   1.0000
  17.000   1.4336   0.04856   0.04463   0.0274   0.0125   1.0000
  17.500   1.4130   0.05845   0.05475   0.0227   0.0123   1.0000
  18.000   1.3758   0.07130   0.06787   0.0163   0.0122   1.0000
  18.500   1.3232   0.08718   0.08403   0.0082   0.0122   1.0000
  19.000   1.2648   0.10470   0.10181  -0.0007   0.0122   1.0000
  19.500   1.2116   0.12202   0.11936  -0.0098   0.0122   1.0000
  20.000   1.1673   0.13847   0.13601  -0.0187   0.0121   1.0000
