-7.896798589222157050e-01
-7.439818988340884953e-01
-8.174722517403383293e-01
-9.307154637314942747e-01
-1.062936651671642529e+00
-1.193698823602866277e+00
-1.317259387040967233e+00
-1.420140499801253675e+00
-1.472573318310720580e+00
-1.529013840681916925e+00
-1.588303462215219675e+00
-1.649822922321419583e+00
-1.713099705059907052e+00
-1.778143931252632370e+00
-1.832349492435327853e+00
-1.875079160305446635e+00
-1.917568150580656550e+00
-1.959127693945157844e+00
-1.999378785939152081e+00
-2.038108400623920957e+00
-2.075234484687420888e+00
-2.110260472227830419e+00
-2.138692879305668981e+00
-2.165200413429326787e+00
-2.189606715524359259e+00
-2.211881075455876200e+00
-2.232087969213843337e+00
-2.250374605562070585e+00
-2.266963164996985469e+00
-2.282150578252597484e+00
-2.294563127008663272e+00
-2.304648640866654219e+00
-2.313538416310533918e+00
-2.320926278500648365e+00
-2.326299719968316637e+00
-2.328939398574156883e+00
-2.328036503992819917e+00
-2.322950734817450069e+00
-2.313606039936574987e+00
-2.300988267988152813e+00
-2.287817510923254360e+00
-2.279675931343223994e+00
-2.294746680160564267e+00
-2.387236221448535645e+00
-2.601519628460483347e+00
-2.834507580024659745e+00
-3.039117570718843808e+00
-3.453645525176616715e+00
-4.468414036214552354e+00
-7.896798589222117082e-01
-7.439818988340833883e-01
-8.174722517403338884e-01
-9.307154637314911660e-01
-1.062936651671642529e+00
-1.193698823602860060e+00
-1.317259387040951246e+00
-1.420140499801263445e+00
-1.472573318310711699e+00
-1.529013840681918701e+00
-1.588303462215208128e+00
-1.649822922321422247e+00
-1.713099705059915934e+00
-1.778143931252630594e+00
-1.832349492435328742e+00
-1.875079160305448411e+00
-1.917568150580665431e+00
-1.959127693945150739e+00
-1.999378785939150305e+00
-2.038108400623926286e+00
-2.075234484687424441e+00
-2.110260472227830419e+00
-2.138692879305679639e+00
-2.165200413429321458e+00
-2.189606715524359259e+00
-2.211881075455883305e+00
-2.232087969213829126e+00
-2.250374605562052821e+00
-2.266963164996996127e+00
-2.282150578252613471e+00
-2.294563127008663272e+00
-2.304648640866663101e+00
-2.313538416310528589e+00
-2.320926278500612838e+00
-2.326299719968304203e+00
-2.328939398574156883e+00
-2.328036503992816364e+00
-2.322950734817439411e+00
-2.313606039936583869e+00
-2.300988267988151037e+00
-2.287817510923215281e+00
-2.279675931343204454e+00
-2.294746680160541175e+00
-2.387236221448539197e+00
-2.601519628460462030e+00
-2.834507580024663298e+00
-3.039117570718879335e+00
-3.453645525176595399e+00
-4.468414036214562124e+00
-7.896798589222124853e-01
-7.439818988340900496e-01
-8.174722517403316679e-01
-9.307154637314871692e-01
-1.062936651671645638e+00
-1.193698823602862280e+00
-1.317259387040960128e+00
-1.420140499801263445e+00
-1.472573318310707258e+00
-1.529013840681901826e+00
-1.588303462215209905e+00
-1.649822922321415142e+00
-1.713099705059903499e+00
-1.778143931252625265e+00
-1.832349492435326965e+00
-1.875079160305441306e+00
-1.917568150580668984e+00
-1.959127693945134752e+00
-1.999378785939143199e+00
-2.038108400623913852e+00
-2.075234484687427994e+00
-2.110260472227825090e+00
-2.138692879305661876e+00
-2.165200413429317905e+00
-2.189606715524350378e+00
-2.211881075455860213e+00
-2.232087969213853995e+00
-2.250374605562061703e+00
-2.266963164996965929e+00
-2.282150578252579720e+00
-2.294563127008672154e+00
-2.304648640866648890e+00
-2.313538416310546353e+00
-2.320926278500639484e+00
-2.326299719968321966e+00
-2.328939398574153330e+00
-2.328036503992809259e+00
-2.322950734817460727e+00
-2.313606039936580316e+00
-2.300988267988168801e+00
-2.287817510923229491e+00
-2.279675931343188466e+00
-2.294746680160560715e+00
-2.387236221448539197e+00
-2.601519628460465583e+00
-2.834507580024661522e+00
-3.039117570718893546e+00
-3.453645525176604281e+00
-4.468414036214541696e+00
-2.994889506714769567e+01
-3.158561307465071266e+01
-3.264661992106434951e+01
-3.339242690898546329e+01
-3.397596822519893323e+01
-3.446920609866162977e+01
-3.492218693290587339e+01
-3.534869274104071479e+01
-3.574978101414868092e+01
-3.610024364991653556e+01
-3.640774347931731825e+01
-3.666180860202415914e+01
-3.686593814712166051e+01
-3.702219744951607083e+01
-3.713174187485822131e+01
-3.719514113608374828e+01
-3.720005258507926982e+01
-3.717106583890449656e+01
-3.710797818744681820e+01
-3.700552132233660529e+01
-3.688132601477994399e+01
-3.672000068705374787e+01
-3.653062794393830615e+01
-3.631439056503112539e+01
-3.606787999667474054e+01
-3.579694677744405595e+01
-3.551281138104725699e+01
-3.521735029029951392e+01
-3.492570559244004613e+01
-2.591845575653191247e+01
-2.851281584875741970e+01
-3.004185750439618730e+01
-3.108579119306524419e+01
-3.183147615478678816e+01
-3.236045987947242963e+01
-3.274277121350170461e+01
-3.304171340182453065e+01
-3.329044313597100313e+01
-3.352601443443152363e+01
-3.374862310279104349e+01
-3.393752957439758688e+01
-3.409644745981725578e+01
-3.420851526143034960e+01
-3.427463184738363111e+01
-3.429714929420306646e+01
-3.427750891911185249e+01
-3.421657406987217342e+01
-3.411474001765579089e+01
-3.397195618067787848e+01
-3.379276042482196374e+01
-3.358134380594034951e+01
-3.333411625238444742e+01
-3.308006160973892662e+01
-3.280701471127764535e+01
-3.252908454756083501e+01
-3.227068792774335293e+01
-3.207463299349733887e+01
-3.211929887725083432e+01
-2.970035480115350879e+01
-3.165016568863704549e+01
-3.291424615715072122e+01
-3.381714838410418622e+01
-3.448776940003435243e+01
-3.502612897391878732e+01
-3.548588563674507412e+01
-3.588698866598467418e+01
-3.624028254755369716e+01
-3.656177357597211142e+01
-3.683164166524626637e+01
-3.705573451142041108e+01
-3.723699053142053117e+01
-3.736789651542655122e+01
-3.745039750477170770e+01
-3.748533283938506599e+01
-3.747927611394041492e+01
-3.743366181933659931e+01
-3.734654967882235610e+01
-3.722573137106945751e+01
-3.707268260985444641e+01
-3.688515229398720408e+01
-3.666480467317579439e+01
-3.641815908029427362e+01
-3.614063064421900151e+01
-3.583749555032888168e+01
-3.550813289215157909e+01
-3.512914510495329523e+01
-3.469675186430669100e+01
-2.994889506714763883e+01
-3.158561307465056700e+01
-3.264661992106420740e+01
-3.339242690898532828e+01
-3.397596822519882664e+01
-3.446920609866151608e+01
-3.492218693290581655e+01
-3.534869274104060821e+01
-3.574978101414858145e+01
-3.610024364991663504e+01
-3.640774347931721877e+01
-3.666180860202413072e+01
-3.686593814712178130e+01
-3.702219744951611347e+01
-3.713174187485833500e+01
-3.719514113608374828e+01
-3.720005258507934798e+01
-3.717106583890453919e+01
-3.710797818744687504e+01
-3.700552132233670477e+01
-3.688132601477994399e+01
-3.672000068705377629e+01
-3.653062794393832036e+01
-3.631439056503121066e+01
-3.606787999667476186e+01
-3.579694677744411990e+01
-3.551281138104729962e+01
-3.521735029029957786e+01
-3.492570559244008166e+01
-2.591845575653194800e+01
-2.851281584875739483e+01
-3.004185750439631875e+01
-3.108579119306548932e+01
-3.183147615478708303e+01
-3.236045987947268543e+01
-3.274277121350197461e+01
-3.304171340182482197e+01
-3.329044313597127314e+01
-3.352601443443167284e+01
-3.374862310279115718e+01
-3.393752957439778584e+01
-3.409644745981738367e+01
-3.420851526143040644e+01
-3.427463184738370217e+01
-3.429714929420318725e+01
-3.427750891911186670e+01
-3.421657406987216632e+01
-3.411474001765574116e+01
-3.397195618067793532e+01
-3.379276042482192821e+01
-3.358134380594033530e+01
-3.333411625238433373e+01
-3.308006160973888399e+01
-3.280701471127751034e+01
-3.252908454756070000e+01
-3.227068792774320372e+01
-3.207463299349725361e+01
-3.211929887725064958e+01
-2.970035480115361182e+01
-3.165016568863712010e+01
-3.291424615715068569e+01
-3.381714838410412227e+01
-3.448776940003437375e+01
-3.502612897391868074e+01
-3.548588563674496044e+01
-3.588698866598463866e+01
-3.624028254755364742e+01
-3.656177357597204036e+01
-3.683164166524626637e+01
-3.705573451142026187e+01
-3.723699053142052406e+01
-3.736789651542654411e+01
-3.745039750477172191e+01
-3.748533283938497362e+01
-3.747927611394035807e+01
-3.743366181933659220e+01
-3.734654967882229926e+01
-3.722573137106948593e+01
-3.707268260985440378e+01
-3.688515229398716144e+01
-3.666480467317576597e+01
-3.641815908029428783e+01
-3.614063064421901572e+01
-3.583749555032890299e+01
-3.550813289215160751e+01
-3.512914510495330234e+01
-3.469675186430661995e+01
-2.994889506714761040e+01
-3.158561307465058121e+01
-3.264661992106423583e+01
-3.339242690898529986e+01
-3.397596822519870585e+01
-3.446920609866142371e+01
-3.492218693290576681e+01
-3.534869274104062953e+01
-3.574978101414856013e+01
-3.610024364991661372e+01
-3.640774347931728983e+01
-3.666180860202415204e+01
-3.686593814712171024e+01
-3.702219744951624136e+01
-3.713174187485824262e+01
-3.719514113608374117e+01
-3.720005258507924850e+01
-3.717106583890455340e+01
-3.710797818744694609e+01
-3.700552132233674740e+01
-3.688132601477997241e+01
-3.672000068705386155e+01
-3.653062794393833457e+01
-3.631439056503127460e+01
-3.606787999667484002e+01
-3.579694677744415543e+01
-3.551281138104734936e+01
-3.521735029029953523e+01
-3.492570559244011719e+01
-2.591845575653207945e+01
-2.851281584875751918e+01
-3.004185750439639691e+01
-3.108579119306558169e+01
-3.183147615478717540e+01
-3.236045987947279201e+01
-3.274277121350204567e+01
-3.304171340182490013e+01
-3.329044313597132998e+01
-3.352601443443177232e+01
-3.374862310279117850e+01
-3.393752957439775741e+01
-3.409644745981740499e+01
-3.420851526143039933e+01
-3.427463184738369506e+01
-3.429714929420313752e+01
-3.427750891911188802e+01
-3.421657406987223027e+01
-3.411474001765573405e+01
-3.397195618067792822e+01
-3.379276042482189979e+01
-3.358134380594029267e+01
-3.333411625238430531e+01
-3.308006160973886267e+01
-3.280701471127746061e+01
-3.252908454756060763e+01
-3.227068792774312556e+01
-3.207463299349710439e+01
-3.211929887725060695e+01
-2.970035480115364379e+01
-3.165016568863717339e+01
-3.291424615715068569e+01
-3.381714838410410096e+01
-3.448776940003433822e+01
-3.502612897391866653e+01
-3.548588563674498886e+01
-3.588698866598460313e+01
-3.624028254755361900e+01
-3.656177357597209721e+01
-3.683164166524616689e+01
-3.705573451142036845e+01
-3.723699053142040327e+01
-3.736789651542657253e+01
-3.745039750477165796e+01
-3.748533283938503047e+01
-3.747927611394037228e+01
-3.743366181933663484e+01
-3.734654967882232057e+01
-3.722573137106944330e+01
-3.707268260985443220e+01
-3.688515229398721829e+01
-3.666480467317579439e+01
-3.641815908029431625e+01
-3.614063064421906546e+01
-3.583749555032893852e+01
-3.550813289215162172e+01
-3.512914510495333076e+01
-3.469675186430664127e+01
