-2.052518133773249431e+00
-2.259121203108549469e+00
-2.468297977540665045e+00
-2.682902577196624172e+00
-2.908470624587399023e+00
-3.134402675086095158e+00
-3.340575405949314458e+00
-3.551403794774914857e+00
-3.768722992767099988e+00
-3.993207228033654133e+00
-4.226046153764920987e+00
-4.463171361097808543e+00
-4.708452280261614220e+00
-4.947339434258275048e+00
-5.062803072382477509e+00
-5.184993769915003270e+00
-5.310916181702278749e+00
-5.439143548834724839e+00
-5.568808804344101304e+00
-5.699325207509097879e+00
-5.830372309210588355e+00
-5.962206333858571128e+00
-6.067802336897347715e+00
-6.130262733526315344e+00
-6.186055254652540469e+00
-6.232248858456578944e+00
-6.266751324733426998e+00
-6.288109080953972807e+00
-6.295595936660376424e+00
-6.289012387802777937e+00
-6.269153005717321037e+00
-6.239433483455705698e+00
-6.189953053321094245e+00
-6.136839336357176933e+00
-6.085575222978178545e+00
-6.041665386416966044e+00
-6.011239269924367079e+00
-6.000929491328804488e+00
-6.017906421698228314e+00
-6.070109856002915194e+00
-6.166751678221423560e+00
-6.319240329046891702e+00
-6.535062802355454892e+00
-6.839003575606795948e+00
-7.263909776283341557e+00
-7.856276872891307050e+00
-8.701499992127299521e+00
-9.978417200671628962e+00
-1.217848993902518018e+01
-2.135955162483456071e+00
-2.323238041766505280e+00
-2.522504356114642299e+00
-2.731787819115297111e+00
-2.955909757793012904e+00
-3.166338821042440799e+00
-3.376515077806116594e+00
-3.593536670739521099e+00
-3.814041882782587045e+00
-4.042386606009285011e+00
-4.279829348474320838e+00
-4.525437124966657620e+00
-4.777749758191545126e+00
-4.957927030013577152e+00
-5.076189881139461235e+00
-5.200149138692452766e+00
-5.327511074993434903e+00
-5.457129681660322973e+00
-5.588312216447569369e+00
-5.720637614785804459e+00
-5.854022352358061454e+00
-5.989233743107053698e+00
-6.068615972184574048e+00
-6.133210282141082104e+00
-6.190512572815794812e+00
-6.238003300150449348e+00
-6.273767382240983181e+00
-6.296460782410854051e+00
-6.305106030188284194e+00
-6.299548760185853524e+00
-6.281900039846462391e+00
-6.248877891776643878e+00
-6.200884419826493854e+00
-6.150035267349515777e+00
-6.101031475340541022e+00
-6.059416955895613910e+00
-6.031340770387878081e+00
-6.023455303840393071e+00
-6.042961547260738087e+00
-6.097852184584056090e+00
-6.197440277991169921e+00
-6.350401580181653571e+00
-6.568458539744121083e+00
-6.876302368445024626e+00
-7.305939014847915303e+00
-7.904104331966067321e+00
-8.757226351291741651e+00
-1.004569111711834495e+01
-1.226555905880476871e+01
-2.096563171311186302e+00
-2.295095983829477770e+00
-2.500478625827581514e+00
-2.713641640101444708e+00
-2.939799929663504230e+00
-3.158482897932516131e+00
-3.367837429513115488e+00
-3.580916588002417633e+00
-3.800363804082312669e+00
-4.027268002164060334e+00
-4.262889579799775674e+00
-4.503621573284910085e+00
-4.752802528616349775e+00
-4.963021383870799497e+00
-5.080440841264177720e+00
-5.204056498673296005e+00
-5.331227526085559276e+00
-5.460669902340036685e+00
-5.591605008278925482e+00
-5.723529384987497082e+00
-5.856240807159903028e+00
-5.990250255689527847e+00
-6.083215237420311894e+00
-6.147149406310099096e+00
-6.204086209304396249e+00
-6.251294701250969865e+00
-6.286765686392438823e+00
-6.309093383484821516e+00
-6.317587732934853761e+00
-6.311899161303941241e+00
-6.293311907483381873e+00
-6.262507470214597305e+00
-6.213453193361640814e+00
-6.161556455543177435e+00
-6.111473048618165649e+00
-6.068732282465255423e+00
-6.039475202828896272e+00
-6.030344023157681477e+00
-6.048521576865034888e+00
-6.101967417801546389e+00
-6.199929490364297635e+00
-6.353155291798145754e+00
-6.569046920113613908e+00
-6.874616114506750364e+00
-7.301260143912600142e+00
-7.895811802618908359e+00
-8.743769841789511332e+00
-1.002462776897032271e+01
-1.223144200801900183e+01
-2.091011142534990874e+00
-2.286859944696540747e+00
-2.489903533049976136e+00
-2.700732091311077276e+00
-2.924323038746684311e+00
-3.141248904216788596e+00
-3.349531805372354398e+00
-3.563303927183627984e+00
-3.781765633758302769e+00
-4.007737861634224963e+00
-4.242421446281603892e+00
-4.484503659700223466e+00
-4.732900221891105375e+00
-4.942436911312441339e+00
-5.058663582294620653e+00
-5.181136810200529297e+00
-5.307196654136658864e+00
-5.435549499558293363e+00
-5.565411342604377865e+00
-5.696275667078648297e+00
-5.827938344361072609e+00
-5.960907734069213149e+00
-6.053021619892206218e+00
-6.116075501630191980e+00
-6.172167905708729307e+00
-6.218575817069798006e+00
-6.253298884941241198e+00
-6.274942035346409597e+00
-6.282720158741540217e+00
-6.275919637381981886e+00
-6.256899577916843924e+00
-6.225730289274874707e+00
-6.176391912625994962e+00
-6.124263185574172041e+00
-6.073999761702282285e+00
-6.031129672734621749e+00
-6.001793542338461407e+00
-5.992635557077683472e+00
-6.010844294488933315e+00
-6.064390153444406906e+00
-6.162538322810618752e+00
-6.316076522102491708e+00
-6.532658683689390955e+00
-6.838874259303814540e+00
-7.266790024394929048e+00
-7.862793541827045374e+00
-8.713263802418179438e+00
-9.997949336091334516e+00
-1.221140229636568897e+01
-2.135955162483459624e+00
-2.323238041766504836e+00
-2.522504356114649404e+00
-2.731787819115299332e+00
-2.955909757793006687e+00
-3.166338821042426588e+00
-3.376515077806119258e+00
-3.593536670739528205e+00
-3.814041882782595927e+00
-4.042386606009271688e+00
-4.279829348474313733e+00
-4.525437124966661173e+00
-4.777749758191564666e+00
-4.957927030013589587e+00
-5.076189881139447024e+00
-5.200149138692440332e+00
-5.327511074993449114e+00
-5.457129681660322973e+00
-5.588312216447548053e+00
-5.720637614785783143e+00
-5.854022352358068559e+00
-5.989233743107046593e+00
-6.068615972184563390e+00
-6.133210282141078551e+00
-6.190512572815812575e+00
-6.238003300150413821e+00
-6.273767382240944102e+00
-6.296460782410811419e+00
-6.305106030188277089e+00
-6.299548760185857077e+00
-6.281900039846469497e+00
-6.248877891776643878e+00
-6.200884419826532934e+00
-6.150035267349529988e+00
-6.101031475340555232e+00
-6.059416955895621015e+00
-6.031340770387828343e+00
-6.023455303840400177e+00
-6.042961547260716770e+00
-6.097852184584063195e+00
-6.197440277991105972e+00
-6.350401580181674888e+00
-6.568458539744078450e+00
-6.876302368445024626e+00
-7.305939014847844248e+00
-7.904104331966053110e+00
-8.757226351291762967e+00
-1.004569111711837337e+01
-1.226555905880475450e+01
-2.052518133773249875e+00
-2.259121203108551246e+00
-2.468297977540661936e+00
-2.682902577196626392e+00
-2.908470624587399023e+00
-3.134402675086100043e+00
-3.340575405949318899e+00
-3.551403794774929956e+00
-3.768722992767095548e+00
-3.993207228033632816e+00
-4.226046153764926316e+00
-4.463171361097819201e+00
-4.708452280261601786e+00
-4.947339434258278601e+00
-5.062803072382475733e+00
-5.184993769915001494e+00
-5.310916181702276972e+00
-5.439143548834742603e+00
-5.568808804344097751e+00
-5.699325207509090774e+00
-5.830372309210599013e+00
-5.962206333858574681e+00
-6.067802336897354820e+00
-6.130262733526311791e+00
-6.186055254652536917e+00
-6.232248858456607365e+00
-6.266751324733476736e+00
-6.288109080953983465e+00
-6.295595936660422609e+00
-6.289012387802848991e+00
-6.269153005717399196e+00
-6.239433483455734120e+00
-6.189953053321119114e+00
-6.136839336357208907e+00
-6.085575222978185650e+00
-6.041665386416958938e+00
-6.011239269924395501e+00
-6.000929491328825804e+00
-6.017906421698299368e+00
-6.070109856002787296e+00
-6.166751678221388033e+00
-6.319240329046913018e+00
-6.535062802355476208e+00
-6.839003575606746210e+00
-7.263909776283355768e+00
-7.856276872891278629e+00
-8.701499992127278205e+00
-9.978417200671628962e+00
-1.217848993902518018e+01
-2.091011142534989986e+00
-2.286859944696543856e+00
-2.489903533049977025e+00
-2.700732091311073280e+00
-2.924323038746686976e+00
-3.141248904216781490e+00
-3.349531805372357951e+00
-3.563303927183621767e+00
-3.781765633758303657e+00
-4.007737861634218746e+00
-4.242421446281598563e+00
-4.484503659700223466e+00
-4.732900221891105375e+00
-4.942436911312444892e+00
-5.058663582294609995e+00
-5.181136810200543508e+00
-5.307196654136653535e+00
-5.435549499558320008e+00
-5.565411342604384970e+00
-5.696275667078641192e+00
-5.827938344361061951e+00
-5.960907734069230912e+00
-6.053021619892181349e+00
-6.116075501630167111e+00
-6.172167905708704438e+00
-6.218575817069826428e+00
-6.253298884941226987e+00
-6.274942035346391833e+00
-6.282720158741526006e+00
-6.275919637381967675e+00
-6.256899577916804844e+00
-6.225730289274860496e+00
-6.176391912625962988e+00
-6.124263185574150725e+00
-6.073999761702268074e+00
-6.031129672734621749e+00
-6.001793542338425880e+00
-5.992635557077690578e+00
-6.010844294488904893e+00
-6.064390153444378484e+00
-6.162538322810640068e+00
-6.316076522102491708e+00
-6.532658683689355428e+00
-6.838874259303835856e+00
-7.266790024394914838e+00
-7.862793541827088006e+00
-8.713263802418182991e+00
-9.997949336091345174e+00
-1.221140229636568009e+01
-2.096563171311186302e+00
-2.295095983829483988e+00
-2.500478625827582402e+00
-2.713641640101445596e+00
-2.939799929663509115e+00
-3.158482897932523237e+00
-3.367837429513109271e+00
-3.580916588002422074e+00
-3.800363804082313557e+00
-4.027268002164062111e+00
-4.262889579799793438e+00
-4.503621573284895874e+00
-4.752802528616339117e+00
-4.963021383870795944e+00
-5.080440841264181273e+00
-5.204056498673308440e+00
-5.331227526085562829e+00
-5.460669902340059778e+00
-5.591605008278897060e+00
-5.723529384987500634e+00
-5.856240807159888817e+00
-5.990250255689549164e+00
-6.083215237420308341e+00
-6.147149406310091990e+00
-6.204086209304392696e+00
-6.251294701250991181e+00
-6.286765686392453034e+00
-6.309093383484842832e+00
-6.317587732934867972e+00
-6.311899161303973216e+00
-6.293311907483406742e+00
-6.262507470214615068e+00
-6.213453193361665683e+00
-6.161556455543180988e+00
-6.111473048618194071e+00
-6.068732282465248318e+00
-6.039475202828931799e+00
-6.030344023157717004e+00
-6.048521576865049099e+00
-6.101967417801574811e+00
-6.199929490364304741e+00
-6.353155291798096016e+00
-6.569046920113606802e+00
-6.874616114506792997e+00
-7.301260143912600142e+00
-7.895811802618915465e+00
-8.743769841789500674e+00
-1.002462776897033336e+01
-1.223144200801900183e+01
