-7.191449609386373343e-01
-8.139100920658245419e-01
-9.072277325794986247e-01
-1.003438563863111810e+00
-1.105696576755440086e+00
-1.234555596535645172e+00
-1.359324939428917300e+00
-1.482080303271824162e+00
-1.607788213555361834e+00
-1.736716989651443832e+00
-1.874376410267769355e+00
-1.948838621570036178e+00
-2.015758841131030543e+00
-2.085998897184225598e+00
-2.157984917323924279e+00
-2.231169786731507898e+00
-2.305944567914123056e+00
-2.372153647598151949e+00
-2.418971662819202173e+00
-2.465856162909402904e+00
-2.511701624020381551e+00
-2.555951243745126611e+00
-2.598329553563633709e+00
-2.638817883005929232e+00
-2.674621654248661606e+00
-2.704276648431949148e+00
-2.731541677678343660e+00
-2.756287469630168019e+00
-2.778475134384038370e+00
-2.798299548605150733e+00
-2.816100931521758000e+00
-2.832227426493750144e+00
-2.843342489992098265e+00
-2.852027147646449379e+00
-2.858265882054485729e+00
-2.861258931472505651e+00
-2.860101765433435972e+00
-2.854089247147545194e+00
-2.843266263717797671e+00
-2.829177437929066841e+00
-2.815207204183977296e+00
-2.807977124009788383e+00
-2.819621187533162043e+00
-2.870223540361759973e+00
-2.996768632964844414e+00
-3.227110392077641166e+00
-3.574184477208484978e+00
-4.160598644725724604e+00
-5.348833241004229855e+00
-7.191449609386377784e-01
-8.139100920658238758e-01
-9.072277325794990688e-01
-1.003438563863113364e+00
-1.105696576755438976e+00
-1.234555596535644284e+00
-1.359324939428915968e+00
-1.482080303271824384e+00
-1.607788213555362722e+00
-1.736716989651446719e+00
-1.874376410267761806e+00
-1.948838621570033958e+00
-2.015758841131033208e+00
-2.085998897184232703e+00
-2.157984917323932272e+00
-2.231169786731509230e+00
-2.305944567914120391e+00
-2.372153647598162607e+00
-2.418971662819198620e+00
-2.465856162909406457e+00
-2.511701624020383328e+00
-2.555951243745128387e+00
-2.598329553563624827e+00
-2.638817883005922127e+00
-2.674621654248676705e+00
-2.704276648431948260e+00
-2.731541677678347213e+00
-2.756287469630176901e+00
-2.778475134384034817e+00
-2.798299548605144516e+00
-2.816100931521756223e+00
-2.832227426493748368e+00
-2.843342489992100042e+00
-2.852027147646460037e+00
-2.858265882054480400e+00
-2.861258931472521638e+00
-2.860101765433430643e+00
-2.854089247147559405e+00
-2.843266263717781683e+00
-2.829177437929086381e+00
-2.815207204183973744e+00
-2.807977124009791936e+00
-2.819621187533146056e+00
-2.870223540361770631e+00
-2.996768632964844414e+00
-3.227110392077651824e+00
-3.574184477208492083e+00
-4.160598644725721940e+00
-5.348833241004237848e+00
-7.191449609386378894e-01
-8.139100920658236538e-01
-9.072277325795001790e-01
-1.003438563863114474e+00
-1.105696576755440752e+00
-1.234555596535645172e+00
-1.359324939428915968e+00
-1.482080303271825716e+00
-1.607788213555364720e+00
-1.736716989651446497e+00
-1.874376410267758253e+00
-1.948838621570034846e+00
-2.015758841131032320e+00
-2.085998897184224710e+00
-2.157984917323938934e+00
-2.231169786731502569e+00
-2.305944567914124832e+00
-2.372153647598158166e+00
-2.418971662819201285e+00
-2.465856162909405569e+00
-2.511701624020380663e+00
-2.555951243745125723e+00
-2.598329553563630157e+00
-2.638817883005918574e+00
-2.674621654248658942e+00
-2.704276648431950036e+00
-2.731541677678338331e+00
-2.756287469630168019e+00
-2.778475134384045475e+00
-2.798299548605138298e+00
-2.816100931521765993e+00
-2.832227426493762579e+00
-2.843342489992092936e+00
-2.852027147646449379e+00
-2.858265882054478624e+00
-2.861258931472510980e+00
-2.860101765433418208e+00
-2.854089247147570063e+00
-2.843266263717781683e+00
-2.829177437929075722e+00
-2.815207204183975520e+00
-2.807977124009790160e+00
-2.819621187533167372e+00
-2.870223540361765302e+00
-2.996768632964840862e+00
-3.227110392077637613e+00
-3.574184477208500965e+00
-4.160598644725737039e+00
-5.348833241004232519e+00
-3.760338988894305601e+01
-4.297744524193846871e+01
-4.444351669888556700e+01
-4.280384343377975398e+01
-4.045171135450619460e+01
-3.878692870111842694e+01
-3.806079877090696328e+01
-3.806256418304209888e+01
-3.847186296873070432e+01
-3.902086540231181289e+01
-3.955564634461489959e+01
-4.002278278460970995e+01
-4.040473447640627569e+01
-4.071667396067397959e+01
-4.095334604917017174e+01
-4.112754329922990593e+01
-4.124050314797921857e+01
-4.129570039633262013e+01
-4.129675750394584099e+01
-4.124672309404900261e+01
-4.114837914337402935e+01
-4.100444068246795126e+01
-4.081769153063915212e+01
-4.059104409817665982e+01
-4.033261503413367421e+01
-4.004504066645888116e+01
-3.973492815168511783e+01
-3.942960072644738290e+01
-3.916557381871133003e+01
-4.089858984582656376e+01
-4.619882775524853713e+01
-4.740587675473212670e+01
-4.538548496373414309e+01
-4.269281471367700931e+01
-4.083320448722563611e+01
-4.006182933073690577e+01
-4.009574348214482598e+01
-4.057118380301988481e+01
-4.119661620475319097e+01
-4.180734869570252243e+01
-4.233712444975022038e+01
-4.277453139209813315e+01
-4.313372408695084914e+01
-4.341704495494692395e+01
-4.363309458043266886e+01
-4.378817560819213384e+01
-4.388700035524430376e+01
-4.393324948072798009e+01
-4.392990964578945778e+01
-4.387942584596323314e+01
-4.378365583041200182e+01
-4.364687190999488564e+01
-4.347267690005808305e+01
-4.325474254530286800e+01
-4.299067323422936227e+01
-4.266490601009100914e+01
-4.223431111242407354e+01
-4.156685753478140555e+01
-4.019088899658598280e+01
-4.526746764649817578e+01
-4.635531453778893507e+01
-4.431556972974765074e+01
-4.161639154530428186e+01
-3.968905961881148414e+01
-3.883547948037614361e+01
-3.880459992231125455e+01
-3.922785895040911441e+01
-3.981562339445647325e+01
-4.039346458810265261e+01
-4.089513358304451884e+01
-4.131054263799848059e+01
-4.164120896959042284e+01
-4.189685822984634456e+01
-4.208530990345634848e+01
-4.221265276523703847e+01
-4.228342517652416177e+01
-4.230124975539128940e+01
-4.226922956845450585e+01
-4.218998455969716588e+01
-4.206624840473636340e+01
-4.190059455427604007e+01
-4.169588189748249363e+01
-4.146176978831912407e+01
-4.119330134236329855e+01
-4.090754603342014661e+01
-4.059583891800184574e+01
-4.027589339661190593e+01
-3.760338988894311996e+01
-4.297744524193869609e+01
-4.444351669888542489e+01
-4.280384343377959055e+01
-4.045171135450627986e+01
-3.878692870111832747e+01
-3.806079877090694197e+01
-3.806256418304212019e+01
-3.847186296873076117e+01
-3.902086540231188394e+01
-3.955564634461493512e+01
-4.002278278460971705e+01
-4.040473447640634674e+01
-4.071667396067404354e+01
-4.095334604917026411e+01
-4.112754329922992014e+01
-4.124050314797923278e+01
-4.129570039633271250e+01
-4.129675750394579836e+01
-4.124672309404900261e+01
-4.114837914337399383e+01
-4.100444068246792284e+01
-4.081769153063912370e+01
-4.059104409817664560e+01
-4.033261503413356763e+01
-4.004504066645878879e+01
-3.973492815168510361e+01
-3.942960072644724079e+01
-3.916557381871119503e+01
-4.089858984582647849e+01
-4.619882775524828133e+01
-4.740587675473206986e+01
-4.538548496373433494e+01
-4.269281471367720826e+01
-4.083320448722575691e+01
-4.006182933073690577e+01
-4.009574348214466966e+01
-4.057118380301996297e+01
-4.119661620475321939e+01
-4.180734869570245849e+01
-4.233712444975017064e+01
-4.277453139209808342e+01
-4.313372408695082072e+01
-4.341704495494693816e+01
-4.363309458043265465e+01
-4.378817560819213384e+01
-4.388700035524429666e+01
-4.393324948072799430e+01
-4.392990964578946489e+01
-4.387942584596318341e+01
-4.378365583041211551e+01
-4.364687190999496380e+01
-4.347267690005814700e+01
-4.325474254530298168e+01
-4.299067323422942621e+01
-4.266490601009105177e+01
-4.223431111242408775e+01
-4.156685753478143397e+01
-4.019088899658599701e+01
-4.526746764649838894e+01
-4.635531453778909849e+01
-4.431556972974779285e+01
-4.161639154530440976e+01
-3.968905961881150546e+01
-3.883547948037612230e+01
-3.880459992231121191e+01
-3.922785895040908599e+01
-3.981562339445643772e+01
-4.039346458810260287e+01
-4.089513358304448332e+01
-4.131054263799848059e+01
-4.164120896959038731e+01
-4.189685822984630903e+01
-4.208530990345629164e+01
-4.221265276523699583e+01
-4.228342517652417598e+01
-4.230124975539126098e+01
-4.226922956845449164e+01
-4.218998455969721562e+01
-4.206624840473637050e+01
-4.190059455427606139e+01
-4.169588189748251494e+01
-4.146176978831915250e+01
-4.119330134236329144e+01
-4.090754603342015372e+01
-4.059583891800185995e+01
-4.027589339661189882e+01
-3.760338988894300627e+01
-4.297744524193851134e+01
-4.444351669888554568e+01
-4.280384343377974687e+01
-4.045171135450641486e+01
-3.878692870111835589e+01
-3.806079877090691355e+01
-3.806256418304207045e+01
-3.847186296873070432e+01
-3.902086540231179157e+01
-3.955564634461487117e+01
-4.002278278460964600e+01
-4.040473447640629701e+01
-4.071667396067398670e+01
-4.095334604917012200e+01
-4.112754329922988461e+01
-4.124050314797920436e+01
-4.129570039633263434e+01
-4.129675750394584099e+01
-4.124672309404903103e+01
-4.114837914337403646e+01
-4.100444068246796547e+01
-4.081769153063917344e+01
-4.059104409817660297e+01
-4.033261503413360316e+01
-4.004504066645882432e+01
-3.973492815168514625e+01
-3.942960072644735448e+01
-3.916557381871127319e+01
-4.089858984582647849e+01
-4.619882775524861529e+01
-4.740587675473220486e+01
-4.538548496373422836e+01
-4.269281471367702352e+01
-4.083320448722539453e+01
-4.006182933073675656e+01
-4.009574348214459860e+01
-4.057118380301993454e+01
-4.119661620475318387e+01
-4.180734869570246559e+01
-4.233712444975018485e+01
-4.277453139209808342e+01
-4.313372408695082072e+01
-4.341704495494697369e+01
-4.363309458043267597e+01
-4.378817560819216936e+01
-4.388700035524429666e+01
-4.393324948072793035e+01
-4.392990964578943647e+01
-4.387942584596318341e+01
-4.378365583041203024e+01
-4.364687190999494959e+01
-4.347267690005810437e+01
-4.325474254530293194e+01
-4.299067323422936937e+01
-4.266490601009092387e+01
-4.223431111242401670e+01
-4.156685753478141265e+01
-4.019088899658597569e+01
-4.526746764649837473e+01
-4.635531453778914113e+01
-4.431556972974779285e+01
-4.161639154530433871e+01
-3.968905961881149125e+01
-3.883547948037610098e+01
-3.880459992231119770e+01
-3.922785895040907178e+01
-3.981562339445645193e+01
-4.039346458810263840e+01
-4.089513358304454016e+01
-4.131054263799848769e+01
-4.164120896959038021e+01
-4.189685822984630903e+01
-4.208530990345627742e+01
-4.221265276523700294e+01
-4.228342517652416888e+01
-4.230124975539123255e+01
-4.226922956845447743e+01
-4.218998455969715167e+01
-4.206624840473632787e+01
-4.190059455427599744e+01
-4.169588189748244389e+01
-4.146176978831908855e+01
-4.119330134236324170e+01
-4.090754603342008977e+01
-4.059583891800181732e+01
-4.027589339661186330e+01
