-2.331844444825227569e+00
-2.537727146305217119e+00
-2.753147972233167540e+00
-2.973525624130881173e+00
-3.200574843854133711e+00
-3.428107959022273832e+00
-3.636604542935756967e+00
-3.845975404817327359e+00
-4.056027026961789517e+00
-4.267161247567901938e+00
-4.480067970081888618e+00
-4.695746379637128598e+00
-4.915767141246170979e+00
-5.138712939405385427e+00
-5.369104193477333808e+00
-5.550370794086862958e+00
-5.634716683345796895e+00
-5.727171158368358661e+00
-5.824141366392341368e+00
-5.924253583356858144e+00
-6.026896130007585839e+00
-6.131646044784233140e+00
-6.237921883393529043e+00
-6.344718543341699046e+00
-6.450390212800176215e+00
-6.552491395152802767e+00
-6.647722800941245680e+00
-6.732088796888941573e+00
-6.801568780853958884e+00
-6.820842445997399750e+00
-6.798636810409366404e+00
-6.745362294491481947e+00
-6.653772788830288221e+00
-6.529149235082080338e+00
-6.376697529968716083e+00
-6.205534271581292671e+00
-6.027037769240138232e+00
-5.852412194725538086e+00
-5.699425616502033165e+00
-5.582126957600475947e+00
-5.514650698798817530e+00
-5.512222945854233558e+00
-5.593415665612099019e+00
-5.782901772207914348e+00
-6.114333681414489519e+00
-6.654510543339615225e+00
-7.509198171574031022e+00
-8.929386513926981905e+00
-1.158052953875476732e+01
-2.412896745319200953e+00
-2.597217648047569938e+00
-2.800064640776428693e+00
-3.012135335800497415e+00
-3.233748057538512466e+00
-3.451799464168753939e+00
-3.665179519608448011e+00
-3.878057670122188050e+00
-4.090107493298392072e+00
-4.303807752977764522e+00
-4.519820703732897016e+00
-4.739238820423663512e+00
-4.963864826316525480e+00
-5.194984053356520803e+00
-5.433707587008468565e+00
-5.546444375213189559e+00
-5.636232086061951918e+00
-5.731695204219562356e+00
-5.829061709250467516e+00
-5.929939663777922476e+00
-6.033701959110381097e+00
-6.139926865808440937e+00
-6.248042078875784000e+00
-6.357073387614601501e+00
-6.464592113697868569e+00
-6.567847601552163184e+00
-6.664724430721339132e+00
-6.751673179170591510e+00
-6.811567001530292487e+00
-6.817588508659625290e+00
-6.798138275292430421e+00
-6.744032634393278158e+00
-6.654863902728905600e+00
-6.532561932436529162e+00
-6.382486299120451179e+00
-6.213806481923690228e+00
-6.036927748451205389e+00
-5.864995758855847896e+00
-5.714634542720745003e+00
-5.599910923611496116e+00
-5.534988360974296029e+00
-5.535151190986514536e+00
-5.619066302898424681e+00
-5.811835091663155595e+00
-6.146832061196420227e+00
-6.691978388728408333e+00
-7.553982901296635077e+00
-8.986170897973966731e+00
-1.166326089127984744e+01
-2.374449887687229754e+00
-2.570954451711253252e+00
-2.781281243404375658e+00
-2.998707214855860226e+00
-3.224397754309419106e+00
-3.448560031171438389e+00
-3.659110650647354746e+00
-3.869801830025247469e+00
-4.081418711874490235e+00
-4.294345034457274224e+00
-4.509288172765664626e+00
-4.727310437542248778e+00
-4.950120660952004314e+00
-5.176668107871730484e+00
-5.411618164216346116e+00
-5.559202454019121831e+00
-5.646697349741558014e+00
-5.741190491272831764e+00
-5.839709039288383252e+00
-5.941111243515027951e+00
-6.044451806730982923e+00
-6.150432084734376303e+00
-6.257850961232712450e+00
-6.365567078377839749e+00
-6.472182834207782065e+00
-6.575299874445708070e+00
-6.671696809800074845e+00
-6.757522566317732071e+00
-6.829107061174724436e+00
-6.835605445009342418e+00
-6.815302949640315688e+00
-6.762857738179615552e+00
-6.672691687725961884e+00
-6.549395637197527265e+00
-6.398241974867854509e+00
-6.228366930106538746e+00
-6.051162852098769918e+00
-5.877863008257975252e+00
-5.726172072118551171e+00
-5.610140730906682194e+00
-5.543914143506484038e+00
-5.542742199219645727e+00
-5.625240136537975388e+00
-5.815826090114256885e+00
-6.148841278872396288e+00
-6.690496053915580887e+00
-7.547748178865376190e+00
-8.972182651802782516e+00
-1.163257472158309014e+01
-2.369501486831216752e+00
-2.563531836652513718e+00
-2.771645690079608038e+00
-2.986768731495204499e+00
-3.209780181280199596e+00
-3.431845584874347210e+00
-3.643656591260274524e+00
-3.853318640054116173e+00
-4.063980997849172994e+00
-4.275982706885462115e+00
-4.490010895620216047e+00
-4.707108220595690895e+00
-4.928942934777301943e+00
-5.156490571888026508e+00
-5.390610923094852680e+00
-5.537471929486374123e+00
-5.623957539734602662e+00
-5.717532280721574267e+00
-5.814535355906038205e+00
-5.913772654705404364e+00
-6.016156433695154959e+00
-6.121153898169335861e+00
-6.228129984590019319e+00
-6.336069233949793045e+00
-6.441758295647872501e+00
-6.543867433813659318e+00
-6.639308309963478649e+00
-6.724231600616889182e+00
-6.794981891837913679e+00
-6.800813165652247250e+00
-6.779902346568984939e+00
-6.725020590904758677e+00
-6.634495899175998801e+00
-6.510868839241641837e+00
-6.359459902251295205e+00
-6.189433931273715217e+00
-6.011142308854378058e+00
-5.837799451549070540e+00
-5.686049430000704064e+00
-5.569962168094019006e+00
-5.503694003553590619e+00
-5.502508402268738052e+00
-5.585031115102140120e+00
-5.776677782524032523e+00
-6.110033815618422182e+00
-6.653759232590765293e+00
-7.513274010511565848e+00
-8.941386337226923331e+00
-1.160965070994003767e+01
-2.412896745319198288e+00
-2.597217648047560612e+00
-2.800064640776424696e+00
-3.012135335800495639e+00
-3.233748057538508913e+00
-3.451799464168749942e+00
-3.665179519608448899e+00
-3.878057670122183609e+00
-4.090107493298376973e+00
-4.303807752977760970e+00
-4.519820703732913003e+00
-4.739238820423651077e+00
-4.963864826316523704e+00
-5.194984053356517251e+00
-5.433707587008456130e+00
-5.546444375213178901e+00
-5.636232086061937707e+00
-5.731695204219533935e+00
-5.829061709250431988e+00
-5.929939663777926029e+00
-6.033701959110356228e+00
-6.139926865808455148e+00
-6.248042078875798211e+00
-6.357073387614590843e+00
-6.464592113697865017e+00
-6.567847601552163184e+00
-6.664724430721307158e+00
-6.751673179170598615e+00
-6.811567001530274723e+00
-6.817588508659607527e+00
-6.798138275292430421e+00
-6.744032634393260395e+00
-6.654863902728894942e+00
-6.532561932436529162e+00
-6.382486299120500917e+00
-6.213806481923697334e+00
-6.036927748451216047e+00
-5.864995758855840791e+00
-5.714634542720723687e+00
-5.599910923611481905e+00
-5.534988360974320898e+00
-5.535151190986539405e+00
-5.619066302898403364e+00
-5.811835091663215991e+00
-6.146832061196423780e+00
-6.691978388728397675e+00
-7.553982901296649288e+00
-8.986170897973959626e+00
-1.166326089127982968e+01
-2.331844444825227569e+00
-2.537727146305220227e+00
-2.753147972233167096e+00
-2.973525624130886058e+00
-3.200574843854132379e+00
-3.428107959022280049e+00
-3.636604542935749862e+00
-3.845975404817327359e+00
-4.056027026961787740e+00
-4.267161247567899274e+00
-4.480067970081893947e+00
-4.695746379637121493e+00
-4.915767141246181637e+00
-5.138712939405380098e+00
-5.369104193477326703e+00
-5.550370794086861181e+00
-5.634716683345807553e+00
-5.727171158368363990e+00
-5.824141366392336039e+00
-5.924253583356854591e+00
-6.026896130007596497e+00
-6.131646044784218930e+00
-6.237921883393532596e+00
-6.344718543341709704e+00
-6.450390212800172662e+00
-6.552491395152788556e+00
-6.647722800941235022e+00
-6.732088796888987758e+00
-6.801568780853944673e+00
-6.820842445997399750e+00
-6.798636810409352194e+00
-6.745362294491446420e+00
-6.653772788830316642e+00
-6.529149235082066127e+00
-6.376697529968794242e+00
-6.205534271581306882e+00
-6.027037769240131126e+00
-5.852412194725545191e+00
-5.699425616502054481e+00
-5.582126957600451078e+00
-5.514650698798817530e+00
-5.512222945854258427e+00
-5.593415665612099019e+00
-5.782901772207907243e+00
-6.114333681414500177e+00
-6.654510543339593909e+00
-7.509198171574045233e+00
-8.929386513926960589e+00
-1.158052953875480817e+01
-2.369501486831218529e+00
-2.563531836652517715e+00
-2.771645690079608038e+00
-2.986768731495206275e+00
-3.209780181280207145e+00
-3.431845584874339217e+00
-3.643656591260277189e+00
-3.853318640054117061e+00
-4.063980997849187204e+00
-4.275982706885468332e+00
-4.490010895620216047e+00
-4.707108220595683790e+00
-4.928942934777310825e+00
-5.156490571888026508e+00
-5.390610923094854456e+00
-5.537471929486375899e+00
-5.623957539734592004e+00
-5.717532280721588478e+00
-5.814535355906045311e+00
-5.913772654705397258e+00
-6.016156433695194039e+00
-6.121153898169328755e+00
-6.228129984590005108e+00
-6.336069233949796597e+00
-6.441758295647858290e+00
-6.543867433813659318e+00
-6.639308309963482202e+00
-6.724231600616885629e+00
-6.794981891837903021e+00
-6.800813165652236592e+00
-6.779902346568995597e+00
-6.725020590904744466e+00
-6.634495899175977485e+00
-6.510868839241652495e+00
-6.359459902251266783e+00
-6.189433931273725875e+00
-6.011142308854363847e+00
-5.837799451549056329e+00
-5.686049430000707616e+00
-5.569962168094043875e+00
-5.503694003553583514e+00
-5.502508402268748711e+00
-5.585031115102118804e+00
-5.776677782524032523e+00
-6.110033815618383102e+00
-6.653759232590772399e+00
-7.513274010511551637e+00
-8.941386337226916226e+00
-1.160965070994001991e+01
-2.374449887687230643e+00
-2.570954451711250144e+00
-2.781281243404374326e+00
-2.998707214855861558e+00
-3.224397754309418218e+00
-3.448560031171435281e+00
-3.659110650647355634e+00
-3.869801830025252798e+00
-4.081418711874476912e+00
-4.294345034457268895e+00
-4.509288172765664626e+00
-4.727310437542247001e+00
-4.950120660951998985e+00
-5.176668107871732261e+00
-5.411618164216339011e+00
-5.559202454019121831e+00
-5.646697349741568672e+00
-5.741190491272808671e+00
-5.839709039288404568e+00
-5.941111243514999529e+00
-6.044451806730979371e+00
-6.150432084734397620e+00
-6.257850961232716003e+00
-6.365567078377850407e+00
-6.472182834207785618e+00
-6.575299874445729387e+00
-6.671696809800071293e+00
-6.757522566317739177e+00
-6.829107061174699567e+00
-6.835605445009317549e+00
-6.815302949640312136e+00
-6.762857738179636868e+00
-6.672691687725968990e+00
-6.549395637197513054e+00
-6.398241974867858062e+00
-6.228366930106531640e+00
-6.051162852098773470e+00
-5.877863008257985911e+00
-5.726172072118533407e+00
-5.610140730906696405e+00
-5.543914143506498249e+00
-5.542742199219649279e+00
-5.625240136538007363e+00
-5.815826090114256885e+00
-6.148841278872385629e+00
-6.690496053915584440e+00
-7.547748178865354873e+00
-8.972182651802800279e+00
-1.163257472158309369e+01
