-7.191378155524199567e-01
-8.138999571435698854e-01
-9.072158598531410156e-01
-1.003425245817815892e+00
-1.105681510151129476e+00
-1.234543214598920358e+00
-1.359316753994112670e+00
-1.482072636404474286e+00
-1.607780945302803577e+00
-1.736710787670213474e+00
-1.874370300461518646e+00
-1.948826220645123897e+00
-2.015744098046635457e+00
-2.085980608091718924e+00
-2.157961787537170384e+00
-2.231140408554192156e+00
-2.305907503239186696e+00
-2.372103972328004851e+00
-2.418908475558541049e+00
-2.465779132472055934e+00
-2.511608790600392993e+00
-2.555840905704325650e+00
-2.598200402304643220e+00
-2.638669219617159278e+00
-2.674452153505295193e+00
-2.704087784289718854e+00
-2.731335567125507957e+00
-2.756067702247126050e+00
-2.778243810993899388e+00
-2.798065325756353694e+00
-2.815870710463032722e+00
-2.832008154820350398e+00
-2.843139020845971032e+00
-2.851843374225534689e+00
-2.858101159251807744e+00
-2.861108532133073368e+00
-2.859958197868783358e+00
-2.853945811963065182e+00
-2.843121712407150170e+00
-2.829035311450169843e+00
-2.815054098700985108e+00
-2.807686512377248533e+00
-2.818828702750739268e+00
-2.869343394863363983e+00
-3.002655085502494714e+00
-3.241671177120061031e+00
-3.583904830837443711e+00
-4.167234395687051673e+00
-5.351935264230700540e+00
-7.191378155524202898e-01
-8.138999571435683311e-01
-9.072158598531390172e-01
-1.003425245817816336e+00
-1.105681510151130365e+00
-1.234543214598917693e+00
-1.359316753994111782e+00
-1.482072636404466959e+00
-1.607780945302802689e+00
-1.736710787670216138e+00
-1.874370300461522199e+00
-1.948826220645125229e+00
-2.015744098046630128e+00
-2.085980608091726030e+00
-2.157961787537166387e+00
-2.231140408554189936e+00
-2.305907503239180478e+00
-2.372103972327995081e+00
-2.418908475558531279e+00
-2.465779132472052382e+00
-2.511608790600390329e+00
-2.555840905704336308e+00
-2.598200402304646772e+00
-2.638669219617147732e+00
-2.674452153505294305e+00
-2.704087784289720631e+00
-2.731335567125525721e+00
-2.756067702247128715e+00
-2.778243810993902940e+00
-2.798065325756356359e+00
-2.815870710463029170e+00
-2.832008154820361057e+00
-2.843139020845981690e+00
-2.851843374225545347e+00
-2.858101159251784651e+00
-2.861108532133071591e+00
-2.859958197868781582e+00
-2.853945811963056300e+00
-2.843121712407160828e+00
-2.829035311450185830e+00
-2.815054098700990437e+00
-2.807686512377268073e+00
-2.818828702750744597e+00
-2.869343394863374641e+00
-3.002655085502489385e+00
-3.241671177120085900e+00
-3.583904830837445488e+00
-4.167234395687026804e+00
-5.351935264230719191e+00
-7.191378155524200677e-01
-8.138999571435698854e-01
-9.072158598531401275e-01
-1.003425245817815892e+00
-1.105681510151130809e+00
-1.234543214598920358e+00
-1.359316753994111782e+00
-1.482072636404471622e+00
-1.607780945302802023e+00
-1.736710787670217471e+00
-1.874370300461523975e+00
-1.948826220645127005e+00
-2.015744098046632793e+00
-2.085980608091730915e+00
-2.157961787537161946e+00
-2.231140408554200150e+00
-2.305907503239184031e+00
-2.372103972328001298e+00
-2.418908475558542825e+00
-2.465779132472059487e+00
-2.511608790600390329e+00
-2.555840905704328314e+00
-2.598200402304643220e+00
-2.638669219617153949e+00
-2.674452153505292529e+00
-2.704087784289720631e+00
-2.731335567125514174e+00
-2.756067702247140261e+00
-2.778243810993897611e+00
-2.798065325756360799e+00
-2.815870710463023840e+00
-2.832008154820357504e+00
-2.843139020845985243e+00
-2.851843374225552452e+00
-2.858101159251798862e+00
-2.861108532133075144e+00
-2.859958197868774477e+00
-2.853945811963072288e+00
-2.843121712407150170e+00
-2.829035311450178725e+00
-2.815054098700979779e+00
-2.807686512377246757e+00
-2.818828702750739268e+00
-2.869343394863371088e+00
-3.002655085502489385e+00
-3.241671177120085900e+00
-3.583904830837445488e+00
-4.167234395687025916e+00
-5.351935264230714751e+00
-3.792344428001720047e+01
-4.334439472566908336e+01
-4.483396933155501074e+01
-4.318267037055296242e+01
-4.081410900655392027e+01
-3.914497280348011543e+01
-3.842816936862799793e+01
-3.844870509346596066e+01
-3.888141830814478794e+01
-3.945518158769807826e+01
-4.001366216654761132e+01
-4.050161920283394323e+01
-4.090073234381902267e+01
-4.122886423196814576e+01
-4.147963419408452523e+01
-4.166329266727352376e+01
-4.178555930885930536e+01
-4.184783012099290289e+01
-4.185383881574212950e+01
-4.180671783101644223e+01
-4.170931268990021579e+01
-4.156436593021148695e+01
-4.137460480474835833e+01
-4.114503409629517705e+01
-4.088106969690549874e+01
-4.058348798602033725e+01
-4.026605024988554504e+01
-3.993988954239594591e+01
-3.964191485621268640e+01
-4.117467031004384381e+01
-4.642798942745258017e+01
-4.759018911372828597e+01
-4.553193162527194460e+01
-4.280669791779608602e+01
-4.092603683632873413e+01
-4.014696912376735582e+01
-4.018224031572975008e+01
-4.066352467144801608e+01
-4.129627910416942171e+01
-4.191542204040960229e+01
-4.245306391836302140e+01
-4.289963276453948282e+01
-4.326671524513710665e+01
-4.355814999489839323e+01
-4.378246719319541569e+01
-4.394592285843668122e+01
-4.405318887284370533e+01
-4.410790432066874445e+01
-4.411300451470287243e+01
-4.407085658024621466e+01
-4.398316612444696005e+01
-4.385738119711698602e+01
-4.369088680233941346e+01
-4.347993401969404914e+01
-4.322300763804547330e+01
-4.290012332723767230e+01
-4.246450807042219111e+01
-4.177576473459910744e+01
-3.959127141702316521e+01
-4.468512428560586613e+01
-4.581112284467866402e+01
-4.382679676232708488e+01
-4.117267967750258606e+01
-3.926983071634041522e+01
-3.842013326426801711e+01
-3.837656304032395838e+01
-3.878546442715740739e+01
-3.935379070610363073e+01
-3.991136657559613354e+01
-4.039871533599580999e+01
-4.079569094767589377e+01
-4.110853595940272953e+01
-4.134673098382256740e+01
-4.151826913368323346e+01
-4.162903846050438972e+01
-4.168352277524977012e+01
-4.168535153739961174e+01
-4.163768066811952195e+01
-4.154344786898003861e+01
-4.140555006009209649e+01
-4.122685860548600090e+01
-4.101047959891316452e+01
-4.075997670101790504e+01
-4.048608170023614150e+01
-4.019209219759439833e+01
-3.990306939477490999e+01
-3.965572016821990076e+01
-3.792344428001722179e+01
-4.334439472566917573e+01
-4.483396933155501074e+01
-4.318267037055294111e+01
-4.081410900655366447e+01
-3.914497280348011543e+01
-3.842816936862798372e+01
-3.844870509346599619e+01
-3.888141830814482347e+01
-3.945518158769814221e+01
-4.001366216654759000e+01
-4.050161920283399297e+01
-4.090073234381902267e+01
-4.122886423196815997e+01
-4.147963419408455366e+01
-4.166329266727355929e+01
-4.178555930885926983e+01
-4.184783012099293131e+01
-4.185383881574204423e+01
-4.180671783101643513e+01
-4.170931268990011631e+01
-4.156436593021149406e+01
-4.137460480474826596e+01
-4.114503409629514863e+01
-4.088106969690549164e+01
-4.058348798602035856e+01
-4.026605024988545267e+01
-3.993988954239593170e+01
-3.964191485621266509e+01
-4.117467031004351696e+01
-4.642798942745228885e+01
-4.759018911372832150e+01
-4.553193162527197302e+01
-4.280669791779626365e+01
-4.092603683632904676e+01
-4.014696912376734161e+01
-4.018224031572977850e+01
-4.066352467144798766e+01
-4.129627910416942882e+01
-4.191542204040965913e+01
-4.245306391836304272e+01
-4.289963276453941887e+01
-4.326671524513704981e+01
-4.355814999489836481e+01
-4.378246719319544411e+01
-4.394592285843668833e+01
-4.405318887284374796e+01
-4.410790432066878708e+01
-4.411300451470281558e+01
-4.407085658024625729e+01
-4.398316612444698848e+01
-4.385738119711705707e+01
-4.369088680233946320e+01
-4.347993401969413441e+01
-4.322300763804562251e+01
-4.290012332723765098e+01
-4.246450807042221953e+01
-4.177576473459909323e+01
-3.959127141702310837e+01
-4.468512428560600824e+01
-4.581112284467884166e+01
-4.382679676232724830e+01
-4.117267967750260027e+01
-3.926983071634046496e+01
-3.842013326426801711e+01
-3.837656304032392285e+01
-3.878546442715736475e+01
-3.935379070610356678e+01
-3.991136657559613354e+01
-4.039871533599580289e+01
-4.079569094767589377e+01
-4.110853595940271532e+01
-4.134673098382252476e+01
-4.151826913368321215e+01
-4.162903846050441103e+01
-4.168352277524979144e+01
-4.168535153739960464e+01
-4.163768066811955748e+01
-4.154344786898005992e+01
-4.140555006009211780e+01
-4.122685860548605774e+01
-4.101047959891324268e+01
-4.075997670101799031e+01
-4.048608170023621255e+01
-4.019209219759446938e+01
-3.990306939477500237e+01
-3.965572016821998602e+01
-3.792344428001708678e+01
-4.334439472566918994e+01
-4.483396933155503916e+01
-4.318267037055312585e+01
-4.081410900655370710e+01
-3.914497280348016517e+01
-3.842816936862797661e+01
-3.844870509346596066e+01
-3.888141830814474531e+01
-3.945518158769807826e+01
-4.001366216654750474e+01
-4.050161920283392902e+01
-4.090073234381895873e+01
-4.122886423196811023e+01
-4.147963419408448971e+01
-4.166329266727353797e+01
-4.178555930885926273e+01
-4.184783012099292421e+01
-4.185383881574204423e+01
-4.180671783101647776e+01
-4.170931268990014473e+01
-4.156436593021155801e+01
-4.137460480474832281e+01
-4.114503409629525521e+01
-4.088106969690557690e+01
-4.058348798602044383e+01
-4.026605024988554504e+01
-3.993988954239605960e+01
-3.964191485621275746e+01
-4.117467031004360933e+01
-4.642798942745255175e+01
-4.759018911372830729e+01
-4.553193162527190907e+01
-4.280669791779618549e+01
-4.092603683632896860e+01
-4.014696912376721372e+01
-4.018224031572975719e+01
-4.066352467144795924e+01
-4.129627910416942882e+01
-4.191542204040968045e+01
-4.245306391836309956e+01
-4.289963276453944729e+01
-4.326671524513706402e+01
-4.355814999489840034e+01
-4.378246719319539437e+01
-4.394592285843670254e+01
-4.405318887284377638e+01
-4.410790432066879418e+01
-4.411300451470280848e+01
-4.407085658024624308e+01
-4.398316612444696005e+01
-4.385738119711702154e+01
-4.369088680233943478e+01
-4.347993401969407756e+01
-4.322300763804550883e+01
-4.290012332723762967e+01
-4.246450807042217690e+01
-4.177576473459907191e+01
-3.959127141702324337e+01
-4.468512428560607219e+01
-4.581112284467884876e+01
-4.382679676232717014e+01
-4.117267967750260738e+01
-3.926983071634045075e+01
-3.842013326426805975e+01
-3.837656304032397969e+01
-3.878546442715739317e+01
-3.935379070610356678e+01
-3.991136657559613354e+01
-4.039871533599582420e+01
-4.079569094767588666e+01
-4.110853595940274374e+01
-4.134673098382256740e+01
-4.151826913368325478e+01
-4.162903846050441814e+01
-4.168352277524974170e+01
-4.168535153739961174e+01
-4.163768066811956459e+01
-4.154344786898006703e+01
-4.140555006009209649e+01
-4.122685860548602932e+01
-4.101047959891322137e+01
-4.075997670101796189e+01
-4.048608170023616992e+01
-4.019209219759446228e+01
-3.990306939477497394e+01
-3.965572016821995049e+01
