-7.191260690522729426e-01
-8.138828965907360935e-01
-9.071933870798007948e-01
-1.003396110143713660e+00
-1.105640822487385044e+00
-1.234501052078029293e+00
-1.359278895917733099e+00
-1.482030853777462021e+00
-1.607735623252964707e+00
-1.736665040068858357e+00
-1.874322020568233604e+00
-1.948786288007324785e+00
-2.015705746524929953e+00
-2.085946677645636349e+00
-2.157935345845148234e+00
-2.231124874300978611e+00
-2.305906599689720338e+00
-2.372127520440651338e+00
-2.418958370321643514e+00
-2.465859910891011531e+00
-2.511726253822126331e+00
-2.556000673772643950e+00
-2.598407502110698708e+00
-2.638927488126197929e+00
-2.674765798804285666e+00
-2.704456145298693492e+00
-2.731755708549185258e+00
-2.756533192085362849e+00
-2.778751399423579294e+00
-2.798598636882242197e+00
-2.816418885395865601e+00
-2.832563718460882285e+00
-2.843703034828404697e+00
-2.852426540185064141e+00
-2.858727868961029372e+00
-2.861812494741965196e+00
-2.860770542196094723e+00
-2.854872452768528746e+00
-2.844110708265365162e+00
-2.829939889480082016e+00
-2.815596957021496038e+00
-2.807414384648454941e+00
-2.816832708012924513e+00
-2.862923141181571651e+00
-2.991165200384417133e+00
-3.224640118038147207e+00
-3.566479233372229274e+00
-4.150722412332247480e+00
-5.346888511937505584e+00
-7.191260690522724985e-01
-8.138828965907376478e-01
-9.071933870798024602e-01
-1.003396110143711661e+00
-1.105640822487384600e+00
-1.234501052078026628e+00
-1.359278895917733099e+00
-1.482030853777458690e+00
-1.607735623252962709e+00
-1.736665040068857691e+00
-1.874322020568234048e+00
-1.948786288007332335e+00
-2.015705746524927733e+00
-2.085946677645638125e+00
-2.157935345845137576e+00
-2.231124874300985717e+00
-2.305906599689713232e+00
-2.372127520440646009e+00
-2.418958370321644402e+00
-2.465859910891010642e+00
-2.511726253822141430e+00
-2.556000673772645726e+00
-2.598407502110706702e+00
-2.638927488126190823e+00
-2.674765798804283889e+00
-2.704456145298682834e+00
-2.731755708549179928e+00
-2.756533192085369954e+00
-2.778751399423585511e+00
-2.798598636882223545e+00
-2.816418885395863825e+00
-2.832563718460882285e+00
-2.843703034828420684e+00
-2.852426540185044601e+00
-2.858727868961029372e+00
-2.861812494741965196e+00
-2.860770542196103605e+00
-2.854872452768521640e+00
-2.844110708265361609e+00
-2.829939889480119319e+00
-2.815596957021487157e+00
-2.807414384648451389e+00
-2.816832708012926290e+00
-2.862923141181559217e+00
-2.991165200384427791e+00
-3.224640118038152536e+00
-3.566479233372236379e+00
-4.150722412332241262e+00
-5.346888511937516242e+00
-7.191260690522737198e-01
-8.138828965907360935e-01
-9.071933870798012389e-01
-1.003396110143710551e+00
-1.105640822487385044e+00
-1.234501052078027072e+00
-1.359278895917735319e+00
-1.482030853777461576e+00
-1.607735623252965818e+00
-1.736665040068863242e+00
-1.874322020568231828e+00
-1.948786288007329670e+00
-2.015705746524930841e+00
-2.085946677645635461e+00
-2.157935345845144681e+00
-2.231124874300982164e+00
-2.305906599689723002e+00
-2.372127520440646009e+00
-2.418958370321648843e+00
-2.465859910891018636e+00
-2.511726253822127219e+00
-2.556000673772638621e+00
-2.598407502110704925e+00
-2.638927488126197929e+00
-2.674765798804284778e+00
-2.704456145298689052e+00
-2.731755708549196804e+00
-2.756533192085361073e+00
-2.778751399423581958e+00
-2.798598636882228874e+00
-2.816418885395854943e+00
-2.832563718460884061e+00
-2.843703034828415355e+00
-2.852426540185046377e+00
-2.858727868961015162e+00
-2.861812494741959867e+00
-2.860770542196098276e+00
-2.854872452768521640e+00
-2.844110708265368714e+00
-2.829939889480112214e+00
-2.815596957021480051e+00
-2.807414384648467376e+00
-2.816832708012938724e+00
-2.862923141181578757e+00
-2.991165200384410028e+00
-3.224640118038159642e+00
-3.566479233372225721e+00
-4.150722412332244815e+00
-5.346888511937507360e+00
-4.071139076039482063e+01
-4.578212019794621312e+01
-4.684267631731320591e+01
-4.476271936466064005e+01
-4.202812988057590360e+01
-4.008353577209294372e+01
-3.923157621473418999e+01
-3.921762665943563064e+01
-3.965974454003656291e+01
-4.025993042694009461e+01
-4.085815980603891973e+01
-4.137760994559460670e+01
-4.180702068089959056e+01
-4.215551190401518511e+01
-4.242822411787925319e+01
-4.263328457402950278e+01
-4.277669565053847833e+01
-4.286297788174329071e+01
-4.289572007360586525e+01
-4.287793318221351058e+01
-4.281224170710549970e+01
-4.270090687025694365e+01
-4.255077435063450508e+01
-4.236157785643046481e+01
-4.213280239663668425e+01
-4.188147320597764889e+01
-4.158958511616631171e+01
-4.126347687802233111e+01
-4.085996787837620303e+01
-3.740168108948026315e+01
-4.271153929279824268e+01
-4.413635277065937856e+01
-4.247754184328223914e+01
-4.011228026936390023e+01
-3.843003610773745038e+01
-3.768016654120940245e+01
-3.765253627107716738e+01
-3.802757452275062633e+01
-3.854249080139218364e+01
-3.904485334967461085e+01
-3.947851092956542374e+01
-3.983720738784958826e+01
-4.011531767797841752e+01
-4.032687177161756864e+01
-4.047167214315312833e+01
-4.055555133592150696e+01
-4.058290485218903143e+01
-4.055746595127840948e+01
-4.048235825500804452e+01
-4.036049847746192398e+01
-4.019484815448802095e+01
-3.998860348844995372e+01
-3.974549327285419764e+01
-3.947035988430464215e+01
-3.916967760117810116e+01
-3.886327819759016933e+01
-3.856839373994457532e+01
-3.838911873552474674e+01
-4.054877402852214630e+01
-4.589800026969572144e+01
-4.715463273714036774e+01
-4.518277956483406399e+01
-4.252795692460225041e+01
-4.068969038648839387e+01
-3.992489700829489863e+01
-3.995598859878149511e+01
-4.042414199108711159e+01
-4.104053744415281102e+01
-4.164161365030405193e+01
-4.216115849264706839e+01
-4.258998530298102025e+01
-4.293881710651344008e+01
-4.321151711147734886e+01
-4.341669590141608381e+01
-4.356068686440557514e+01
-4.364824434032772871e+01
-4.368310488551145454e+01
-4.366833566348996953e+01
-4.360651155344315555e+01
-4.349973686780363380e+01
-4.334944439500585389e+01
-4.316092228578916945e+01
-4.293428566961259207e+01
-4.266099935539978816e+01
-4.233349667199557587e+01
-4.191425679782851432e+01
-4.129044109660998174e+01
-4.071139076039464300e+01
-4.578212019794612075e+01
-4.684267631731332671e+01
-4.476271936466073953e+01
-4.202812988057581833e+01
-4.008353577209297214e+01
-3.923157621473425394e+01
-3.921762665943559512e+01
-3.965974454003655580e+01
-4.025993042694007329e+01
-4.085815980603887709e+01
-4.137760994559455696e+01
-4.180702068089959056e+01
-4.215551190401514958e+01
-4.242822411787923897e+01
-4.263328457402951699e+01
-4.277669565053844991e+01
-4.286297788174330492e+01
-4.289572007360592920e+01
-4.287793318221352479e+01
-4.281224170710553523e+01
-4.270090687025701470e+01
-4.255077435063455482e+01
-4.236157785643057139e+01
-4.213280239663677662e+01
-4.188147320597767020e+01
-4.158958511616641829e+01
-4.126347687802241637e+01
-4.085996787837622435e+01
-3.740168108948030579e+01
-4.271153929279847006e+01
-4.413635277065922935e+01
-4.247754184328196914e+01
-4.011228026936394997e+01
-3.843003610773739354e+01
-3.768016654120935272e+01
-3.765253627107719581e+01
-3.802757452275066896e+01
-3.854249080139221917e+01
-3.904485334967473875e+01
-3.947851092956553742e+01
-3.983720738784963800e+01
-4.011531767797846015e+01
-4.032687177161765391e+01
-4.047167214315317807e+01
-4.055555133592153538e+01
-4.058290485218903854e+01
-4.055746595127840237e+01
-4.048235825500800189e+01
-4.036049847746196662e+01
-4.019484815448791437e+01
-3.998860348844988266e+01
-3.974549327285416922e+01
-3.947035988430457110e+01
-3.916967760117803010e+01
-3.886327819759009117e+01
-3.856839373994447584e+01
-3.838911873552466147e+01
-4.054877402852196155e+01
-4.589800026969547275e+01
-4.715463273714023984e+01
-4.518277956483416347e+01
-4.252795692460236410e+01
-4.068969038648852887e+01
-3.992489700829503363e+01
-3.995598859878158038e+01
-4.042414199108716133e+01
-4.104053744415283234e+01
-4.164161365030405904e+01
-4.216115849264701865e+01
-4.258998530298098473e+01
-4.293881710651341166e+01
-4.321151711147732755e+01
-4.341669590141606960e+01
-4.356068686440556093e+01
-4.364824434032772160e+01
-4.368310488551145454e+01
-4.366833566348996953e+01
-4.360651155344316976e+01
-4.349973686780365512e+01
-4.334944439500588942e+01
-4.316092228578921208e+01
-4.293428566961264181e+01
-4.266099935539983790e+01
-4.233349667199560429e+01
-4.191425679782854274e+01
-4.129044109660999595e+01
-4.071139076039477089e+01
-4.578212019794629128e+01
-4.684267631731338355e+01
-4.476271936466069690e+01
-4.202812988057571175e+01
-4.008353577209295082e+01
-3.923157621473423973e+01
-3.921762665943557380e+01
-3.965974454003655580e+01
-4.025993042694012303e+01
-4.085815980603889841e+01
-4.137760994559459959e+01
-4.180702068089964030e+01
-4.215551190401519932e+01
-4.242822411787923897e+01
-4.263328457402953120e+01
-4.277669565053842859e+01
-4.286297788174329071e+01
-4.289572007360595052e+01
-4.287793318221345373e+01
-4.281224170710548549e+01
-4.270090687025697918e+01
-4.255077435063445535e+01
-4.236157785643048612e+01
-4.213280239663669136e+01
-4.188147320597757073e+01
-4.158958511616633302e+01
-4.126347687802235242e+01
-4.085996787837615329e+01
-3.740168108948019210e+01
-4.271153929279837769e+01
-4.413635277065935725e+01
-4.247754184328212546e+01
-4.011228026936398550e+01
-3.843003610773744327e+01
-3.768016654120939535e+01
-3.765253627107716738e+01
-3.802757452275062633e+01
-3.854249080139217654e+01
-3.904485334967468191e+01
-3.947851092956543084e+01
-3.983720738784961668e+01
-4.011531767797840331e+01
-4.032687177161761838e+01
-4.047167214315315675e+01
-4.055555133592146433e+01
-4.058290485218905985e+01
-4.055746595127841658e+01
-4.048235825500803031e+01
-4.036049847746202346e+01
-4.019484815448799253e+01
-3.998860348844991819e+01
-3.974549327285426159e+01
-3.947035988430467768e+01
-3.916967760117803721e+01
-3.886327819759023328e+01
-3.856839373994463216e+01
-3.838911873552474674e+01
-4.054877402852201840e+01
-4.589800026969574276e+01
-4.715463273714043169e+01
-4.518277956483409952e+01
-4.252795692460229304e+01
-4.068969038648845071e+01
-3.992489700829494836e+01
-3.995598859878154485e+01
-4.042414199108709738e+01
-4.104053744415280391e+01
-4.164161365030405193e+01
-4.216115849264708970e+01
-4.258998530298103447e+01
-4.293881710651345429e+01
-4.321151711147737018e+01
-4.341669590141610513e+01
-4.356068686440559645e+01
-4.364824434032772160e+01
-4.368310488551147586e+01
-4.366833566348996953e+01
-4.360651155344314844e+01
-4.349973686780364801e+01
-4.334944439500584679e+01
-4.316092228578914813e+01
-4.293428566961257786e+01
-4.266099935539978816e+01
-4.233349667199555455e+01
-4.191425679782851432e+01
-4.129044109660998885e+01
