-7.343895128969238906e-01
-6.874199721216858183e-01
-7.070612699251839217e-01
-7.979778307277012317e-01
-9.243249123144736679e-01
-1.040647944787185253e+00
-1.146051478318385275e+00
-1.249489035375937362e+00
-1.356996726055958113e+00
-1.474653457974010706e+00
-1.586306872566931148e+00
-1.624276124522617160e+00
-1.674016219589655741e+00
-1.729028160913480328e+00
-1.786238911912692018e+00
-1.844069260411727917e+00
-1.901977593228825647e+00
-1.960229558093489644e+00
-2.019990950400897489e+00
-2.055140480515927237e+00
-2.089185779060800385e+00
-2.122895393679229414e+00
-2.155411240925467098e+00
-2.186166874918095360e+00
-2.214777775770157220e+00
-2.241011364294401176e+00
-2.264792067039422818e+00
-2.286263843355424541e+00
-2.303251655808022491e+00
-2.314865369222927072e+00
-2.324724449917056290e+00
-2.333028694901898348e+00
-2.340010129125058569e+00
-2.345638096872916023e+00
-2.349324327860392359e+00
-2.349689755231064936e+00
-2.344550435844745095e+00
-2.331323923737569359e+00
-2.307983014893046914e+00
-2.274411640176685623e+00
-2.232712740501261450e+00
-2.188089537555507391e+00
-2.150236272100135793e+00
-2.135156115862692161e+00
-2.284299370399947904e+00
-2.740414739926356091e+00
-3.011797879142122270e+00
-3.364347102423433711e+00
-4.536187475292762450e+00
-7.343895128969206709e-01
-6.874199721216818215e-01
-7.070612699251752620e-01
-7.979778307276976790e-01
-9.243249123144741120e-01
-1.040647944787176371e+00
-1.146051478318386607e+00
-1.249489035375943580e+00
-1.356996726055961666e+00
-1.474653457974012483e+00
-1.586306872566928483e+00
-1.624276124522610942e+00
-1.674016219589645971e+00
-1.729028160913467893e+00
-1.786238911912686689e+00
-1.844069260411718147e+00
-1.901977593228826535e+00
-1.960229558093487867e+00
-2.019990950400908147e+00
-2.055140480515925461e+00
-2.089185779060802162e+00
-2.122895393679252507e+00
-2.155411240925465322e+00
-2.186166874918077596e+00
-2.214777775770150114e+00
-2.241011364294390518e+00
-2.264792067039426371e+00
-2.286263843355420988e+00
-2.303251655808004728e+00
-2.314865369222916414e+00
-2.324724449917056290e+00
-2.333028694901914335e+00
-2.340010129125062122e+00
-2.345638096872916023e+00
-2.349324327860411898e+00
-2.349689755231066712e+00
-2.344550435844752201e+00
-2.331323923737578241e+00
-2.307983014893023821e+00
-2.274411640176706939e+00
-2.232712740501280990e+00
-2.188089537555544695e+00
-2.150236272100126911e+00
-2.135156115862688608e+00
-2.284299370399953233e+00
-2.740414739926366750e+00
-3.011797879142113388e+00
-3.364347102423444369e+00
-4.536187475292766003e+00
-7.343895128969223363e-01
-6.874199721216802672e-01
-7.070612699251750399e-01
-7.979778307276990112e-01
-9.243249123144789969e-01
-1.040647944787176371e+00
-1.146051478318389272e+00
-1.249489035375946244e+00
-1.356996726055960778e+00
-1.474653457974003601e+00
-1.586306872566931148e+00
-1.624276124522619824e+00
-1.674016219589645971e+00
-1.729028160913468781e+00
-1.786238911912697347e+00
-1.844069260411706601e+00
-1.901977593228832752e+00
-1.960229558093484314e+00
-2.019990950400916141e+00
-2.055140480515923684e+00
-2.089185779060812820e+00
-2.122895393679241849e+00
-2.155411240925470651e+00
-2.186166874918084702e+00
-2.214777775770155444e+00
-2.241011364294386965e+00
-2.264792067039412160e+00
-2.286263843355415659e+00
-2.303251655808008280e+00
-2.314865369222923519e+00
-2.324724449917052738e+00
-2.333028694901893019e+00
-2.340010129125072780e+00
-2.345638096872885825e+00
-2.349324327860415451e+00
-2.349689755231052501e+00
-2.344550435844748648e+00
-2.331323923737562254e+00
-2.307983014893023821e+00
-2.274411640176671412e+00
-2.232712740501284543e+00
-2.188089537555505615e+00
-2.150236272100126911e+00
-2.135156115862685056e+00
-2.284299370399963891e+00
-2.740414739926352539e+00
-3.011797879142083190e+00
-3.364347102423421276e+00
-4.536187475292750904e+00
-3.264266380566206749e+01
-3.450498631879251121e+01
-3.575902403649644157e+01
-3.666954447162299857e+01
-3.741564227767460693e+01
-3.806733737761922498e+01
-3.865595134144777489e+01
-3.919442728560471068e+01
-3.966807631201052686e+01
-4.009623435571606365e+01
-4.044656882745213977e+01
-4.072321057003752998e+01
-4.093786022395398305e+01
-4.109520475371773784e+01
-4.119868262351759824e+01
-4.125075722434711878e+01
-4.125308032079595932e+01
-4.120654211785607401e+01
-4.111698542142804769e+01
-4.098557573882138172e+01
-4.080755011874590821e+01
-4.059492560212452616e+01
-4.033926592850215798e+01
-4.004458422739854484e+01
-3.972038046765986508e+01
-3.936328892383619404e+01
-3.898153663389737744e+01
-3.859061256947231300e+01
-3.823841088273184852e+01
-2.839507203196691165e+01
-3.121231812177595799e+01
-3.298644281779264276e+01
-3.425048861346790119e+01
-3.517566560240905460e+01
-3.585670311475999483e+01
-3.638218775812774908e+01
-3.683733404987420101e+01
-3.723368851797219747e+01
-3.758509009867829320e+01
-3.789834232190649033e+01
-3.815557383038364492e+01
-3.836981938065089537e+01
-3.852801448539928941e+01
-3.862065846511433875e+01
-3.865562977283425994e+01
-3.863849786505973327e+01
-3.857183848978387886e+01
-3.845751332261820465e+01
-3.829760389539953991e+01
-3.810460967044613767e+01
-3.786747839174569208e+01
-3.759727180992521056e+01
-3.729398573616594348e+01
-3.696786677983352121e+01
-3.662030406390380932e+01
-3.627355497257932626e+01
-3.597752988211302494e+01
-3.584686381761990503e+01
-3.190809415801224347e+01
-3.416784794612937759e+01
-3.568526317571802764e+01
-3.679174076994571152e+01
-3.762913084676776521e+01
-3.830875815731141643e+01
-3.890847863107872229e+01
-3.943799791290992118e+01
-3.990243568502526017e+01
-4.030481987680769862e+01
-4.064692104925470062e+01
-4.093190072429367632e+01
-4.115092002127398985e+01
-4.130918356777613099e+01
-4.141029915785743754e+01
-4.145676663743369517e+01
-4.145016174415810184e+01
-4.139520062628824348e+01
-4.129751315320908134e+01
-4.114931452321199856e+01
-4.095974982415643240e+01
-4.072680478216116740e+01
-4.045377513426439720e+01
-4.013694679525954712e+01
-3.979237910138166257e+01
-3.940533713730212639e+01
-3.897765048694347456e+01
-3.851528666923261568e+01
-3.801142857913760054e+01
-3.264266380566199643e+01
-3.450498631879229094e+01
-3.575902403649630656e+01
-3.666954447162287067e+01
-3.741564227767439377e+01
-3.806733737761930314e+01
-3.865595134144764700e+01
-3.919442728560460409e+01
-3.966807631201056950e+01
-4.009623435571593575e+01
-4.044656882745215398e+01
-4.072321057003750866e+01
-4.093786022395400437e+01
-4.109520475371773784e+01
-4.119868262351772614e+01
-4.125075722434711167e+01
-4.125308032079620801e+01
-4.120654211785615928e+01
-4.111698542142805479e+01
-4.098557573882163751e+01
-4.080755011874602900e+01
-4.059492560212456169e+01
-4.033926592850226456e+01
-4.004458422739862300e+01
-3.972038046765997876e+01
-3.936328892383637168e+01
-3.898153663389743429e+01
-3.859061256947241247e+01
-3.823841088273197641e+01
-2.839507203196640006e+01
-3.121231812177610365e+01
-3.298644281779288434e+01
-3.425048861346818541e+01
-3.517566560240925355e+01
-3.585670311476037142e+01
-3.638218775812815409e+01
-3.683733404987453497e+01
-3.723368851797242485e+01
-3.758509009867859874e+01
-3.789834232190671059e+01
-3.815557383038389361e+01
-3.836981938065098063e+01
-3.852801448539945994e+01
-3.862065846511437428e+01
-3.865562977283432389e+01
-3.863849786505970485e+01
-3.857183848978387175e+01
-3.845751332261826860e+01
-3.829760389539947596e+01
-3.810460967044586766e+01
-3.786747839174554287e+01
-3.759727180992508266e+01
-3.729398573616571611e+01
-3.696786677983340041e+01
-3.662030406390357484e+01
-3.627355497257914152e+01
-3.597752988211285441e+01
-3.584686381761970608e+01
-3.190809415801233584e+01
-3.416784794612940601e+01
-3.568526317571790685e+01
-3.679174076994565468e+01
-3.762913084676781494e+01
-3.830875815731116063e+01
-3.890847863107860150e+01
-3.943799791290999224e+01
-3.990243568502516780e+01
-4.030481987680771994e+01
-4.064692104925457983e+01
-4.093190072429378290e+01
-4.115092002127389037e+01
-4.130918356777612388e+01
-4.141029915785738780e+01
-4.145676663743361701e+01
-4.145016174415785315e+01
-4.139520062628821506e+01
-4.129751315320899607e+01
-4.114931452321198435e+01
-4.095974982415643950e+01
-4.072680478216108213e+01
-4.045377513426436167e+01
-4.013694679525946185e+01
-3.979237910138164835e+01
-3.940533713730220455e+01
-3.897765048694363088e+01
-3.851528666923276489e+01
-3.801142857913765027e+01
-3.264266380566198222e+01
-3.450498631879217015e+01
-3.575902403649639183e+01
-3.666954447162274988e+01
-3.741564227767435824e+01
-3.806733737761902603e+01
-3.865595134144756173e+01
-3.919442728560470357e+01
-3.966807631201055528e+01
-4.009623435571596417e+01
-4.044656882745229609e+01
-4.072321057003744471e+01
-4.093786022395421753e+01
-4.109520475371765258e+01
-4.119868262351767640e+01
-4.125075722434717562e+01
-4.125308032079603748e+01
-4.120654211785603849e+01
-4.111698542142809742e+01
-4.098557573882156646e+01
-4.080755011874602189e+01
-4.059492560212465406e+01
-4.033926592850237114e+01
-4.004458422739873669e+01
-3.972038046766009245e+01
-3.936328892383639300e+01
-3.898153663389752666e+01
-3.859061256947247642e+01
-3.823841088273204036e+01
-2.839507203196644269e+01
-3.121231812177618181e+01
-3.298644281779291987e+01
-3.425048861346823514e+01
-3.517566560240933171e+01
-3.585670311476045669e+01
-3.638218775812812567e+01
-3.683733404987461313e+01
-3.723368851797251011e+01
-3.758509009867864847e+01
-3.789834232190673902e+01
-3.815557383038391492e+01
-3.836981938065107300e+01
-3.852801448539952389e+01
-3.862065846511445955e+01
-3.865562977283436652e+01
-3.863849786505967643e+01
-3.857183848978392859e+01
-3.845751332261828281e+01
-3.829760389539946175e+01
-3.810460967044593872e+01
-3.786747839174554287e+01
-3.759727180992511109e+01
-3.729398573616567347e+01
-3.696786677983330094e+01
-3.662030406390353221e+01
-3.627355497257912731e+01
-3.597752988211268388e+01
-3.584686381761978424e+01
-3.190809415801242466e+01
-3.416784794612949838e+01
-3.568526317571789264e+01
-3.679174076994563336e+01
-3.762913084676779363e+01
-3.830875815731128853e+01
-3.890847863107858018e+01
-3.943799791290980750e+01
-3.990243568502496174e+01
-4.030481987680745704e+01
-4.064692104925470062e+01
-4.093190072429364790e+01
-4.115092002127385484e+01
-4.130918356777610256e+01
-4.141029915785752280e+01
-4.145676663743368806e+01
-4.145016174415789578e+01
-4.139520062628827901e+01
-4.129751315320923766e+01
-4.114931452321209804e+01
-4.095974982415641108e+01
-4.072680478216113187e+01
-4.045377513426438298e+01
-4.013694679525961106e+01
-3.979237910138174783e+01
-3.940533713730232535e+01
-3.897765048694365930e+01
-3.851528666923282174e+01
-3.801142857913770712e+01
