1 0.25 0.192
2 0.50 0.309
3 1.00 0.415
4 1.50 0.463
5 2.00 0.490
6 2.50 0.508
7 3.00 0.523
8 3.50 0.535
9 4.00 0.546
10 4.50 0.555
11 5.00 0.564
12 6.00 0.580
13 7.00 0.593
14 8.00 0.604
15 9.00 0.616
16 10.00 0.625
17 12.00 0.645
18 14.00 0.662
19 16.00 0.682
20 18.00 0.700
21 20.00 0.719
22 22.00 0.739
23 24.00 0.760
24 26.00 0.781
25 28.00 0.804
26 30.00 0.826
27 32.00 0.848
28 34.00 0.871
29 36.00 0.894
30 38.00 0.915
31 40.00 0.936
32 42.00 0.955
33 44.00 0.971
34 46.00 0.984
35 48.00 0.993
36 50.00 0.999
37 52.00 1.000
38 54.00 1.000









