-7.188415009795355859e-01
-8.134793645505763449e-01
-9.066966836269972907e-01
-1.002800204929893191e+00
-1.104885511018515842e+00
-1.233785496843837315e+00
-1.358691549879213145e+00
-1.481405237470064584e+00
-1.607069097749471709e+00
-1.736001712153611543e+00
-1.873613514399400604e+00
-1.948039082263992583e+00
-2.014900823149417430e+00
-2.085084781432293255e+00
-2.157016348734386746e+00
-2.230148842674489984e+00
-2.304874896480392898e+00
-2.371052509913845974e+00
-2.417809018022210488e+00
-2.464676197038280669e+00
-2.510520327896621495e+00
-2.554788599457690879e+00
-2.597208150062173537e+00
-2.637761170229973473e+00
-2.673653575524215675e+00
-2.703410617033890517e+00
-2.730790431735400148e+00
-2.755656225850668051e+00
-2.777957579738895788e+00
-2.797900795555438691e+00
-2.815829808155861258e+00
-2.832117790046448036e+00
-2.843476059253758237e+00
-2.852528713249773418e+00
-2.859316822100119282e+00
-2.863061521953580879e+00
-2.862807706539239661e+00
-2.857681209782716891e+00
-2.847398734221066263e+00
-2.832971240633131771e+00
-2.816905506255547920e+00
-2.803599959676006392e+00
-2.797654470164092189e+00
-2.783741393564922006e+00
-2.868844278920974489e+00
-3.581556658575618002e+00
-3.667542111661793669e+00
-4.167664371176948990e+00
-5.359074016462468393e+00
-7.188415009795362520e-01
-8.134793645505781212e-01
-9.066966836269954033e-01
-1.002800204929893635e+00
-1.104885511018513622e+00
-1.233785496843837759e+00
-1.358691549879215810e+00
-1.481405237470062142e+00
-1.607069097749467046e+00
-1.736001712153607990e+00
-1.873613514399404156e+00
-1.948039082263989474e+00
-2.014900823149413434e+00
-2.085084781432299916e+00
-2.157016348734380085e+00
-2.230148842674487764e+00
-2.304874896480386681e+00
-2.371052509913850415e+00
-2.417809018022213152e+00
-2.464676197038280669e+00
-2.510520327896625936e+00
-2.554788599457673115e+00
-2.597208150062163767e+00
-2.637761170229966368e+00
-2.673653575524214787e+00
-2.703410617033890517e+00
-2.730790431735403700e+00
-2.755656225850669827e+00
-2.777957579738886018e+00
-2.797900795555420039e+00
-2.815829808155855929e+00
-2.832117790046444483e+00
-2.843476059253742250e+00
-2.852528713249744996e+00
-2.859316822100142375e+00
-2.863061521953579103e+00
-2.862807706539236108e+00
-2.857681209782723997e+00
-2.847398734221048500e+00
-2.832971240633122889e+00
-2.816905506255558578e+00
-2.803599959676009945e+00
-2.797654470164109952e+00
-2.783741393564937994e+00
-2.868844278920946067e+00
-3.581556658575596686e+00
-3.667542111661786564e+00
-4.167664371176947213e+00
-5.359074016462475498e+00
-7.188415009795370292e-01
-8.134793645505769000e-01
-9.066966836270000663e-01
-1.002800204929892303e+00
-1.104885511018514954e+00
-1.233785496843836427e+00
-1.358691549879216698e+00
-1.481405237470061698e+00
-1.607069097749468600e+00
-1.736001712153611987e+00
-1.873613514399399715e+00
-1.948039082263992139e+00
-2.014900823149412545e+00
-2.085084781432297696e+00
-2.157016348734373423e+00
-2.230148842674496201e+00
-2.304874896480385793e+00
-2.371052509913848638e+00
-2.417809018022216705e+00
-2.464676197038283334e+00
-2.510520327896625936e+00
-2.554788599457674891e+00
-2.597208150062169985e+00
-2.637761170229955709e+00
-2.673653575524213011e+00
-2.703410617033902064e+00
-2.730790431735403700e+00
-2.755656225850675156e+00
-2.777957579738888683e+00
-2.797900795555444020e+00
-2.815829808155850600e+00
-2.832117790046460470e+00
-2.843476059253745802e+00
-2.852528713249752101e+00
-2.859316822100112176e+00
-2.863061521953600419e+00
-2.862807706539241437e+00
-2.857681209782702680e+00
-2.847398734221071592e+00
-2.832971240633110455e+00
-2.816905506255560354e+00
-2.803599959675995734e+00
-2.797654470164092189e+00
-2.783741393564941546e+00
-2.868844278920976265e+00
-3.581556658575610896e+00
-3.667542111661791893e+00
-4.167664371176956095e+00
-5.359074016462463064e+00
-3.401829701800942729e+01
-3.680616410149945494e+01
-3.851051466245530719e+01
-3.967998914257515963e+01
-4.050785998818352596e+01
-4.115282159053370492e+01
-4.170309560151366668e+01
-4.217355220949971084e+01
-4.255993962458968838e+01
-4.286585963227747698e+01
-4.310040737210358941e+01
-4.326809035487241317e+01
-4.338237997132171841e+01
-4.345032685298788522e+01
-4.347204983657051969e+01
-4.345587947086148972e+01
-4.340324691174680538e+01
-4.331150231255983840e+01
-4.318497281778333274e+01
-4.302514304110453480e+01
-4.282077045955708883e+01
-4.258151353722463739e+01
-4.230015551458818379e+01
-4.197944283008617106e+01
-4.161557353589952157e+01
-4.121061426287849372e+01
-4.075966283423008463e+01
-4.022626907021686549e+01
-3.952385466384856016e+01
-3.583222857943174944e+01
-3.816271627796446353e+01
-3.959289056239698823e+01
-4.058993274491686520e+01
-4.136484475717498555e+01
-4.201989045178962101e+01
-4.258323385422229990e+01
-4.305795252223224878e+01
-4.345228983474485318e+01
-4.377573823497071004e+01
-4.403767828193176825e+01
-4.424540403372912323e+01
-4.440898414831765706e+01
-4.453126018570499411e+01
-4.461463639643338297e+01
-4.466111342015454255e+01
-4.467243029201346616e+01
-4.464836287819127847e+01
-4.458182419441646971e+01
-4.448018601715516240e+01
-4.433634960870423214e+01
-4.415380737437459402e+01
-4.392828714761245834e+01
-4.366813881171794520e+01
-4.336896482522644192e+01
-4.301641339202937786e+01
-4.257588872334399355e+01
-4.197418652195766242e+01
-4.101855073280215436e+01
-3.298212058011618808e+01
-3.561398986395602861e+01
-3.716064150036278591e+01
-3.814821298695349583e+01
-3.881877795763828942e+01
-3.935678921202583069e+01
-3.981748661273717005e+01
-4.018481627209049378e+01
-4.045740344688384482e+01
-4.064243098174927127e+01
-4.075286882753358952e+01
-4.080252952858825211e+01
-4.079849609094264196e+01
-4.076617527507571737e+01
-4.070485227273253770e+01
-4.061960708429269573e+01
-4.051590955510059899e+01
-4.039503542497505606e+01
-4.024733856929094600e+01
-4.008296491657853267e+01
-3.989263406203244244e+01
-3.967265862658895514e+01
-3.941675161154564222e+01
-3.912985938092050731e+01
-3.880827598369972264e+01
-3.845406255858131317e+01
-3.808090590511328344e+01
-3.771359214894219747e+01
-3.745475481318401734e+01
-3.401829701800953387e+01
-3.680616410149954731e+01
-3.851051466245533561e+01
-3.967998914257520937e+01
-4.050785998818356148e+01
-4.115282159053366229e+01
-4.170309560151364536e+01
-4.217355220949972505e+01
-4.255993962458971680e+01
-4.286585963227740592e+01
-4.310040737210353967e+01
-4.326809035487239186e+01
-4.338237997132175394e+01
-4.345032685298787101e+01
-4.347204983657045574e+01
-4.345587947086147551e+01
-4.340324691174680538e+01
-4.331150231255985261e+01
-4.318497281778329011e+01
-4.302514304110457033e+01
-4.282077045955709593e+01
-4.258151353722465160e+01
-4.230015551458812695e+01
-4.197944283008618527e+01
-4.161557353589954289e+01
-4.121061426287854346e+01
-4.075966283423010594e+01
-4.022626907021690812e+01
-3.952385466384859569e+01
-3.583222857943157180e+01
-3.816271627796432853e+01
-3.959289056239681059e+01
-4.058993274491658099e+01
-4.136484475717483633e+01
-4.201989045178940074e+01
-4.258323385422213647e+01
-4.305795252223204272e+01
-4.345228983474465423e+01
-4.377573823497058925e+01
-4.403767828193166878e+01
-4.424540403372913033e+01
-4.440898414831764285e+01
-4.453126018570489464e+01
-4.461463639643345402e+01
-4.466111342015453545e+01
-4.467243029201342353e+01
-4.464836287819138505e+01
-4.458182419441646971e+01
-4.448018601715529030e+01
-4.433634960870428188e+01
-4.415380737437457270e+01
-4.392828714761254361e+01
-4.366813881171798783e+01
-4.336896482522636376e+01
-4.301641339202949865e+01
-4.257588872334404329e+01
-4.197418652195775479e+01
-4.101855073280219699e+01
-3.298212058011582570e+01
-3.561398986395596467e+01
-3.716064150036288538e+01
-3.814821298695366636e+01
-3.881877795763853101e+01
-3.935678921202607228e+01
-3.981748661273740453e+01
-4.018481627209070695e+01
-4.045740344688404377e+01
-4.064243098174949154e+01
-4.075286882753384532e+01
-4.080252952858838711e+01
-4.079849609094281249e+01
-4.076617527507582395e+01
-4.070485227273268691e+01
-4.061960708429277389e+01
-4.051590955510063452e+01
-4.039503542497509869e+01
-4.024733856929100284e+01
-4.008296491657849714e+01
-3.989263406203240692e+01
-3.967265862658896935e+01
-3.941675161154557827e+01
-3.912985938092039362e+01
-3.880827598369963738e+01
-3.845406255858125633e+01
-3.808090590511312001e+01
-3.771359214894205536e+01
-3.745475481318388233e+01
-3.401829701800932781e+01
-3.680616410149941231e+01
-3.851051466245527877e+01
-3.967998914257513832e+01
-4.050785998818356148e+01
-4.115282159053366229e+01
-4.170309560151365957e+01
-4.217355220949970374e+01
-4.255993962458975943e+01
-4.286585963227742724e+01
-4.310040737210355388e+01
-4.326809035487238475e+01
-4.338237997132173263e+01
-4.345032685298787101e+01
-4.347204983657053390e+01
-4.345587947086147551e+01
-4.340324691174679828e+01
-4.331150231255980998e+01
-4.318497281778332564e+01
-4.302514304110456322e+01
-4.282077045955714567e+01
-4.258151353722466581e+01
-4.230015551458814116e+01
-4.197944283008617816e+01
-4.161557353589952157e+01
-4.121061426287851504e+01
-4.075966283423008463e+01
-4.022626907021688680e+01
-3.952385466384856727e+01
-3.583222857943146522e+01
-3.816271627796444221e+01
-3.959289056239688165e+01
-4.058993274491673731e+01
-4.136484475717499265e+01
-4.201989045178952864e+01
-4.258323385422228569e+01
-4.305795252223219904e+01
-4.345228983474475370e+01
-4.377573823497069583e+01
-4.403767828193170430e+01
-4.424540403372916586e+01
-4.440898414831764285e+01
-4.453126018570493727e+01
-4.461463639643348245e+01
-4.466111342015454966e+01
-4.467243029201345195e+01
-4.464836287819140637e+01
-4.458182419441649103e+01
-4.448018601715534004e+01
-4.433634960870432451e+01
-4.415380737437457981e+01
-4.392828714761260755e+01
-4.366813881171795941e+01
-4.336896482522638507e+01
-4.301641339202945602e+01
-4.257588872334399355e+01
-4.197418652195774058e+01
-4.101855073280214725e+01
-3.298212058011589676e+01
-3.561398986395596467e+01
-3.716064150036277169e+01
-3.814821298695354557e+01
-3.881877795763836048e+01
-3.935678921202596570e+01
-3.981748661273726952e+01
-4.018481627209058615e+01
-4.045740344688395140e+01
-4.064243098174936364e+01
-4.075286882753367479e+01
-4.080252952858831605e+01
-4.079849609094269880e+01
-4.076617527507582395e+01
-4.070485227273263718e+01
-4.061960708429277389e+01
-4.051590955510069136e+01
-4.039503542497513422e+01
-4.024733856929092468e+01
-4.008296491657854688e+01
-3.989263406203241402e+01
-3.967265862658896225e+01
-3.941675161154557827e+01
-3.912985938092044336e+01
-3.880827598369973686e+01
-3.845406255858128475e+01
-3.808090590511319817e+01
-3.771359214894211220e+01
-3.745475481318401734e+01
