                                    "Force Report"

Forces
                          Forces [N]                                                                                                                                Coefficients                                                                                                                             
Zone                      Pressure                                      Viscous                                       Total                                         Pressure                                      Viscous                                       Total                                        
wall_m1                   (0.040492798 0.18159423 0.00045321275)        (0.004365729 -0.00071203348 -0.0012694274)    (0.044858527 0.1808822 -0.00081621466)        (0.066110691 0.29648038 0.00073993918)        (0.0071277208 -0.0011625036 -0.0020725345)    (0.073238412 0.29531788 -0.0013325954)       
wall_m10                  (0.13716134 1.3414695 0.0030216343)           (0.018542817 -0.00092150135 0.0015265928)     (0.15570415 1.340548 0.0045482272)            (0.22393687 2.1901543 0.0049332806)           (0.030273987 -0.001504492 0.0024923964)       (0.25421086 2.1886498 0.007425677)           
wall_m11                  (0.14136399 1.4632271 0.0031276526)           (0.019943284 -0.00088564702 0.0022753621)     (0.16130727 1.4623414 0.0054030147)           (0.23079835 2.3889421 0.0051063715)           (0.032560464 -0.0014459543 0.0037148769)      (0.26335881 2.3874962 0.0088212485)          
wall_m12                  (0.1659762 1.6514579 0.0037909608)            (0.029951626 -0.0020213031 0.0044155938)      (0.19592783 1.6494366 0.0082065546)           (0.27098155 2.6962578 0.0061893238)           (0.048900614 -0.0033000866 0.0072091327)      (0.31988217 2.6929577 0.013398456)           
wall_m13                  (0.15782148 1.7849745 0.0036025179)           (0.030316595 -0.0014399007 0.0027778478)      (0.18813808 1.7835346 0.0063803657)           (0.25766773 2.9142441 0.0058816619)           (0.049496482 -0.0023508582 0.0045352617)      (0.30716421 2.9118932 0.010416924)           
wall_m14                  (0.10498133 1.8348673 0.0030353521)           (0.02700681 -0.00046534345 0.0028242504)      (0.13198814 1.8344019 0.0058596025)           (0.17139809 2.9957017 0.0049556769)           (0.044092752 -0.0007597444 0.004611021)       (0.21549084 2.9949419 0.009566698)           
wall_m15                  (0.19672163 1.8076744 0.0060548286)           (0.035719195 -0.0030038314 -0.0045827718)     (0.23244082 1.8046705 0.0014720568)           (0.32117817 2.9513051 0.0098854344)           (0.058317053 -0.0049042145 -0.0074820764)     (0.37949522 2.9464009 0.002403358)           
wall_m2                   (0.093747127 0.43644527 0.0011078418)         (0.0073581227 -0.00086305452 -0.0022360559)   (0.10110525 0.43558222 -0.0011282141)         (0.15305653 0.71256371 0.0018087213)          (0.012013262 -0.0014090686 -0.0036507035)     (0.16506979 0.71115464 -0.0018419822)        
wall_m3                   (0.16798596 0.86900114 0.0021050498)          (0.014243778 -0.0016204063 -0.0018881116)     (0.18222973 0.86738074 0.00021693815)         (0.27426279 1.4187774 0.003436816)            (0.023255147 -0.0026455613 -0.0030826313)     (0.29751793 1.4161318 0.00035418473)         
wall_m4                   (0.25007447 1.4325423 0.003394551)            (0.023121137 -0.0024847658 -0.0016526266)     (0.2731956 1.4300575 0.0017419243)            (0.40828484 2.3388446 0.005542124)            (0.037748795 -0.0040567605 -0.002698166)      (0.44603364 2.3347878 0.0028439581)          
wall_m5                   (0.33133869 2.1095287 0.0049816283)           (0.033221316 -0.0031953392 -0.0012008485)     (0.36456 2.1063334 0.0037807798)              (0.54096112 3.4441285 0.0081332707)           (0.054238884 -0.0052168803 -0.001960569)      (0.59520001 3.4389116 0.0061727017)          
wall_m6                   (0.40800762 2.8730814 0.0068506622)           (0.044745836 -0.0038595647 -0.0002264738)     (0.45275346 2.8692218 0.0066241884)           (0.6661349 4.6907452 0.011184755)             (0.073054426 -0.0063013302 -0.00036975315)    (0.73918932 4.6844438 0.010815001)           
wall_m7                   (0.48035343 3.8865794 0.0090345072)           (0.058091613 -0.0040918845 0.0020373127)      (0.53844505 3.8824875 0.01107182)             (0.7842505 6.3454358 0.014750216)             (0.094843449 -0.0066806278 0.0033262248)      (0.87909395 6.3387552 0.018076441)           
wall_m8                   (0.12993179 1.1706887 0.0025990676)           (0.017033121 -0.0010013075 0.0010562242)      (0.14696491 1.1696874 0.0036552918)           (0.21213353 1.9113285 0.0042433757)           (0.027809177 -0.0016347878 0.0017244476)      (0.23994271 1.9096937 0.0059678234)          
wall_m9                   (0.13351967 1.2506078 0.0029040315)           (0.017751948 -0.00096523859 0.0012493625)     (0.15127162 1.2496426 0.0041533941)           (0.2179913 2.0418087 0.004741276)             (0.028982772 -0.0015758997 0.0020397755)      (0.24697407 2.0402328 0.0067810515)          
wall_m_sides              (0 -7.9660454e-17 -0.25613591)                (0.0046926371 -0.00060932708 4.4992975e-19)   (0.0046926371 -0.00060932708 -0.25613591)     (0 -1.3005788e-16 -0.41818107)                (0.0076614484 -0.00099481972 7.3457918e-19)   (0.0076614484 -0.00099481972 -0.41818107)    
wall_m_te                 (0.0089782659 -0.00129842 5.263205e-06)       (4.1883366e-05 0.00025081247 -3.1254018e-05)  (0.0090201492 -0.0010476075 -2.5990813e-05)   (0.014658393 -0.0021198694 8.5929877e-06)     (6.8381006e-05 0.00040948974 -5.1026968e-05)  (0.014726774 -0.0017103796 -4.2433981e-05)   
------------------------- --------------------------------------------- --------------------------------------------- --------------------------------------------- --------------------------------------------- --------------------------------------------- ---------------------------------------------
Net                       (2.9484558 24.092441 -0.20006715)             (0.38614745 -0.027889636 0.0050749766)        (3.3346032 24.064552 -0.19499217)             (4.8138054 39.334598 -0.32664024)             (0.63044481 -0.0455341 0.008285676)           (5.4442502 39.289064 -0.31835456)            

Forces - Direction Vector (0 1 0)
                          Forces [N]                                      Coefficients                                   
Zone                      Pressure        Viscous         Total           Pressure        Viscous         Total          
wall_m1                   0.18159423      -0.00071203348  0.1808822       0.29648038      -0.0011625036   0.29531788     
wall_m10                  1.3414695       -0.00092150135  1.340548        2.1901543       -0.001504492    2.1886498      
wall_m11                  1.4632271       -0.00088564702  1.4623414       2.3889421       -0.0014459543   2.3874962      
wall_m12                  1.6514579       -0.0020213031   1.6494366       2.6962578       -0.0033000866   2.6929577      
wall_m13                  1.7849745       -0.0014399007   1.7835346       2.9142441       -0.0023508582   2.9118932      
wall_m14                  1.8348673       -0.00046534345  1.8344019       2.9957017       -0.0007597444   2.9949419      
wall_m15                  1.8076744       -0.0030038314   1.8046705       2.9513051       -0.0049042145   2.9464009      
wall_m2                   0.43644527      -0.00086305452  0.43558222      0.71256371      -0.0014090686   0.71115464     
wall_m3                   0.86900114      -0.0016204063   0.86738074      1.4187774       -0.0026455613   1.4161318      
wall_m4                   1.4325423       -0.0024847658   1.4300575       2.3388446       -0.0040567605   2.3347878      
wall_m5                   2.1095287       -0.0031953392   2.1063334       3.4441285       -0.0052168803   3.4389116      
wall_m6                   2.8730814       -0.0038595647   2.8692218       4.6907452       -0.0063013302   4.6844438      
wall_m7                   3.8865794       -0.0040918845   3.8824875       6.3454358       -0.0066806278   6.3387552      
wall_m8                   1.1706887       -0.0010013075   1.1696874       1.9113285       -0.0016347878   1.9096937      
wall_m9                   1.2506078       -0.00096523859  1.2496426       2.0418087       -0.0015758997   2.0402328      
wall_m_sides              -7.9660454e-17  -0.00060932708  -0.00060932708  -1.3005788e-16  -0.00099481972  -0.00099481972 
wall_m_te                 -0.00129842     0.00025081247   -0.0010476075   -0.0021198694   0.00040948974   -0.0017103796  
------------------------- --------------- --------------- --------------- --------------- --------------- ---------------
Net                       24.092441       -0.027889636    24.064552       39.334598       -0.0455341      39.289064      
