                                    "Force Report"

Forces
                          Forces [N]                                                                                                                                Coefficients                                                                                                                             
Zone                      Pressure                                      Viscous                                       Total                                         Pressure                                      Viscous                                       Total                                        
wall_s_sides:502          (-1.3230004e-08 0.0039336542 0.0022711215)    (0.00033866698 -0.00013612386 0.00023577455)  (0.00033865375 0.0037975304 0.002506896)      (-2.1600007e-08 0.0064222926 0.0037079534)    (0.00055292568 -0.00022224303 0.00038493803)  (0.00055290408 0.0062000496 0.0040928914)    
wall_s_sides:503          (0 2.1769966e-16 0.003276481)                 (0.00038558823 0.00021932706 1.5383332e-17)   (0.00038558823 0.00021932706 0.003276481)     (0 3.5542801e-16 0.0053493568)                (0.00062953181 0.000358085 2.5115643e-17)     (0.00062953181 0.000358085 0.0053493568)     
wall_s_te                 (0.0013936595 -0.00056896934 -0.00063984519)  (1.482195e-05 -1.4120782e-05 4.4932239e-05)   (0.0014084814 -0.00058309013 -0.00059491295)  (0.0022753624 -0.00092892954 -0.0010446452)   (2.4199102e-05 -2.3054339e-05 7.3358757e-05)  (0.0022995615 -0.00095198388 -0.00097128644) 
wall_s_te:500             (0.0016059366 -0.00027185833 0.00087607606)   (8.0253686e-06 3.5855167e-05 -7.8019388e-06)  (0.001613962 -0.00023600317 0.00086827412)    (0.0026219374 -0.00044385034 0.0014303283)    (1.3102643e-05 5.8539049e-05 -1.2737859e-05)  (0.00263504 -0.00038531129 0.0014175904)     
wall_s_te:501             (0.001528956 0.00078754499 -0.00019599869)    (6.8752394e-06 -1.3472838e-05 -8.4392994e-05) (0.0015358312 0.00077407215 -0.00028039169)   (0.0024962547 0.0012857877 -0.00031999786)    (1.1224881e-05 -2.1996471e-05 -0.00013778448) (0.0025074796 0.0012637913 -0.00045778234)   
wall_sb1_1                (-0.008708288 0.050752275 0.000308792)        (0.0019245214 0.00042730277 0.00030003716)    (-0.0067837666 0.051179578 0.00060882916)     (-0.014217613 0.082860857 0.00050415021)      (0.0031420758 0.00069763717 0.00048985658)    (-0.011075537 0.083558494 0.00099400679)     
wall_sb1_10               (-0.097308361 0.11822596 0.00048054097)       (0.00067390926 0.00083352518 -0.00024962419)  (-0.096634451 0.11905948 0.00023091678)       (-0.15887079 0.19302197 0.00078455669)        (0.00110026 0.0013608574 -0.0004075497)       (-0.15777053 0.19438283 0.00037700699)       
wall_sb1_11               (-0.097586775 0.10585102 0.00096972056)       (0.00099964867 0.001174559 -0.00014815537)    (-0.096587127 0.10702558 0.00082156519)       (-0.15932535 0.17281799 0.0015832172)         (0.0016320795 0.0019176473 -0.00024188631)    (-0.15769327 0.17473563 0.0013413309)        
wall_sb1_12               (-0.0873306 0.085900467 0.0017114358)         (0.0011770277 0.0014768652 -8.7414453e-05)    (-0.086153572 0.087377332 0.0016240214)       (-0.14258057 0.14024566 0.0027941809)         (0.0019216778 0.0024112085 -0.00014271747)    (-0.14065889 0.14265687 0.0026514635)        
wall_sb1_13               (-0.061355946 0.056991402 0.0026583327)       (0.0015348536 0.0019892552 -0.00039379369)    (-0.059821092 0.058980657 0.002264539)        (-0.10017297 0.093047187 0.004340135)         (0.0025058834 0.0032477636 -0.00064292848)    (-0.09766709 0.096294951 0.0036972065)       
wall_sb1_2                (-0.019732052 0.074284468 0.00011014476)      (0.0014581101 0.00050929125 -0.00011689471)   (-0.018273942 0.07479376 -6.7499486e-06)      (-0.032215594 0.12128076 0.00017982818)       (0.0023805879 0.00083149591 -0.0001908485)    (-0.029835007 0.12211226 -1.1020324e-05)     
wall_sb1_3                (-0.031836992 0.095958381 -8.5449847e-05)     (0.0013057874 0.00058031697 -0.0001565644)    (-0.030531204 0.096538698 -0.00024201425)     (-0.051978762 0.15666674 -0.00013950995)      (0.0021318978 0.00094745627 -0.00025561535)   (-0.049846864 0.1576142 -0.00039512531)      
wall_sb1_4                (-0.04500351 0.11370842 -0.00025327039)       (0.0011073416 0.00060662355 -0.0001904036)    (-0.043896169 0.11431505 -0.00044367399)      (-0.073475119 0.18564641 -0.00041350268)      (0.0018079046 0.00099040579 -0.00031086302)   (-0.071667214 0.18663681 -0.0007243657)      
wall_sb1_5                (-0.058191544 0.12724168 -0.00037385243)      (0.00088162561 0.00059309583 -0.00022459446)  (-0.057309918 0.12783478 -0.00059844688)      (-0.095006602 0.20774152 -0.00061037131)      (0.0014393887 0.00096831973 -0.00036668483)   (-0.093567213 0.20870984 -0.00097705614)     
wall_sb1_6                (-0.070107565 0.13574829 -0.00034155938)      (0.00057765267 0.00052391746 -0.00025970091)  (-0.069529912 0.1362722 -0.00060126029)       (-0.11446133 0.22162986 -0.00055764797)       (0.00094310639 0.00085537545 -0.00042400149)  (-0.11351822 0.22248523 -0.00098164946)      
wall_sb1_7                (-0.07906121 0.13805394 -0.00020387042)       (0.0002643767 0.00039241659 -0.00029339706)   (-0.078796834 0.13844636 -0.00049726748)      (-0.12907953 0.22539419 -0.00033284966)       (0.00043163542 0.00064068014 -0.00047901561)  (-0.12864789 0.22603487 -0.00081186527)      
wall_sb1_8                (-0.084942101 0.1346126 6.8327438e-05)        (0.00014982587 0.00033185602 -0.00031874315)  (-0.084792275 0.13494445 -0.00025041571)      (-0.13868098 0.21977567 0.000111555)          (0.00024461367 0.00054180575 -0.00052039698)  (-0.13843637 0.22031748 -0.00040884198)      
wall_sb1_9                (-0.09116172 0.12793484 0.00033787032)        (0.00022560784 0.00042847689 -0.00035417679)  (-0.090936112 0.12836331 -1.6306474e-05)      (-0.14883546 0.2088732 0.00055162501)         (0.00036833934 0.0006995541 -0.00057824783)   (-0.14846712 0.20957276 -2.6622814e-05)      
wall_sb2_1                (-0.0055850711 -0.015807452 -0.027982255)     (0.0016443141 2.7202077e-05 -0.00042858791)   (-0.0039407569 -0.01578025 -0.028410843)      (-0.0091184834 -0.025808085 -0.045685314)     (0.0026845945 4.4411554e-05 -0.00069973536)   (-0.0064338889 -0.025763674 -0.046385049)    
wall_sb2_10               (-0.074316266 -0.047140926 -0.082982525)      (0.00018583983 -0.00052393513 -9.8491425e-05) (-0.074130427 -0.047664861 -0.083081017)      (-0.12133268 -0.076964777 -0.13548167)        (0.00030341196 -0.00085540429 -0.00016080233) (-0.12102927 -0.077820181 -0.13564248)       
wall_sb2_11               (-0.079504081 -0.042469088 -0.075024292)      (0.00033926388 -0.00066625806 -0.00027972167) (-0.079164817 -0.043135346 -0.075304014)      (-0.12980258 -0.069337286 -0.12248864)        (0.00055390022 -0.0010877683 -0.00045668843)  (-0.12924868 -0.070425054 -0.12294533)       
wall_sb2_12               (-0.080668822 -0.036624259 -0.065236483)      (0.00079529696 -0.00076402213 -0.00085862431) (-0.079873525 -0.037388281 -0.066095107)      (-0.1317042 -0.059794709 -0.10650854)         (0.001298444 -0.0012473831 -0.0014018356)     (-0.13040575 -0.061042092 -0.10791038)       
wall_sb2_13               (-0.066326193 -0.027318022 -0.051828229)      (0.0013744868 -0.0013864476 -0.0013620787)    (-0.064951706 -0.02870447 -0.053190307)       (-0.10828766 -0.044600852 -0.084617516)       (0.0022440602 -0.0022635879 -0.002223802)     (-0.1060436 -0.04686444 -0.086841318)        
wall_sb2_2                (-0.014682414 -0.027960515 -0.04883744)       (0.0013409081 -0.00026526264 -0.00036869291)  (-0.013341506 -0.028225778 -0.049206133)      (-0.023971288 -0.045649821 -0.079734596)      (0.0021892378 -0.00043308186 -0.0006019476)   (-0.021782051 -0.046082902 -0.080336544)     
wall_sb2_3                (-0.025690578 -0.038886242 -0.067354377)      (0.0012066544 -0.00034260157 -0.00041187412)  (-0.024483923 -0.039228844 -0.067766252)      (-0.0419438 -0.063487743 -0.10996633)         (0.001970048 -0.00055934951 -0.00067244754)   (-0.039973752 -0.064047092 -0.11063878)      
wall_sb2_4                (-0.038334153 -0.048277105 -0.08321439)       (0.00099583692 -0.00039991342 -0.00040619837) (-0.037338316 -0.048677018 -0.083620588)      (-0.062586373 -0.078819763 -0.13586023)       (0.0016258562 -0.00065291987 -0.00066318101)  (-0.060960517 -0.079472683 -0.13652341)      
wall_sb2_5                (-0.05146473 -0.055968975 -0.09629666)        (0.00073349741 -0.00043784255 -0.00034383468) (-0.050731233 -0.056406818 -0.096640495)      (-0.084024049 -0.091377918 -0.15721904)       (0.0011975468 -0.00071484497 -0.00056136274)  (-0.082826502 -0.092092763 -0.1577804)       
wall_sb2_6                (-0.063000957 -0.061487055 -0.10594276)       (0.00034778397 -0.00045491785 -0.00018414159) (-0.062653173 -0.061941973 -0.1061269)        (-0.10285871 -0.10038703 -0.17296777)         (0.00056781056 -0.00074272302 -0.00030063933) (-0.1022909 -0.10112975 -0.17326841)         
wall_sb2_7                (-0.069281746 -0.06316934 -0.10976036)        (0.0001476865 -0.00044327904 -7.0948182e-05)  (-0.069134059 -0.063612619 -0.1098313)        (-0.11311305 -0.10313362 -0.17920058)         (0.00024112082 -0.00072372087 -0.00011583377) (-0.11287193 -0.10385734 -0.17931641)        
wall_sb2_8                (-0.071173074 -0.059960687 -0.10525647)       (8.4539828e-05 -0.00041902084 -5.5086727e-05) (-0.071088535 -0.060379708 -0.10531156)       (-0.11620094 -0.097895 -0.17184731)           (0.00013802421 -0.00068411565 -8.9937514e-05) (-0.11606291 -0.098579115 -0.17193724)       
wall_sb2_9                (-0.072367236 -0.053637727 -0.094508204)      (0.00012035615 -0.00044379397 -7.1963699e-05) (-0.07224688 -0.054081521 -0.094580168)       (-0.11815059 -0.0875718 -0.15429911)          (0.00019649983 -0.00072456159 -0.00011749175) (-0.11795409 -0.088296361 -0.1544166)        
wall_sb3_1                (-0.004905054 -0.017050443 0.028547912)       (0.001650461 -0.00013482445 0.00030230289)    (-0.003254593 -0.017185267 0.028850215)       (-0.0080082515 -0.027837457 0.046608836)      (0.0026946302 -0.00022012155 0.00049355574)   (-0.0053136213 -0.028057579 0.047102392)     
wall_sb3_10               (-0.093466162 -0.058488603 0.10011429)        (0.00019411808 0.00013391188 0.00056610219)   (-0.093272044 -0.058354691 0.1006804)         (-0.15259782 -0.095491596 0.16345191)         (0.00031692748 0.00021863164 0.00092424847)   (-0.15228089 -0.095272964 0.16437616)        
wall_sb3_11               (-0.098246212 -0.052634179 0.089716802)       (0.00065273894 -0.00021719623 0.00090915905)  (-0.097593473 -0.052851376 0.090625961)       (-0.16040198 -0.085933354 0.14647641)         (0.0010656962 -0.00035460609 0.0014843413)    (-0.15933628 -0.08628796 0.14796075)         
wall_sb3_12               (-0.093282569 -0.04514009 0.075562054)        (0.00099159902 -0.00053402209 0.001208749)    (-0.09229097 -0.045674112 0.076770803)        (-0.15229807 -0.073698106 0.12336662)         (0.0016189372 -0.0008718728 0.0019734677)     (-0.15067914 -0.074569979 0.12534009)        
wall_sb3_13               (-0.0705126 -0.033705423 0.053340759)         (0.0014505341 -0.0005250144 0.0019606014)     (-0.069062066 -0.034230437 0.05530136)        (-0.11512261 -0.055029261 0.087086953)        (0.002368219 -0.00085716636 0.0032009819)     (-0.11275439 -0.055886428 0.090287935)       
wall_sb3_2                (-0.012910698 -0.028115132 0.047915454)       (0.0014642296 -2.3037738e-05 0.00049838413)   (-0.011446469 -0.02813817 0.048413838)        (-0.021078691 -0.045902256 0.078229313)       (0.002390579 -3.7612633e-05 0.00081368838)    (-0.018688112 -0.045939869 0.079043001)      
wall_sb3_3                (-0.023479401 -0.039316366 0.067653171)       (0.0014127297 -6.4841872e-05 0.00060382234)   (-0.022066671 -0.039381208 0.068256993)       (-0.038333715 -0.064189986 0.11045416)        (0.0023064975 -0.00010586428 0.0009858324)    (-0.036027218 -0.06429585 0.11143999)        
wall_sb3_4                (-0.036407745 -0.049248936 0.085241468)       (0.0012557078 -7.8739531e-05 0.00066827633)   (-0.035152038 -0.049327675 0.085909744)       (-0.059441217 -0.080406426 0.13916974)        (0.0020501352 -0.00012855434 0.0010910634)    (-0.057391082 -0.08053498 0.14026081)        
wall_sb3_5                (-0.050663716 -0.057365382 0.099658776)       (0.0010482426 -6.2273178e-05 0.00069423231)   (-0.049615473 -0.057427655 0.10035301)        (-0.082716271 -0.093657767 0.16270821)        (0.0017114165 -0.00010167049 0.0011334405)    (-0.081004854 -0.093759437 0.16384165)       
wall_sb3_6                (-0.064858582 -0.06346728 0.11039409)         (0.0008002819 -2.0267778e-05 0.00067934296)   (-0.0640583 -0.063487547 0.11107343)          (-0.10589156 -0.10362005 0.18023525)          (0.0013065827 -3.309025e-05 0.0011091314)     (-0.10458498 -0.10365314 0.18134438)         
wall_sb3_7                (-0.07674098 -0.066812747 0.11606845)         (0.00043183028 6.243686e-05 0.00057947772)    (-0.07630915 -0.06675031 0.11664793)          (-0.1252914 -0.10908204 0.18949951)           (0.00070502903 0.00010193773 0.00094608608)   (-0.12458637 -0.1089801 0.19044559)          
wall_sb3_8                (-0.084023351 -0.066469486 0.11497592)        (0.0001474568 0.00016637413 0.00046984167)    (-0.083875894 -0.066303112 0.11544576)        (-0.13718098 -0.10852161 0.18771578)          (0.0002407458 0.00027163123 0.00076708845)    (-0.13694024 -0.10824998 0.18848287)         
wall_sb3_9                (-0.088058392 -0.063072603 0.10853819)        (0.00011848141 0.00015448619 0.00044022311)   (-0.08793991 -0.062918117 0.10897842)         (-0.1437688 -0.10297568 0.17720522)           (0.00019343904 0.00025222236 0.00071873161)   (-0.14357536 -0.10272346 0.17792395)         
------------------------- --------------------------------------------- --------------------------------------------- --------------------------------------------- --------------------------------------------- --------------------------------------------- ---------------------------------------------
Net                       (-2.3377489 0.14955005 0.094477886)           (0.033969142 0.0022958658 0.002335357)        (-2.3037798 0.15184591 0.096813243)           (-3.8167329 0.24416334 0.15424961)            (0.055459824 0.0037483523 0.0038128278)       (-3.7612731 0.24791169 0.15806244)           

Forces - Direction Vector (-1 0 0)
                          Forces [N]                                      Coefficients                                   
Zone                      Pressure        Viscous         Total           Pressure        Viscous         Total          
wall_s_sides:502          1.3230004e-08   -0.00033866698  -0.00033865375  2.1600007e-08   -0.00055292568  -0.00055290408 
wall_s_sides:503          0               -0.00038558823  -0.00038558823  0               -0.00062953181  -0.00062953181 
wall_s_te                 -0.0013936595   -1.482195e-05   -0.0014084814   -0.0022753624   -2.4199102e-05  -0.0022995615  
wall_s_te:500             -0.0016059366   -8.0253686e-06  -0.001613962    -0.0026219374   -1.3102643e-05  -0.00263504    
wall_s_te:501             -0.001528956    -6.8752394e-06  -0.0015358312   -0.0024962547   -1.1224881e-05  -0.0025074796  
wall_sb1_1                0.008708288     -0.0019245214   0.0067837666    0.014217613     -0.0031420758   0.011075537    
wall_sb1_10               0.097308361     -0.00067390926  0.096634451     0.15887079      -0.00110026     0.15777053     
wall_sb1_11               0.097586775     -0.00099964867  0.096587127     0.15932535      -0.0016320795   0.15769327     
wall_sb1_12               0.0873306       -0.0011770277   0.086153572     0.14258057      -0.0019216778   0.14065889     
wall_sb1_13               0.061355946     -0.0015348536   0.059821092     0.10017297      -0.0025058834   0.09766709     
wall_sb1_2                0.019732052     -0.0014581101   0.018273942     0.032215594     -0.0023805879   0.029835007    
wall_sb1_3                0.031836992     -0.0013057874   0.030531204     0.051978762     -0.0021318978   0.049846864    
wall_sb1_4                0.04500351      -0.0011073416   0.043896169     0.073475119     -0.0018079046   0.071667214    
wall_sb1_5                0.058191544     -0.00088162561  0.057309918     0.095006602     -0.0014393887   0.093567213    
wall_sb1_6                0.070107565     -0.00057765267  0.069529912     0.11446133      -0.00094310639  0.11351822     
wall_sb1_7                0.07906121      -0.0002643767   0.078796834     0.12907953      -0.00043163542  0.12864789     
wall_sb1_8                0.084942101     -0.00014982587  0.084792275     0.13868098      -0.00024461367  0.13843637     
wall_sb1_9                0.09116172      -0.00022560784  0.090936112     0.14883546      -0.00036833934  0.14846712     
wall_sb2_1                0.0055850711    -0.0016443141   0.0039407569    0.0091184834    -0.0026845945   0.0064338889   
wall_sb2_10               0.074316266     -0.00018583983  0.074130427     0.12133268      -0.00030341196  0.12102927     
wall_sb2_11               0.079504081     -0.00033926388  0.079164817     0.12980258      -0.00055390022  0.12924868     
wall_sb2_12               0.080668822     -0.00079529696  0.079873525     0.1317042       -0.001298444    0.13040575     
wall_sb2_13               0.066326193     -0.0013744868   0.064951706     0.10828766      -0.0022440602   0.1060436      
wall_sb2_2                0.014682414     -0.0013409081   0.013341506     0.023971288     -0.0021892378   0.021782051    
wall_sb2_3                0.025690578     -0.0012066544   0.024483923     0.0419438       -0.001970048    0.039973752    
wall_sb2_4                0.038334153     -0.00099583692  0.037338316     0.062586373     -0.0016258562   0.060960517    
wall_sb2_5                0.05146473      -0.00073349741  0.050731233     0.084024049     -0.0011975468   0.082826502    
wall_sb2_6                0.063000957     -0.00034778397  0.062653173     0.10285871      -0.00056781056  0.1022909      
wall_sb2_7                0.069281746     -0.0001476865   0.069134059     0.11311305      -0.00024112082  0.11287193     
wall_sb2_8                0.071173074     -8.4539828e-05  0.071088535     0.11620094      -0.00013802421  0.11606291     
wall_sb2_9                0.072367236     -0.00012035615  0.07224688      0.11815059      -0.00019649983  0.11795409     
wall_sb3_1                0.004905054     -0.001650461    0.003254593     0.0080082515    -0.0026946302   0.0053136213   
wall_sb3_10               0.093466162     -0.00019411808  0.093272044     0.15259782      -0.00031692748  0.15228089     
wall_sb3_11               0.098246212     -0.00065273894  0.097593473     0.16040198      -0.0010656962   0.15933628     
wall_sb3_12               0.093282569     -0.00099159902  0.09229097      0.15229807      -0.0016189372   0.15067914     
wall_sb3_13               0.0705126       -0.0014505341   0.069062066     0.11512261      -0.002368219    0.11275439     
wall_sb3_2                0.012910698     -0.0014642296   0.011446469     0.021078691     -0.002390579    0.018688112    
wall_sb3_3                0.023479401     -0.0014127297   0.022066671     0.038333715     -0.0023064975   0.036027218    
wall_sb3_4                0.036407745     -0.0012557078   0.035152038     0.059441217     -0.0020501352   0.057391082    
wall_sb3_5                0.050663716     -0.0010482426   0.049615473     0.082716271     -0.0017114165   0.081004854    
wall_sb3_6                0.064858582     -0.0008002819   0.0640583       0.10589156      -0.0013065827   0.10458498     
wall_sb3_7                0.07674098      -0.00043183028  0.07630915      0.1252914       -0.00070502903  0.12458637     
wall_sb3_8                0.084023351     -0.0001474568   0.083875894     0.13718098      -0.0002407458   0.13694024     
wall_sb3_9                0.088058392     -0.00011848141  0.08793991      0.1437688       -0.00019343904  0.14357536     
------------------------- --------------- --------------- --------------- --------------- --------------- ---------------
Net                       2.3377489       -0.033969142    2.3037798       3.8167329       -0.055459824    3.7612731      
