-4.866867663432559721e-01
-2.617468123816240055e-01
-2.049994507527930221e-01
-1.998375577093129962e-01
-1.876981113312765626e-01
-1.490610121406736877e-01
-1.071321153019615391e-01
-1.074745290194407676e-01
-1.578288052657979001e-01
-2.310281761753674168e-01
-2.979497365688126287e-01
-3.400419129811196317e-01
-3.904591072292795673e-01
-4.481401244083036417e-01
-5.111793125104902025e-01
-5.379735293753777903e-01
-5.134922267342858504e-01
-4.584012605425982212e-01
-4.013687473643408055e-01
-3.602995373866586526e-01
-3.341974787204355923e-01
-3.203968959086487267e-01
-3.152708976944547103e-01
-3.166673146778866688e-01
-3.223218629417774483e-01
-3.333874438098072268e-01
-3.464097157139818250e-01
-3.601852480967182579e-01
-3.737288018959694647e-01
-3.401616655654198240e-01
-1.545185432714144547e-01
-1.908886624252503772e-01
-4.430389550628683892e-01
-5.404408999436300931e-01
-5.813373155162719907e-01
-6.188868636980031646e-01
-6.534121465274582707e-01
-6.869781145968145708e-01
-7.103839513391700944e-01
-6.760410706785582313e-01
-5.437293226556563219e-01
-4.165173504204704447e-01
-3.475520873655970622e-01
-3.232646777631749124e-01
-3.322825762553280882e-01
-3.582655935825296289e-01
-4.296974429691386987e-01
-6.046758969571794928e-01
-1.110168518012407679e+00
-4.863412450170613299e-01
-2.615786837028831746e-01
-2.048878846600692416e-01
-1.997464887630306940e-01
-1.876254912352173232e-01
-1.490156680297916036e-01
-1.071141565991451383e-01
-1.074665237105574267e-01
-1.578131593181848480e-01
-2.310026664833308985e-01
-2.979202296532659222e-01
-3.400244413374899910e-01
-3.904569045939563221e-01
-4.481567936516299699e-01
-5.112028472492113895e-01
-5.379927828536754664e-01
-5.134990461534743034e-01
-4.583931960609870515e-01
-4.013481809893963970e-01
-3.602705749115582279e-01
-3.341628509469261044e-01
-3.203590545812975421e-01
-3.152312925054427950e-01
-3.166266139740625540e-01
-3.222804290425962392e-01
-3.333468116081936827e-01
-3.463699131618489524e-01
-3.601466027941420123e-01
-3.736918255172039238e-01
-3.401379260707688701e-01
-1.545438442496913645e-01
-1.909147070961902948e-01
-4.430212247029259309e-01
-5.404144414784355366e-01
-5.813135604181907112e-01
-6.188675104919902914e-01
-6.533990311911523907e-01
-6.869751770198435636e-01
-7.103883564788877614e-01
-6.760464986909144880e-01
-5.437158897650058442e-01
-4.164829544182839793e-01
-3.475039950061933336e-01
-3.232072246630310897e-01
-3.322160064806891633e-01
-3.581900645995950150e-01
-4.296033858886008083e-01
-6.045425173501366434e-01
-1.109923745951697294e+00
-4.866461939085053312e-01
-2.618224648466953575e-01
-2.051269469167593673e-01
-1.999931419644433994e-01
-1.878888867795605044e-01
-1.492860920193066487e-01
-1.073927054752410459e-01
-1.077588921402612421e-01
-1.581240217630559552e-01
-2.313382344090797460e-01
-2.982738906182638150e-01
-3.403928976242875937e-01
-3.908396847479163050e-01
-4.485572923326295314e-01
-5.116190135270870520e-01
-5.384269932590926011e-01
-5.139523178776221890e-01
-4.588654035525341346e-01
-4.018378873799863804e-01
-3.607850037704458668e-01
-3.346937461491490406e-01
-3.209069862235820469e-01
-3.157961635598525163e-01
-3.172080435220197003e-01
-3.228768283877820888e-01
-3.339705185291768075e-01
-3.470081904198054623e-01
-3.608014640491088443e-01
-3.743640504869019114e-01
-3.408267324749698624e-01
-1.552456742447203553e-01
-1.916361788244476116e-01
-4.437702574236075392e-01
-5.411631630618698452e-01
-5.820864200983348891e-01
-6.196623042837388073e-01
-6.542177293984059450e-01
-6.878255331006979389e-01
-7.112308850447643938e-01
-6.769159804153890292e-01
-5.445944253804970714e-01
-4.173685659392272207e-01
-3.484019843339474232e-01
-3.241224638895110477e-01
-3.331575595557445535e-01
-3.590963554558319615e-01
-4.305320114958652855e-01
-6.054833247884336966e-01
-1.110792868921593568e+00
-4.863628069033781864e-01
-2.614814982462758675e-01
-2.047370326935680218e-01
-1.995665283057772577e-01
-1.874083903994450129e-01
-1.487629502705247742e-01
-1.068244594205636222e-01
-1.071518894426626289e-01
-1.574869300078418632e-01
-2.306603755617711027e-01
-2.975630877784576356e-01
-3.396393867508702424e-01
-3.900411998522614887e-01
-4.477029762500572829e-01
-5.107253852038435848e-01
-5.375000422718638760e-01
-5.129976903631194851e-01
-4.578855174459208754e-01
-4.008332522981057355e-01
-3.597363381629048451e-01
-3.336156653120743165e-01
-3.197958397825484411e-01
-3.146506943870361894e-01
-3.160283744749605717e-01
-3.216659244602459999e-01
-3.327007967037904912e-01
-3.457064064879729059e-01
-3.594630343295479591e-01
-3.729868026677949366e-01
-3.394001465983329524e-01
-1.537395532870848847e-01
-1.900875427078450031e-01
-4.422094340556999015e-01
-5.396120756917084371e-01
-5.804815378007859294e-01
-6.180065466853272849e-01
-6.525051166568434091e-01
-6.860359313308403983e-01
-7.094507679932218203e-01
-6.750759274709396962e-01
-5.427479539609381121e-01
-4.155218201119854626e-01
-3.465384320853379663e-01
-3.222287699855919119e-01
-3.312148619819603734e-01
-3.572366684339640663e-01
-4.286425322567037899e-01
-6.036081872603595855e-01
-1.109189655326351165e+00
-4.863412450170623291e-01
-2.615786837028827305e-01
-2.048878846600692416e-01
-1.997464887630304720e-01
-1.876254912352179893e-01
-1.490156680297902714e-01
-1.071141565991471367e-01
-1.074665237105560944e-01
-1.578131593181877346e-01
-2.310026664833306764e-01
-2.979202296532665883e-01
-3.400244413374897690e-01
-3.904569045939585425e-01
-4.481567936516310802e-01
-5.112028472492120557e-01
-5.379927828536721357e-01
-5.134990461534760797e-01
-4.583931960609883838e-01
-4.013481809893961749e-01
-3.602705749115573397e-01
-3.341628509469272146e-01
-3.203590545812975421e-01
-3.152312925054443493e-01
-3.166266139740643304e-01
-3.222804290425962392e-01
-3.333468116081901300e-01
-3.463699131618467320e-01
-3.601466027941433445e-01
-3.736918255172039238e-01
-3.401379260707679819e-01
-1.545438442496904763e-01
-1.909147070961920711e-01
-4.430212247029259309e-01
-5.404144414784368688e-01
-5.813135604181898231e-01
-6.188675104919911796e-01
-6.533990311911521687e-01
-6.869751770198444518e-01
-7.103883564788882055e-01
-6.760464986909124896e-01
-5.437158897650069544e-01
-4.164829544182855336e-01
-3.475039950061946659e-01
-3.232072246630319778e-01
-3.322160064806896074e-01
-3.581900645995956811e-01
-4.296033858886008083e-01
-6.045425173501384197e-01
-1.109923745951695961e+00
-4.866867663432560276e-01
-2.617468123816256709e-01
-2.049994507527925780e-01
-1.998375577093112199e-01
-1.876981113312781169e-01
-1.490610121406739097e-01
-1.071321153019597627e-01
-1.074745290194387692e-01
-1.578288052657985663e-01
-2.310281761753667507e-01
-2.979497365688141830e-01
-3.400419129811187435e-01
-3.904591072292815657e-01
-4.481401244083029756e-01
-5.111793125104895363e-01
-5.379735293753773462e-01
-5.134922267342889590e-01
-4.584012605425984432e-01
-4.013687473643408055e-01
-3.602995373866573203e-01
-3.341974787204367026e-01
-3.203968959086482826e-01
-3.152708976944533781e-01
-3.166673146778848924e-01
-3.223218629417790027e-01
-3.333874438098116677e-01
-3.464097157139831573e-01
-3.601852480967182579e-01
-3.737288018959707969e-01
-3.401616655654162713e-01
-1.545185432714162310e-01
-1.908886624252494890e-01
-4.430389550628692774e-01
-5.404408999436309813e-01
-5.813373155162746553e-01
-6.188868636980022764e-01
-6.534121465274564944e-01
-6.869781145968154590e-01
-7.103839513391694283e-01
-6.760410706785584534e-01
-5.437293226556536574e-01
-4.165173504204673360e-01
-3.475520873655972842e-01
-3.232646777631753565e-01
-3.322825762553265339e-01
-3.582655935825294069e-01
-4.296974429691400310e-01
-6.046758969571790487e-01
-1.110168518012407679e+00
-4.863628069033787416e-01
-2.614814982462747572e-01
-2.047370326935686879e-01
-1.995665283057777017e-01
-1.874083903994456790e-01
-1.487629502705238860e-01
-1.068244594205634002e-01
-1.071518894426628510e-01
-1.574869300078434176e-01
-2.306603755617711027e-01
-2.975630877784567474e-01
-3.396393867508691322e-01
-3.900411998522608226e-01
-4.477029762500546184e-01
-5.107253852038442510e-01
-5.375000422718632098e-01
-5.129976903631203733e-01
-4.578855174459184330e-01
-4.008332522981059576e-01
-3.597363381629030687e-01
-3.336156653120732063e-01
-3.197958397825508836e-01
-3.146506943870370776e-01
-3.160283744749605717e-01
-3.216659244602442236e-01
-3.327007967037900471e-01
-3.457064064879711296e-01
-3.594630343295461827e-01
-3.729868026677949366e-01
-3.394001465983329524e-01
-1.537395532870857728e-01
-1.900875427078441149e-01
-4.422094340556999015e-01
-5.396120756917091033e-01
-5.804815378007883719e-01
-6.180065466853281730e-01
-6.525051166568407446e-01
-6.860359313308412865e-01
-7.094507679932231525e-01
-6.750759274709383639e-01
-5.427479539609398884e-01
-4.155218201119876831e-01
-3.465384320853377442e-01
-3.222287699855921339e-01
-3.312148619819610396e-01
-3.572366684339618459e-01
-4.286425322567022356e-01
-6.036081872603593634e-01
-1.109189655326352719e+00
-4.866461939085044985e-01
-2.618224648466956905e-01
-2.051269469167593673e-01
-1.999931419644438435e-01
-1.878888867795605044e-01
-1.492860920193046503e-01
-1.073927054752408239e-01
-1.077588921402605759e-01
-1.581240217630555112e-01
-2.313382344090768594e-01
-2.982738906182640370e-01
-3.403928976242867055e-01
-3.908396847479191916e-01
-4.485572923326268668e-01
-5.116190135270852757e-01
-5.384269932590934893e-01
-5.139523178776215229e-01
-4.588654035525339125e-01
-4.018378873799890449e-01
-3.607850037704465329e-01
-3.346937461491492627e-01
-3.209069862235836013e-01
-3.157961635598525163e-01
-3.172080435220214767e-01
-3.228768283877836431e-01
-3.339705185291781397e-01
-3.470081904198050182e-01
-3.608014640491075120e-01
-3.743640504869025776e-01
-3.408267324749680860e-01
-1.552456742447203553e-01
-1.916361788244462794e-01
-4.437702574236093156e-01
-5.411631630618680688e-01
-5.820864200983357772e-01
-6.196623042837385853e-01
-6.542177293984088315e-01
-6.878255331006983830e-01
-7.112308850447668362e-01
-6.769159804153890292e-01
-5.445944253804975155e-01
-4.173685659392243341e-01
-3.484019843339476452e-01
-3.241224638895108257e-01
-3.331575595557445535e-01
-3.590963554558328497e-01
-4.305320114958655076e-01
-6.054833247884330305e-01
-1.110792868921592902e+00
