9.412708269754634927e-01
1.708342478496677419e+00
3.849931985319910765e+00
6.931394245354011829e+00
1.353809213586046312e+01
2.696932674523796436e+01
2.196992100445114815e+01
-2.698054964601993433e+01
-4.759548833225103692e+01
-2.751871723755269628e+01
-6.111322784064272540e+00
2.997087369755258024e-01
4.637598194357366310e+00
6.368624888456134059e+00
5.049569816609897899e+00
2.538426627324688489e+00
1.898135839317398599e-01
-2.198208184959955513e+00
-3.621437520627367235e+00
-4.323127288567552462e+00
-3.723664460620909278e+00
-2.227667904333018090e+00
3.121165843399789086e-01
3.135398886226855808e+00
6.691649430585032476e+00
6.853718139322657166e+00
6.888533915035912614e+00
8.764612054788987194e+00
1.523552692187125501e+01
4.248450141721419016e+01
-9.374073791200774508e+01
-3.076874754219591779e+01
-4.342640488074753335e+00
-1.559885592745459792e+00
8.539741416131443330e-01
2.129654684392803699e+00
4.113096899104401238e+00
4.441112627366496923e+00
3.596591256610776721e+00
3.551050914059072916e+00
3.210558343334477094e+00
2.691981967029781764e+00
2.244186811325338926e+00
1.886893330919084066e+00
1.600958211109951179e+00
1.354470451827073374e+00
1.134535460810365270e+00
8.773221979545187121e-01
4.161262097435060037e-01
9.412831861969477298e-01
1.708294511711498043e+00
3.849875707567331773e+00
6.931320900571112276e+00
1.353799220368996181e+01
2.696930576310077399e+01
2.197031842849775884e+01
-2.698199154284527879e+01
-4.759574427914441941e+01
-2.751846041309975632e+01
-6.110077526545593329e+00
2.994606633318959155e-01
4.637217365951244119e+00
6.368516586289354464e+00
5.049443581670685077e+00
2.538499037565701499e+00
1.898539868693953636e-01
-2.198235552339537158e+00
-3.621543551647536052e+00
-4.323233367888946077e+00
-3.723759078701889713e+00
-2.227616327225149906e+00
3.122506255405559372e-01
3.135426582775076021e+00
6.691544243073187737e+00
6.853675252980031551e+00
6.888620738118175879e+00
8.764425293004679318e+00
1.523534038696602799e+01
4.248434685136763278e+01
-9.374026305886343380e+01
-3.076835943546571883e+01
-4.342575417390136749e+00
-1.559848326709750488e+00
8.539765118558548807e-01
2.129669610743321506e+00
4.113096230746715598e+00
4.441092870396101233e+00
3.596572617501636593e+00
3.550995777871559511e+00
3.210487951925679706e+00
2.691913149024374619e+00
2.244118233938335649e+00
1.886828327150534168e+00
1.600892656744875575e+00
1.354410171028501919e+00
1.134468052949019867e+00
8.772532023066264006e-01
4.160296990898716407e-01
9.403356155793588522e-01
1.706376204577984446e+00
3.847972058358556602e+00
6.929329355149122627e+00
1.353604584834013025e+01
2.696738847241674364e+01
2.196732632361327830e+01
-2.698052897700821973e+01
-4.760147955863507718e+01
-2.752100452152891563e+01
-6.112249113189566430e+00
2.972561282511900771e-01
4.633223255622506365e+00
6.363634242184486922e+00
5.042730042462209461e+00
2.533821447684544648e+00
1.851381361105137735e-01
-2.202155672167224854e+00
-3.624943926678207973e+00
-4.327347966007865310e+00
-3.727929231974449920e+00
-2.231897537940343845e+00
3.078144818612893463e-01
3.131503962691536636e+00
6.687432102019642777e+00
6.848058382501378105e+00
6.882682583782457897e+00
8.757141172475073176e+00
1.522985697316583398e+01
4.247859568805669994e+01
-9.376043012803923205e+01
-3.078124348014976874e+01
-4.352659337273465212e+00
-1.568472280635357485e+00
8.458097918654985392e-01
2.122079601316772202e+00
4.105799020129120791e+00
4.433514896971813002e+00
3.587764388743490684e+00
3.543604474024262707e+00
3.203623190898389872e+00
2.684733912175762960e+00
2.236431424595795914e+00
1.878885018806581764e+00
1.592668001561676094e+00
1.346385334378642717e+00
1.126187210199389055e+00
8.695159385703827848e-01
4.089022097078931495e-01
9.421887826605037652e-01
1.710212379163047025e+00
3.851808198413967155e+00
6.933408488036105766e+00
1.354020129362876190e+01
2.697191083932117550e+01
2.197358428802541397e+01
-2.698303957836066047e+01
-4.759023257685667829e+01
-2.751588866398043720e+01
-6.107922723262411147e+00
3.023364132602484045e-01
4.642377385322786765e+00
6.374028164581750033e+00
5.056482395818239439e+00
2.543100952208759757e+00
1.943195253640769282e-01
-2.194517168059765488e+00
-3.618228719634487778e+00
-4.319141146749027271e+00
-3.719455275384550674e+00
-2.223023627967140481e+00
3.172583172157243947e-01
3.140176168841546822e+00
6.696957557599024113e+00
6.860614393324411253e+00
6.895783061846332274e+00
8.774257015142573835e+00
1.524434891342168541e+01
4.249830663058988733e+01
-9.373681783490408748e+01
-3.076132407302295491e+01
-4.333045284749864834e+00
-1.551569213216916765e+00
8.622740521308376316e-01
2.137825853080111749e+00
4.121450798310423380e+00
4.449909585054376393e+00
3.606492552982136335e+00
3.559669645827260531e+00
3.218677681876750185e+00
2.700369766958372164e+00
2.253059953587563946e+00
1.895992633093283253e+00
1.610335639757653370e+00
1.363594072958779213e+00
1.143935462096309585e+00
8.860988053736653658e-01
4.242118179740671513e-01
9.412831861969537250e-01
1.708294511711498043e+00
3.849875707567316674e+00
6.931320900571132704e+00
1.353799220368995115e+01
2.696930576310077043e+01
2.197031842849778016e+01
-2.698199154284527879e+01
-4.759574427914439809e+01
-2.751846041309976698e+01
-6.110077526545577342e+00
2.994606633318972477e-01
4.637217365951254777e+00
6.368516586289349135e+00
5.049443581670681525e+00
2.538499037565698835e+00
1.898539868694018029e-01
-2.198235552339530496e+00
-3.621543551647540493e+00
-4.323233367888949630e+00
-3.723759078701893266e+00
-2.227616327225153015e+00
3.122506255405561593e-01
3.135426582775068027e+00
6.691544243073186848e+00
6.853675252980025334e+00
6.888620738118172326e+00
8.764425293004675765e+00
1.523534038696600490e+01
4.248434685136761857e+01
-9.374026305886347643e+01
-3.076835943546581120e+01
-4.342575417390108328e+00
-1.559848326709741606e+00
8.539765118558593215e-01
2.129669610743303743e+00
4.113096230746706716e+00
4.441092870396106562e+00
3.596572617501633928e+00
3.550995777871560843e+00
3.210487951925681038e+00
2.691913149024372842e+00
2.244118233938337426e+00
1.886828327150526396e+00
1.600892656744888676e+00
1.354410171028501697e+00
1.134468052949024086e+00
8.772532023066255125e-01
4.160296990898721958e-01
9.412708269754684887e-01
1.708342478496667649e+00
3.849931985319908989e+00
6.931394245354002059e+00
1.353809213586045423e+01
2.696932674523795370e+01
2.196992100445116236e+01
-2.698054964601994499e+01
-4.759548833225107956e+01
-2.751871723755269983e+01
-6.111322784064276092e+00
2.997087369755173647e-01
4.637598194357344994e+00
6.368624888456122513e+00
5.049569816609899675e+00
2.538426627324685825e+00
1.898135839317385276e-01
-2.198208184959953737e+00
-3.621437520627363682e+00
-4.323127288567555127e+00
-3.723664460620907946e+00
-2.227667904333018090e+00
3.121165843399765771e-01
3.135398886226859805e+00
6.691649430585034253e+00
6.853718139322665159e+00
6.888533915035917055e+00
8.764612054788988971e+00
1.523552692187126567e+01
4.248450141721421147e+01
-9.374073791200783035e+01
-3.076874754219578634e+01
-4.342640488074753335e+00
-1.559885592745473559e+00
8.539741416131381158e-01
2.129654684392813913e+00
4.113096899104396797e+00
4.441112627366483601e+00
3.596591256610775389e+00
3.551050914059072472e+00
3.210558343334474873e+00
2.691981967029784428e+00
2.244186811325334041e+00
1.886893330919080070e+00
1.600958211109929863e+00
1.354470451827067379e+00
1.134535460810358165e+00
8.773221979545151594e-01
4.161262097435038942e-01
9.421887826605095384e-01
1.710212379163054131e+00
3.851808198413972040e+00
6.933408488036095108e+00
1.354020129362876546e+01
2.697191083932121813e+01
2.197358428802543528e+01
-2.698303957836064626e+01
-4.759023257685667119e+01
-2.751588866398044786e+01
-6.107922723262397824e+00
3.023364132602641696e-01
4.642377385322794758e+00
6.374028164581754474e+00
5.056482395818234110e+00
2.543100952208747767e+00
1.943195253640743747e-01
-2.194517168059770373e+00
-3.618228719634493551e+00
-4.319141146749030824e+00
-3.719455275384549786e+00
-2.223023627967135596e+00
3.172583172157277254e-01
3.140176168841551707e+00
6.696957557599022337e+00
6.860614393324416582e+00
6.895783061846340267e+00
8.774257015142573835e+00
1.524434891342169784e+01
4.249830663058992286e+01
-9.373681783490415853e+01
-3.076132407302298333e+01
-4.333045284749886150e+00
-1.551569213216919429e+00
8.622740521308394079e-01
2.137825853080110861e+00
4.121450798310386077e+00
4.449909585054372840e+00
3.606492552982144328e+00
3.559669645827257423e+00
3.218677681876748853e+00
2.700369766958375717e+00
2.253059953587569275e+00
1.895992633093287472e+00
1.610335639757674242e+00
1.363594072958779213e+00
1.143935462096310252e+00
8.860988053736698067e-01
4.242118179740639317e-01
9.403356155793526350e-01
1.706376204577984002e+00
3.847972058358555270e+00
6.929329355149137726e+00
1.353604584834015157e+01
2.696738847241673653e+01
2.196732632361326765e+01
-2.698052897700824460e+01
-4.760147955863513403e+01
-2.752100452152891563e+01
-6.112249113189553107e+00
2.972561282511896330e-01
4.633223255622516135e+00
6.363634242184487810e+00
5.042730042462212126e+00
2.533821447684548644e+00
1.851381361105123302e-01
-2.202155672167222633e+00
-3.624943926678206196e+00
-4.327347966007862645e+00
-3.727929231974451696e+00
-2.231897537940344733e+00
3.078144818612948974e-01
3.131503962691537524e+00
6.687432102019648994e+00
6.848058382501371000e+00
6.882682583782457009e+00
8.757141172475087387e+00
1.522985697316582510e+01
4.247859568805673547e+01
-9.376043012803935994e+01
-3.078124348014975453e+01
-4.352659337273497187e+00
-1.568472280635378802e+00
8.458097918655074210e-01
2.122079601316771758e+00
4.105799020129159871e+00
4.433514896971820995e+00
3.587764388743491573e+00
3.543604474024264928e+00
3.203623190898388984e+00
2.684733912175762960e+00
2.236431424595793693e+00
1.878885018806581986e+00
1.592668001561678759e+00
1.346385334378642717e+00
1.126187210199393274e+00
8.695159385703823407e-01
4.089022097078924833e-01
