1.846496133664865535e-01
-2.123079913417245113e-01
-1.142582401069315967e+00
-1.531974131014573359e+00
-1.992032519380091182e+00
-2.574458814674903007e+00
-3.437952091854389991e+00
-4.798774806365587509e+00
-9.941556249157954994e+00
-8.254383673204680250e+00
-4.649454318925119622e+00
-3.273369411385474770e+00
-5.035795720330714431e+00
5.325127671313205724e+01
1.846496133664154993e-01
-2.123079913417103004e-01
-1.142582401069233589e+00
-1.531974131014520957e+00
-1.992032519380022126e+00
-2.574458814674818186e+00
-3.437952091854272751e+00
-4.798774806365545764e+00
-9.941556249160015568e+00
-8.254383673209327199e+00
-4.649454318925186236e+00
-3.273369411381990446e+00
-5.035795720318690272e+00
5.325127671319491895e+01
1.846496133661693628e-01
-2.123079913421253018e-01
-1.142582401069581755e+00
-1.531974131014948615e+00
-1.992032519380575684e+00
-2.574458814675529172e+00
-3.437952091855189796e+00
-4.798774806371793211e+00
-9.941556249167735615e+00
-8.254383673210835326e+00
-4.649454318924483687e+00
-3.273369411382790695e+00
-5.035795720323612557e+00
5.325127671311548028e+01
-1.557945578488105909e+01
-1.113537914026954745e+01
-2.242424609418646497e+01
-9.499816680290965110e+01
-1.059631546729743512e+01
-1.859934607513571692e+01
-2.248332899096509507e+01
-3.046897575577421335e+01
-4.811451771051997639e+01
3.667103161256764565e+01
-8.960103660712926299e+00
-2.265037117292849800e+01
-1.244104195288812065e+01
-4.536695154968477794e+01
-3.178721906999130553e+01
-4.117283658461943929e+01
-3.158983400375264239e+01
-4.439330871820067159e+01
1.528483079919886967e+00
-4.947877625603589991e+01
-2.894540665946576041e+01
-1.944143799470759149e+01
-3.933027844007455798e+01
-3.789490672148711070e+01
-4.749907870615085415e+01
-3.861024106183121773e+01
-5.123819024966176272e+01
-1.557945578488004656e+01
-1.113537914026655606e+01
-2.242424609418539916e+01
-9.499816680296096649e+01
-1.059631546730310880e+01
-1.859934607513074667e+01
-2.248332899095634119e+01
-3.046897575577039774e+01
-4.811451771051685000e+01
3.667103161257082178e+01
-8.960103660714210605e+00
-2.265037117292435553e+01
-1.244104195288904080e+01
-4.536695154968100496e+01
-3.178721906999080105e+01
-4.117283658461421680e+01
-3.158983400375078787e+01
-4.439330871819476698e+01
1.528483079915676113e+00
-4.947877625604743201e+01
-2.894540665946210112e+01
-1.944143799471122236e+01
-3.933027844007992258e+01
-3.789490672149025130e+01
-4.749907870615449923e+01
-3.861024106183405280e+01
-5.123819024966435620e+01
-1.557945578488237715e+01
-1.113537914026913178e+01
-2.242424609418920056e+01
-9.499816680295936067e+01
-1.059631546729904805e+01
-1.859934607513576310e+01
-2.248332899096597259e+01
-3.046897575577320083e+01
-4.811451771051817872e+01
3.667103161258070543e+01
-8.960103660712361417e+00
-2.265037117292598978e+01
-1.244104195288825565e+01
-4.536695154968336396e+01
-3.178721906999201607e+01
-4.117283658461683871e+01
-3.158983400375212369e+01
-4.439330871819717572e+01
1.528483079924535692e+00
-4.947877625605044472e+01
-2.894540665945710600e+01
-1.944143799470626632e+01
-3.933027844007606433e+01
-3.789490672148715333e+01
-4.749907870615066230e+01
-3.861024106183114668e+01
-5.123819024966131508e+01
