-8.089932724399169217e-01
-8.642573727793289029e-01
-9.285985523967458244e-01
-9.984248613198745126e-01
-1.071226041118771954e+00
-1.143739817794408031e+00
-1.226991572438734801e+00
-1.318577527246634906e+00
-1.401190325630840006e+00
-1.478621739037718097e+00
-1.552989895592251646e+00
-1.626455904885261372e+00
-1.699347665116087924e+00
-1.774928973410776933e+00
-1.857088123974979688e+00
-1.924594448477237929e+00
-1.952944804704803250e+00
-1.987300223274249156e+00
-2.024242310549479562e+00
-2.061899991786933395e+00
-2.099319216953325906e+00
-2.136307266432112328e+00
-2.173306270455439559e+00
-2.211306729702968710e+00
-2.252016614532267980e+00
-2.275466354651718426e+00
-2.297425152372833068e+00
-2.320786691939932922e+00
-2.344225126846430918e+00
-2.366322512932963029e+00
-2.385539195671794843e+00
-2.400305185799047614e+00
-2.408968560870619946e+00
-2.409360437872424043e+00
-2.397728387470841938e+00
-2.361976624609486208e+00
-2.290529842676956029e+00
-2.160130100231725692e+00
-1.935199872967668711e+00
-1.570292441648716064e+00
-1.005984934578963319e+00
-1.732247348349407190e-01
1.183716073197270902e+00
1.887086813335366031e+01
4.422655843242836227e+00
5.450913749626324289e+01
-3.791147989651443595e+02
6.072919781221290236e+01
1.181210495003811189e+01
-8.089932724399175878e-01
-8.642573727793264604e-01
-9.285985523967466015e-01
-9.984248613198833944e-01
-1.071226041118776617e+00
-1.143739817794412250e+00
-1.226991572438734579e+00
-1.318577527246636460e+00
-1.401190325630839562e+00
-1.478621739037731642e+00
-1.552989895592261416e+00
-1.626455904885263148e+00
-1.699347665116096362e+00
-1.774928973410789812e+00
-1.857088123974995231e+00
-1.924594448477255693e+00
-1.952944804704820569e+00
-1.987300223274272248e+00
-2.024242310549494217e+00
-2.061899991786970698e+00
-2.099319216953337452e+00
-2.136307266432140750e+00
-2.173306270455469758e+00
-2.211306729702990914e+00
-2.252016614532303507e+00
-2.275466354651754841e+00
-2.297425152372864154e+00
-2.320786691939959567e+00
-2.344225126846465557e+00
-2.366322512932991451e+00
-2.385539195671821489e+00
-2.400305185799088470e+00
-2.408968560870659914e+00
-2.409360437872440031e+00
-2.397728387470879241e+00
-2.361976624609514630e+00
-2.290529842677004879e+00
-2.160130100231777206e+00
-1.935199872967714896e+00
-1.570292441648799553e+00
-1.005984934579077006e+00
-1.732247348351112493e-01
1.183716073196961815e+00
1.887086813335123381e+01
4.422655843243774143e+00
5.450913749626358396e+01
-3.791147989651472585e+02
6.072919781221321500e+01
1.181210495003828598e+01
-8.089932724399202524e-01
-8.642573727793264604e-01
-9.285985523967454913e-01
-9.984248613198793976e-01
-1.071226041118772621e+00
-1.143739817794402480e+00
-1.226991572438729250e+00
-1.318577527246633130e+00
-1.401190325630838451e+00
-1.478621739037716099e+00
-1.552989895592251646e+00
-1.626455904885251158e+00
-1.699347665116082595e+00
-1.774928973410782707e+00
-1.857088123974985461e+00
-1.924594448477241482e+00
-1.952944804704807691e+00
-1.987300223274252264e+00
-2.024242310549489332e+00
-2.061899991786952491e+00
-2.099319216953317024e+00
-2.136307266432121210e+00
-2.173306270455458211e+00
-2.211306729702981144e+00
-2.252016614532291072e+00
-2.275466354651733525e+00
-2.297425152372852608e+00
-2.320786691939944468e+00
-2.344225126846454010e+00
-2.366322512932994115e+00
-2.385539195671827706e+00
-2.400305185799091134e+00
-2.408968560870665243e+00
-2.409360437872461347e+00
-2.397728387470923650e+00
-2.361976624609551934e+00
-2.290529842677052841e+00
-2.160130100231839378e+00
-1.935199872967818813e+00
-1.570292441648906134e+00
-1.005984934579185364e+00
-1.732247348352444760e-01
1.183716073196729113e+00
1.887086813334945035e+01
4.422655843246168672e+00
5.450913749627027727e+01
-3.791147989649689407e+02
6.072919781221406055e+01
1.181210495003884375e+01
-3.540564820343773533e+01
-3.429537124673016990e+01
-3.447141283336567597e+01
-3.495359034370088835e+01
-3.324154052763355338e+01
-3.333113158554608901e+01
-3.330933810254119720e+01
-3.338949479637087592e+01
-3.351289142051741976e+01
-3.366774662996961354e+01
-3.384899087970597975e+01
-3.405029963199346099e+01
-3.427057660048550503e+01
-3.450769372881934771e+01
-3.476249147200132938e+01
-3.503573524172711018e+01
-3.533062794037569176e+01
-3.565158886138067373e+01
-3.600656022776199450e+01
-3.640785220221579266e+01
-3.687708224369562515e+01
-3.744565988151722991e+01
-3.815397469653280638e+01
-4.052479323530871369e+01
-4.071669210750628309e+01
-4.130193424479252684e+01
-4.220284468195787753e+01
-4.394004776373514431e+01
-4.802105374891416290e+01
-2.960251419768454184e+01
-3.091903342712111424e+01
-3.151838828192173025e+01
-3.190491127510754765e+01
-3.235121128723281458e+01
-3.276302888892730181e+01
-3.311133078508012062e+01
-3.352890874637925833e+01
-3.227533412883644814e+01
-3.214223132733704347e+01
-3.198299441070976812e+01
-3.188237346199184685e+01
-3.181409929997745678e+01
-3.177369379437330466e+01
-3.175997835760273702e+01
-3.177290294048437858e+01
-3.181444825780913277e+01
-3.188751927096251748e+01
-3.199739101359678628e+01
-3.215216793666825623e+01
-3.236566439909593385e+01
-3.266139141836982418e+01
-3.308854047960350897e+01
-3.357251801721614015e+01
-3.612923425528926202e+01
-3.655837140071840707e+01
-3.757232154140434233e+01
-3.936502086841321812e+01
-4.371009131612979814e+01
-3.924574460024088296e+01
-3.793580327566101573e+01
-3.811274098359040607e+01
-3.853644752428377274e+01
-3.837316115351482182e+01
-3.783443299281695005e+01
-3.800612676333042828e+01
-3.813671530864250769e+01
-3.830218307636658892e+01
-3.847173426695137977e+01
-3.864301535177385460e+01
-3.881361700156276129e+01
-3.898401530720795449e+01
-3.915565292722112645e+01
-3.933116670955271843e+01
-3.951419052942675592e+01
-3.970966613251993493e+01
-3.992428682303162191e+01
-4.016489638546119778e+01
-4.046248261791252787e+01
-4.031441498307249560e+01
-4.280390300974614348e+01
-4.274325180852898853e+01
-4.290230377630209091e+01
-4.320043320017827426e+01
-4.361431134055264636e+01
-4.435334170971376011e+01
-4.593078318691648576e+01
-4.961376588426933409e+01
-3.540564820343752928e+01
-3.429537124672999937e+01
-3.447141283336557649e+01
-3.495359034370081730e+01
-3.324154052763334732e+01
-3.333113158554614586e+01
-3.330933810254109062e+01
-3.338949479637046380e+01
-3.351289142051754766e+01
-3.366774662996951406e+01
-3.384899087970583764e+01
-3.405029963199372389e+01
-3.427057660048550503e+01
-3.450769372881892139e+01
-3.476249147200167755e+01
-3.503573524172703912e+01
-3.533062794037568466e+01
-3.565158886138070216e+01
-3.600656022776179555e+01
-3.640785220221600582e+01
-3.687708224369528409e+01
-3.744565988151678226e+01
-3.815397469653326112e+01
-4.052479323530889843e+01
-4.071669210750633283e+01
-4.130193424479267605e+01
-4.220284468195849570e+01
-4.394004776373612486e+01
-4.802105374891564082e+01
-2.960251419768471592e+01
-3.091903342712151925e+01
-3.151838828192206776e+01
-3.190491127510779634e+01
-3.235121128723314143e+01
-3.276302888892754339e+01
-3.311133078508027694e+01
-3.352890874637927254e+01
-3.227533412883677499e+01
-3.214223132733712873e+01
-3.198299441071012339e+01
-3.188237346199185041e+01
-3.181409929997764507e+01
-3.177369379437375940e+01
-3.175997835760295729e+01
-3.177290294048507846e+01
-3.181444825780915053e+01
-3.188751927096275907e+01
-3.199739101359661575e+01
-3.215216793666818518e+01
-3.236566439909611148e+01
-3.266139141837010840e+01
-3.308854047960387135e+01
-3.357251801721628937e+01
-3.612923425528933308e+01
-3.655837140071837865e+01
-3.757232154140441338e+01
-3.936502086841294812e+01
-4.371009131612964183e+01
-3.924574460024022216e+01
-3.793580327566088073e+01
-3.811274098359015028e+01
-3.853644752428374431e+01
-3.837316115351439549e+01
-3.783443299281708505e+01
-3.800612676332974615e+01
-3.813671530864280612e+01
-3.830218307636613417e+01
-3.847173426695133713e+01
-3.864301535177388303e+01
-3.881361700156276839e+01
-3.898401530720803265e+01
-3.915565292722158119e+01
-3.933116670955261185e+01
-3.951419052942667776e+01
-3.970966613251947308e+01
-3.992428682303183507e+01
-4.016489638546142515e+01
-4.046248261791197365e+01
-4.031441498307299298e+01
-4.280390300974581663e+01
-4.274325180852902406e+01
-4.290230377630209091e+01
-4.320043320017842348e+01
-4.361431134055283110e+01
-4.435334170971401591e+01
-4.593078318691679840e+01
-4.961376588426968937e+01
-3.540564820343749375e+01
-3.429537124673016990e+01
-3.447141283336575412e+01
-3.495359034370063966e+01
-3.324154052763352496e+01
-3.333113158554591848e+01
-3.330933810254115457e+01
-3.338949479637071249e+01
-3.351289142051747660e+01
-3.366774662996974143e+01
-3.384899087970562448e+01
-3.405029963199397258e+01
-3.427057660048531318e+01
-3.450769372881894981e+01
-3.476249147200180545e+01
-3.503573524172721676e+01
-3.533062794037594045e+01
-3.565158886138043925e+01
-3.600656022776186660e+01
-3.640785220221613372e+01
-3.687708224369558252e+01
-3.744565988151698832e+01
-3.815397469653306928e+01
-4.052479323530884159e+01
-4.071669210750618362e+01
-4.130193424479250552e+01
-4.220284468195830385e+01
-4.394004776373552090e+01
-4.802105374891473133e+01
-2.960251419768449921e+01
-3.091903342712117819e+01
-3.151838828192186170e+01
-3.190491127510748726e+01
-3.235121128723280748e+01
-3.276302888892716680e+01
-3.311133078508012773e+01
-3.352890874637923702e+01
-3.227533412883660446e+01
-3.214223132733694399e+01
-3.198299441070987470e+01
-3.188237346199175093e+01
-3.181409929997761310e+01
-3.177369379437364572e+01
-3.175997835760297150e+01
-3.177290294048507846e+01
-3.181444825780885921e+01
-3.188751927096286209e+01
-3.199739101359660154e+01
-3.215216793666805017e+01
-3.236566439909594806e+01
-3.266139141836983129e+01
-3.308854047960377898e+01
-3.357251801721624673e+01
-3.612923425528941124e+01
-3.655837140071851366e+01
-3.757232154140453417e+01
-3.936502086841345260e+01
-4.371009131613057974e+01
-3.924574460024077638e+01
-3.793580327566098020e+01
-3.811274098359054108e+01
-3.853644752428381537e+01
-3.837316115351437418e+01
-3.783443299281697847e+01
-3.800612676333031459e+01
-3.813671530864266401e+01
-3.830218307636629049e+01
-3.847173426695157161e+01
-3.864301535177374092e+01
-3.881361700156293182e+01
-3.898401530720813923e+01
-3.915565292722168778e+01
-3.933116670955259764e+01
-3.951419052942644328e+01
-3.970966613251984256e+01
-3.992428682303167164e+01
-4.016489638546127594e+01
-4.046248261791220813e+01
-4.031441498307269455e+01
-4.280390300974612217e+01
-4.274325180852909511e+01
-4.290230377630216196e+01
-4.320043320017829558e+01
-4.361431134055288794e+01
-4.435334170971391643e+01
-4.593078318691680551e+01
-4.961376588426959700e+01
