-6.746377436929213989e-01
-7.660999962471632951e-01
-8.534851340925312391e-01
-9.413815777696341591e-01
-1.032154723954323838e+00
-1.134390172013441722e+00
-1.251709313143863023e+00
-1.364867892543651040e+00
-1.476436751654081947e+00
-1.590486453256401589e+00
-1.707870963584055879e+00
-1.832034352356082252e+00
-1.908585401480300536e+00
-1.966885128474786359e+00
-2.028635558442790643e+00
-2.091971538073382320e+00
-2.156043998611524515e+00
-2.220747693082863350e+00
-2.287162734475758796e+00
-2.334983336376196483e+00
-2.374462660766299749e+00
-2.413465765086032278e+00
-2.451143600506083153e+00
-2.487071342078128744e+00
-2.521059365366387972e+00
-2.553134806024700332e+00
-2.582673424212333479e+00
-2.604962063304705921e+00
-2.625421724423204317e+00
-2.643932651116895904e+00
-2.660583152409354390e+00
-2.675589032968505698e+00
-2.689031265436005569e+00
-2.700839179157144443e+00
-2.710753684489436210e+00
-2.715257726883868017e+00
-2.715377941606886836e+00
-2.710885800862637751e+00
-2.701351227520296661e+00
-2.687535548926726747e+00
-2.671937357674538660e+00
-2.659228526797038583e+00
-2.657628618823370203e+00
-2.692202250617370396e+00
-2.883751234085080384e+00
-3.260019430217571568e+00
-3.487594676147081074e+00
-3.941666012423403309e+00
-5.083353050340245538e+00
-6.746377436929201776e-01
-7.660999962471621849e-01
-8.534851340925275753e-01
-9.413815777696332709e-01
-1.032154723954321174e+00
-1.134390172013441056e+00
-1.251709313143859470e+00
-1.364867892543649708e+00
-1.476436751654080171e+00
-1.590486453256397148e+00
-1.707870963584055879e+00
-1.832034352356081808e+00
-1.908585401480301869e+00
-1.966885128474791244e+00
-2.028635558442790199e+00
-2.091971538073378767e+00
-2.156043998611536061e+00
-2.220747693082863350e+00
-2.287162734475758796e+00
-2.334983336376193819e+00
-2.374462660766297972e+00
-2.413465765086040271e+00
-2.451143600506077824e+00
-2.487071342078120750e+00
-2.521059365366383531e+00
-2.553134806024699444e+00
-2.582673424212340585e+00
-2.604962063304705921e+00
-2.625421724423206982e+00
-2.643932651116902122e+00
-2.660583152409360608e+00
-2.675589032968510139e+00
-2.689031265435980700e+00
-2.700839179157160430e+00
-2.710753684489423776e+00
-2.715257726883876899e+00
-2.715377941606879730e+00
-2.710885800862634198e+00
-2.701351227520293108e+00
-2.687535548926732076e+00
-2.671937357674522673e+00
-2.659228526797026149e+00
-2.657628618823402178e+00
-2.692202250617377501e+00
-2.883751234085067949e+00
-3.260019430217568015e+00
-3.487594676147077521e+00
-3.941666012423413079e+00
-5.083353050340257973e+00
-6.746377436929215099e-01
-7.660999962471649605e-01
-8.534851340925291296e-01
-9.413815777696332709e-01
-1.032154723954321174e+00
-1.134390172013440168e+00
-1.251709313143857027e+00
-1.364867892543651040e+00
-1.476436751654081947e+00
-1.590486453256397370e+00
-1.707870963584052770e+00
-1.832034352356079143e+00
-1.908585401480301424e+00
-1.966885128474785027e+00
-2.028635558442783982e+00
-2.091971538073387649e+00
-2.156043998611528067e+00
-2.220747693082871344e+00
-2.287162734475759684e+00
-2.334983336376193819e+00
-2.374462660766298860e+00
-2.413465765086034942e+00
-2.451143600506076936e+00
-2.487071342078124303e+00
-2.521059365366378202e+00
-2.553134806024699444e+00
-2.582673424212325486e+00
-2.604962063304713915e+00
-2.625421724423206093e+00
-2.643932651116898569e+00
-2.660583152409354390e+00
-2.675589032968506586e+00
-2.689031265435998463e+00
-2.700839179157149772e+00
-2.710753684489407789e+00
-2.715257726883878675e+00
-2.715377941606893941e+00
-2.710885800862634198e+00
-2.701351227520287779e+00
-2.687535548926719642e+00
-2.671937357674536884e+00
-2.659228526797010161e+00
-2.657628618823377309e+00
-2.692202250617389936e+00
-2.883751234085057291e+00
-3.260019430217578673e+00
-3.487594676147079298e+00
-3.941666012423419296e+00
-5.083353050340258861e+00
-3.351221747232810344e+01
-3.590404183857086906e+01
-3.746760007238625434e+01
-3.863101770888908248e+01
-3.960423687518633074e+01
-4.041927447793906936e+01
-4.108612804111780292e+01
-4.161601179006966333e+01
-4.201686017386618488e+01
-4.229926495650067153e+01
-4.247871278447026100e+01
-4.255819405606300876e+01
-4.254585723733066516e+01
-4.245166364299916495e+01
-4.227663535657751481e+01
-4.202412491850384413e+01
-4.171145194309341520e+01
-4.133116725322530272e+01
-4.089487123333667284e+01
-4.041609972194784461e+01
-3.989218124795895903e+01
-3.931367240345800695e+01
-3.863815960377423409e+01
-3.010570546639067402e+01
-3.317048961202017665e+01
-3.506633883188924727e+01
-3.633442468583827889e+01
-3.723771481253883309e+01
-3.796659483760349474e+01
-3.859203636113051772e+01
-3.908793728899933484e+01
-3.946578871772396724e+01
-3.972098867805016198e+01
-3.987091189476330300e+01
-3.991517897584265029e+01
-3.986384544807232544e+01
-3.972466533343030903e+01
-3.950380557900928125e+01
-3.920622946701490719e+01
-3.883580208975287462e+01
-3.840921050800915992e+01
-3.792274438672809111e+01
-3.740350563388089000e+01
-3.686274866418154517e+01
-3.635227508632222282e+01
-3.600741310168861276e+01
-3.297706280868303708e+01
-3.572467301206860668e+01
-3.750359840894395802e+01
-3.877957255860269470e+01
-3.976716232282114305e+01
-4.058409464432176605e+01
-4.125973178378811212e+01
-4.179241736426995857e+01
-4.220462626405772255e+01
-4.249205424167782041e+01
-4.266856824251364344e+01
-4.274446281392103231e+01
-4.272760158754255855e+01
-4.262397990764108613e+01
-4.243791422712351391e+01
-4.217285555391309515e+01
-4.184844680654822469e+01
-4.145266246242542252e+01
-4.100793907671159388e+01
-4.051122899066513128e+01
-3.995442457255748536e+01
-3.930770759879224840e+01
-3.849862172950701478e+01
-3.351221747232795423e+01
-3.590404183857072695e+01
-3.746760007238617618e+01
-3.863101770888881958e+01
-3.960423687518620994e+01
-4.041927447793902672e+01
-4.108612804111777450e+01
-4.161601179006954965e+01
-4.201686017386613514e+01
-4.229926495650066443e+01
-4.247871278447019705e+01
-4.255819405606305850e+01
-4.254585723733072911e+01
-4.245166364299920758e+01
-4.227663535657740823e+01
-4.202412491850389387e+01
-4.171145194309349336e+01
-4.133116725322541640e+01
-4.089487123333665863e+01
-4.041609972194790146e+01
-3.989218124795908693e+01
-3.931367240345812064e+01
-3.863815960377433356e+01
-3.010570546639065270e+01
-3.317048961202033297e+01
-3.506633883188938938e+01
-3.633442468583847784e+01
-3.723771481253902493e+01
-3.796659483760362974e+01
-3.859203636113064562e+01
-3.908793728899945563e+01
-3.946578871772410935e+01
-3.972098867805022593e+01
-3.987091189476339537e+01
-3.991517897584265029e+01
-3.986384544807231123e+01
-3.972466533343028061e+01
-3.950380557900919598e+01
-3.920622946701485745e+01
-3.883580208975277515e+01
-3.840921050800896097e+01
-3.792274438672794901e+01
-3.740350563388069816e+01
-3.686274866418141016e+01
-3.635227508632198834e+01
-3.600741310168837828e+01
-3.297706280868303708e+01
-3.572467301206855694e+01
-3.750359840894385854e+01
-3.877957255860277286e+01
-3.976716232282100094e+01
-4.058409464432157421e+01
-4.125973178378800554e+01
-4.179241736426988041e+01
-4.220462626405755202e+01
-4.249205424167775647e+01
-4.266856824251364344e+01
-4.274446281392105362e+01
-4.272760158754253723e+01
-4.262397990764108613e+01
-4.243791422712352102e+01
-4.217285555391317331e+01
-4.184844680654825311e+01
-4.145266246242553621e+01
-4.100793907671165073e+01
-4.051122899066525207e+01
-3.995442457255758484e+01
-3.930770759879234788e+01
-3.849862172950712136e+01
-3.351221747232797554e+01
-3.590404183857086906e+01
-3.746760007238630408e+01
-3.863101770888896880e+01
-3.960423687518630231e+01
-4.041927447793903383e+01
-4.108612804111786687e+01
-4.161601179006958517e+01
-4.201686017386614225e+01
-4.229926495650073548e+01
-4.247871278447021126e+01
-4.255819405606298744e+01
-4.254585723733062963e+01
-4.245166364299925732e+01
-4.227663535657740823e+01
-4.202412491850380150e+01
-4.171145194309342941e+01
-4.133116725322535245e+01
-4.089487123333653784e+01
-4.041609972194776645e+01
-3.989218124795899456e+01
-3.931367240345804248e+01
-3.863815960377426961e+01
-3.010570546639059586e+01
-3.317048961202021218e+01
-3.506633883188924727e+01
-3.633442468583837837e+01
-3.723771481253882598e+01
-3.796659483760358711e+01
-3.859203636113058877e+01
-3.908793728899938458e+01
-3.946578871772405961e+01
-3.972098867805020461e+01
-3.987091189476335273e+01
-3.991517897584265739e+01
-3.986384544807229702e+01
-3.972466533343035167e+01
-3.950380557900923151e+01
-3.920622946701483613e+01
-3.883580208975283909e+01
-3.840921050800908887e+01
-3.792274438672805559e+01
-3.740350563388081184e+01
-3.686274866418141727e+01
-3.635227508632213045e+01
-3.600741310168849196e+01
-3.297706280868302287e+01
-3.572467301206854984e+01
-3.750359840894395802e+01
-3.877957255860275865e+01
-3.976716232282107910e+01
-4.058409464432164526e+01
-4.125973178378806949e+01
-4.179241736426999410e+01
-4.220462626405765860e+01
-4.249205424167783463e+01
-4.266856824251362923e+01
-4.274446281392108204e+01
-4.272760158754255144e+01
-4.262397990764107902e+01
-4.243791422712354233e+01
-4.217285555391308804e+01
-4.184844680654823179e+01
-4.145266246242543673e+01
-4.100793907671160810e+01
-4.051122899066516680e+01
-3.995442457255745694e+01
-3.930770759879225551e+01
-3.849862172950704320e+01
