-6.253967350091098609e-01
-7.069149990808313300e-01
-7.849402701392708126e-01
-8.628591689598501535e-01
-9.418914276664168694e-01
-1.019831487846722062e+00
-1.131378640396415891e+00
-1.242660086929234353e+00
-1.350726598327694816e+00
-1.457682437631452999e+00
-1.563690214587678984e+00
-1.674527443548510242e+00
-1.792806915919804567e+00
-1.855146511983753577e+00
-1.908093867521014175e+00
-1.964322172154536084e+00
-2.022156110282390618e+00
-2.080669432101553973e+00
-2.139635959109269514e+00
-2.199637567686086648e+00
-2.250000309692743450e+00
-2.284435791833208995e+00
-2.318655893027409043e+00
-2.351621875504039672e+00
-2.382824700321043210e+00
-2.412015059046233034e+00
-2.439148238277496716e+00
-2.464386969859025278e+00
-2.485740849426692378e+00
-2.501432231878504275e+00
-2.515439095123472413e+00
-2.527698632387723521e+00
-2.538178518284969876e+00
-2.546728067575999788e+00
-2.552994178180838958e+00
-2.556416117916651132e+00
-2.556370384743557267e+00
-2.551184982648360133e+00
-2.540017065427386811e+00
-2.526455753426724016e+00
-2.514043492941318902e+00
-2.509224358388442155e+00
-2.521902454053350340e+00
-2.566239324193542615e+00
-2.662547656170396237e+00
-2.839101477428368270e+00
-3.144457541636514364e+00
-3.680033270952817404e+00
-4.742353591073811714e+00
-6.253967350091096389e-01
-7.069149990808325512e-01
-7.849402701392713677e-01
-8.628591689598517078e-01
-9.418914276664170915e-01
-1.019831487846722506e+00
-1.131378640396415003e+00
-1.242660086929235685e+00
-1.350726598327693484e+00
-1.457682437631454553e+00
-1.563690214587680316e+00
-1.674527443548505357e+00
-1.792806915919805455e+00
-1.855146511983753577e+00
-1.908093867521012843e+00
-1.964322172154538748e+00
-2.022156110282398167e+00
-2.080669432101556193e+00
-2.139635959109272179e+00
-2.199637567686087536e+00
-2.250000309692740785e+00
-2.284435791833208995e+00
-2.318655893027416148e+00
-2.351621875504044112e+00
-2.382824700321044986e+00
-2.412015059046227705e+00
-2.439148238277502045e+00
-2.464386969859031495e+00
-2.485740849426689714e+00
-2.501432231878512269e+00
-2.515439095123480406e+00
-2.527698632387727073e+00
-2.538178518284965435e+00
-2.546728067575998011e+00
-2.552994178180851392e+00
-2.556416117916649355e+00
-2.556370384743555491e+00
-2.551184982648361910e+00
-2.540017065427388587e+00
-2.526455753426708029e+00
-2.514043492941326008e+00
-2.509224358388447484e+00
-2.521902454053343234e+00
-2.566239324193560378e+00
-2.662547656170392685e+00
-2.839101477428370046e+00
-3.144457541636517917e+00
-3.680033270952823621e+00
-4.742353591073806385e+00
-6.253967350091094168e-01
-7.069149990808318851e-01
-7.849402701392701465e-01
-8.628591689598502645e-01
-9.418914276664184237e-01
-1.019831487846724727e+00
-1.131378640396415225e+00
-1.242660086929235241e+00
-1.350726598327694816e+00
-1.457682437631455663e+00
-1.563690214587678540e+00
-1.674527443548504912e+00
-1.792806915919803679e+00
-1.855146511983755353e+00
-1.908093867521011511e+00
-1.964322172154534307e+00
-2.022156110282389285e+00
-2.080669432101553973e+00
-2.139635959109278396e+00
-2.199637567686080430e+00
-2.250000309692743450e+00
-2.284435791833208107e+00
-2.318655893027406378e+00
-2.351621875504044112e+00
-2.382824700321042322e+00
-2.412015059046229482e+00
-2.439148238277500269e+00
-2.464386969859034160e+00
-2.485740849426687937e+00
-2.501432231878502499e+00
-2.515439095123481295e+00
-2.527698632387726185e+00
-2.538178518284960994e+00
-2.546728067575998899e+00
-2.552994178180848728e+00
-2.556416117916651132e+00
-2.556370384743560820e+00
-2.551184982648353028e+00
-2.540017065427386811e+00
-2.526455753426709805e+00
-2.514043492941317126e+00
-2.509224358388447484e+00
-2.521902454053339682e+00
-2.566239324193549720e+00
-2.662547656170405119e+00
-2.839101477428370046e+00
-3.144457541636514364e+00
-3.680033270952822733e+00
-4.742353591073804608e+00
