-9.316343986507912289e-01
-9.745164442968810015e-01
-1.048304332654446336e+00
-1.140895710211699665e+00
-1.242804715426230056e+00
-1.349260145506191444e+00
-1.457393129410891275e+00
-1.570880941622240456e+00
-1.658923361667122620e+00
-1.713979698694299003e+00
-1.771355413784785338e+00
-1.830366607712101246e+00
-1.890573861390091093e+00
-1.952027837772842389e+00
-2.015496084947356437e+00
-2.055972967488192360e+00
-2.095395359706492933e+00
-2.134322286171626004e+00
-2.172134689511969974e+00
-2.208810031920698691e+00
-2.244478109342955108e+00
-2.278099008191413866e+00
-2.306190090113295454e+00
-2.333069088122575963e+00
-2.358665438826905714e+00
-2.383044480572971580e+00
-2.406359221578346919e+00
-2.428854502087208544e+00
-2.450354805087622267e+00
-2.468656059738410846e+00
-2.486912853397461376e+00
-2.505387791836918510e+00
-2.524477427008244845e+00
-2.544705043065137673e+00
-2.566770717421107406e+00
-2.591669049710654704e+00
-2.619899068627919547e+00
-2.654079635819389438e+00
-2.698139092001481387e+00
-2.757772726404342123e+00
-2.841044040539106419e+00
-2.962887260485736363e+00
-3.149710029779875242e+00
-3.435073012966964434e+00
-1.401188442071717333e+00
5.076895640801196663e+01
-2.752925043198238342e+01
-4.471940762040579997e+00
-5.355638159315224911e+00
-9.316343986507849007e-01
-9.745164442968701213e-01
-1.048304332654430571e+00
-1.140895710211680791e+00
-1.242804715426212292e+00
-1.349260145506175679e+00
-1.457393129410874621e+00
-1.570880941622218696e+00
-1.658923361667099972e+00
-1.713979698694279463e+00
-1.771355413784766242e+00
-1.830366607712080373e+00
-1.890573861390075550e+00
-1.952027837772821961e+00
-2.015496084947334232e+00
-2.055972967488163938e+00
-2.095395359706473393e+00
-2.134322286171598471e+00
-2.172134689511938888e+00
-2.208810031920691586e+00
-2.244478109342926686e+00
-2.278099008191395214e+00
-2.306190090113275915e+00
-2.333069088122557311e+00
-2.358665438826893279e+00
-2.383044480572960921e+00
-2.406359221578347807e+00
-2.428854502087225420e+00
-2.450354805087613386e+00
-2.468656059738412623e+00
-2.486912853397475587e+00
-2.505387791836964695e+00
-2.524477427008296360e+00
-2.544705043065198069e+00
-2.566770717421167802e+00
-2.591669049710741746e+00
-2.619899068628022576e+00
-2.654079635819529770e+00
-2.698139092001587969e+00
-2.757772726404478902e+00
-2.841044040539264515e+00
-2.962887260485903340e+00
-3.149710029780056431e+00
-3.435073012967151840e+00
-1.401188442071973128e+00
5.076895640801240717e+01
-2.752925043196623989e+01
-4.471940762041093365e+00
-5.355638159315464719e+00
-9.316343986507840125e-01
-9.745164442968703433e-01
-1.048304332654435012e+00
-1.140895710211683678e+00
-1.242804715426213180e+00
-1.349260145506173014e+00
-1.457393129410870847e+00
-1.570880941622215587e+00
-1.658923361667089758e+00
-1.713979698694271470e+00
-1.771355413784750699e+00
-1.830366607712066163e+00
-1.890573861390057342e+00
-1.952027837772808638e+00
-2.015496084947313804e+00
-2.055972967488144398e+00
-2.095395359706444971e+00
-2.134322286171576266e+00
-2.172134689511920236e+00
-2.208810031920656058e+00
-2.244478109342894712e+00
-2.278099008191352581e+00
-2.306190090113243940e+00
-2.333069088122506685e+00
-2.358665438826837324e+00
-2.383044480572918289e+00
-2.406359221578279417e+00
-2.428854502087146372e+00
-2.450354805087556542e+00
-2.468656059738339792e+00
-2.486912853397377887e+00
-2.505387791836849232e+00
-2.524477427008163133e+00
-2.544705043065061290e+00
-2.566770717420997272e+00
-2.591669049710549899e+00
-2.619899068627812966e+00
-2.654079635819265093e+00
-2.698139092001303752e+00
-2.757772726404127184e+00
-2.841044040538868387e+00
-2.962887260485425500e+00
-3.149710029779452469e+00
-3.435073012966311623e+00
-1.401188442071942930e+00
5.076895640801296139e+01
-2.752925043201906874e+01
-4.471940762039362305e+00
-5.355638159314601410e+00
-3.252805666551376618e+01
-3.351287699406537968e+01
-3.421128360231651300e+01
-3.465092790804772704e+01
-3.499277331182869233e+01
-3.531188822612929812e+01
-3.562338241830407526e+01
-3.591961138622169614e+01
-3.619208747073609800e+01
-3.643729460262414221e+01
-3.666306005809572355e+01
-3.686870193119610661e+01
-3.706233987083219006e+01
-3.724665781124413400e+01
-3.741648561847905796e+01
-3.757437232350693534e+01
-3.771547391293420048e+01
-3.783897257006675119e+01
-3.794356549802193967e+01
-3.803637674578308747e+01
-3.812138058693078335e+01
-3.820459222899722818e+01
-3.829227633422654264e+01
-3.838886777210237966e+01
-3.850040350877166162e+01
-3.864316267723998521e+01
-3.878104707424151343e+01
-3.897398693926855628e+01
-3.951042975641374966e+01
-3.094503913836452469e+01
-3.216528966538028556e+01
-3.301056184050816000e+01
-3.356028220238193427e+01
-3.387210137730809123e+01
-3.410570989906797479e+01
-3.432118977797888704e+01
-3.452601502017196822e+01
-3.471164647528838287e+01
-3.486618567053004369e+01
-3.499130119831282570e+01
-3.509161849802423205e+01
-3.517660127994848551e+01
-3.524622702064509383e+01
-3.530890218999023489e+01
-3.535912911882559939e+01
-3.540265342457978903e+01
-3.543423188218230280e+01
-3.545336089855998551e+01
-3.545291624072221737e+01
-3.544033138934236860e+01
-3.542613331283936873e+01
-3.542104081919053726e+01
-3.544102194168771547e+01
-3.550840814191936801e+01
-3.565341011826918560e+01
-3.593873046636286972e+01
-3.643778212506666847e+01
-3.742122148099955581e+01
-3.259553592433344704e+01
-3.371887257706643481e+01
-3.454656896419901813e+01
-3.509764222599045524e+01
-3.549083245131077291e+01
-3.582940525377240704e+01
-3.614566754185114661e+01
-3.644506762823006341e+01
-3.672081832287622660e+01
-3.697072837317083582e+01
-3.719373900488200491e+01
-3.739468906450571950e+01
-3.757420510997106788e+01
-3.773591716456441247e+01
-3.787874213611178220e+01
-3.800500512423793964e+01
-3.811296826205530408e+01
-3.820218081164404111e+01
-3.827625348979030662e+01
-3.833789159369754884e+01
-3.839092796645604722e+01
-3.844113801139317133e+01
-3.849296076532330346e+01
-3.854890730925197317e+01
-3.861952234566295772e+01
-3.870257780009600168e+01
-3.878466298644482890e+01
-3.891069784271304144e+01
-3.937795621794022338e+01
-3.252805666551348196e+01
-3.351287699406496046e+01
-3.421128360231638510e+01
-3.465092790804749256e+01
-3.499277331182851469e+01
-3.531188822612926259e+01
-3.562338241830395447e+01
-3.591961138622163219e+01
-3.619208747073594878e+01
-3.643729460262404274e+01
-3.666306005809568092e+01
-3.686870193119603556e+01
-3.706233987083231796e+01
-3.724665781124410557e+01
-3.741648561847917165e+01
-3.757437232350716272e+01
-3.771547391293425733e+01
-3.783897257006684356e+01
-3.794356549802193967e+01
-3.803637674578326511e+01
-3.812138058693091125e+01
-3.820459222899722818e+01
-3.829227633422672739e+01
-3.838886777210246493e+01
-3.850040350877183215e+01
-3.864316267724019127e+01
-3.878104707424154896e+01
-3.897398693926869839e+01
-3.951042975641407651e+01
-3.094503913836464903e+01
-3.216528966538060530e+01
-3.301056184050847264e+01
-3.356028220238230375e+01
-3.387210137730846071e+01
-3.410570989906831585e+01
-3.432118977797927784e+01
-3.452601502017239454e+01
-3.471164647528868841e+01
-3.486618567053031370e+01
-3.499130119831306729e+01
-3.509161849802446653e+01
-3.517660127994857078e+01
-3.524622702064524304e+01
-3.530890218999035568e+01
-3.535912911882577703e+01
-3.540265342457982456e+01
-3.543423188218249464e+01
-3.545336089856000683e+01
-3.545291624072222447e+01
-3.544033138934221228e+01
-3.542613331283934741e+01
-3.542104081919051595e+01
-3.544102194168755915e+01
-3.550840814191928274e+01
-3.565341011826890139e+01
-3.593873046636260682e+01
-3.643778212506646952e+01
-3.742122148099928580e+01
-3.259553592433331914e+01
-3.371887257706634244e+01
-3.454656896419891865e+01
-3.509764222599039130e+01
-3.549083245131074449e+01
-3.582940525377227914e+01
-3.614566754185095476e+01
-3.644506762822983603e+01
-3.672081832287581449e+01
-3.697072837317058003e+01
-3.719373900488186990e+01
-3.739468906450569818e+01
-3.757420510997091156e+01
-3.773591716456424194e+01
-3.787874213611163299e+01
-3.800500512423779753e+01
-3.811296826205513355e+01
-3.820218081164401980e+01
-3.827625348979034925e+01
-3.833789159369746358e+01
-3.839092796645599748e+01
-3.844113801139307895e+01
-3.849296076532323241e+01
-3.854890730925186659e+01
-3.861952234566287245e+01
-3.870257780009600879e+01
-3.878466298644489996e+01
-3.891069784271313381e+01
-3.937795621794021628e+01
-3.252805666551375907e+01
-3.351287699406508125e+01
-3.421128360231641352e+01
-3.465092790804744993e+01
-3.499277331182845785e+01
-3.531188822612909917e+01
-3.562338241830374841e+01
-3.591961138622143324e+01
-3.619208747073590615e+01
-3.643729460262395747e+01
-3.666306005809551749e+01
-3.686870193119579397e+01
-3.706233987083210479e+01
-3.724665781124390662e+01
-3.741648561847896559e+01
-3.757437232350696377e+01
-3.771547391293410101e+01
-3.783897257006677251e+01
-3.794356549802189704e+01
-3.803637674578315853e+01
-3.812138058693070519e+01
-3.820459222899708607e+01
-3.829227633422652843e+01
-3.838886777210230861e+01
-3.850040350877172557e+01
-3.864316267724004206e+01
-3.878104707424148501e+01
-3.897398693926865576e+01
-3.951042975641410493e+01
-3.094503913836422981e+01
-3.216528966538021450e+01
-3.301056184050813869e+01
-3.356028220238210480e+01
-3.387210137730831860e+01
-3.410570989906811690e+01
-3.432118977797903625e+01
-3.452601502017216006e+01
-3.471164647528846103e+01
-3.486618567053016449e+01
-3.499130119831290386e+01
-3.509161849802433153e+01
-3.517660127994850683e+01
-3.524622702064513646e+01
-3.530890218999017804e+01
-3.535912911882557808e+01
-3.540265342457957587e+01
-3.543423188218228859e+01
-3.545336089855975104e+01
-3.545291624072201131e+01
-3.544033138934199911e+01
-3.542613331283916267e+01
-3.542104081919026726e+01
-3.544102194168727493e+01
-3.550840814191894879e+01
-3.565341011826864559e+01
-3.593873046636237234e+01
-3.643778212506591530e+01
-3.742122148099911527e+01
-3.259553592433360336e+01
-3.371887257706654850e+01
-3.454656896419908207e+01
-3.509764222599058314e+01
-3.549083245131099318e+01
-3.582940525377249230e+01
-3.614566754185117503e+01
-3.644506762823005630e+01
-3.672081832287588554e+01
-3.697072837317085714e+01
-3.719373900488213280e+01
-3.739468906450581187e+01
-3.757420510997116025e+01
-3.773591716456449774e+01
-3.787874213611193142e+01
-3.800500512423809596e+01
-3.811296826205536092e+01
-3.820218081164418322e+01
-3.827625348979053399e+01
-3.833789159369776911e+01
-3.839092796645626038e+01
-3.844113801139324238e+01
-3.849296076532345978e+01
-3.854890730925214370e+01
-3.861952234566307851e+01
-3.870257780009624327e+01
-3.878466298644510601e+01
-3.891069784271331855e+01
-3.937795621794032286e+01
