-7.191025017125658447e-01
-8.138492868474882513e-01
-9.071519750918641822e-01
-1.003346437539754055e+00
-1.105578185638423694e+00
-1.234442256289780548e+00
-1.359231427986642204e+00
-1.481980933531333200e+00
-1.607683269939135462e+00
-1.736614067528203353e+00
-1.874268878213012357e+00
-1.948729731403374466e+00
-2.015646473866502753e+00
-2.085885129614146294e+00
-2.157872004749950001e+00
-2.231060339681945059e+00
-2.305841699837448466e+00
-2.372062611410438393e+00
-2.418893575219827952e+00
-2.465798794879735745e+00
-2.511670726477973403e+00
-2.555952940488367631e+00
-2.598369903856493579e+00
-2.638902305664733383e+00
-2.674754499175858946e+00
-2.704460497740571512e+00
-2.731776430001463751e+00
-2.756570297150150672e+00
-2.778805170105576039e+00
-2.798669164341282212e+00
-2.816508770745282497e+00
-2.832679756482880506e+00
-2.843857550773368104e+00
-2.852640893571996017e+00
-2.859029694830656609e+00
-2.862231910007686508e+00
-2.861330437408261318e+00
-2.855573220173154070e+00
-2.844909944221532427e+00
-2.830723361705230090e+00
-2.816116267946627616e+00
-2.807065526456934634e+00
-2.813869345022762758e+00
-2.852847309744765525e+00
-2.993302851685635702e+00
-3.237405442547103718e+00
-3.571148156393775253e+00
-4.139050703946735688e+00
-5.347643121479183748e+00
-7.191025017125667329e-01
-8.138492868474880293e-01
-9.071519750918630720e-01
-1.003346437539755609e+00
-1.105578185638423028e+00
-1.234442256289781437e+00
-1.359231427986644647e+00
-1.481980933531338751e+00
-1.607683269939135684e+00
-1.736614067528205574e+00
-1.874268878213018130e+00
-1.948729731403369581e+00
-2.015646473866500088e+00
-2.085885129614143629e+00
-2.157872004749953554e+00
-2.231060339681937510e+00
-2.305841699837444914e+00
-2.372062611410433952e+00
-2.418893575219836833e+00
-2.465798794879737521e+00
-2.511670726477972515e+00
-2.555952940488365854e+00
-2.598369903856498908e+00
-2.638902305664728942e+00
-2.674754499175865163e+00
-2.704460497740571512e+00
-2.731776430001460199e+00
-2.756570297150145343e+00
-2.778805170105584921e+00
-2.798669164341283100e+00
-2.816508770745285162e+00
-2.832679756482871625e+00
-2.843857550773389420e+00
-2.852640893571988912e+00
-2.859029694830649504e+00
-2.862231910007693614e+00
-2.861330437408270200e+00
-2.855573220173168281e+00
-2.844909944221532427e+00
-2.830723361705249630e+00
-2.816116267946631169e+00
-2.807065526456920423e+00
-2.813869345022776969e+00
-2.852847309744801052e+00
-2.993302851685625043e+00
-3.237405442547109047e+00
-3.571148156393793016e+00
-4.139050703946736576e+00
-5.347643121479181971e+00
-7.191025017125647345e-01
-8.138492868474862529e-01
-9.071519750918626279e-01
-1.003346437539754055e+00
-1.105578185638421251e+00
-1.234442256289779660e+00
-1.359231427986640872e+00
-1.481980933531334976e+00
-1.607683269939134796e+00
-1.736614067528207350e+00
-1.874268878213015910e+00
-1.948729731403370913e+00
-2.015646473866501864e+00
-2.085885129614143629e+00
-2.157872004749948225e+00
-2.231060339681946836e+00
-2.305841699837448466e+00
-2.372062611410436617e+00
-2.418893575219829728e+00
-2.465798794879747291e+00
-2.511670726477960081e+00
-2.555952940488366742e+00
-2.598369903856490915e+00
-2.638902305664729830e+00
-2.674754499175866940e+00
-2.704460497740575065e+00
-2.731776430001455758e+00
-2.756570297150143567e+00
-2.778805170105577815e+00
-2.798669164341283100e+00
-2.816508770745286938e+00
-2.832679756482873401e+00
-2.843857550773391196e+00
-2.852640893572003122e+00
-2.859029694830642399e+00
-2.862231910007682956e+00
-2.861330437408263094e+00
-2.855573220173148741e+00
-2.844909944221543086e+00
-2.830723361705249630e+00
-2.816116267946618734e+00
-2.807065526456941740e+00
-2.813869345022764534e+00
-2.852847309744785065e+00
-2.993302851685635702e+00
-3.237405442547100165e+00
-3.571148156393778805e+00
-4.139050703946741905e+00
-5.347643121479189077e+00
-4.027142930109182117e+01
-4.564860568957156062e+01
-4.694375151941733293e+01
-4.501071572163014167e+01
-4.238539651182582446e+01
-4.056305578139824775e+01
-3.980308996477446470e+01
-3.983186580716751024e+01
-4.029486678313476489e+01
-4.090466698449659333e+01
-4.149912903651514995e+01
-4.201094932977601104e+01
-4.243473214576405894e+01
-4.277559073082676377e+01
-4.304002433781355563e+01
-4.323653998233864115e+01
-4.337492820514989234e+01
-4.345492804883932081e+01
-4.348009256562482960e+01
-4.345348121394209073e+01
-4.338160183095084932e+01
-4.326600446042051828e+01
-4.310730204801594567e+01
-4.290640110521761841e+01
-4.267021797497762492e+01
-4.239248136742338602e+01
-4.206204290981587945e+01
-4.165342716726966188e+01
-4.107149184274226172e+01
-4.100167174848093055e+01
-4.607712381996886819e+01
-4.713010306522642878e+01
-4.503003969623979685e+01
-4.227836047249209628e+01
-4.032799213230978808e+01
-3.948101171380426422e+01
-3.947932350821357517e+01
-3.993371973074398795e+01
-4.054722546179451825e+01
-4.115157525969407715e+01
-4.168395302350315745e+01
-4.212431508212073084e+01
-4.247994906703189599e+01
-4.276347899973504951e+01
-4.297870326528867224e+01
-4.313173795098942520e+01
-4.322713110077692278e+01
-4.326844091923695856e+01
-4.325856436332966126e+01
-4.320120872518474187e+01
-4.310126031719337902e+01
-4.295784674083697041e+01
-4.277211909245330901e+01
-4.255922376013300834e+01
-4.230530959948416125e+01
-4.201548976245834410e+01
-4.166653545146976256e+01
-4.120419788876559153e+01
-3.735631326167707300e+01
-4.261713581234545956e+01
-4.400816669846047091e+01
-4.232226725558488312e+01
-3.992806578050303301e+01
-3.822281736409672703e+01
-3.745208305340729282e+01
-3.740378559410955006e+01
-3.775875813197253450e+01
-3.825037974975548138e+01
-3.873852788454559715e+01
-3.915927650488101364e+01
-3.949783804540013676e+01
-3.976260494464147399e+01
-3.995289739272849516e+01
-4.007662764060803795e+01
-4.013979020278723908e+01
-4.014683477081473484e+01
-4.010133207992308968e+01
-4.000642478696246229e+01
-3.986514747031350936e+01
-3.968070580881602893e+01
-3.945678227306881070e+01
-3.919796317998886792e+01
-3.891047839442740752e+01
-3.860379019408384949e+01
-3.829465651675594273e+01
-3.802682085160041936e+01
-3.793082827512142785e+01
-4.027142930109177144e+01
-4.564860568957153220e+01
-4.694375151941732582e+01
-4.501071572163016299e+01
-4.238539651182602341e+01
-4.056305578139829748e+01
-3.980308996477441497e+01
-3.983186580716762393e+01
-4.029486678313478620e+01
-4.090466698449656491e+01
-4.149912903651511442e+01
-4.201094932977601104e+01
-4.243473214576405184e+01
-4.277559073082670693e+01
-4.304002433781352721e+01
-4.323653998233857720e+01
-4.337492820514990655e+01
-4.345492804883933502e+01
-4.348009256562481539e+01
-4.345348121394211205e+01
-4.338160183095082800e+01
-4.326600446042057513e+01
-4.310730204801598120e+01
-4.290640110521766815e+01
-4.267021797497767466e+01
-4.239248136742342865e+01
-4.206204290981597183e+01
-4.165342716726974004e+01
-4.107149184274229725e+01
-4.100167174848077423e+01
-4.607712381996894635e+01
-4.713010306522652115e+01
-4.503003969623969738e+01
-4.227836047249212470e+01
-4.032799213230970281e+01
-3.948101171380437791e+01
-3.947932350821359648e+01
-3.993371973074393111e+01
-4.054722546179451825e+01
-4.115157525969402741e+01
-4.168395302350317877e+01
-4.212431508212073084e+01
-4.247994906703181073e+01
-4.276347899973504241e+01
-4.297870326528867224e+01
-4.313173795098946073e+01
-4.322713110077698673e+01
-4.326844091923704383e+01
-4.325856436332971811e+01
-4.320120872518476318e+01
-4.310126031719347850e+01
-4.295784674083701304e+01
-4.277211909245342980e+01
-4.255922376013307940e+01
-4.230530959948416836e+01
-4.201548976245840805e+01
-4.166653545146979098e+01
-4.120419788876561995e+01
-3.735631326167718669e+01
-4.261713581234555193e+01
-4.400816669846039275e+01
-4.232226725558506075e+01
-3.992806578050294064e+01
-3.822281736409662756e+01
-3.745208305340728572e+01
-3.740378559410957138e+01
-3.775875813197259845e+01
-3.825037974975558797e+01
-3.873852788454566110e+01
-3.915927650488110601e+01
-3.949783804540022913e+01
-3.976260494464153794e+01
-3.995289739272858753e+01
-4.007662764060802374e+01
-4.013979020278729593e+01
-4.014683477081477747e+01
-4.010133207992304705e+01
-4.000642478696244098e+01
-3.986514747031350936e+01
-3.968070580881596499e+01
-3.945678227306875385e+01
-3.919796317998871160e+01
-3.891047839442729384e+01
-3.860379019408382817e+01
-3.829465651675580773e+01
-3.802682085160025593e+01
-3.793082827512129285e+01
-4.027142930109194197e+01
-4.564860568957172404e+01
-4.694375151941743241e+01
-4.501071572163022694e+01
-4.238539651182591683e+01
-4.056305578139821932e+01
-3.980308996477435812e+01
-3.983186580716750314e+01
-4.029486678313475778e+01
-4.090466698449657912e+01
-4.149912903651512863e+01
-4.201094932977604657e+01
-4.243473214576408736e+01
-4.277559073082672114e+01
-4.304002433781357695e+01
-4.323653998233860563e+01
-4.337492820514989944e+01
-4.345492804883934213e+01
-4.348009256562481539e+01
-4.345348121394210494e+01
-4.338160183095082090e+01
-4.326600446042056092e+01
-4.310730204801598120e+01
-4.290640110521763972e+01
-4.267021797497762492e+01
-4.239248136742337181e+01
-4.206204290981590077e+01
-4.165342716726966898e+01
-4.107149184274224751e+01
-4.100167174848100160e+01
-4.607712381996906004e+01
-4.713010306522647852e+01
-4.503003969623962632e+01
-4.227836047249207496e+01
-4.032799213230960333e+01
-3.948101171380434948e+01
-3.947932350821358227e+01
-3.993371973074392400e+01
-4.054722546179454667e+01
-4.115157525969404873e+01
-4.168395302350319298e+01
-4.212431508212077347e+01
-4.247994906703185336e+01
-4.276347899973507083e+01
-4.297870326528867935e+01
-4.313173795098948204e+01
-4.322713110077690857e+01
-4.326844091923702251e+01
-4.325856436332968258e+01
-4.320120872518469923e+01
-4.310126031719341455e+01
-4.295784674083693488e+01
-4.277211909245337296e+01
-4.255922376013302255e+01
-4.230530959948410441e+01
-4.201548976245835831e+01
-4.166653545146974125e+01
-4.120419788876559863e+01
-3.735631326167700905e+01
-4.261713581234552350e+01
-4.400816669846040696e+01
-4.232226725558508917e+01
-3.992806578050298327e+01
-3.822281736409669861e+01
-3.745208305340727861e+01
-3.740378559410956427e+01
-3.775875813197256292e+01
-3.825037974975546007e+01
-3.873852788454559715e+01
-3.915927650488100653e+01
-3.949783804540015097e+01
-3.976260494464150952e+01
-3.995289739272848806e+01
-4.007662764060803084e+01
-4.013979020278730303e+01
-4.014683477081472063e+01
-4.010133207992307547e+01
-4.000642478696244098e+01
-3.986514747031355199e+01
-3.968070580881607157e+01
-3.945678227306884622e+01
-3.919796317998884660e+01
-3.891047839442741463e+01
-3.860379019408390633e+01
-3.829465651675600668e+01
-3.802682085160044068e+01
-3.793082827512152733e+01
