(title "Cumulative Force")
(labels "Distance [m]" "Cumulative Force [N]")

((xy/key/label "Cumulative Force [N]")
0	0
0.0125653	0.0465093
0.0251305	0.18378
0.0376958	0.39649
0.0502611	0.817477
0.0628263	1.53783
0.0753916	2.61807
0.0879569	4.08096
0.100522	5.67313
0.113087	7.36798
0.125653	9.00432
0.138218	10.5035
0.150783	11.895
0.163348	13.1646
0.175914	14.319
0.188479	15.3702
0.201044	16.291
0.213610    17.1364
0.226175	17.8708
0.238740    18.5211
0.251305	19.0814
0.263871	19.5715
0.276436	19.998
0.289001	20.3591
0.301566	20.6593
0.314132	20.9126
0.326697	21.1176
0.339262	21.2832
0.351828	21.4106
0.364393	21.5114
0.376958	21.59
0.389523	21.6519
0.402089	21.7019
0.414654	21.7439
0.427219	21.7754
0.439784	21.7881
0.452350    21.7926
0.464915	21.7945
0.47748     21.7963
0.490045	21.7981
0.502611	21.7999
0.515176	21.8011
0.527741	21.8026
0.540307	21.8059
0.552872	21.8111
0.565437	21.8176
0.578002	21.8269
0.590568	21.8381
0.603133	21.8505
0.615698	21.8663
0.628263	21.8836
0.640829	21.903
0.653394	21.9258
0.665959	21.9518
0.678524	21.9795
0.691090    22.0131
0.703655	22.0504
0.716220    22.0927
0.728786	22.1389
0.741351	22.1903
0.753916	22.2484
0.766481	22.3119
0.779047	22.3835
0.791612	22.4607
0.804177	22.5466
0.816742	22.6386
0.829308	22.7396
0.841873	22.846
0.854438	22.9637
0.867004	23.09
0.879569	23.2256
0.892134	23.3703
0.904699	23.5282
0.917265	23.6951
0.929830    23.8685
0.942395	24.062
0.954960    24.2629
0.967526	24.4766
0.980091	24.7003
0.992656	24.9384
1.005220    25.1833
1.017790    25.4601
1.030350    25.7404
1.042920    26.0345
1.055480    26.3479
1.068050    26.6705
1.080610    27.0153
1.093180    27.3664
1.105740    27.7399
1.118310    28.1254
1.130870    28.5284
1.143440    28.9453
1.156	    29.3756
1.16857	    29.8223
1.18114	    30.2671
1.1937	    30.71
1.20627	    31.1221
1.21883	    31.519
1.2314	    31.8957
1.24396	    32.2756
1.25653	    32.6887