6.123233995736766036e-17 1.000000000000000000e+00 0.000000000000000000e+00
6.123233995736766036e-17 1.000000000000000000e+00 0.000000000000000000e+00
6.123233995736766036e-17 1.000000000000000000e+00 0.000000000000000000e+00
6.123233995736766036e-17 1.000000000000000000e+00 0.000000000000000000e+00
6.123233995736766036e-17 1.000000000000000000e+00 0.000000000000000000e+00
6.123233995736766036e-17 1.000000000000000000e+00 0.000000000000000000e+00
6.123233995736766036e-17 1.000000000000000000e+00 0.000000000000000000e+00
6.123233995736766036e-17 1.000000000000000000e+00 0.000000000000000000e+00
6.123233995736766036e-17 1.000000000000000000e+00 0.000000000000000000e+00
6.123233995736766036e-17 1.000000000000000000e+00 0.000000000000000000e+00
6.123233995736766036e-17 1.000000000000000000e+00 0.000000000000000000e+00
6.123233995736766036e-17 1.000000000000000000e+00 0.000000000000000000e+00
6.123233995736766036e-17 1.000000000000000000e+00 0.000000000000000000e+00
6.123233995736766036e-17 1.000000000000000000e+00 0.000000000000000000e+00
6.123233995736766036e-17 1.000000000000000000e+00 0.000000000000000000e+00
6.123233995736766036e-17 1.000000000000000000e+00 0.000000000000000000e+00
6.123233995736766036e-17 1.000000000000000000e+00 0.000000000000000000e+00
6.123233995736766036e-17 1.000000000000000000e+00 0.000000000000000000e+00
-8.660254037844388186e-01 -4.999999999999997224e-01 0.000000000000000000e+00
-8.660254037844388186e-01 -4.999999999999997224e-01 0.000000000000000000e+00
-8.660254037844388186e-01 -4.999999999999997224e-01 0.000000000000000000e+00
-8.660254037844388186e-01 -4.999999999999997224e-01 0.000000000000000000e+00
-8.660254037844388186e-01 -4.999999999999997224e-01 0.000000000000000000e+00
-8.660254037844388186e-01 -4.999999999999997224e-01 0.000000000000000000e+00
-8.660254037844388186e-01 -4.999999999999997224e-01 0.000000000000000000e+00
-8.660254037844388186e-01 -4.999999999999997224e-01 0.000000000000000000e+00
-8.660254037844388186e-01 -4.999999999999997224e-01 0.000000000000000000e+00
-8.660254037844388186e-01 -4.999999999999997224e-01 0.000000000000000000e+00
-8.660254037844388186e-01 -4.999999999999997224e-01 0.000000000000000000e+00
-8.660254037844388186e-01 -4.999999999999997224e-01 0.000000000000000000e+00
-8.660254037844388186e-01 -4.999999999999997224e-01 0.000000000000000000e+00
-8.660254037844388186e-01 -4.999999999999997224e-01 0.000000000000000000e+00
-8.660254037844388186e-01 -4.999999999999997224e-01 0.000000000000000000e+00
-8.660254037844388186e-01 -4.999999999999997224e-01 0.000000000000000000e+00
-8.660254037844388186e-01 -4.999999999999997224e-01 0.000000000000000000e+00
-8.660254037844388186e-01 -4.999999999999997224e-01 0.000000000000000000e+00
8.660254037844383745e-01 -5.000000000000004441e-01 0.000000000000000000e+00
8.660254037844383745e-01 -5.000000000000004441e-01 0.000000000000000000e+00
8.660254037844383745e-01 -5.000000000000004441e-01 0.000000000000000000e+00
8.660254037844383745e-01 -5.000000000000004441e-01 0.000000000000000000e+00
8.660254037844383745e-01 -5.000000000000004441e-01 0.000000000000000000e+00
8.660254037844383745e-01 -5.000000000000004441e-01 0.000000000000000000e+00
8.660254037844383745e-01 -5.000000000000004441e-01 0.000000000000000000e+00
8.660254037844383745e-01 -5.000000000000004441e-01 0.000000000000000000e+00
8.660254037844383745e-01 -5.000000000000004441e-01 0.000000000000000000e+00
8.660254037844383745e-01 -5.000000000000004441e-01 0.000000000000000000e+00
8.660254037844383745e-01 -5.000000000000004441e-01 0.000000000000000000e+00
8.660254037844383745e-01 -5.000000000000004441e-01 0.000000000000000000e+00
8.660254037844383745e-01 -5.000000000000004441e-01 0.000000000000000000e+00
8.660254037844383745e-01 -5.000000000000004441e-01 0.000000000000000000e+00
8.660254037844383745e-01 -5.000000000000004441e-01 0.000000000000000000e+00
8.660254037844383745e-01 -5.000000000000004441e-01 0.000000000000000000e+00
8.660254037844383745e-01 -5.000000000000004441e-01 0.000000000000000000e+00
8.660254037844383745e-01 -5.000000000000004441e-01 0.000000000000000000e+00
