-1.284870820135400216e+00
-1.411739539802064680e+00
-1.538798413207070448e+00
-1.662301417218769561e+00
-1.780421386090585534e+00
-1.891937762576561877e+00
-1.996559796942502185e+00
-2.094551156612162846e+00
-2.186476177105664220e+00
-2.272894065394434726e+00
-2.354282655767126808e+00
-2.431072911325750319e+00
-2.503634511140840679e+00
-2.572276545700559858e+00
-2.637250331928610692e+00
-2.698744023057401797e+00
-2.756873260176253559e+00
-2.811651771359207075e+00
-2.862963767380134250e+00
-2.910534567869317080e+00
-2.953922650694402741e+00
-2.992560086353030613e+00
-3.025864880302188809e+00
-3.053454099549618661e+00
-3.075414050456081405e+00
-3.092598649071231165e+00
-3.106867754552537164e+00
-3.121111922855757115e+00
-3.138899225109186730e+00
-3.163400726822290565e+00
-3.195222327865531398e+00
-3.228872668555776926e+00
-3.247736662873572655e+00
-3.214316667894848933e+00
-3.015733720608666957e+00
-3.036934205487838767e+00
-2.544763522570544723e+00
-1.649042876068381069e+00
-5.154558061585188256e+00
-1.284380391300768975e+00
-1.411523545146496916e+00
-1.538710724170464061e+00
-1.662232927274421179e+00
-1.780286129695513253e+00
-1.891664213311774478e+00
-1.996092117856806736e+00
-2.093844740167482232e+00
-2.185490947329791211e+00
-2.271589115842589823e+00
-2.352614505640220344e+00
-2.428995047612263036e+00
-2.501097381929444197e+00
-2.569225865985456103e+00
-2.633625444013896200e+00
-2.694477057561583067e+00
-2.751881457395261243e+00
-2.805835633019699848e+00
-2.856200275468955496e+00
-2.902666378700550887e+00
-2.944742931973834743e+00
-2.981799690230168665e+00
-3.013171712534502333e+00
-3.038353952118563406e+00
-3.057271820291793674e+00
-3.070566938211388042e+00
-3.079809764913706616e+00
-3.087533810571988724e+00
-3.096868503503849013e+00
-3.110495585351459980e+00
-3.128523922520303202e+00
-3.145005311444682761e+00
-3.142814024278328233e+00
-3.083100707822710618e+00
-2.847923384082143627e+00
-2.736148320725252603e+00
-2.428456254611149223e+00
-2.013794329327925237e+00
-4.667319950434974274e+00
-1.285778298932573449e+00
-1.413630372176188921e+00
-1.541539665200858611e+00
-1.665822869603351908e+00
-1.784670017245527873e+00
-1.896832593589329541e+00
-2.002039454899608995e+00
-2.100573080281474159e+00
-2.193017719728322490e+00
-2.279974446734920335e+00
-2.361935015721912556e+00
-2.439339164696046058e+00
-2.512564524161533530e+00
-2.581924977901795870e+00
-2.647671877953785113e+00
-2.709989690500410831e+00
-2.768971934633067455e+00
-2.824600175519760725e+00
-2.876701028036053209e+00
-2.924914397073372641e+00
-2.968680794033449644e+00
-3.007284371186822014e+00
-3.039977697058828809e+00
-3.066194409546924682e+00
-3.085846574119074148e+00
-3.099643446483105080e+00
-3.109329879155271925e+00
-3.117737426989760863e+00
-3.128450389885715666e+00
-3.144812679282241064e+00
-3.167946635213180429e+00
-3.193587192799004271e+00
-3.207670939682607525e+00
-3.177489549351648179e+00
-2.998744816025512350e+00
-3.058075313468712864e+00
-2.507969455089691380e+00
-3.953085068166787064e+00
-4.975752506736862202e+00
-8.828624732125491903e+01
-3.159950950374280865e+01
-3.942602884377052419e+01
-4.259670628067727449e+01
-4.303446229287222735e+01
-4.342604871840897118e+01
-4.378642403443262765e+01
-4.412201708106743325e+01
-4.443508444019959569e+01
-4.472570393465018412e+01
-4.499276380328289093e+01
-4.523453601987153405e+01
-4.544909130743354808e+01
-4.563472183664251958e+01
-4.579045620690177287e+01
-4.591687913541883859e+01
-4.601525979835219715e+01
-4.608760696471760809e+01
-4.613625245943650555e+01
-4.616182998140688909e+01
-4.616265755195172460e+01
-4.615672595616828744e+01
-4.622522466562671895e+01
-4.676468645091234322e+01
-9.435767706113129805e+01
-2.927210352680785377e+01
-3.879628976064741863e+01
-4.057815064036411457e+01
-4.076791193576257655e+01
-4.086930761700357095e+01
-4.092257378535524737e+01
-4.096110251530968327e+01
-4.099863373305322511e+01
-4.103886109044921682e+01
-4.108170276768530016e+01
-4.112573835009268919e+01
-4.116883823121978736e+01
-4.120824936558911844e+01
-4.124071947493442281e+01
-4.126230203003291308e+01
-4.126862242737380626e+01
-4.125551230266113834e+01
-4.122098048591291786e+01
-4.116955115767309792e+01
-4.112105607414878250e+01
-4.111323621712786291e+01
-4.120813591814282972e+01
-4.153975811078558422e+01
-9.766289858925391343e+01
-2.969653376978127213e+01
-4.000958774092435277e+01
-4.178126379555021686e+01
-4.208892510794226638e+01
-4.237949879845873369e+01
-4.265976082946018977e+01
-4.293722054813846256e+01
-4.321665481665696973e+01
-4.349867478214576977e+01
-4.377805913629708101e+01
-4.404347046598780935e+01
-4.427982829426051836e+01
-4.447250640729065907e+01
-4.461119738414490854e+01
-4.469159702968835290e+01
-4.471483896530624236e+01
-4.468659495790085145e+01
-4.461804348908830065e+01
-4.452767649811914907e+01
-4.443749431549322537e+01
-4.437543081686271762e+01
-4.437997718046194962e+01
-4.467220785596220622e+01
-9.047731949987525013e+01
-3.369376639508355709e+01
-4.071307968541228206e+01
-4.287954621954990131e+01
-4.329231097079275514e+01
-4.366644718431177807e+01
-4.401098958209495748e+01
-4.433119586335046591e+01
-4.462945415803159932e+01
-4.490605649475666894e+01
-4.515999293213323540e+01
-4.538952829257185329e+01
-4.559277879098061703e+01
-4.576807418809367789e+01
-4.591454088294764091e+01
-4.603226211128270506e+01
-4.612244599282195878e+01
-4.618697497067526569e+01
-4.622805244882150788e+01
-4.624612036765287826e+01
-4.623957566536670072e+01
-4.622749907990176155e+01
-4.629185096429106494e+01
-4.682666458359159378e+01
-9.364337009368401255e+01
-2.854011745652619680e+01
-3.917057053297048697e+01
-4.004222452826657275e+01
-4.027078652217605281e+01
-4.041899168902119754e+01
-4.054096013057305470e+01
-4.064775729679830363e+01
-4.074291630965684874e+01
-4.082745676509162536e+01
-4.090173789943428062e+01
-4.096669745534647689e+01
-4.102430214676267894e+01
-4.107566868331610976e+01
-4.112021132771884879e+01
-4.115302728684163469e+01
-4.116768864225436175e+01
-4.115882420326038016e+01
-4.112345632833386588e+01
-4.106497666593708828e+01
-4.100053667362210064e+01
-4.098116470804493616e+01
-4.108852315951879319e+01
-4.144531171563858862e+01
-8.780938777539607543e+01
-3.358620226164861577e+01
-4.081469032844974976e+01
-4.174648793406051794e+01
-4.224956629059952462e+01
-4.268518775555897093e+01
-4.308112095325852664e+01
-4.343999667247963714e+01
-4.375881943766201232e+01
-4.403356993146640264e+01
-4.426185700073040863e+01
-4.444377525409429097e+01
-4.458142752051003299e+01
-4.467766028353889851e+01
-4.473503215970069391e+01
-4.475543811449163201e+01
-4.474063229408305631e+01
-4.469405733405074699e+01
-4.462348788661536503e+01
-4.453989741687736625e+01
-4.445839990420973464e+01
-4.439933285250953077e+01
-4.439962258766136927e+01
-4.471039745322639192e+01
-9.432006848574781088e+01
-3.347171501768325186e+01
-4.056434366720395701e+01
-4.283685569656952907e+01
-4.325104932703674621e+01
-4.362622640128883234e+01
-4.397177337170673894e+01
-4.429309550987633770e+01
-4.459256221139024490e+01
-4.487039878520306502e+01
-4.512555431872128509e+01
-4.535627576883104695e+01
-4.556062385376662860e+01
-4.573686120883253636e+01
-4.588405044760910556e+01
-4.600247297676735769e+01
-4.609320194212722299e+01
-4.615848142775666219e+01
-4.620049355535904567e+01
-4.621997554948200815e+01
-4.621525321528796582e+01
-4.620441031947007104e+01
-4.626820970151917578e+01
-4.680267530665634723e+01
-9.663276692007069357e+01
-2.860672228297232778e+01
-3.616610410514903862e+01
-3.994729184281617762e+01
-4.015004754639499396e+01
-4.029590654073916056e+01
-4.042261882913138038e+01
-4.053817973670858521e+01
-4.064444500535233828e+01
-4.074057281220432003e+01
-4.082568332422616919e+01
-4.090058665230505852e+01
-4.096856317959328919e+01
-4.103198364769680495e+01
-4.108954392601838634e+01
-4.113578193710196729e+01
-4.116208475598868688e+01
-4.116215760567645532e+01
-4.113344912610110526e+01
-4.107913554581555360e+01
-4.101597063215258743e+01
-4.099600826701213663e+01
-4.110609365852536712e+01
-4.146960931691993579e+01
-9.441040320300659516e+01
-3.061807206439603490e+01
-4.071324471566782677e+01
-4.176995974721586435e+01
-4.227735187582495513e+01
-4.269824319417617886e+01
-4.307540969072118742e+01
-4.341415174268855992e+01
-4.371361313261409265e+01
-4.397193745457528280e+01
-4.418835858586291465e+01
-4.436342505401468372e+01
-4.449853382256077339e+01
-4.459524068655745310e+01
-4.465470257632881612e+01
-4.467768723420648769e+01
-4.466518555176480021e+01
-4.462001800320763323e+01
-4.454991826262191523e+01
-4.446664297997341464e+01
-4.438612398752913180e+01
-4.432969618481822494e+01
-4.433363745887967866e+01
-4.464232037176396517e+01
