-1.542890168375422366e+00
-1.593083110969997884e+00
-1.682277761829860108e+00
-1.787446858141837236e+00
-1.900226906603686539e+00
-2.015445300477009649e+00
-2.128982023673896329e+00
-2.235468968669617862e+00
-2.333604289615549998e+00
-2.425101559968400711e+00
-2.510609919196497231e+00
-2.591156482865784483e+00
-2.667721907270372395e+00
-2.739671537599886353e+00
-2.809132823105344734e+00
-2.876497204759397519e+00
-2.941882214682709051e+00
-3.005330387228698719e+00
-3.064882365200011893e+00
-3.122022026179708032e+00
-3.176781021150797635e+00
-3.229276178912305451e+00
-3.279712501437948458e+00
-3.328435342355448245e+00
-3.376123897818983366e+00
-3.413779916191070463e+00
-3.449350264860027160e+00
-3.482876788903169540e+00
-3.514400226405794747e+00
-3.544091605966205982e+00
-3.570073709237236326e+00
-3.594044427398576325e+00
-3.616430884933205636e+00
-3.637527363716873019e+00
-3.655424307564805630e+00
-3.671385238448138466e+00
-3.686753576151795997e+00
-3.701936268928947005e+00
-3.715291652123862587e+00
-3.728485507794518039e+00
-3.740150382860771838e+00
-3.744982399497061909e+00
-3.730412266126947873e+00
-3.664446039526925158e+00
-3.540002206404700758e+00
-3.718732661157664765e+00
-4.185054220983372097e+00
-4.734010323906745477e+00
-5.487095673388960648e+00
-1.542890168375427695e+00
-1.593083110969999661e+00
-1.682277761829859219e+00
-1.787446858141838346e+00
-1.900226906603685428e+00
-2.015445300477004320e+00
-2.128982023673900326e+00
-2.235468968669622303e+00
-2.333604289615556215e+00
-2.425101559968399823e+00
-2.510609919196497675e+00
-2.591156482865787147e+00
-2.667721907270372839e+00
-2.739671537599884577e+00
-2.809132823105343402e+00
-2.876497204759397963e+00
-2.941882214682717933e+00
-3.005330387228703604e+00
-3.064882365200003456e+00
-3.122022026179698262e+00
-3.176781021150803852e+00
-3.229276178912307227e+00
-3.279712501437936023e+00
-3.328435342355449578e+00
-3.376123897818980257e+00
-3.413779916191083785e+00
-3.449350264860026272e+00
-3.482876788903165544e+00
-3.514400226405766769e+00
-3.544091605966213976e+00
-3.570073709237223447e+00
-3.594044427398578101e+00
-3.616430884933182544e+00
-3.637527363716857476e+00
-3.655424307564813624e+00
-3.671385238448127808e+00
-3.686753576151809320e+00
-3.701936268928950113e+00
-3.715291652123857258e+00
-3.728485507794508269e+00
-3.740150382860774503e+00
-3.744982399497082781e+00
-3.730412266126922560e+00
-3.664446039526933596e+00
-3.540002206404715857e+00
-3.718732661157683861e+00
-4.185054220983358775e+00
-4.734010323906754358e+00
-5.487095673388951766e+00
-1.542890168375419258e+00
-1.593083110969998328e+00
-1.682277761829861440e+00
-1.787446858141838124e+00
-1.900226906603681432e+00
-2.015445300477009649e+00
-2.128982023673891444e+00
-2.235468968669624079e+00
-2.333604289615554439e+00
-2.425101559968409148e+00
-2.510609919196499007e+00
-2.591156482865786259e+00
-2.667721907270380388e+00
-2.739671537599880136e+00
-2.809132823105339405e+00
-2.876497204759400628e+00
-2.941882214682722818e+00
-3.005330387228722699e+00
-3.064882365200008785e+00
-3.122022026179694709e+00
-3.176781021150797635e+00
-3.229276178912309891e+00
-3.279712501437924477e+00
-3.328435342355456239e+00
-3.376123897818990471e+00
-3.413779916191077124e+00
-3.449350264860036930e+00
-3.482876788903164211e+00
-3.514400226405784977e+00
-3.544091605966195768e+00
-3.570073709237212345e+00
-3.594044427398582986e+00
-3.616430884933211409e+00
-3.637527363716871687e+00
-3.655424307564810071e+00
-3.671385238448112709e+00
-3.686753576151800438e+00
-3.701936268928962548e+00
-3.715291652123869248e+00
-3.728485507794520259e+00
-3.740150382860775391e+00
-3.744982399497049919e+00
-3.730412266126950982e+00
-3.664446039526938481e+00
-3.540002206404706531e+00
-3.718732661157685193e+00
-4.185054220983386308e+00
-4.734010323906742812e+00
-5.487095673388962425e+00
-4.569228048452841051e+01
-4.549581619886221517e+01
-4.567876691070522099e+01
-5.386400719584466401e+01
-5.200532683925169408e+01
-5.088421656094777035e+01
-5.106138461283038765e+01
-5.006015278660108692e+01
-4.961084591832380397e+01
-4.916607619151660913e+01
-4.894932386650588541e+01
-4.870840168207760001e+01
-4.854764389187236873e+01
-4.847316924943829264e+01
-4.846067567807317999e+01
-4.848755351416825476e+01
-4.856216765659373635e+01
-4.868538253412027217e+01
-4.874508062373825368e+01
-4.887643560006181787e+01
-4.911817594025639977e+01
-4.947871412345183728e+01
-4.991254756425073680e+01
-4.721349451569101774e+01
-4.712291919656501449e+01
-4.699577359764627005e+01
-4.682443944747672049e+01
-4.660688865051185559e+01
-4.626398825940029269e+01
-4.543492706310676965e+01
-4.520342427517420703e+01
-4.534378188628140549e+01
-5.373497710988198151e+01
-5.177553536114227484e+01
-5.056779470112533659e+01
-5.066212102075306234e+01
-4.958632841744014286e+01
-4.906237240661315724e+01
-4.854323666963654205e+01
-4.824799974220577781e+01
-4.793203138080331627e+01
-4.768865856563026284e+01
-4.753404816147567402e+01
-4.743837868765329802e+01
-4.738061705495266551e+01
-4.736798183998416789e+01
-4.740174803110641477e+01
-4.737457513252429209e+01
-4.741099028141990601e+01
-4.755990403914012177e+01
-4.783066163195909581e+01
-4.816810404438743376e+01
-4.530827037070356056e+01
-4.510920885231639232e+01
-4.487032409248906362e+01
-4.458398110521713420e+01
-4.424241290643958990e+01
-4.350177857865103448e+01
-4.569228048452838920e+01
-4.549581619886220807e+01
-4.567876691070520678e+01
-5.386400719584466401e+01
-5.200532683925169408e+01
-5.088421656094779166e+01
-5.106138461283038765e+01
-5.006015278660106560e+01
-4.961084591832380397e+01
-4.916607619151660913e+01
-4.894932386650587830e+01
-4.870840168207758580e+01
-4.854764389187237583e+01
-4.847316924943826422e+01
-4.846067567807320131e+01
-4.848755351416824055e+01
-4.856216765659372925e+01
-4.868538253412025085e+01
-4.874508062373826078e+01
-4.887643560006182497e+01
-4.911817594025638556e+01
-4.947871412345181596e+01
-4.991254756425069417e+01
-4.721349451569100353e+01
-4.712291919656500738e+01
-4.699577359764627005e+01
-4.682443944747672049e+01
-4.660688865051184138e+01
-4.626398825940027848e+01
-4.543492706310675544e+01
-4.520342427517417860e+01
-4.534378188628138417e+01
-5.373497710988200993e+01
-5.177553536114228194e+01
-5.056779470112532238e+01
-5.066212102075304102e+01
-4.958632841744010022e+01
-4.906237240661314303e+01
-4.854323666963652073e+01
-4.824799974220578491e+01
-4.793203138080330206e+01
-4.768865856563023442e+01
-4.753404816147566692e+01
-4.743837868765329091e+01
-4.738061705495265130e+01
-4.736798183998417500e+01
-4.740174803110639346e+01
-4.737457513252429919e+01
-4.741099028141990601e+01
-4.755990403914012887e+01
-4.783066163195908871e+01
-4.816810404438741955e+01
-4.530827037070356056e+01
-4.510920885231640654e+01
-4.487032409248906362e+01
-4.458398110521713420e+01
-4.424241290643958990e+01
-4.350177857865103448e+01
-4.569228048452837498e+01
-4.549581619886222228e+01
-4.567876691070522099e+01
-5.386400719584466401e+01
-5.200532683925170829e+01
-5.088421656094777745e+01
-5.106138461283036634e+01
-5.006015278660103718e+01
-4.961084591832378976e+01
-4.916607619151658071e+01
-4.894932386650589251e+01
-4.870840168207756449e+01
-4.854764389187235452e+01
-4.847316924943826422e+01
-4.846067567807317289e+01
-4.848755351416821213e+01
-4.856216765659371504e+01
-4.868538253412023664e+01
-4.874508062373824657e+01
-4.887643560006180365e+01
-4.911817594025638556e+01
-4.947871412345181596e+01
-4.991254756425070838e+01
-4.721349451569100353e+01
-4.712291919656501449e+01
-4.699577359764627715e+01
-4.682443944747673470e+01
-4.660688865051184848e+01
-4.626398825940029980e+01
-4.543492706310675544e+01
-4.520342427517421413e+01
-4.534378188628141970e+01
-5.373497710988198861e+01
-5.177553536114229615e+01
-5.056779470112535080e+01
-5.066212102075308366e+01
-4.958632841744012154e+01
-4.906237240661315013e+01
-4.854323666963654205e+01
-4.824799974220579912e+01
-4.793203138080330206e+01
-4.768865856563024863e+01
-4.753404816147566692e+01
-4.743837868765329802e+01
-4.738061705495265841e+01
-4.736798183998417500e+01
-4.740174803110641477e+01
-4.737457513252429919e+01
-4.741099028141992022e+01
-4.755990403914014308e+01
-4.783066163195912424e+01
-4.816810404438742665e+01
-4.530827037070358898e+01
-4.510920885231642075e+01
-4.487032409248909204e+01
-4.458398110521715552e+01
-4.424241290643957569e+01
-4.350177857865104869e+01
