4.338888520457903297e+01 -2.564894258295719829e-15 1.476064491027472059e+01
4.387757739513745037e+01 -2.564894258295719829e-15 1.956643627641068761e+01
4.436626958569585355e+01 -2.564894258295719829e-15 2.437222764254656582e+01
4.485496177625427094e+01 -2.564894258295719829e-15 2.917801900868253284e+01
4.534365396681268123e+01 -2.564894258295719829e-15 3.398381037481850342e+01
4.583234615737109863e+01 -2.564894258295719829e-15 3.878960174095446689e+01
4.113741046950634939e+01 1.278309346853936290e+01 -7.380322455137360294e+00
4.089306437422714424e+01 1.694503087690101850e+01 -9.783218138205299397e+00
4.064871827894793910e+01 2.110696828526267055e+01 -1.218611382127328291e+01
4.040437218366873395e+01 2.526890569362432615e+01 -1.458900950434126642e+01
4.016002608838952170e+01 2.943084310198597819e+01 -1.699190518740925171e+01
3.991567999311031656e+01 3.359278051034763735e+01 -1.939480087047723345e+01
4.113741046950634939e+01 -1.278309346853936113e+01 -7.380322455137360294e+00
4.089306437422713714e+01 -1.694503087690101850e+01 -9.783218138205343806e+00
4.064871827894793199e+01 -2.110696828526267055e+01 -1.218611382127332909e+01
4.040437218366873395e+01 -2.526890569362432259e+01 -1.458900950434126642e+01
4.016002608838952170e+01 -2.943084310198597109e+01 -1.699190518740925171e+01
3.991567999311031656e+01 -3.359278051034763024e+01 -1.939480087047723345e+01
-2.169444260228950583e+01 3.757587682905221982e+01 1.476064491027467973e+01
-2.193878869756871097e+01 3.799909668070687019e+01 1.956643627641063787e+01
-2.218313479284791967e+01 3.842231653236152056e+01 2.437222764254659424e+01
-2.242748088812712481e+01 3.884553638401617093e+01 2.917801900868255061e+01
-2.267182698340632641e+01 3.926875623567082130e+01 3.398381037481848921e+01
-2.291617307868553510e+01 3.969197608732547877e+01 3.878960174095444557e+01
-3.163918891745918671e+01 2.923449577823075884e+01 -7.380322455137345194e+00
-3.512135939442154609e+01 2.694191714822260053e+01 -9.783218138205333148e+00
-3.860352987138391256e+01 2.464933851821444932e+01 -1.218611382127329179e+01
-4.208570034834626483e+01 2.235675988820630522e+01 -1.458900950434125043e+01
-4.556787082530862421e+01 2.006418125819814691e+01 -1.699190518740923750e+01
-4.905004130227098358e+01 1.777160262819000280e+01 -1.939480087047719792e+01
-9.498221552047144911e+00 4.201758924677011464e+01 -7.380322455137345194e+00
-5.771704979805575064e+00 4.388694802512361548e+01 -9.783218138205343806e+00
-2.045188407564012323e+00 4.575630680347710921e+01 -1.218611382127330245e+01
1.681328164677548642e+00 4.762566558183061005e+01 -1.458900950434129129e+01
5.407844736919109607e+00 4.949502436018411089e+01 -1.699190518740925171e+01
9.134361309160677678e+00 5.136438313853761883e+01 -1.939480087047724766e+01
-2.169444260228953780e+01 -3.757587682905219850e+01 1.476064491027469217e+01
-2.193878869756874295e+01 -3.799909668070684887e+01 1.956643627641064853e+01
-2.218313479284795164e+01 -3.842231653236150635e+01 2.437222764254660845e+01
-2.242748088812715324e+01 -3.884553638401615672e+01 2.917801900868254350e+01
-2.267182698340636193e+01 -3.926875623567080709e+01 3.398381037481850342e+01
-2.291617307868556708e+01 -3.969197608732545746e+01 3.878960174095445979e+01
-9.498221552047171556e+00 -4.201758924677010754e+01 -7.380322455137346083e+00
-5.771704979805607039e+00 -4.388694802512361548e+01 -9.783218138205306502e+00
-2.045188407564040745e+00 -4.575630680347711632e+01 -1.218611382127330423e+01
1.681328164677520220e+00 -4.762566558183061716e+01 -1.458900950434125043e+01
5.407844736919081186e+00 -4.949502436018411800e+01 -1.699190518740925171e+01
9.134361309160652809e+00 -5.136438313853762594e+01 -1.939480087047720858e+01
-3.163918891745920803e+01 -2.923449577823073398e+01 -7.380322455137346083e+00
-3.512135939442156740e+01 -2.694191714822257921e+01 -9.783218138205345582e+00
-3.860352987138391967e+01 -2.464933851821442801e+01 -1.218611382127330423e+01
-4.208570034834627904e+01 -2.235675988820626614e+01 -1.458900950434130372e+01
-4.556787082530863131e+01 -2.006418125819811848e+01 -1.699190518740925171e+01
-4.905004130227099779e+01 -1.777160262818995662e+01 -1.939480087047724766e+01
