-7.950278677009376960e-01
-1.042911331868811908e+00
-1.354618710818641159e+00
-1.678983153767148018e+00
-1.958562719080300996e+00
-2.137610743735048668e+00
-2.326693750949798911e+00
-2.460105051416957345e+00
-2.575277478494112593e+00
-2.675023209067220353e+00
-2.746363504251387866e+00
-2.801474372144589164e+00
-2.841560476500399002e+00
-2.861697682743320925e+00
-2.856264371209711328e+00
-2.813407373618686869e+00
-2.754770149524392586e+00
-3.255651351694520024e+00
-4.026662931477446250e+00
-7.950278677009372519e-01
-1.042911331868811686e+00
-1.354618710818639604e+00
-1.678983153767147352e+00
-1.958562719080300774e+00
-2.137610743735048224e+00
-2.326693750949801576e+00
-2.460105051416956012e+00
-2.575277478494112593e+00
-2.675023209067219021e+00
-2.746363504251388754e+00
-2.801474372144592273e+00
-2.841560476500400334e+00
-2.861697682743330251e+00
-2.856264371209712216e+00
-2.813407373618694862e+00
-2.754770149524402800e+00
-3.255651351694534235e+00
-4.026662931477447138e+00
-7.950278677009358086e-01
-1.042911331868810576e+00
-1.354618710818640270e+00
-1.678983153767145353e+00
-1.958562719080300552e+00
-2.137610743735047780e+00
-2.326693750949798911e+00
-2.460105051416955568e+00
-2.575277478494107708e+00
-2.675023209067219909e+00
-2.746363504251387866e+00
-2.801474372144591385e+00
-2.841560476500401222e+00
-2.861697682743324478e+00
-2.856264371209711772e+00
-2.813407373618689533e+00
-2.754770149524392142e+00
-3.255651351694517359e+00
-4.026662931477447138e+00
-4.192615107059661739e+01
-4.349111007543431384e+01
-4.031929844811267571e+01
-4.061732062029419410e+01
-4.202165818676267151e+01
-4.293568248840044532e+01
-4.331414386301133135e+01
-4.325860394048351054e+01
-4.283836408431036347e+01
-4.211959009425734024e+01
-4.122656189693558559e+01
-4.363609066371483891e+01
-4.464269952624014337e+01
-4.117969246766602964e+01
-4.148546231751755187e+01
-4.299917359359525193e+01
-4.404288965698083302e+01
-4.457071737899879338e+01
-4.467896368898230719e+01
-4.443039488514880730e+01
-4.389090741660656647e+01
-4.307726796322714335e+01
-4.042407890316469832e+01
-4.167571507986332335e+01
-3.840709524548267240e+01
-3.851525858210798248e+01
-3.972623965180397931e+01
-4.046229253735881315e+01
-4.069968647684356000e+01
-4.056407113360006633e+01
-4.012224576804185716e+01
-3.943434893285799347e+01
-3.873681430745042320e+01
-4.192615107059661028e+01
-4.349111007543433516e+01
-4.031929844811269703e+01
-4.061732062029422963e+01
-4.202165818676268572e+01
-4.293568248840044532e+01
-4.331414386301133135e+01
-4.325860394048351765e+01
-4.283836408431035636e+01
-4.211959009425736156e+01
-4.122656189693557849e+01
-4.363609066371481759e+01
-4.464269952624012205e+01
-4.117969246766602254e+01
-4.148546231751752345e+01
-4.299917359359515245e+01
-4.404288965698088987e+01
-4.457071737899884312e+01
-4.467896368898234272e+01
-4.443039488514884283e+01
-4.389090741660658779e+01
-4.307726796322712204e+01
-4.042407890316467700e+01
-4.167571507986340862e+01
-3.840709524548267950e+01
-3.851525858210796116e+01
-3.972623965180395089e+01
-4.046229253735882025e+01
-4.069968647684354579e+01
-4.056407113360005212e+01
-4.012224576804187137e+01
-3.943434893285801479e+01
-3.873681430745041609e+01
-4.192615107059663160e+01
-4.349111007543434937e+01
-4.031929844811268993e+01
-4.061732062029421542e+01
-4.202165818676266440e+01
-4.293568248840045243e+01
-4.331414386301133845e+01
-4.325860394048351765e+01
-4.283836408431039189e+01
-4.211959009425736156e+01
-4.122656189693557138e+01
-4.363609066371488154e+01
-4.464269952624015758e+01
-4.117969246766601543e+01
-4.148546231751752345e+01
-4.299917359359518798e+01
-4.404288965698091118e+01
-4.457071737899885022e+01
-4.467896368898233561e+01
-4.443039488514880730e+01
-4.389090741660656647e+01
-4.307726796322712914e+01
-4.042407890316469121e+01
-4.167571507986338730e+01
-3.840709524548266529e+01
-3.851525858210795406e+01
-3.972623965180395089e+01
-4.046229253735881315e+01
-4.069968647684356711e+01
-4.056407113360006633e+01
-4.012224576804187848e+01
-3.943434893285803611e+01
-3.873681430745042320e+01
