-7.190872263065266612e-01
-8.138275752583642442e-01
-9.071256311660783611e-01
-1.003315485259994588e+00
-1.105540256214041950e+00
-1.234407603952539345e+00
-1.359204163001466625e+00
-1.481952291632996355e+00
-1.607652902993097044e+00
-1.736584005442853851e+00
-1.874236534703447088e+00
-1.948691257662313436e+00
-2.015603449512930911e+00
-2.085836683231348410e+00
-2.157817155903477335e+00
-2.230998027885130242e+00
-2.305770884093056416e+00
-2.371980438857328011e+00
-2.418797741944199942e+00
-2.465690624886779148e+00
-2.511549092499084423e+00
-2.555816916925413906e+00
-2.598218740111175151e+00
-2.638735440107215169e+00
-2.674570584634514248e+00
-2.704259341013528051e+00
-2.731558093052383285e+00
-2.756335627877682271e+00
-2.778553185626671862e+00
-2.798406435652067259e+00
-2.816242116158052866e+00
-2.832419687779758277e+00
-2.843617789619464986e+00
-2.852438559953066388e+00
-2.858880830345000845e+00
-2.862146103439300759e+00
-2.861302962749965317e+00
-2.855577368393880988e+00
-2.844892825766130784e+00
-2.830602248069187254e+00
-2.815745916713723318e+00
-2.806003648659935124e+00
-2.810200465655137592e+00
-2.836899425385560392e+00
-3.001941976645337462e+00
-3.268887118387899804e+00
-3.615985324270361900e+00
-4.130188252527497106e+00
-5.352098149605971855e+00
-7.190872263065254399e-01
-8.138275752583639111e-01
-9.071256311660791383e-01
-1.003315485259996587e+00
-1.105540256214041950e+00
-1.234407603952540455e+00
-1.359204163001467514e+00
-1.481952291632997909e+00
-1.607652902993100374e+00
-1.736584005442849632e+00
-1.874236534703453305e+00
-1.948691257662315213e+00
-2.015603449512926915e+00
-2.085836683231348854e+00
-2.157817155903473338e+00
-2.230998027885133794e+00
-2.305770884093060857e+00
-2.371980438857322682e+00
-2.418797741944204382e+00
-2.465690624886767601e+00
-2.511549092499077318e+00
-2.555816916925407689e+00
-2.598218740111175151e+00
-2.638735440107218722e+00
-2.674570584634503589e+00
-2.704259341013506734e+00
-2.731558093052387726e+00
-2.756335627877689376e+00
-2.778553185626675415e+00
-2.798406435652054824e+00
-2.816242116158056419e+00
-2.832419687779761830e+00
-2.843617789619459657e+00
-2.852438559953084152e+00
-2.858880830345002622e+00
-2.862146103439293654e+00
-2.861302962749959988e+00
-2.855577368393868554e+00
-2.844892825766130784e+00
-2.830602248069171267e+00
-2.815745916713725094e+00
-2.806003648659951111e+00
-2.810200465655150026e+00
-2.836899425385549733e+00
-3.001941976645344567e+00
-3.268887118387901580e+00
-3.615985324270397427e+00
-4.130188252527497994e+00
-5.352098149605971855e+00
-7.190872263065253289e-01
-8.138275752583629119e-01
-9.071256311660779170e-01
-1.003315485259995032e+00
-1.105540256214041062e+00
-1.234407603952539123e+00
-1.359204163001466625e+00
-1.481952291632995689e+00
-1.607652902993099486e+00
-1.736584005442852963e+00
-1.874236534703454637e+00
-1.948691257662312104e+00
-2.015603449512933576e+00
-2.085836683231346189e+00
-2.157817155903472894e+00
-2.230998027885126689e+00
-2.305770884093067075e+00
-2.371980438857316464e+00
-2.418797741944205271e+00
-2.465690624886773819e+00
-2.511549092499090641e+00
-2.555816916925406801e+00
-2.598218740111166269e+00
-2.638735440107225827e+00
-2.674570584634506254e+00
-2.704259341013522722e+00
-2.731558093052379732e+00
-2.756335627877692929e+00
-2.778553185626673638e+00
-2.798406435652067259e+00
-2.816242116158045761e+00
-2.832419687779767159e+00
-2.843617789619470315e+00
-2.852438559953064612e+00
-2.858880830345006174e+00
-2.862146103439288325e+00
-2.861302962749975975e+00
-2.855577368393861448e+00
-2.844892825766129008e+00
-2.830602248069167715e+00
-2.815745916713741082e+00
-2.806003648659952887e+00
-2.810200465655139368e+00
-2.836899425385560392e+00
-3.001941976645328580e+00
-3.268887118387894475e+00
-3.615985324270367229e+00
-4.130188252527505988e+00
-5.352098149605973632e+00
-4.120766748989468908e+01
-4.629357318805887900e+01
-4.734668093044236059e+01
-4.523358733942612275e+01
-4.247127344529383208e+01
-4.052037694892790398e+01
-3.968160133552270707e+01
-3.968750600234418613e+01
-4.015174284596776744e+01
-4.077600638448769388e+01
-4.138776298807965759e+01
-4.192546985080465305e+01
-4.237529492824551625e+01
-4.273948754574352193e+01
-4.302799406707956109e+01
-4.324908193877664075e+01
-4.340929111809874996e+01
-4.351123774932015920e+01
-4.355962942344417144e+01
-4.355803629695680002e+01
-4.350840280871871357e+01
-4.341282122661061749e+01
-4.327268141905869214e+01
-4.310136468697358225e+01
-4.288913418878923522e+01
-4.263922302726955849e+01
-4.234470968057568996e+01
-4.197817828213725022e+01
-4.146182851981428996e+01
-3.740020933349799748e+01
-4.262014697869123836e+01
-4.398008693684553805e+01
-4.226558112558760172e+01
-3.984126122834044281e+01
-3.810461156333204968e+01
-3.731808535501377122e+01
-3.725648555226590020e+01
-3.759881127163323811e+01
-3.808797731289483579e+01
-3.856967700153570888e+01
-3.898653165274970434e+01
-3.932306970977670346e+01
-3.957792691629954618e+01
-3.975901906309756839e+01
-3.987429598924387619e+01
-3.992797458799256560e+01
-3.992498050514994645e+01
-3.987052860530992149e+01
-3.976768772466299851e+01
-3.961954028519264881e+01
-3.942946862626920534e+01
-3.920153106713880931e+01
-3.894085283836016487e+01
-3.865145708953998138e+01
-3.834761019321149433e+01
-3.805015014587915800e+01
-3.780604230349312189e+01
-3.778125246912594548e+01
-3.999215840204541905e+01
-4.539436822249106740e+01
-4.672641240212060865e+01
-4.483224639892524976e+01
-4.223655338836708495e+01
-4.043043188368059759e+01
-3.967538194807386276e+01
-3.970266298562881246e+01
-4.016140628943200852e+01
-4.076594810679959835e+01
-4.135456266845886120e+01
-4.185960190483677223e+01
-4.227973533711666931e+01
-4.261339755617522229e+01
-4.287012074043423127e+01
-4.306465339275813875e+01
-4.319567198172536848e+01
-4.326785867710594857e+01
-4.328516837370633397e+01
-4.325080862044233498e+01
-4.316742166646506007e+01
-4.303889071109959730e+01
-4.287256162043629359e+01
-4.266465591429676607e+01
-4.241537535505505474e+01
-4.213318222869099117e+01
-4.180233825357364452e+01
-4.140370261577742639e+01
-4.086414834408321184e+01
-4.120766748989434802e+01
-4.629357318805877242e+01
-4.734668093044226111e+01
-4.523358733942618670e+01
-4.247127344529410209e+01
-4.052037694892800346e+01
-3.968160133552279234e+01
-3.968750600234416481e+01
-4.015174284596779586e+01
-4.077600638448765835e+01
-4.138776298807961496e+01
-4.192546985080467437e+01
-4.237529492824545940e+01
-4.273948754574351483e+01
-4.302799406707949714e+01
-4.324908193877661233e+01
-4.340929111809877128e+01
-4.351123774932015920e+01
-4.355962942344412880e+01
-4.355803629695688528e+01
-4.350840280871872068e+01
-4.341282122661061749e+01
-4.327268141905882715e+01
-4.310136468697365331e+01
-4.288913418878924233e+01
-4.263922302726951585e+01
-4.234470968057582496e+01
-4.197817828213729996e+01
-4.146182851981428996e+01
-3.740020933349823196e+01
-4.262014697869160784e+01
-4.398008693684574411e+01
-4.226558112558780067e+01
-3.984126122834044281e+01
-3.810461156333218469e+01
-3.731808535501379254e+01
-3.725648555226585756e+01
-3.759881127163328784e+01
-3.808797731289491395e+01
-3.856967700153578704e+01
-3.898653165274976118e+01
-3.932306970977671767e+01
-3.957792691629961723e+01
-3.975901906309758260e+01
-3.987429598924389040e+01
-3.992797458799262245e+01
-3.992498050514996066e+01
-3.987052860530997123e+01
-3.976768772466296298e+01
-3.961954028519262039e+01
-3.942946862626916271e+01
-3.920153106713873115e+01
-3.894085283836012223e+01
-3.865145708954003823e+01
-3.834761019321150854e+01
-3.805015014587917932e+01
-3.780604230349305084e+01
-3.778125246912573232e+01
-3.999215840204538353e+01
-4.539436822249078318e+01
-4.672641240212046654e+01
-4.483224639892516450e+01
-4.223655338836709916e+01
-4.043043188368065444e+01
-3.967538194807389118e+01
-3.970266298562880536e+01
-4.016140628943205115e+01
-4.076594810679961967e+01
-4.135456266845886120e+01
-4.185960190483672960e+01
-4.227973533711668352e+01
-4.261339755617520098e+01
-4.287012074043420284e+01
-4.306465339275813875e+01
-4.319567198172537559e+01
-4.326785867710593436e+01
-4.328516837370629844e+01
-4.325080862044234209e+01
-4.316742166646504586e+01
-4.303889071109961151e+01
-4.287256162043629359e+01
-4.266465591429678028e+01
-4.241537535505507606e+01
-4.213318222869108354e+01
-4.180233825357369426e+01
-4.140370261577747613e+01
-4.086414834408321894e+01
-4.120766748989450434e+01
-4.629357318805907795e+01
-4.734668093044230375e+01
-4.523358733942610854e+01
-4.247127344529410209e+01
-4.052037694892793951e+01
-3.968160133552272129e+01
-3.968750600234408665e+01
-4.015174284596780296e+01
-4.077600638448766546e+01
-4.138776298807961496e+01
-4.192546985080468147e+01
-4.237529492824548072e+01
-4.273948754574352904e+01
-4.302799406707952556e+01
-4.324908193877666918e+01
-4.340929111809878549e+01
-4.351123774932014499e+01
-4.355962942344409328e+01
-4.355803629695680002e+01
-4.350840280871870647e+01
-4.341282122661054643e+01
-4.327268141905869925e+01
-4.310136468697357515e+01
-4.288913418878917128e+01
-4.263922302726944480e+01
-4.234470968057575391e+01
-4.197817828213721469e+01
-4.146182851981423312e+01
-3.740020933349811116e+01
-4.262014697869137336e+01
-4.398008693684573700e+01
-4.226558112558782199e+01
-3.984126122834042860e+01
-3.810461156333212784e+01
-3.731808535501377122e+01
-3.725648555226582204e+01
-3.759881127163320969e+01
-3.808797731289482158e+01
-3.856967700153565914e+01
-3.898653165274966170e+01
-3.932306970977661820e+01
-3.957792691629953197e+01
-3.975901906309753286e+01
-3.987429598924381935e+01
-3.992797458799260113e+01
-3.992498050514993224e+01
-3.987052860530988596e+01
-3.976768772466297719e+01
-3.961954028519264170e+01
-3.942946862626912008e+01
-3.920153106713877378e+01
-3.894085283836018618e+01
-3.865145708954001691e+01
-3.834761019321157249e+01
-3.805015014587915800e+01
-3.780604230349316452e+01
-3.778125246912589574e+01
-3.999215840204550432e+01
-4.539436822249101056e+01
-4.672641240212071523e+01
-4.483224639892524266e+01
-4.223655338836711337e+01
-4.043043188368059759e+01
-3.967538194807383434e+01
-3.970266298562877694e+01
-4.016140628943200142e+01
-4.076594810679961967e+01
-4.135456266845886120e+01
-4.185960190483678645e+01
-4.227973533711669063e+01
-4.261339755617522940e+01
-4.287012074043425258e+01
-4.306465339275816007e+01
-4.319567198172538980e+01
-4.326785867710594147e+01
-4.328516837370632686e+01
-4.325080862044233498e+01
-4.316742166646506007e+01
-4.303889071109959019e+01
-4.287256162043630781e+01
-4.266465591429675186e+01
-4.241537535505504053e+01
-4.213318222869102669e+01
-4.180233825357363031e+01
-4.140370261577741218e+01
-4.086414834408314789e+01
