-1.002012266432406040e+00
-1.533418490059876627e+00
-1.828912644030033396e+00
-2.052644808055656966e+00
-2.242491352433687801e+00
-2.397712227104924931e+00
-2.520860624465171895e+00
-2.614226170888801715e+00
-2.678294202706498872e+00
-2.711993820634591934e+00
-2.705028371593644287e+00
-2.619253751061844770e+00
-2.618334066151260409e+00
-3.007134000510124139e+00
-1.002012266432406040e+00
-1.533418490059875738e+00
-1.828912644030031842e+00
-2.052644808055657855e+00
-2.242491352433685581e+00
-2.397712227104928040e+00
-2.520860624465175892e+00
-2.614226170888803935e+00
-2.678294202706497984e+00
-2.711993820634592822e+00
-2.705028371593648728e+00
-2.619253751061841218e+00
-2.618334066151263517e+00
-3.007134000510128136e+00
-1.002012266432408039e+00
-1.533418490059876405e+00
-1.828912644030034729e+00
-2.052644808055657855e+00
-2.242491352433685137e+00
-2.397712227104926264e+00
-2.520860624465173672e+00
-2.614226170888802603e+00
-2.678294202706497096e+00
-2.711993820634590602e+00
-2.705028371593642511e+00
-2.619253751061840774e+00
-2.618334066151252415e+00
-3.007134000510110816e+00
-3.418505560259195164e+01
-2.344206567241160855e+01
-3.866972564331574347e+01
-2.348195499731917835e+01
-3.974708995029688907e+01
-2.517666376144862284e+01
-3.946188850807299531e+01
-2.800810171858100972e+01
-4.007227763400426568e+01
-3.388672780122434602e+01
-2.269898831110490534e+01
-3.703551379624325079e+01
-2.202623248500878006e+01
-3.705156015031811023e+01
-2.272469524066985969e+01
-3.578090108618849285e+01
-2.439134298438833781e+01
-3.520813023192465607e+01
-3.524513455556706276e+01
-2.428487055725633326e+01
-3.987893742878824810e+01
-2.440688269998272375e+01
-4.083641032582134756e+01
-2.604183115271791138e+01
-4.021239620492997346e+01
-2.872186549882857065e+01
-4.020491118617917436e+01
-3.418505560259189480e+01
-2.344206567241143802e+01
-3.866972564331575768e+01
-2.348195499731891545e+01
-3.974708995029726566e+01
-2.517666376144821072e+01
-3.946188850807342163e+01
-2.800810171858086051e+01
-4.007227763400418041e+01
-3.388672780122428208e+01
-2.269898831110483073e+01
-3.703551379624319395e+01
-2.202623248500893993e+01
-3.705156015031830208e+01
-2.272469524066980995e+01
-3.578090108618855680e+01
-2.439134298438828452e+01
-3.520813023192449975e+01
-3.524513455556699171e+01
-2.428487055725639721e+01
-3.987893742878805625e+01
-2.440688269998280546e+01
-4.083641032582173125e+01
-2.604183115271808191e+01
-4.021239620492953293e+01
-2.872186549882830064e+01
-4.020491118617923121e+01
-3.418505560259244902e+01
-2.344206567241089800e+01
-3.866972564331612006e+01
-2.348195499731872360e+01
-3.974708995029725145e+01
-2.517666376144809348e+01
-3.946188850807325821e+01
-2.800810171858070774e+01
-4.007227763400420883e+01
-3.388672780122489314e+01
-2.269898831110434045e+01
-3.703551379624378370e+01
-2.202623248500849940e+01
-3.705156015031863603e+01
-2.272469524066971047e+01
-3.578090108618866338e+01
-2.439134298438823834e+01
-3.520813023192491897e+01
-3.524513455556763120e+01
-2.428487055725582522e+01
-3.987893742878875969e+01
-2.440688269998246795e+01
-4.083641032582212915e+01
-2.604183115271780480e+01
-4.021239620493024347e+01
-2.872186549882813011e+01
-4.020491118617918858e+01
