-7.190737820178089157e-01
-8.138065535264177308e-01
-9.070977934103136020e-01
-1.003279368514039316e+00
-1.105491285071263263e+00
-1.234358360761386164e+00
-1.359162617534087181e+00
-1.481905880449075674e+00
-1.607601585786233578e+00
-1.736532162990648942e+00
-1.874180611744936442e+00
-1.948624377297476506e+00
-2.015531559768388714e+00
-2.085760561219811571e+00
-2.157738011897099462e+00
-2.230917565938169034e+00
-2.305691488373257769e+00
-2.371901326322336523e+00
-2.418723292643710110e+00
-2.465627534087741601e+00
-2.511502124724488638e+00
-2.555791382445710802e+00
-2.598220082314444568e+00
-2.638768689778691723e+00
-2.674638016257043560e+00
-2.704364443212130986e+00
-2.731700175400251673e+00
-2.756510976159674442e+00
-2.778757716386252241e+00
-2.798631352403650574e+00
-2.816482544403760002e+00
-2.832677685948919333e+00
-2.843906401899747749e+00
-2.852792094997875338e+00
-2.859352311921981027e+00
-2.862804385245384609e+00
-2.862217641597936790e+00
-2.856791738399854452e+00
-2.846386553979575851e+00
-2.832240523973363011e+00
-2.817178021720144088e+00
-2.806270669858818678e+00
-2.806138102620320041e+00
-2.815051819164983371e+00
-2.985482211290117149e+00
-3.332182627325066093e+00
-3.567847639135074189e+00
-4.166576678134022771e+00
-5.355327860892908021e+00
-7.190737820178099149e-01
-8.138065535264189521e-01
-9.070977934103150453e-01
-1.003279368514038650e+00
-1.105491285071265706e+00
-1.234358360761389939e+00
-1.359162617534089401e+00
-1.481905880449078783e+00
-1.607601585786232024e+00
-1.736532162990646722e+00
-1.874180611744938219e+00
-1.948624377297473398e+00
-2.015531559768391823e+00
-2.085760561219819564e+00
-2.157738011897102570e+00
-2.230917565938176139e+00
-2.305691488373263986e+00
-2.371901326322340076e+00
-2.418723292643710110e+00
-2.465627534087740713e+00
-2.511502124724485974e+00
-2.555791382445711690e+00
-2.598220082314445456e+00
-2.638768689778692611e+00
-2.674638016257040007e+00
-2.704364443212130098e+00
-2.731700175400252562e+00
-2.756510976159663784e+00
-2.778757716386244248e+00
-2.798631352403646133e+00
-2.816482544403788424e+00
-2.832677685948931767e+00
-2.843906401899749525e+00
-2.852792094997877115e+00
-2.859352311921991685e+00
-2.862804385245398819e+00
-2.862217641597922579e+00
-2.856791738399863334e+00
-2.846386553979590062e+00
-2.832240523973352353e+00
-2.817178021720145864e+00
-2.806270669858829336e+00
-2.806138102620307606e+00
-2.815051819164988700e+00
-2.985482211290106491e+00
-3.332182627325048330e+00
-3.567847639135088400e+00
-4.166576678134010336e+00
-5.355327860892907132e+00
-7.190737820178085826e-01
-8.138065535264193961e-01
-9.070977934103143792e-01
-1.003279368514037762e+00
-1.105491285071265928e+00
-1.234358360761389495e+00
-1.359162617534089623e+00
-1.481905880449077451e+00
-1.607601585786234910e+00
-1.736532162990648498e+00
-1.874180611744936442e+00
-1.948624377297480059e+00
-2.015531559768387382e+00
-2.085760561219813347e+00
-2.157738011897098573e+00
-2.230917565938174363e+00
-2.305691488373271980e+00
-2.371901326322333858e+00
-2.418723292643718104e+00
-2.465627534087737160e+00
-2.511502124724493079e+00
-2.555791382445723237e+00
-2.598220082314457002e+00
-2.638768689778692611e+00
-2.674638016257040007e+00
-2.704364443212133651e+00
-2.731700175400249009e+00
-2.756510976159668225e+00
-2.778757716386249577e+00
-2.798631352403640804e+00
-2.816482544403765331e+00
-2.832677685948912227e+00
-2.843906401899744196e+00
-2.852792094997884220e+00
-2.859352311921981027e+00
-2.862804385245389938e+00
-2.862217641597940343e+00
-2.856791738399854452e+00
-2.846386553979577627e+00
-2.832240523973355906e+00
-2.817178021720154746e+00
-2.806270669858832889e+00
-2.806138102620311159e+00
-2.815051819164990476e+00
-2.985482211290117149e+00
-3.332182627325041224e+00
-3.567847639135081295e+00
-4.166576678134022771e+00
-5.355327860892909797e+00
-3.899639291772193417e+01
-4.445589757989119306e+01
-4.589958165972567627e+01
-4.413846225375877452e+01
-4.165081085927248239e+01
-3.991168216822534021e+01
-3.917659348982045486e+01
-3.920435427304789044e+01
-3.965423714000557709e+01
-4.024810582720034802e+01
-4.082270170126216158e+01
-4.132194240615935854e+01
-4.172852190528477934e+01
-4.205511724014233010e+01
-4.230600712703108712e+01
-4.248552113743075864e+01
-4.260014856064195499e+01
-4.265665081925130409e+01
-4.265609222577158022e+01
-4.260180213886031453e+01
-4.249695437634248663e+01
-4.234713230802992001e+01
-4.215324031006662153e+01
-4.191780408224508392e+01
-4.164275347223746593e+01
-4.134354881788962643e+01
-4.100907789117576385e+01
-4.064706819221026279e+01
-4.024739288327894826e+01
-4.148174118759813922e+01
-4.663484003790493659e+01
-4.771560139281240254e+01
-4.560349102127488408e+01
-4.283537282301784188e+01
-4.090072131640735620e+01
-4.009237603220867641e+01
-4.012383198780734261e+01
-4.060713597312896184e+01
-4.124575891092064950e+01
-4.186945928674442285e+01
-4.241983843625640560e+01
-4.287750674797797501e+01
-4.324992129580893874e+01
-4.354829508073939337e+01
-4.378226566928083230e+01
-4.395355089406525906e+01
-4.406685150621139258e+01
-4.412565665893988154e+01
-4.413610948397880662e+01
-4.410123828839995497e+01
-4.402102910084853704e+01
-4.389667986953019607e+01
-4.373563321376690993e+01
-4.353373802048059815e+01
-4.328396799995512367e+01
-4.297407099860108559e+01
-4.256005334890025438e+01
-4.190848256204343159e+01
-3.811752240841303063e+01
-4.326786239894898500e+01
-4.451954075734349203e+01
-4.268842568457253606e+01
-4.015972880902698705e+01
-3.833734885521884905e+01
-3.750908117626950400e+01
-3.744789929239225046e+01
-3.781073792541461387e+01
-3.833418470499879760e+01
-3.884922345298610225e+01
-3.929455086127413921e+01
-3.965092828670574221e+01
-3.992483954422409909e+01
-4.012396028362820743e+01
-4.025563202878807090e+01
-4.032808335045550052e+01
-4.034553194783254781e+01
-4.031148628452638860e+01
-4.022912210468503957e+01
-4.010159050582483786e+01
-3.993230599911601075e+01
-3.972528910562995463e+01
-3.948564619223790828e+01
-3.921572830585783009e+01
-3.892977832815006423e+01
-3.864610793452891357e+01
-3.840612028520750698e+01
-3.835895434956627525e+01
-3.899639291772210470e+01
-4.445589757989120017e+01
-4.589958165972569759e+01
-4.413846225375877452e+01
-4.165081085927243265e+01
-3.991168216822532600e+01
-3.917659348982049750e+01
-3.920435427304789044e+01
-3.965423714000561972e+01
-4.024810582720036223e+01
-4.082270170126215447e+01
-4.132194240615931591e+01
-4.172852190528480776e+01
-4.205511724014230879e+01
-4.230600712703107291e+01
-4.248552113743072312e+01
-4.260014856064193367e+01
-4.265665081925131830e+01
-4.265609222577156601e+01
-4.260180213886031453e+01
-4.249695437634248663e+01
-4.234713230802988448e+01
-4.215324031006662864e+01
-4.191780408224502708e+01
-4.164275347223745882e+01
-4.134354881788962643e+01
-4.100907789117579227e+01
-4.064706819221031253e+01
-4.024739288327896247e+01
-4.148174118759791895e+01
-4.663484003790496502e+01
-4.771560139281226043e+01
-4.560349102127491960e+01
-4.283537282301782056e+01
-4.090072131640745567e+01
-4.009237603220844903e+01
-4.012383198780727867e+01
-4.060713597312904000e+01
-4.124575891092057844e+01
-4.186945928674440154e+01
-4.241983843625634876e+01
-4.287750674797796790e+01
-4.324992129580883926e+01
-4.354829508073942890e+01
-4.378226566928077546e+01
-4.395355089406526616e+01
-4.406685150621141389e+01
-4.412565665893995259e+01
-4.413610948397878531e+01
-4.410123828839997628e+01
-4.402102910084855836e+01
-4.389667986953025292e+01
-4.373563321376686019e+01
-4.353373802048067631e+01
-4.328396799995507394e+01
-4.297407099860109270e+01
-4.256005334890026148e+01
-4.190848256204346001e+01
-3.811752240841312300e+01
-4.326786239894929054e+01
-4.451954075734362704e+01
-4.268842568457261422e+01
-4.015972880902698705e+01
-3.833734885521880642e+01
-3.750908117626952532e+01
-3.744789929239225756e+01
-3.781073792541467071e+01
-3.833418470499886155e+01
-3.884922345298613067e+01
-3.929455086127415342e+01
-3.965092828670582037e+01
-3.992483954422412040e+01
-4.012396028362826428e+01
-4.025563202878810642e+01
-4.032808335045550052e+01
-4.034553194783260466e+01
-4.031148628452638860e+01
-4.022912210468505378e+01
-4.010159050582487339e+01
-3.993230599911601075e+01
-3.972528910562995463e+01
-3.948564619223795091e+01
-3.921572830585781588e+01
-3.892977832815009265e+01
-3.864610793452886384e+01
-3.840612028520750698e+01
-3.835895434956627525e+01
-3.899639291772194127e+01
-4.445589757989134228e+01
-4.589958165972577575e+01
-4.413846225375879584e+01
-4.165081085927251081e+01
-3.991168216822534021e+01
-3.917659348982047618e+01
-3.920435427304785492e+01
-3.965423714000558419e+01
-4.024810582720034091e+01
-4.082270170126214026e+01
-4.132194240615930880e+01
-4.172852190528477223e+01
-4.205511724014233010e+01
-4.230600712703108002e+01
-4.248552113743076575e+01
-4.260014856064194788e+01
-4.265665081925132540e+01
-4.265609222577162996e+01
-4.260180213886032163e+01
-4.249695437634247952e+01
-4.234713230802992712e+01
-4.215324031006661443e+01
-4.191780408224505550e+01
-4.164275347223746593e+01
-4.134354881788962643e+01
-4.100907789117579227e+01
-4.064706819221029122e+01
-4.024739288327896958e+01
-4.148174118759828843e+01
-4.663484003790521371e+01
-4.771560139281229596e+01
-4.560349102127483434e+01
-4.283537282301739424e+01
-4.090072131640734199e+01
-4.009237603220844193e+01
-4.012383198780722893e+01
-4.060713597312905421e+01
-4.124575891092059976e+01
-4.186945928674444417e+01
-4.241983843625637718e+01
-4.287750674797798922e+01
-4.324992129580887479e+01
-4.354829508073938626e+01
-4.378226566928078256e+01
-4.395355089406528748e+01
-4.406685150621133573e+01
-4.412565665893995970e+01
-4.413610948397874267e+01
-4.410123828839994076e+01
-4.402102910084848730e+01
-4.389667986953019607e+01
-4.373563321376677493e+01
-4.353373802048052710e+01
-4.328396799995503130e+01
-4.297407099860102164e+01
-4.256005334890013359e+01
-4.190848256204341737e+01
-3.811752240841296668e+01
-4.326786239894919106e+01
-4.451954075734357730e+01
-4.268842568457265685e+01
-4.015972880902697284e+01
-3.833734885521883484e+01
-3.750908117626943294e+01
-3.744789929239230020e+01
-3.781073792541456413e+01
-3.833418470499879760e+01
-3.884922345298609514e+01
-3.929455086127412500e+01
-3.965092828670573510e+01
-3.992483954422407066e+01
-4.012396028362820743e+01
-4.025563202878810642e+01
-4.032808335045551473e+01
-4.034553194783258334e+01
-4.031148628452638860e+01
-4.022912210468503247e+01
-4.010159050582491602e+01
-3.993230599911599654e+01
-3.972528910562999727e+01
-3.948564619223792249e+01
-3.921572830585786562e+01
-3.892977832815013528e+01
-3.864610793452894910e+01
-3.840612028520756382e+01
-3.835895434956631789e+01
