-7.950375232755616528e-01
-1.042914460778047836e+00
-1.354610703067698596e+00
-1.678967488117903972e+00
-1.958541576756242630e+00
-2.137596841638698564e+00
-2.326708038261864786e+00
-2.460177809588568465e+00
-2.575445985331680454e+00
-2.675315055944024412e+00
-2.746773413198563496e+00
-2.801937226174298967e+00
-2.841975875451613121e+00
-2.862100838715394335e+00
-2.856910597233349947e+00
-2.814307606067569800e+00
-2.757773238136123961e+00
-3.219571093056808664e+00
-4.053085287258417324e+00
-7.950375232755614308e-01
-1.042914460778049612e+00
-1.354610703067699262e+00
-1.678967488117901530e+00
-1.958541576756243741e+00
-2.137596841638697232e+00
-2.326708038261861233e+00
-2.460177809588563136e+00
-2.575445985331680898e+00
-2.675315055944023968e+00
-2.746773413198562164e+00
-2.801937226174298523e+00
-2.841975875451614453e+00
-2.862100838715394335e+00
-2.856910597233348614e+00
-2.814307606067570244e+00
-2.757773238136113747e+00
-3.219571093056802003e+00
-4.053085287258410219e+00
-7.950375232755610977e-01
-1.042914460778046948e+00
-1.354610703067698374e+00
-1.678967488117900864e+00
-1.958541576756244629e+00
-2.137596841638700340e+00
-2.326708038261863898e+00
-2.460177809588565356e+00
-2.575445985331678234e+00
-2.675315055944025300e+00
-2.746773413198563940e+00
-2.801937226174298967e+00
-2.841975875451614453e+00
-2.862100838715388562e+00
-2.856910597233347282e+00
-2.814307606067567136e+00
-2.757773238136116412e+00
-3.219571093056799338e+00
-4.053085287258411107e+00
-4.004122166154659368e+01
-4.143414802382670814e+01
-3.825810197568674909e+01
-3.835967822901537261e+01
-3.953387472969172478e+01
-4.023485902695972527e+01
-4.043612296166131159e+01
-4.024257461058696350e+01
-3.973555259550155228e+01
-3.899204950472844189e+01
-3.825261436974061269e+01
-4.270598910823053274e+01
-4.408673726375046442e+01
-4.079270424215746260e+01
-4.108176201414209316e+01
-4.250260369822243689e+01
-4.344589123129553343e+01
-4.386317839921560591e+01
-4.385562563042875439e+01
-4.348854822087768923e+01
-4.282830916188670756e+01
-4.194508545158385004e+01
-4.324083931478131859e+01
-4.421223830958550138e+01
-4.074773441520959949e+01
-4.101454442871961703e+01
-4.249136537608799813e+01
-4.350200100959499849e+01
-4.400264219185387304e+01
-4.408849869702521573e+01
-4.381994037368201589e+01
-4.325661638899042316e+01
-4.246849850728422382e+01
-4.004122166154667184e+01
-4.143414802382669393e+01
-3.825810197568677751e+01
-3.835967822901537971e+01
-3.953387472969182426e+01
-4.023485902695974659e+01
-4.043612296166134712e+01
-4.024257461058699192e+01
-3.973555259550152385e+01
-3.899204950472850584e+01
-3.825261436974057716e+01
-4.270598910823049010e+01
-4.408673726375048574e+01
-4.079270424215748392e+01
-4.108176201414210027e+01
-4.250260369822242978e+01
-4.344589123129552632e+01
-4.386317839921559880e+01
-4.385562563042874729e+01
-4.348854822087770344e+01
-4.282830916188674308e+01
-4.194508545158383583e+01
-4.324083931478118359e+01
-4.421223830958558665e+01
-4.074773441520960660e+01
-4.101454442871958150e+01
-4.249136537608802655e+01
-4.350200100959500560e+01
-4.400264219185387304e+01
-4.408849869702532231e+01
-4.381994037368205852e+01
-4.325661638899043737e+01
-4.246849850728418829e+01
-4.004122166154662921e+01
-4.143414802382667261e+01
-3.825810197568675619e+01
-3.835967822901534419e+01
-3.953387472969179584e+01
-4.023485902695974659e+01
-4.043612296166134001e+01
-4.024257461058694929e+01
-3.973555259550157359e+01
-3.899204950472855558e+01
-3.825261436974064821e+01
-4.270598910823055405e+01
-4.408673726375049995e+01
-4.079270424215747681e+01
-4.108176201414208606e+01
-4.250260369822245821e+01
-4.344589123129553343e+01
-4.386317839921561301e+01
-4.385562563042875439e+01
-4.348854822087771055e+01
-4.282830916188671466e+01
-4.194508545158382162e+01
-4.324083931478119780e+01
-4.421223830958565770e+01
-4.074773441520960660e+01
-4.101454442871958861e+01
-4.249136537608806208e+01
-4.350200100959501981e+01
-4.400264219185388015e+01
-4.408849869702526547e+01
-4.381994037368206563e+01
-4.325661638899039474e+01
-4.246849850728418829e+01
