-2.043881124245979564e+00
-2.219763398536349630e+00
-2.399656298444281077e+00
-2.578689391335110326e+00
-2.755621160850856732e+00
-2.930305722083726305e+00
-3.103245417272456841e+00
-3.275194245003214988e+00
-3.474529195000981119e+00
-3.683271110961556793e+00
-3.882823205337708750e+00
-4.080034425388149089e+00
-4.282839113139901954e+00
-4.492869291549945743e+00
-4.712289468976559093e+00
-4.936420181300238852e+00
-5.175716138490388474e+00
-5.437699786418592751e+00
-5.587402939719973816e+00
-5.673995506786626564e+00
-5.774597890821276280e+00
-5.883192552432987554e+00
-5.996057099235020615e+00
-6.110063235196101061e+00
-6.219681379107498742e+00
-6.323812377660892992e+00
-6.419110869927347807e+00
-6.502693773439101932e+00
-6.573329828680918752e+00
-6.570738906085587416e+00
-6.534574363692208010e+00
-6.473714057963384505e+00
-6.391094356822343059e+00
-6.292086098303101949e+00
-6.183428318488644493e+00
-6.073830408602219677e+00
-5.973243554591896043e+00
-5.892242046683666246e+00
-5.841669726260327877e+00
-5.832699802291237745e+00
-5.877502636472542008e+00
-5.975943713939223301e+00
-6.157473938056099882e+00
-6.446582115484979170e+00
-6.873538343519051352e+00
-7.501088560264356886e+00
-8.433134316476138537e+00
-9.891740048705656818e+00
-1.250868833852605633e+01
-2.102241967871625317e+00
-2.258674392636503381e+00
-2.425824900357909542e+00
-2.595474112374212439e+00
-2.765034338314299234e+00
-2.932962034666630746e+00
-3.098236076761167634e+00
-3.259605077612949042e+00
-3.479374688263752624e+00
-3.690661852125588283e+00
-3.901650100848724989e+00
-4.104328496175027041e+00
-4.310186176025467830e+00
-4.524067671588936079e+00
-4.748044812128721759e+00
-4.979860745793512677e+00
-5.226115383579799101e+00
-5.498644220827806350e+00
-5.573946949806112272e+00
-5.667896432124431172e+00
-5.772858735053397083e+00
-5.884511285034495387e+00
-5.999754057973181176e+00
-6.115743964077509531e+00
-6.229535792936523819e+00
-6.337060339693021405e+00
-6.434736963073731886e+00
-6.521805364780455250e+00
-6.581911271729293134e+00
-6.568650916863180811e+00
-6.533776576177817930e+00
-6.474814086285526571e+00
-6.395055801138973095e+00
-6.298809064680561676e+00
-6.192913730564175268e+00
-6.086113405427049372e+00
-5.988372298180969722e+00
-5.910282770620948867e+00
-5.862738495597056954e+00
-5.857054827183745260e+00
-5.900075801094239125e+00
-6.000464498465696295e+00
-6.185442307161892472e+00
-6.478530510728276681e+00
-6.909817878758225618e+00
-7.542963808237857393e+00
-8.482690839481271894e+00
-9.952895067545775021e+00
-1.259013695216319562e+01
-2.075110946658762057e+00
-2.242519636003945660e+00
-2.417255628884888097e+00
-2.592635636840721958e+00
-2.766760085642628653e+00
-2.939110644156623930e+00
-3.109802856479718436e+00
-3.278651259888681224e+00
-3.487284592522079230e+00
-3.697830622763360608e+00
-3.903196237781359379e+00
-4.102152193111583856e+00
-4.307123255909061754e+00
-4.519626159479624761e+00
-4.741851032236468200e+00
-4.969494332659833091e+00
-5.212759892807579121e+00
-5.480437887316725210e+00
-5.593586034462559198e+00
-5.684377090716367320e+00
-5.787662361402517774e+00
-5.898276444518927519e+00
-6.012812136502006410e+00
-6.128291093416574853e+00
-6.240213709519082386e+00
-6.345678446700066644e+00
-6.442507823798393929e+00
-6.527956868549821934e+00
-6.600689765343002335e+00
-6.586028420753443413e+00
-6.551922255442629961e+00
-6.492220983982683435e+00
-6.411220309249785032e+00
-6.313721343125834551e+00
-6.206523814523514204e+00
-6.098362645545741145e+00
-5.999202359773558868e+00
-5.919630545650910847e+00
-5.870515684490733577e+00
-5.863091354674978106e+00
-5.907634173650627929e+00
-6.006217749201269385e+00
-6.189337641472306473e+00
-6.479875294758606685e+00
-6.908629650736806127e+00
-7.538196681432800972e+00
-8.472925204846603719e+00
-9.935489606826831022e+00
-1.255942442162200479e+01
-2.070613206235555115e+00
-2.235833847123589901e+00
-2.408688696081273228e+00
-2.582204991358335811e+00
-2.754330384367916551e+00
-2.924387149717617262e+00
-3.092217410393640620e+00
-3.256932183369342315e+00
-3.464564990188335969e+00
-3.674273868168002721e+00
-3.883289891389249071e+00
-4.081148607441692278e+00
-4.285021676601969531e+00
-4.496510058911608709e+00
-4.717715584001233253e+00
-4.946115276742837352e+00
-5.188378094040839272e+00
-5.455179744709113265e+00
-5.567430631367312088e+00
-5.657078809563483190e+00
-5.759259927865002737e+00
-5.868784992551812962e+00
-5.982226494411339246e+00
-6.096569580109203912e+00
-6.208754580464276529e+00
-6.313944399060972046e+00
-6.409776455361029690e+00
-6.494354202225142814e+00
-6.566419838598289260e+00
-6.551117957999586849e+00
-6.515160217466419823e+00
-6.454569231574602384e+00
-6.373277969134512944e+00
-6.275529633884346481e+00
-6.168138667584099011e+00
-6.059839327043263779e+00
-5.960591021534447975e+00
-5.880976761708424760e+00
-5.831864216457134376e+00
-5.824492273124171504e+00
-5.869159027191301448e+00
-5.967892248286069901e+00
-6.151273993069196422e+00
-6.442955686804950233e+00
-6.872435625844065754e+00
-7.503614123286816096e+00
-8.440765379122794343e+00
-9.907221924369899568e+00
-1.253789053654826446e+01
-2.102241967871626649e+00
-2.258674392636502937e+00
-2.425824900357905545e+00
-2.595474112374209774e+00
-2.765034338314298346e+00
-2.932962034666635187e+00
-3.098236076761169855e+00
-3.259605077612953927e+00
-3.479374688263749071e+00
-3.690661852125597164e+00
-3.901650100848732095e+00
-4.104328496175043028e+00
-4.310186176025482041e+00
-4.524067671588928974e+00
-4.748044812128714653e+00
-4.979860745793537546e+00
-5.226115383579799101e+00
-5.498644220827788587e+00
-5.573946949806124707e+00
-5.667896432124415185e+00
-5.772858735053375767e+00
-5.884511285034466965e+00
-5.999754057973184729e+00
-6.115743964077463346e+00
-6.229535792936509608e+00
-6.337060339692996536e+00
-6.434736963073724780e+00
-6.521805364780465908e+00
-6.581911271729328661e+00
-6.568650916863163047e+00
-6.533776576177839246e+00
-6.474814086285519465e+00
-6.395055801138948226e+00
-6.298809064680561676e+00
-6.192913730564185926e+00
-6.086113405427063583e+00
-5.988372298180948405e+00
-5.910282770620966630e+00
-5.862738495597092481e+00
-5.857054827183780787e+00
-5.900075801094260441e+00
-6.000464498465717611e+00
-6.185442307161906683e+00
-6.478530510728248260e+00
-6.909817878758268250e+00
-7.542963808237868051e+00
-8.482690839481264788e+00
-9.952895067545810548e+00
-1.259013695216322404e+01
-2.043881124245978231e+00
-2.219763398536350962e+00
-2.399656298444279745e+00
-2.578689391335111214e+00
-2.755621160850859397e+00
-2.930305722083724085e+00
-3.103245417272447515e+00
-3.275194245003220761e+00
-3.474529195000992665e+00
-3.683271110961555905e+00
-3.882823205337722960e+00
-4.080034425388139319e+00
-4.282839113139896625e+00
-4.492869291549954625e+00
-4.712289468976580409e+00
-4.936420181300254839e+00
-5.175716138490397356e+00
-5.437699786418583869e+00
-5.587402939719984474e+00
-5.673995506786640775e+00
-5.774597890821269175e+00
-5.883192552432969791e+00
-5.996057099235038379e+00
-6.110063235196108167e+00
-6.219681379107512953e+00
-6.323812377660903650e+00
-6.419110869927397545e+00
-6.502693773439105485e+00
-6.573329828680943621e+00
-6.570738906085580311e+00
-6.534574363692225774e+00
-6.473714057963388058e+00
-6.391094356822350164e+00
-6.292086098303080632e+00
-6.183428318488626729e+00
-6.073830408602216124e+00
-5.973243554591917359e+00
-5.892242046683669798e+00
-5.841669726260327877e+00
-5.832699802291216429e+00
-5.877502636472534903e+00
-5.975943713939230406e+00
-6.157473938056128304e+00
-6.446582115484957853e+00
-6.873538343519044247e+00
-7.501088560264371097e+00
-8.433134316476113668e+00
-9.891740048705639055e+00
-1.250868833852603146e+01
-2.070613206235557335e+00
-2.235833847123585905e+00
-2.408688696081272340e+00
-2.582204991358332258e+00
-2.754330384367916551e+00
-2.924387149717620815e+00
-3.092217410393630850e+00
-3.256932183369344536e+00
-3.464564990188335081e+00
-3.674273868168004498e+00
-3.883289891389254400e+00
-4.081148607441694054e+00
-4.285021676601971308e+00
-4.496510058911605157e+00
-4.717715584001227924e+00
-4.946115276742840905e+00
-5.188378094040837496e+00
-5.455179744709099054e+00
-5.567430631367322746e+00
-5.657078809563490296e+00
-5.759259927865025830e+00
-5.868784992551844937e+00
-5.982226494411339246e+00
-6.096569580109200359e+00
-6.208754580464262318e+00
-6.313944399060957835e+00
-6.409776455361015479e+00
-6.494354202225142814e+00
-6.566419838598314129e+00
-6.551117957999593955e+00
-6.515160217466441139e+00
-6.454569231574591726e+00
-6.373277969134477416e+00
-6.275529633884353586e+00
-6.168138667584109669e+00
-6.059839327043285095e+00
-5.960591021534447975e+00
-5.880976761708431866e+00
-5.831864216457155692e+00
-5.824492273124178610e+00
-5.869159027191322764e+00
-5.967892248286062795e+00
-6.151273993069189316e+00
-6.442955686804964444e+00
-6.872435625844083518e+00
-7.503614123286826754e+00
-8.440765379122797896e+00
-9.907221924369931543e+00
-1.253789053654826802e+01
-2.075110946658763389e+00
-2.242519636003944772e+00
-2.417255628884889873e+00
-2.592635636840721070e+00
-2.766760085642629541e+00
-2.939110644156628371e+00
-3.109802856479725097e+00
-3.278651259888687441e+00
-3.487284592522081894e+00
-3.697830622763355279e+00
-3.903196237781354050e+00
-4.102152193111583856e+00
-4.307123255909045767e+00
-4.519626159479612326e+00
-4.741851032236455765e+00
-4.969494332659822433e+00
-5.212759892807586226e+00
-5.480437887316730539e+00
-5.593586034462562750e+00
-5.684377090716377978e+00
-5.787662361402531985e+00
-5.898276444518927519e+00
-6.012812136502006410e+00
-6.128291093416571300e+00
-6.240213709519096597e+00
-6.345678446700063091e+00
-6.442507823798386823e+00
-6.527956868549814828e+00
-6.600689765343041415e+00
-6.586028420753443413e+00
-6.551922255442647725e+00
-6.492220983982701199e+00
-6.411220309249781479e+00
-6.313721343125813235e+00
-6.206523814523492888e+00
-6.098362645545762462e+00
-5.999202359773555315e+00
-5.919630545650875320e+00
-5.870515684490733577e+00
-5.863091354674992317e+00
-5.907634173650620824e+00
-6.006217749201255174e+00
-6.189337641472299367e+00
-6.479875294758599580e+00
-6.908629650736813232e+00
-7.538196681432786761e+00
-8.472925204846575298e+00
-9.935489606826838127e+00
-1.255942442162202433e+01
