-6.746309034103330493e-01
-7.660905389625556339e-01
-8.534738678865388950e-01
-9.413687132485915043e-01
-1.032139806537593740e+00
-1.134373545804901351e+00
-1.251693659314382812e+00
-1.364855194483293177e+00
-1.476423588086917427e+00
-1.590472815294314612e+00
-1.707857737894976635e+00
-1.832020529157101674e+00
-1.908571123717897944e+00
-1.966869899120434972e+00
-2.028619296222944790e+00
-2.091954122769064561e+00
-2.156024557774077977e+00
-2.220726712034256423e+00
-2.287139969542689499e+00
-2.334958700094400541e+00
-2.374435847626273244e+00
-2.413436703132481043e+00
-2.451112311254768805e+00
-2.487037980839822637e+00
-2.521024266906980671e+00
-2.553098532008901245e+00
-2.582636884322962345e+00
-2.604926207106485592e+00
-2.625388014324106400e+00
-2.643902515830385269e+00
-2.660558787330524311e+00
-2.675572345731480617e+00
-2.689023954439375252e+00
-2.700842455756600202e+00
-2.710768012928424398e+00
-2.715283011532639179e+00
-2.715412807437502352e+00
-2.710928626167348199e+00
-2.701400118019005703e+00
-2.687587512453472272e+00
-2.671984937768662860e+00
-2.659254708726660255e+00
-2.657631131969493410e+00
-2.692592231592964680e+00
-2.886782544155387598e+00
-3.261814218216041894e+00
-3.484501546983709730e+00
-3.940098524456813855e+00
-5.081993097487558231e+00
-6.746309034103328273e-01
-7.660905389625563000e-01
-8.534738678865365635e-01
-9.413687132485935027e-01
-1.032139806537594406e+00
-1.134373545804904460e+00
-1.251693659314381701e+00
-1.364855194483292955e+00
-1.476423588086913874e+00
-1.590472815294313280e+00
-1.707857737894979522e+00
-1.832020529157094568e+00
-1.908571123717899720e+00
-1.966869899120431420e+00
-2.028619296222946566e+00
-2.091954122769068114e+00
-2.156024557774075312e+00
-2.220726712034254646e+00
-2.287139969542700157e+00
-2.334958700094389883e+00
-2.374435847626275020e+00
-2.413436703132478378e+00
-2.451112311254769693e+00
-2.487037980839811091e+00
-2.521024266906971789e+00
-2.553098532008907462e+00
-2.582636884322961457e+00
-2.604926207106494473e+00
-2.625388014324094854e+00
-2.643902515830378164e+00
-2.660558787330524311e+00
-2.675572345731478840e+00
-2.689023954439367259e+00
-2.700842455756603755e+00
-2.710768012928424398e+00
-2.715283011532630297e+00
-2.715412807437507681e+00
-2.710928626167348199e+00
-2.701400118018996821e+00
-2.687587512453466942e+00
-2.671984937768652202e+00
-2.659254708726647820e+00
-2.657631131969480975e+00
-2.692592231592966456e+00
-2.886782544155352070e+00
-3.261814218216048999e+00
-3.484501546983704401e+00
-3.940098524456791651e+00
-5.081993097487558231e+00
-6.746309034103317170e-01
-7.660905389625547457e-01
-8.534738678865375627e-01
-9.413687132485935027e-01
-1.032139806537590188e+00
-1.134373545804901795e+00
-1.251693659314381479e+00
-1.364855194483295175e+00
-1.476423588086921423e+00
-1.590472815294311948e+00
-1.707857737894982852e+00
-1.832020529157100341e+00
-1.908571123717899276e+00
-1.966869899120436749e+00
-2.028619296222949675e+00
-2.091954122769072999e+00
-2.156024557774073092e+00
-2.220726712034253758e+00
-2.287139969542698381e+00
-2.334958700094391659e+00
-2.374435847626282126e+00
-2.413436703132479266e+00
-2.451112311254775911e+00
-2.487037980839813756e+00
-2.521024266906972677e+00
-2.553098532008908350e+00
-2.582636884322965898e+00
-2.604926207106483815e+00
-2.625388014324109065e+00
-2.643902515830375499e+00
-2.660558787330524311e+00
-2.675572345731479729e+00
-2.689023954439360153e+00
-2.700842455756607308e+00
-2.710768012928424398e+00
-2.715283011532619639e+00
-2.715412807437498799e+00
-2.710928626167344646e+00
-2.701400118018996821e+00
-2.687587512453449179e+00
-2.671984937768645096e+00
-2.659254708726660255e+00
-2.657631131969482752e+00
-2.692592231592966456e+00
-2.886782544155373387e+00
-3.261814218216054329e+00
-3.484501546983702625e+00
-3.940098524456793427e+00
-5.081993097487552902e+00
-3.311846092969304323e+01
-3.536094520820341813e+01
-3.687068868848039926e+01
-3.799453292514660063e+01
-3.891387340391659677e+01
-3.971000349290905973e+01
-4.039353700731399499e+01
-4.097534131471405061e+01
-4.145202870128187556e+01
-4.183806174048054061e+01
-4.213334381171731025e+01
-4.234717890317106992e+01
-4.248861269727494516e+01
-4.255806256882921446e+01
-4.256026335586867049e+01
-4.250343268910474137e+01
-4.238751643577317196e+01
-4.221429807944694801e+01
-4.198885786006358956e+01
-4.171985715257581262e+01
-4.140046004614853814e+01
-4.104687522034591751e+01
-4.065590312190336419e+01
-4.023023850381292021e+01
-3.978070572850469233e+01
-3.929400595640668570e+01
-3.874587613385925522e+01
-2.961234293091656156e+01
-3.250640866903152926e+01
-3.436969005023600232e+01
-3.566816139513600348e+01
-3.661038455653984158e+01
-3.733186781889646966e+01
-3.794471313483604291e+01
-3.848617950035865221e+01
-3.893854348615270311e+01
-3.929813150238540231e+01
-3.956940058707605345e+01
-3.976138017323133056e+01
-3.987565767300733910e+01
-3.991448816515564602e+01
-3.988403663865987880e+01
-3.978925242259821005e+01
-3.963422117681591317e+01
-3.942237024273114798e+01
-3.915658422612231249e+01
-3.883921107658784422e+01
-3.848298906347227444e+01
-3.808553528527119880e+01
-3.765986940532848593e+01
-3.721039706393849400e+01
-3.677223401426054750e+01
-3.638598285971044533e+01
-3.618727763297825817e+01
-3.253063663838719322e+01
-3.511543523153918045e+01
-3.683241371936617270e+01
-3.809745791784058611e+01
-3.907562712813140848e+01
-3.987733366930627454e+01
-4.056591193208303991e+01
-4.115005938669047225e+01
-4.163261244316491627e+01
-4.202441951901498385e+01
-4.232612814671534807e+01
-4.254199977084890349e+01
-4.267976925946635447e+01
-4.274549053696870260e+01
-4.274399402028691242e+01
-4.267913109533868976e+01
-4.255388529826772981e+01
-4.237034821076053959e+01
-4.213335623406570107e+01
-4.185384966578651955e+01
-4.151962987526858484e+01
-4.115774930999698711e+01
-4.074984790610486840e+01
-4.030753092167496021e+01
-3.982183275974806946e+01
-3.926088641781409194e+01
-3.858176918465463956e+01
-3.311846092969297217e+01
-3.536094520820343234e+01
-3.687068868848035663e+01
-3.799453292514651537e+01
-3.891387340391661809e+01
-3.971000349290905973e+01
-4.039353700731390973e+01
-4.097534131471395824e+01
-4.145202870128178319e+01
-4.183806174048051929e+01
-4.213334381171728182e+01
-4.234717890317099886e+01
-4.248861269727490253e+01
-4.255806256882917182e+01
-4.256026335586869891e+01
-4.250343268910476979e+01
-4.238751643577314354e+01
-4.221429807944695511e+01
-4.198885786006356824e+01
-4.171985715257584104e+01
-4.140046004614846709e+01
-4.104687522034596014e+01
-4.065590312190335709e+01
-4.023023850381291311e+01
-3.978070572850471365e+01
-3.929400595640667859e+01
-3.874587613385922680e+01
-2.961234293091635550e+01
-3.250640866903169268e+01
-3.436969005023621548e+01
-3.566816139513623796e+01
-3.661038455654008317e+01
-3.733186781889673966e+01
-3.794471313483629871e+01
-3.848617950035883695e+01
-3.893854348615293759e+01
-3.929813150238560837e+01
-3.956940058707615293e+01
-3.976138017323140872e+01
-3.987565767300748121e+01
-3.991448816515566733e+01
-3.988403663865989301e+01
-3.978925242259829531e+01
-3.963422117681597001e+01
-3.942237024273109824e+01
-3.915658422612217038e+01
-3.883921107658781580e+01
-3.848298906347227444e+01
-3.808553528527117038e+01
-3.765986940532842908e+01
-3.721039706393840873e+01
-3.677223401426047644e+01
-3.638598285971038138e+01
-3.618727763297824396e+01
-3.253063663838737796e+01
-3.511543523153924440e+01
-3.683241371936608743e+01
-3.809745791784065005e+01
-3.907562712813139427e+01
-3.987733366930623902e+01
-4.056591193208298307e+01
-4.115005938669042962e+01
-4.163261244316478127e+01
-4.202441951901498385e+01
-4.232612814671522727e+01
-4.254199977084885376e+01
-4.267976925946630473e+01
-4.274549053696868128e+01
-4.274399402028689110e+01
-4.267913109533865423e+01
-4.255388529826770139e+01
-4.237034821076053248e+01
-4.213335623406567265e+01
-4.185384966578652666e+01
-4.151962987526860616e+01
-4.115774930999712211e+01
-4.074984790610490393e+01
-4.030753092167505258e+01
-3.982183275974809078e+01
-3.926088641781414879e+01
-3.858176918465463245e+01
-3.311846092969309296e+01
-3.536094520820356735e+01
-3.687068868848058401e+01
-3.799453292514671432e+01
-3.891387340391674599e+01
-3.971000349290916631e+01
-4.039353700731404473e+01
-4.097534131471405061e+01
-4.145202870128195372e+01
-4.183806174048050508e+01
-4.213334381171733156e+01
-4.234717890317108413e+01
-4.248861269727493806e+01
-4.255806256882920025e+01
-4.256026335586859943e+01
-4.250343268910471295e+01
-4.238751643577311512e+01
-4.221429807944683432e+01
-4.198885786006351850e+01
-4.171985715257567051e+01
-4.140046004614839603e+01
-4.104687522034583225e+01
-4.065590312190322919e+01
-4.023023850381277100e+01
-3.978070572850457864e+01
-3.929400595640656491e+01
-3.874587613385914153e+01
-2.961234293091631997e+01
-3.250640866903153636e+01
-3.436969005023604495e+01
-3.566816139513603190e+01
-3.661038455653981316e+01
-3.733186781889658334e+01
-3.794471313483607133e+01
-3.848617950035860957e+01
-3.893854348615280259e+01
-3.929813150238542363e+01
-3.956940058707604635e+01
-3.976138017323125950e+01
-3.987565767300739594e+01
-3.991448816515562470e+01
-3.988403663865987880e+01
-3.978925242259818873e+01
-3.963422117681599133e+01
-3.942237024273111956e+01
-3.915658422612226275e+01
-3.883921107658788685e+01
-3.848298906347234549e+01
-3.808553528527124854e+01
-3.765986940532842198e+01
-3.721039706393852242e+01
-3.677223401426061145e+01
-3.638598285971052348e+01
-3.618727763297830791e+01
-3.253063663838739217e+01
-3.511543523153929414e+01
-3.683241371936612296e+01
-3.809745791784075664e+01
-3.907562712813151506e+01
-3.987733366930628165e+01
-4.056591193208315360e+01
-4.115005938669043672e+01
-4.163261244316495890e+01
-4.202441951901494122e+01
-4.232612814671529833e+01
-4.254199977084900297e+01
-4.267976925946634026e+01
-4.274549053696871681e+01
-4.274399402028693373e+01
-4.267913109533868976e+01
-4.255388529826777244e+01
-4.237034821076048274e+01
-4.213335623406567265e+01
-4.185384966578649824e+01
-4.151962987526853510e+01
-4.115774930999702974e+01
-4.074984790610482577e+01
-4.030753092167494600e+01
-3.982183275974802683e+01
-3.926088641781406352e+01
-3.858176918465456851e+01
