-7.188732918936564520e-01
-8.135261851473172268e-01
-9.067574492995844615e-01
-1.002878191767482274e+00
-1.104992600220511267e+00
-1.233895502810500755e+00
-1.358788447377871078e+00
-1.481514640389514081e+00
-1.607191546859676246e+00
-1.736128726252818666e+00
-1.873753691705522861e+00
-1.948188830361437418e+00
-2.015063637426640852e+00
-2.085258386135155462e+00
-2.157197854935631209e+00
-2.230334465425187318e+00
-2.305059695533040021e+00
-2.371227023097480568e+00
-2.417971979616557299e+00
-2.464812908501968991e+00
-2.510619528952609869e+00
-2.554837830144626842e+00
-2.597194606084920920e+00
-2.637672982491216622e+00
-2.673480703961280014e+00
-2.703148161647150438e+00
-2.730440130316770464e+00
-2.755228693005248530e+00
-2.777466877454799921e+00
-2.797379306080563843e+00
-2.815308633428564633e+00
-2.831623502081068722e+00
-2.843018927881075797e+00
-2.852090330033686172e+00
-2.858839205948701334e+00
-2.862446621301991456e+00
-2.861935831346301029e+00
-2.856456374185833980e+00
-2.845820516562218572e+00
-2.831222290696645771e+00
-2.815462518084654420e+00
-2.803598377433830890e+00
-2.803171786473331650e+00
-2.823425198303171513e+00
-2.978128741323397222e+00
-3.390413211422631079e+00
-3.672978000944130628e+00
-4.181266314318836663e+00
-5.353785002865441456e+00
-7.188732918936573402e-01
-8.135261851473175598e-01
-9.067574492995840174e-01
-1.002878191767482496e+00
-1.104992600220507493e+00
-1.233895502810499867e+00
-1.358788447377867081e+00
-1.481514640389514081e+00
-1.607191546859678910e+00
-1.736128726252815557e+00
-1.873753691705526858e+00
-1.948188830361439194e+00
-2.015063637426638188e+00
-2.085258386135160791e+00
-2.157197854935632986e+00
-2.230334465425173551e+00
-2.305059695533035580e+00
-2.371227023097473463e+00
-2.417971979616550193e+00
-2.464812908501976096e+00
-2.510619528952600987e+00
-2.554837830144631283e+00
-2.597194606084920920e+00
-2.637672982491221951e+00
-2.673480703961281790e+00
-2.703148161647152214e+00
-2.730440130316789116e+00
-2.755228693005246754e+00
-2.777466877454812355e+00
-2.797379306080554073e+00
-2.815308633428553975e+00
-2.831623502081075827e+00
-2.843018927881098890e+00
-2.852090330033691501e+00
-2.858839205948697781e+00
-2.862446621301987904e+00
-2.861935831346315240e+00
-2.856456374185832203e+00
-2.845820516562220348e+00
-2.831222290696622679e+00
-2.815462518084661525e+00
-2.803598377433811351e+00
-2.803171786473333427e+00
-2.823425198303187500e+00
-2.978128741323386564e+00
-3.390413211422629303e+00
-3.672978000944148391e+00
-4.181266314318841992e+00
-5.353785002865448561e+00
-7.188732918936566740e-01
-8.135261851473175598e-01
-9.067574492995849056e-01
-1.002878191767480054e+00
-1.104992600220509047e+00
-1.233895502810505640e+00
-1.358788447377868636e+00
-1.481514640389515192e+00
-1.607191546859680464e+00
-1.736128726252818222e+00
-1.873753691705524194e+00
-1.948188830361440083e+00
-2.015063637426640852e+00
-2.085258386135164788e+00
-2.157197854935624548e+00
-2.230334465425174884e+00
-2.305059695533038244e+00
-2.371227023097485009e+00
-2.417971979616553746e+00
-2.464812908501979649e+00
-2.510619528952601875e+00
-2.554837830144626842e+00
-2.597194606084902269e+00
-2.637672982491219287e+00
-2.673480703961280902e+00
-2.703148161647145997e+00
-2.730440130316783787e+00
-2.755228693005237872e+00
-2.777466877454805250e+00
-2.797379306080569172e+00
-2.815308633428561080e+00
-2.831623502081058064e+00
-2.843018927881082902e+00
-2.852090330033698606e+00
-2.858839205948704887e+00
-2.862446621301991456e+00
-2.861935831346293924e+00
-2.856456374185817992e+00
-2.845820516562234559e+00
-2.831222290696622679e+00
-2.815462518084665078e+00
-2.803598377433829114e+00
-2.803171786473319216e+00
-2.823425198303173289e+00
-2.978128741323375905e+00
-3.390413211422629303e+00
-3.672978000944134180e+00
-4.181266314318847321e+00
-5.353785002865440568e+00
-3.342960991916300628e+01
-3.597867033906018008e+01
-3.747569439937117153e+01
-3.843291961076630514e+01
-3.911062191989441317e+01
-3.967355862410074252e+01
-4.014933511490702500e+01
-4.052451797621055363e+01
-4.080474734081064980e+01
-4.099870417968703862e+01
-4.112129004767137275e+01
-4.119062822331545703e+01
-4.120637371948049577e+01
-4.119597147494213374e+01
-4.116105689636632547e+01
-4.110208079607728138e+01
-4.102017088911290443e+01
-4.091696510903269512e+01
-4.079498078729297106e+01
-4.064782909033237246e+01
-4.046773948596903381e+01
-4.025561667672121047e+01
-4.001119950216011034e+01
-3.972285177645731125e+01
-3.939862458191809225e+01
-3.904129173778262185e+01
-3.865596190486599681e+01
-3.826076278954012366e+01
-3.792001965276747910e+01
-3.360884723686254461e+01
-3.645138157161515124e+01
-3.818360653527959414e+01
-3.936992283997609121e+01
-4.020801842966802297e+01
-4.084838388700926970e+01
-4.139525055103956674e+01
-4.186581664589618157e+01
-4.225350662289324077e+01
-4.256014236336383050e+01
-4.279551289660389557e+01
-4.296093053361674663e+01
-4.307516117546616385e+01
-4.313643944747729364e+01
-4.315443845228935515e+01
-4.313478559671276003e+01
-4.307937705777344206e+01
-4.299049497525054164e+01
-4.286001633481434681e+01
-4.269442676653384439e+01
-4.249318309496245405e+01
-4.224908250995217429e+01
-4.196709501664520303e+01
-4.164364449737556129e+01
-4.127834112533310673e+01
-4.087261845060974252e+01
-4.042132132980983528e+01
-3.990716822034676170e+01
-3.927300745497828416e+01
-3.582758473289562318e+01
-3.819649642395314260e+01
-3.966075294823114916e+01
-4.067713193531726290e+01
-4.145699102458137730e+01
-4.211397337194897972e+01
-4.268081310010211382e+01
-4.316246760185340037e+01
-4.356388976278868341e+01
-4.389331909727921044e+01
-4.416307780671657213e+01
-4.437736897756989407e+01
-4.454323261093137631e+01
-4.466763496864807337e+01
-4.475293342288748732e+01
-4.480124335211985453e+01
-4.481279220510673156e+01
-4.478309599094757232e+01
-4.471791177828732344e+01
-4.461310328191614616e+01
-4.446904586484663469e+01
-4.428528561096020155e+01
-4.406303733412968882e+01
-4.380082101242521730e+01
-4.350438422884842993e+01
-4.315107241894964574e+01
-4.270084374053402598e+01
-4.207555651402859098e+01
-4.107598911802671182e+01
-3.342960991916291391e+01
-3.597867033906011613e+01
-3.747569439937122127e+01
-3.843291961076635488e+01
-3.911062191989451975e+01
-3.967355862410082779e+01
-4.014933511490710316e+01
-4.052451797621056784e+01
-4.080474734081069954e+01
-4.099870417968710967e+01
-4.112129004767142249e+01
-4.119062822331547125e+01
-4.120637371948050998e+01
-4.119597147494223321e+01
-4.116105689636633258e+01
-4.110208079607733112e+01
-4.102017088911290443e+01
-4.091696510903267381e+01
-4.079498078729300659e+01
-4.064782909033235825e+01
-4.046773948596900539e+01
-4.025561667672116783e+01
-4.001119950216009613e+01
-3.972285177645734677e+01
-3.939862458191806383e+01
-3.904129173778252948e+01
-3.865596190486589023e+01
-3.826076278954003840e+01
-3.792001965276750042e+01
-3.360884723686265829e+01
-3.645138157161529335e+01
-3.818360653527970072e+01
-3.936992283997619069e+01
-4.020801842966808692e+01
-4.084838388700936207e+01
-4.139525055103969464e+01
-4.186581664589625973e+01
-4.225350662289330472e+01
-4.256014236336389445e+01
-4.279551289660389557e+01
-4.296093053361682479e+01
-4.307516117546619938e+01
-4.313643944747729364e+01
-4.315443845228937647e+01
-4.313478559671272450e+01
-4.307937705777344917e+01
-4.299049497525048480e+01
-4.286001633481431838e+01
-4.269442676653383018e+01
-4.249318309496241852e+01
-4.224908250995212455e+01
-4.196709501664512487e+01
-4.164364449737553286e+01
-4.127834112533309963e+01
-4.087261845060967858e+01
-4.042132132980981396e+01
-3.990716822034677591e+01
-3.927300745497829837e+01
-3.582758473289543133e+01
-3.819649642395306444e+01
-3.966075294823100705e+01
-4.067713193531710658e+01
-4.145699102458122809e+01
-4.211397337194883761e+01
-4.268081310010200724e+01
-4.316246760185325115e+01
-4.356388976278861946e+01
-4.389331909727907544e+01
-4.416307780671646555e+01
-4.437736897756991539e+01
-4.454323261093124131e+01
-4.466763496864807337e+01
-4.475293342288757259e+01
-4.480124335211974795e+01
-4.481279220510680261e+01
-4.478309599094744442e+01
-4.471791177828742292e+01
-4.461310328191628827e+01
-4.446904586484653521e+01
-4.428528561096030103e+01
-4.406303733412983803e+01
-4.380082101242513914e+01
-4.350438422884852940e+01
-4.315107241894977363e+01
-4.270084374053399756e+01
-4.207555651402863361e+01
-4.107598911802674024e+01
-3.342960991916281444e+01
-3.597867033906008771e+01
-3.747569439937115732e+01
-3.843291961076626251e+01
-3.911062191989442027e+01
-3.967355862410067147e+01
-4.014933511490698947e+01
-4.052451797621048968e+01
-4.080474734081064980e+01
-4.099870417968699599e+01
-4.112129004767133722e+01
-4.119062822331554941e+01
-4.120637371948039629e+01
-4.119597147494213374e+01
-4.116105689636632547e+01
-4.110208079607730269e+01
-4.102017088911292575e+01
-4.091696510903273065e+01
-4.079498078729300659e+01
-4.064782909033242220e+01
-4.046773948596903381e+01
-4.025561667672121047e+01
-4.001119950216008903e+01
-3.972285177645741783e+01
-3.939862458191813488e+01
-3.904129173778264317e+01
-3.865596190486600392e+01
-3.826076278954018761e+01
-3.792001965276760700e+01
-3.360884723686245223e+01
-3.645138157161512993e+01
-3.818360653527955151e+01
-3.936992283997611253e+01
-4.020801842966798745e+01
-4.084838388700929102e+01
-4.139525055103961648e+01
-4.186581664589618157e+01
-4.225350662289324788e+01
-4.256014236336384471e+01
-4.279551289660392399e+01
-4.296093053361679637e+01
-4.307516117546616385e+01
-4.313643944747727943e+01
-4.315443845228941200e+01
-4.313478559671282397e+01
-4.307937705777340653e+01
-4.299049497525056296e+01
-4.286001633481434681e+01
-4.269442676653389412e+01
-4.249318309496244694e+01
-4.224908250995217429e+01
-4.196709501664521724e+01
-4.164364449737558260e+01
-4.127834112533310673e+01
-4.087261845060974252e+01
-4.042132132980987791e+01
-3.990716822034681854e+01
-3.927300745497831258e+01
-3.582758473289533896e+01
-3.819649642395307865e+01
-3.966075294823115627e+01
-4.067713193531724158e+01
-4.145699102458136309e+01
-4.211397337194902235e+01
-4.268081310010212093e+01
-4.316246760185340747e+01
-4.356388976278870473e+01
-4.389331909727918912e+01
-4.416307780671660055e+01
-4.437736897757000065e+01
-4.454323261093132658e+01
-4.466763496864804495e+01
-4.475293342288760812e+01
-4.480124335211976216e+01
-4.481279220510669603e+01
-4.478309599094746574e+01
-4.471791177828723818e+01
-4.461310328191624563e+01
-4.446904586484652810e+01
-4.428528561096011629e+01
-4.406303733412976698e+01
-4.380082101242511072e+01
-4.350438422884844414e+01
-4.315107241894970258e+01
-4.270084374053386966e+01
-4.207555651402854124e+01
-4.107598911802666208e+01
