-7.191449634547243397e-01
-8.139101817662390825e-01
-9.072280690270613235e-01
-1.003439269896689856e+00
-1.105697969992801788e+00
-1.234557423002053067e+00
-1.359326959030405124e+00
-1.482082804918612773e+00
-1.607791206891351354e+00
-1.736720303798469534e+00
-1.874380133792546754e+00
-1.948841201992462135e+00
-2.015761250341104649e+00
-2.086000776119471656e+00
-2.157985877332965430e+00
-2.231169397865722104e+00
-2.305942370860300628e+00
-2.372148304130625718e+00
-2.418962979221035425e+00
-2.465843673120433621e+00
-2.511684638193018237e+00
-2.555929111511025198e+00
-2.598301713663653700e+00
-2.638783936242506734e+00
-2.674581107800870328e+00
-2.704229714592781164e+00
-2.731488813055991116e+00
-2.756229569286923642e+00
-2.778412708423988242e+00
-2.798234779906082714e+00
-2.816035372969614592e+00
-2.832162318044783689e+00
-2.843278094995412175e+00
-2.851962829941962596e+00
-2.858199405447580332e+00
-2.861186956170625351e+00
-2.860021084427259552e+00
-2.853999184425980218e+00
-2.843172093630359498e+00
-2.829093922700593566e+00
-2.815160790965460791e+00
-2.808005292801224684e+00
-2.819790809477970228e+00
-2.870794234331796702e+00
-2.998306402712920260e+00
-3.229621356881445138e+00
-3.576474424619753734e+00
-4.162305370132374449e+00
-5.349481443243028878e+00
-7.191449634547228964e-01
-8.139101817662384164e-01
-9.072280690270612125e-01
-1.003439269896691854e+00
-1.105697969992803120e+00
-1.234557423002057952e+00
-1.359326959030408677e+00
-1.482082804918612107e+00
-1.607791206891351798e+00
-1.736720303798470644e+00
-1.874380133792544090e+00
-1.948841201992458139e+00
-2.015761250341105093e+00
-2.086000776119459221e+00
-2.157985877332975200e+00
-2.231169397865721216e+00
-2.305942370860299739e+00
-2.372148304130620389e+00
-2.418962979221038090e+00
-2.465843673120433621e+00
-2.511684638193020902e+00
-2.555929111511025198e+00
-2.598301713663651036e+00
-2.638783936242505845e+00
-2.674581107800874769e+00
-2.704229714592779388e+00
-2.731488813055992892e+00
-2.756229569286931635e+00
-2.778412708423996236e+00
-2.798234779906071168e+00
-2.816035372969592387e+00
-2.832162318044781912e+00
-2.843278094995424610e+00
-2.851962829941950162e+00
-2.858199405447578556e+00
-2.861186956170621798e+00
-2.860021084427250671e+00
-2.853999184425987323e+00
-2.843172093630354169e+00
-2.829093922700565145e+00
-2.815160790965459015e+00
-2.808005292801228236e+00
-2.819790809477964899e+00
-2.870794234331793149e+00
-2.998306402712897167e+00
-3.229621356881430927e+00
-3.576474424619753734e+00
-4.162305370132385107e+00
-5.349481443243033318e+00
-7.191449634547242287e-01
-8.139101817662390825e-01
-9.072280690270615455e-01
-1.003439269896690522e+00
-1.105697969992799568e+00
-1.234557423002053067e+00
-1.359326959030404680e+00
-1.482082804918611219e+00
-1.607791206891355129e+00
-1.736720303798472198e+00
-1.874380133792544978e+00
-1.948841201992458139e+00
-2.015761250341111754e+00
-2.086000776119475653e+00
-2.157985877332972535e+00
-2.231169397865714998e+00
-2.305942370860298851e+00
-2.372148304130625718e+00
-2.418962979221034537e+00
-2.465843673120438062e+00
-2.511684638193025343e+00
-2.555929111511022533e+00
-2.598301713663653700e+00
-2.638783936242512951e+00
-2.674581107800872104e+00
-2.704229714592788270e+00
-2.731488813055993781e+00
-2.756229569286927195e+00
-2.778412708423991795e+00
-2.798234779906088932e+00
-2.816035372969602157e+00
-2.832162318044765925e+00
-2.843278094995412175e+00
-2.851962829941953714e+00
-2.858199405447585661e+00
-2.861186956170627127e+00
-2.860021084427243565e+00
-2.853999184425976665e+00
-2.843172093630361275e+00
-2.829093922700574026e+00
-2.815160790965451909e+00
-2.808005292801215802e+00
-2.819790809477982663e+00
-2.870794234331780714e+00
-2.998306402712922036e+00
-3.229621356881452243e+00
-3.576474424619741299e+00
-4.162305370132378002e+00
-5.349481443243018219e+00
-4.096914123195502810e+01
-4.625823696089886994e+01
-4.745483321040085656e+01
-4.542443304958582218e+01
-4.272372546827673290e+01
-4.085932804216168535e+01
-4.008630199214329792e+01
-4.012069668776162956e+01
-4.059765703249023971e+01
-4.122495224491434129e+01
-4.183780132378590366e+01
-4.236964076405708113e+01
-4.280914824078097780e+01
-4.317041431010786567e+01
-4.345586068762383292e+01
-4.367407694186140077e+01
-4.383135630255535631e+01
-4.393240152390291087e+01
-4.398088217620699680e+01
-4.397976989742727483e+01
-4.393148546004015742e+01
-4.383783737737066133e+01
-4.370420754589206780e+01
-4.353200958783812524e+01
-4.331586501725738714e+01
-4.305367341601706954e+01
-4.272845548754093414e+01
-4.229599436412077296e+01
-4.162174995088603424e+01
-4.005781270129969585e+01
-4.513724220746711069e+01
-4.623393117978767464e+01
-4.420507862232997809e+01
-4.151567106667482676e+01
-3.959347313103736354e+01
-3.874035586209643611e+01
-3.870616546960584259e+01
-3.912614299954393005e+01
-3.970956977556973300e+01
-4.028269430341362067e+01
-4.078111610918692520e+01
-4.119222417738602360e+01
-4.151876023849916919e+01
-4.177033470438935581e+01
-4.195483722416960859e+01
-4.207833426962618972e+01
-4.214533208085838112e+01
-4.215945452216922718e+01
-4.212381484875052706e+01
-4.204122493830880813e+01
-4.191416497317471368e+01
-4.174548348582395363e+01
-4.153765106926260131e+01
-4.129954205804524747e+01
-4.103042937218972241e+01
-4.074148361005951813e+01
-4.043525896207441406e+01
-4.013131214598632113e+01
-3.766813539380410703e+01
-4.305473538626730345e+01
-4.452804951141850154e+01
-4.288833984324251958e+01
-4.053485051914277904e+01
-3.887089878507605079e+01
-3.814825872113777194e+01
-3.815548243318875876e+01
-3.857137335477041518e+01
-3.912722302432707266e+01
-3.966892155971111578e+01
-4.014197734296224951e+01
-4.052889524886168005e+01
-4.084632973873588924e+01
-4.108801857973420368e+01
-4.126581416079034170e+01
-4.138273751889963137e+01
-4.144138000967782887e+01
-4.144537998577588667e+01
-4.139778895533255110e+01
-4.130138357984848341e+01
-4.115886199253136368e+01
-4.097296907699286805e+01
-4.074652729870147994e+01
-4.048894272722787235e+01
-4.019989329668563727e+01
-3.988926568430330377e+01
-3.957866925702636252e+01
-3.930473093332379619e+01
-4.096914123195496416e+01
-4.625823696089855730e+01
-4.745483321040070734e+01
-4.542443304958594297e+01
-4.272372546827674000e+01
-4.085932804216187009e+01
-4.008630199214352530e+01
-4.012069668776183562e+01
-4.059765703249021129e+01
-4.122495224491434840e+01
-4.183780132378593919e+01
-4.236964076405700297e+01
-4.280914824078094938e+01
-4.317041431010787278e+01
-4.345586068762383292e+01
-4.367407694186135814e+01
-4.383135630255534210e+01
-4.393240152390295350e+01
-4.398088217620708917e+01
-4.397976989742723930e+01
-4.393148546004016453e+01
-4.383783737737071817e+01
-4.370420754589216727e+01
-4.353200958783818919e+01
-4.331586501725746530e+01
-4.305367341601712639e+01
-4.272845548754085598e+01
-4.229599436412079427e+01
-4.162174995088605556e+01
-4.005781270129966032e+01
-4.513724220746733806e+01
-4.623393117978766043e+01
-4.420507862233003493e+01
-4.151567106667481255e+01
-3.959347313103732802e+01
-3.874035586209641480e+01
-3.870616546960581417e+01
-3.912614299954389452e+01
-3.970956977556971879e+01
-4.028269430341362067e+01
-4.078111610918691099e+01
-4.119222417738599518e+01
-4.151876023849918340e+01
-4.177033470438937002e+01
-4.195483722416962280e+01
-4.207833426962621104e+01
-4.214533208085838822e+01
-4.215945452216926270e+01
-4.212381484875053417e+01
-4.204122493830877261e+01
-4.191416497317473500e+01
-4.174548348582398205e+01
-4.153765106926262973e+01
-4.129954205804525458e+01
-4.103042937218972952e+01
-4.074148361005955365e+01
-4.043525896207446380e+01
-4.013131214598635665e+01
-3.766813539380429887e+01
-4.305473538626728214e+01
-4.452804951141850864e+01
-4.288833984324229220e+01
-4.053485051914263693e+01
-3.887089878507587315e+01
-3.814825872113780747e+01
-3.815548243318876587e+01
-3.857137335477051465e+01
-3.912722302432714372e+01
-3.966892155971122946e+01
-4.014197734296232767e+01
-4.052889524886180084e+01
-4.084632973873596029e+01
-4.108801857973427474e+01
-4.126581416079044828e+01
-4.138273751889968821e+01
-4.144138000967785018e+01
-4.144537998577587246e+01
-4.139778895533253689e+01
-4.130138357984843367e+01
-4.115886199253127842e+01
-4.097296907699281121e+01
-4.074652729870146572e+01
-4.048894272722779419e+01
-4.019989329668560885e+01
-3.988926568430322561e+01
-3.957866925702632699e+01
-3.930473093332373935e+01
-4.096914123195502810e+01
-4.625823696089896941e+01
-4.745483321040087787e+01
-4.542443304958598560e+01
-4.272372546827668316e+01
-4.085932804216173508e+01
-4.008630199214346135e+01
-4.012069668776170772e+01
-4.059765703249018998e+01
-4.122495224491434840e+01
-4.183780132378601024e+01
-4.236964076405705271e+01
-4.280914824078099912e+01
-4.317041431010785857e+01
-4.345586068762391108e+01
-4.367407694186137945e+01
-4.383135630255537762e+01
-4.393240152390296771e+01
-4.398088217620709628e+01
-4.397976989742723219e+01
-4.393148546004013610e+01
-4.383783737737068975e+01
-4.370420754589215306e+01
-4.353200958783813235e+01
-4.331586501725735161e+01
-4.305367341601706954e+01
-4.272845548754082756e+01
-4.229599436412074454e+01
-4.162174995088602714e+01
-4.005781270129971006e+01
-4.513724220746722438e+01
-4.623393117978766753e+01
-4.420507862233006335e+01
-4.151567106667481966e+01
-3.959347313103732091e+01
-3.874035586209642901e+01
-3.870616546960584259e+01
-3.912614299954392294e+01
-3.970956977556973300e+01
-4.028269430341363488e+01
-4.078111610918692520e+01
-4.119222417738600228e+01
-4.151876023849918340e+01
-4.177033470438939133e+01
-4.195483722416958727e+01
-4.207833426962619683e+01
-4.214533208085835270e+01
-4.215945452216925560e+01
-4.212381484875052706e+01
-4.204122493830875840e+01
-4.191416497317469947e+01
-4.174548348582395363e+01
-4.153765106926262263e+01
-4.129954205804526168e+01
-4.103042937218968689e+01
-4.074148361005953234e+01
-4.043525896207446380e+01
-4.013131214598634244e+01
-3.766813539380409281e+01
-4.305473538626729635e+01
-4.452804951141860101e+01
-4.288833984324240589e+01
-4.053485051914279325e+01
-3.887089878507594420e+01
-3.814825872113777194e+01
-3.815548243318871613e+01
-3.857137335477043649e+01
-3.912722302432705845e+01
-3.966892155971116551e+01
-4.014197734296226372e+01
-4.052889524886171557e+01
-4.084632973873588924e+01
-4.108801857973423921e+01
-4.126581416079036302e+01
-4.138273751889967400e+01
-4.144138000967784308e+01
-4.144537998577587956e+01
-4.139778895533248715e+01
-4.130138357984846920e+01
-4.115886199253132105e+01
-4.097296907699283253e+01
-4.074652729870143020e+01
-4.048894272722784393e+01
-4.019989329668559463e+01
-3.988926568430328956e+01
-3.957866925702629146e+01
-3.930473093332377488e+01
