1.102618235698774388e-02
3.223304719962002962e-02
5.517188145843460872e-02
7.793262290394088743e-02
1.000980749076925969e-01
1.216651698588028657e-01
1.427109051541196327e-01
1.631028641211292873e-01
1.827367342331638334e-01
2.015019645584443797e-01
2.192704729372493555e-01
2.359210269188770914e-01
2.513368554588378267e-01
2.653994641997549642e-01
2.779819240849603079e-01
2.889432120680616167e-01
2.981112938735296369e-01
3.052346337107121887e-01
3.102300263833835947e-01
3.128619499083113431e-01
3.126404907537171929e-01
3.086014250129380243e-01
3.000489713095345623e-01
2.855459427582457965e-01
2.647783480097491426e-01
2.427540166312502912e-01
3.813739955980234297e-01
1.999507600854463496e-01
1.554530405571632190e-01
1.102618235698772653e-02
3.223304719961998799e-02
5.517188145843472669e-02
7.793262290394098457e-02
1.000980749076924858e-01
1.216651698588026714e-01
1.427109051541195495e-01
1.631028641211289820e-01
1.827367342331636113e-01
2.015019645584440189e-01
2.192704729372490502e-01
2.359210269188767861e-01
2.513368554588376047e-01
2.653994641997546866e-01
2.779819240849599749e-01
2.889432120680611726e-01
2.981112938735293039e-01
3.052346337107119112e-01
3.102300263833832616e-01
3.128619499083113986e-01
3.126404907537172484e-01
3.086014250129382464e-01
3.000489713095347288e-01
2.855459427582459631e-01
2.647783480097491426e-01
2.427540166312500691e-01
3.813739955980302021e-01
1.999507600854405209e-01
1.554530405571224461e-01
1.102618235698766061e-02
3.223304719962007125e-02
5.517188145843467117e-02
7.793262290394087355e-02
1.000980749076924720e-01
1.216651698588027408e-01
1.427109051541196050e-01
1.631028641211290930e-01
1.827367342331636668e-01
2.015019645584442687e-01
2.192704729372493277e-01
2.359210269188769249e-01
2.513368554588378267e-01
2.653994641997547421e-01
2.779819240849600859e-01
2.889432120680615057e-01
2.981112938735293039e-01
3.052346337107121332e-01
3.102300263833834282e-01
3.128619499083109545e-01
3.126404907537165823e-01
3.086014250129373582e-01
3.000489713095333411e-01
2.855459427582441312e-01
2.647783480097463116e-01
2.427540166312442405e-01
3.813739955980009477e-01
1.999507600854350808e-01
1.554530405571276641e-01
-9.319102825785226252e-02
-1.056742825061712382e-01
-1.143288817753667919e-01
-1.205045378906693387e-01
-1.258346047003486845e-01
-1.302954776034923046e-01
-1.334293150892649216e-01
-1.340395143585191295e-01
-1.180639799096737941e-01
-4.134195197700164109e-02
4.251631977818082220e-02
1.208350127815702169e-01
1.731299371549636090e-01
1.905723137574847903e-01
-8.891175826986695563e-02
-9.759297099778628526e-02
-1.105491909265181177e-01
-1.185003518779017551e-01
-1.234385141166727956e-01
-1.273346140403613380e-01
-1.296096886637514156e-01
-1.279063400535613848e-01
-6.368697459438549258e-02
2.274107276388267693e-02
1.102746396192214318e-01
1.787319357401940256e-01
2.239117179992991258e-01
2.307915366351809550e-01
-9.069353216614173263e-02
-1.008846106697004752e-01
-1.070186457815963665e-01
-1.122667742463303586e-01
-1.163833005978689994e-01
-1.192073174838058774e-01
-1.210126551722314481e-01
-1.209751171774565981e-01
-7.643285843613228936e-02
4.684508489257815239e-03
8.824829464709332827e-02
1.572814133623417765e-01
2.027009715138810009e-01
2.133536069338938801e-01
-9.319102825785255395e-02
-1.056742825061728619e-01
-1.143288817753667780e-01
-1.205045378906691583e-01
-1.258346047003486290e-01
-1.302954776034922491e-01
-1.334293150892647828e-01
-1.340395143585188242e-01
-1.180639799096716569e-01
-4.134195197699839369e-02
4.251631977818193936e-02
1.208350127815730757e-01
1.731299371549644417e-01
1.905723137574838744e-01
-8.891175826986669195e-02
-9.759297099778663220e-02
-1.105491909265172712e-01
-1.185003518779014636e-01
-1.234385141166726013e-01
-1.273346140403614213e-01
-1.296096886637513879e-01
-1.279063400535611628e-01
-6.368697459438665831e-02
2.274107276388136201e-02
1.102746396192205158e-01
1.787319357401935815e-01
2.239117179992980156e-01
2.307915366351804276e-01
-9.069353216614194080e-02
-1.008846106697004197e-01
-1.070186457815964359e-01
-1.122667742463303586e-01
-1.163833005978689994e-01
-1.192073174838057525e-01
-1.210126551722312954e-01
-1.209751171774564177e-01
-7.643285843613234487e-02
4.684508489257001654e-03
8.824829464709318949e-02
1.572814133623421651e-01
2.027009715138822221e-01
2.133536069338964891e-01
-9.319102825785186006e-02
-1.056742825061710578e-01
-1.143288817753666947e-01
-1.205045378906689640e-01
-1.258346047003486012e-01
-1.302954776034922491e-01
-1.334293150892648383e-01
-1.340395143585190185e-01
-1.180639799096730863e-01
-4.134195197700305663e-02
4.251631977817936503e-02
1.208350127815724512e-01
1.731299371549643862e-01
1.905723137574845127e-01
-8.891175826986655317e-02
-9.759297099778642404e-02
-1.105491909265176043e-01
-1.185003518779016718e-01
-1.234385141166727401e-01
-1.273346140403614213e-01
-1.296096886637513879e-01
-1.279063400535613015e-01
-6.368697459438572850e-02
2.274107276388201773e-02
1.102746396192196832e-01
1.787319357401942754e-01
2.239117179992986262e-01
2.307915366351814546e-01
-9.069353216614162161e-02
-1.008846106697003642e-01
-1.070186457815962555e-01
-1.122667742463303586e-01
-1.163833005978689300e-01
-1.192073174838057525e-01
-1.210126551722312954e-01
-1.209751171774563205e-01
-7.643285843613163710e-02
4.684508489258954952e-03
8.824829464709499360e-02
1.572814133623421651e-01
2.027009715138815282e-01
2.133536069338943242e-01
