-7.249144594023488875e-01
-8.238636166328602295e-01
-9.217617607215415898e-01
-1.023914744458547688e+00
-1.136003603842917542e+00
-1.264080332408456409e+00
-1.388722765646047463e+00
-1.515285402670355053e+00
-1.642683861694127723e+00
-1.774488798033432069e+00
-1.914658817591477380e+00
-1.991162337187262210e+00
-2.061244509996243313e+00
-2.134176689894848433e+00
-2.208355190230069987e+00
-2.283169226201448243e+00
-2.358972198357984329e+00
-2.424586912725490428e+00
-2.471701579471455190e+00
-2.518135388215141823e+00
-2.562475694182979602e+00
-2.604541499310952801e+00
-2.644231957586481663e+00
-2.681583407413131503e+00
-2.713770432251060960e+00
-2.739628162255367982e+00
-2.762597722482904139e+00
-2.782391668502173232e+00
-2.798824089121566772e+00
-2.811616197409057882e+00
-2.820722289909329383e+00
-2.826467128606442003e+00
-2.825616070698751869e+00
-2.821485107543507453e+00
-2.815136596051978302e+00
-2.807243973345672217e+00
-2.798226429195208809e+00
-2.787661735253260886e+00
-2.773559636943300433e+00
-2.751604021861258076e+00
-2.713845541032348763e+00
-2.647015817013897987e+00
-2.521339259255565679e+00
-2.223006172718244855e+00
-2.119052615352263302e+00
3.925090225855143444e-01
-3.344550257014331507e+00
-4.281292409318343317e+00
-5.535597860637137657e+00
-7.249144594023518851e-01
-8.238636166328690003e-01
-9.217617607215516928e-01
-1.023914744458558568e+00
-1.136003603842935306e+00
-1.264080332408472618e+00
-1.388722765646061452e+00
-1.515285402670377923e+00
-1.642683861694140157e+00
-1.774488798033454273e+00
-1.914658817591500473e+00
-1.991162337187277309e+00
-2.061244509996261520e+00
-2.134176689894873746e+00
-2.208355190230092191e+00
-2.283169226201484214e+00
-2.358972198358014971e+00
-2.424586912725514409e+00
-2.471701579471491605e+00
-2.518135388215169357e+00
-2.562475694183013353e+00
-2.604541499310985664e+00
-2.644231957586524295e+00
-2.681583407413169695e+00
-2.713770432251104481e+00
-2.739628162255418609e+00
-2.762597722482940554e+00
-2.782391668502217641e+00
-2.798824089121605851e+00
-2.811616197409090745e+00
-2.820722289909372904e+00
-2.826467128606454438e+00
-2.825616070698780291e+00
-2.821485107543532322e+00
-2.815136596051971196e+00
-2.807243973345654453e+00
-2.798226429195192821e+00
-2.787661735253237794e+00
-2.773559636943229378e+00
-2.751604021861208338e+00
-2.713845541032293696e+00
-2.647015817013851802e+00
-2.521339259255590548e+00
-2.223006172718285711e+00
-2.119052615352229552e+00
3.925090225853011816e-01
-3.344550257014503813e+00
-4.281292409318396608e+00
-5.535597860637130552e+00
-7.249144594023508859e-01
-8.238636166328654475e-01
-9.217617607215459197e-01
-1.023914744458551684e+00
-1.136003603842926868e+00
-1.264080332408466179e+00
-1.388722765646053237e+00
-1.515285402670365711e+00
-1.642683861694125502e+00
-1.774488798033444059e+00
-1.914658817591490259e+00
-1.991162337187268427e+00
-2.061244509996255303e+00
-2.134176689894856871e+00
-2.208355190230082865e+00
-2.283169226201468227e+00
-2.358972198358006978e+00
-2.424586912725503751e+00
-2.471701579471485388e+00
-2.518135388215159587e+00
-2.562475694183014241e+00
-2.604541499310990105e+00
-2.644231957586527848e+00
-2.681583407413183906e+00
-2.713770432251112474e+00
-2.739628162255415944e+00
-2.762597722482961871e+00
-2.782391668502237181e+00
-2.798824089121630720e+00
-2.811616197409123608e+00
-2.820722289909419089e+00
-2.826467128606498846e+00
-2.825616070698828253e+00
-2.821485107543622917e+00
-2.815136596052067119e+00
-2.807243973345793009e+00
-2.798226429195334930e+00
-2.787661735253427864e+00
-2.773559636943479845e+00
-2.751604021861483673e+00
-2.713845541032648967e+00
-2.647015817014317207e+00
-2.521339259256153653e+00
-2.223006172719149021e+00
-2.119052615353238522e+00
3.925090225796417087e-01
-3.344550257015857397e+00
-4.281292409318986358e+00
-5.535597860637459178e+00
-3.112520403648080958e+01
-3.431032055076563836e+01
-3.642097767796940389e+01
-3.791572137776474705e+01
-3.906723532904204177e+01
-4.004508231361410253e+01
-4.093108163371638852e+01
-4.169790291094497547e+01
-4.234084087498150950e+01
-4.286254962292366599e+01
-4.326425525628970092e+01
-4.354933258543411512e+01
-4.372565768309033274e+01
-4.381365255520050539e+01
-4.383379605745678731e+01
-4.380593121771454435e+01
-4.374258686792265394e+01
-4.364781872230848592e+01
-4.351230292267140953e+01
-4.334691125933673561e+01
-4.313989710706024283e+01
-4.289718066134399521e+01
-4.261259180056656959e+01
-4.228871428996310300e+01
-4.192272126115260278e+01
-4.151247284345321020e+01
-4.105718446533278154e+01
-4.051218855841798927e+01
-3.977843083939153246e+01
-3.368531415698771525e+01
-3.574879773911284531e+01
-3.707922265454381971e+01
-3.809693789652550322e+01
-3.893720537782808577e+01
-3.963398116849953823e+01
-4.023777041148652955e+01
-4.187308152446834697e+01
-1.641100261180176156e+00
-4.904205779993653636e+01
-4.751646760640858247e+01
-4.583232005849682622e+01
-4.544599352005361226e+01
-4.524303021504653799e+01
-4.512486087357007136e+01
-4.504168333417554493e+01
-4.496267698128072965e+01
-4.486950427507279215e+01
-4.475968517779397615e+01
-4.461747779005305148e+01
-4.444568433335762592e+01
-4.423857571461461902e+01
-4.399421897545553861e+01
-4.371582095995150041e+01
-4.340060422825813191e+01
-4.303691708391996684e+01
-4.258991861068863471e+01
-4.198571808183557863e+01
-4.103358408097344778e+01
-2.579574267272911925e+01
-2.531489664803682160e+01
-2.206305451064697110e+01
1.986013977966250366e+01
7.987952123819664507e+01
-5.682637636605020361e+02
7.876133950501244385e+01
2.076516478162112378e+01
-1.755679818010583659e+01
-3.323181623198686196e+01
-3.488759470430773035e+01
-3.622684675499544937e+01
-3.721426416259495085e+01
-3.792247664817911357e+01
-3.841886201075210749e+01
-3.875434569807880081e+01
-3.896587483651049411e+01
-3.908140461825422562e+01
-3.912289551606933458e+01
-3.910630548464374101e+01
-3.903627484402378656e+01
-3.891405707630919864e+01
-3.873804536485913275e+01
-3.851010859386796881e+01
-3.823542963154891083e+01
-3.792211084080592087e+01
-3.758681260479017539e+01
-3.726463667970251237e+01
-3.707208893428614260e+01
-3.112520403648028378e+01
-3.431032055076526177e+01
-3.642097767796920493e+01
-3.791572137776466889e+01
-3.906723532904214125e+01
-4.004508231361407411e+01
-4.093108163371636010e+01
-4.169790291094500390e+01
-4.234084087498152371e+01
-4.286254962292363047e+01
-4.326425525628957303e+01
-4.354933258543405117e+01
-4.372565768309033274e+01
-4.381365255520043434e+01
-4.383379605745677310e+01
-4.380593121771445908e+01
-4.374258686792266104e+01
-4.364781872230851434e+01
-4.351230292267140953e+01
-4.334691125933672140e+01
-4.313989710706029257e+01
-4.289718066134396679e+01
-4.261259180056661933e+01
-4.228871428996313853e+01
-4.192272126115264541e+01
-4.151247284345324573e+01
-4.105718446533284549e+01
-4.051218855841801769e+01
-3.977843083939157509e+01
-3.368531415698785736e+01
-3.574879773911273162e+01
-3.707922265454364208e+01
-3.809693789652526164e+01
-3.893720537782792945e+01
-3.963398116849946717e+01
-4.023777041148652245e+01
-4.187308152446885146e+01
-1.641100261206974276e+00
-4.904205779992705772e+01
-4.751646760640878142e+01
-4.583232005849686175e+01
-4.544599352005360515e+01
-4.524303021504655931e+01
-4.512486087357007847e+01
-4.504168333417558756e+01
-4.496267698128075097e+01
-4.486950427507279215e+01
-4.475968517779389799e+01
-4.461747779005326464e+01
-4.444568433335786040e+01
-4.423857571461491744e+01
-4.399421897545570204e+01
-4.371582095995159278e+01
-4.340060422825818165e+01
-4.303691708392000947e+01
-4.258991861068866314e+01
-4.198571808183553600e+01
-4.103358408097343357e+01
-2.579574267272935728e+01
-2.531489664803697437e+01
-2.206305451064734768e+01
1.986013977966107547e+01
7.987952123819391659e+01
-5.682637636604561067e+02
7.876133950500783953e+01
2.076516478162341528e+01
-1.755679818010593962e+01
-3.323181623198709644e+01
-3.488759470430784404e+01
-3.622684675499551332e+01
-3.721426416259505032e+01
-3.792247664817912778e+01
-3.841886201075219276e+01
-3.875434569807892160e+01
-3.896587483651060779e+01
-3.908140461825430378e+01
-3.912289551606947668e+01
-3.910630548464376943e+01
-3.903627484402386472e+01
-3.891405707630921285e+01
-3.873804536485920380e+01
-3.851010859386799723e+01
-3.823542963154894636e+01
-3.792211084080586403e+01
-3.758681260479010433e+01
-3.726463667970249105e+01
-3.707208893428616392e+01
-3.112520403648037615e+01
-3.431032055076526177e+01
-3.642097767796929020e+01
-3.791572137776471862e+01
-3.906723532904214125e+01
-4.004508231361406700e+01
-4.093108163371626773e+01
-4.169790291094483337e+01
-4.234084087498138160e+01
-4.286254962292341020e+01
-4.326425525628957303e+01
-4.354933258543392327e+01
-4.372565768309016221e+01
-4.381365255520025670e+01
-4.383379605745666652e+01
-4.380593121771433118e+01
-4.374258686792252604e+01
-4.364781872230834381e+01
-4.351230292267128874e+01
-4.334691125933656508e+01
-4.313989710706011493e+01
-4.289718066134383889e+01
-4.261259180056642037e+01
-4.228871428996300352e+01
-4.192272126115244646e+01
-4.151247284345305388e+01
-4.105718446533266786e+01
-4.051218855841784006e+01
-3.977843083939140456e+01
-3.368531415698750209e+01
-3.574879773911267478e+01
-3.707922265454355681e+01
-3.809693789652535401e+01
-3.893720537782809288e+01
-3.963398116849965902e+01
-4.023777041148670719e+01
-4.187308152446887277e+01
-1.641100261247475212e+00
-4.904205779992509662e+01
-4.751646760640839062e+01
-4.583232005849689727e+01
-4.544599352005369042e+01
-4.524303021504659483e+01
-4.512486087357004294e+01
-4.504168333417552361e+01
-4.496267698128062307e+01
-4.486950427507269268e+01
-4.475968517779382694e+01
-4.461747779005320780e+01
-4.444568433335778224e+01
-4.423857571461471849e+01
-4.399421897545558124e+01
-4.371582095995145778e+01
-4.340060422825804665e+01
-4.303691708391978210e+01
-4.258991861068846418e+01
-4.198571808183545073e+01
-4.103358408097339094e+01
-2.579574267272927557e+01
-2.531489664803671502e+01
-2.206305451064669043e+01
1.986013977966462107e+01
7.987952123820168993e+01
-5.682637636604476938e+02
7.876133950500823744e+01
2.076516478162167800e+01
-1.755679818010490578e+01
-3.323181623198743040e+01
-3.488759470430800746e+01
-3.622684675499564122e+01
-3.721426416259522085e+01
-3.792247664817939068e+01
-3.841886201075241303e+01
-3.875434569807914897e+01
-3.896587483651077122e+01
-3.908140461825454537e+01
-3.912289551606964011e+01
-3.910630548464401812e+01
-3.903627484402412762e+01
-3.891405707630945443e+01
-3.873804536485945249e+01
-3.851010859386823171e+01
-3.823542963154915242e+01
-3.792211084080611982e+01
-3.758681260479034592e+01
-3.726463667970274685e+01
-3.707208893428633445e+01
