-7.190878902279971285e-01
-8.138284809622686744e-01
-9.071266496142198488e-01
-1.003316563891354374e+00
-1.105541392176518256e+00
-1.234408472324555195e+00
-1.359204716693890758e+00
-1.481952827427533981e+00
-1.607653475191357595e+00
-1.736584605911839940e+00
-1.874237288783801247e+00
-1.948692670951063022e+00
-2.015605346330316294e+00
-2.085839249433445453e+00
-2.157820601418305895e+00
-2.231002588062708902e+00
-2.305776812840229617e+00
-2.371988239628031181e+00
-2.418807823853938110e+00
-2.465703099606291637e+00
-2.511564333083856404e+00
-2.555835295911700555e+00
-2.598240621823348029e+00
-2.638761162628600943e+00
-2.674600551700304862e+00
-2.704293807737743194e+00
-2.731597176908777236e+00
-2.756379243404108337e+00
-2.778601569630143153e+00
-2.798458478473159872e+00
-2.816296850325821666e+00
-2.832475857963730803e+00
-2.843674085656704875e+00
-2.852494011790398076e+00
-2.858935446930351176e+00
-2.862201667815426731e+00
-2.861363758096326038e+00
-2.855650378863039407e+00
-2.844986861357561736e+00
-2.830726203379150263e+00
-2.815909227594328712e+00
-2.806238213938296866e+00
-2.810691599368647431e+00
-2.838924545008138622e+00
-3.000625360408530895e+00
-3.264203509145005455e+00
-3.607559353261907020e+00
-4.130432818286642771e+00
-5.351499659827267052e+00
-7.190878902279963514e-01
-8.138284809622678972e-01
-9.071266496142190716e-01
-1.003316563891354818e+00
-1.105541392176517590e+00
-1.234408472324552752e+00
-1.359204716693891202e+00
-1.481952827427533315e+00
-1.607653475191359149e+00
-1.736584605911837720e+00
-1.874237288783803912e+00
-1.948692670951069239e+00
-2.015605346330318071e+00
-2.085839249433450338e+00
-2.157820601418304562e+00
-2.231002588062707570e+00
-2.305776812840237611e+00
-2.371988239628040063e+00
-2.418807823853933670e+00
-2.465703099606292525e+00
-2.511564333083855516e+00
-2.555835295911703220e+00
-2.598240621823341812e+00
-2.638761162628593837e+00
-2.674600551700308415e+00
-2.704293807737748523e+00
-2.731597176908789670e+00
-2.756379243404106560e+00
-2.778601569630145818e+00
-2.798458478473158983e+00
-2.816296850325812784e+00
-2.832475857963727250e+00
-2.843674085656710204e+00
-2.852494011790403405e+00
-2.858935446930354729e+00
-2.862201667815437389e+00
-2.861363758096333143e+00
-2.855650378863042960e+00
-2.844986861357591934e+00
-2.830726203379152039e+00
-2.815909227594328712e+00
-2.806238213938289761e+00
-2.810691599368650984e+00
-2.838924545008152833e+00
-3.000625360408511355e+00
-3.264203509145012561e+00
-3.607559353261910573e+00
-4.130432818286628560e+00
-5.351499659827275934e+00
-7.190878902279956852e-01
-8.138284809622688964e-01
-9.071266496142188496e-01
-1.003316563891354152e+00
-1.105541392176518700e+00
-1.234408472324560524e+00
-1.359204716693891868e+00
-1.481952827427533981e+00
-1.607653475191359371e+00
-1.736584605911839940e+00
-1.874237288783806576e+00
-1.948692670951067907e+00
-2.015605346330320291e+00
-2.085839249433447229e+00
-2.157820601418309003e+00
-2.231002588062704461e+00
-2.305776812840237611e+00
-2.371988239628038286e+00
-2.418807823853944328e+00
-2.465703099606288973e+00
-2.511564333083863509e+00
-2.555835295911706773e+00
-2.598240621823334706e+00
-2.638761162628605383e+00
-2.674600551700314632e+00
-2.704293807737745858e+00
-2.731597176908788782e+00
-2.756379243404105672e+00
-2.778601569630149370e+00
-2.798458478473147437e+00
-2.816296850325815448e+00
-2.832475857963727250e+00
-2.843674085656735073e+00
-2.852494011790398076e+00
-2.858935446930360058e+00
-2.862201667815439166e+00
-2.861363758096342025e+00
-2.855650378863032302e+00
-2.844986861357572394e+00
-2.830726203379153816e+00
-2.815909227594332265e+00
-2.806238213938296866e+00
-2.810691599368656313e+00
-2.838924545008154610e+00
-3.000625360408527342e+00
-3.264203509144994797e+00
-3.607559353261938995e+00
-4.130432818286638330e+00
-5.351499659827274158e+00
-4.002148449247874851e+01
-4.542120718191045370e+01
-4.674945214245221337e+01
-4.485121149431496690e+01
-4.225238960017961176e+01
-4.044444570656889226e+01
-3.968893123235858411e+01
-3.971631831695204085e+01
-4.017545733061977131e+01
-4.078045957635011121e+01
-4.136966211384704195e+01
-4.187535056504692932e+01
-4.229580081895336008e+01
-4.263015720765686467e+01
-4.288763076149632525e+01
-4.308226884365144826e+01
-4.321404800646011779e+01
-4.328700277776660954e+01
-4.330509242297650729e+01
-4.327151469558184971e+01
-4.318888220275258050e+01
-4.306208197703445251e+01
-4.289650909833591896e+01
-4.268932721751566106e+01
-4.244063922777622366e+01
-4.215963293886687069e+01
-4.182863059407877415e+01
-4.142905452255855181e+01
-4.088505664805784079e+01
-4.118935347598404206e+01
-4.627400385500708779e+01
-4.732685632139295961e+01
-4.521487983020001877e+01
-4.245345263796026813e+01
-4.050248309446052986e+01
-3.966284120087354381e+01
-3.966803771738847217e+01
-4.013137370269728876e+01
-4.075466648459848784e+01
-4.136542719168797788e+01
-4.190305428904344609e+01
-4.235201485779573716e+01
-4.271540855808813575e+01
-4.300314970637112566e+01
-4.322411772344353409e+01
-4.338367932161187213e+01
-4.348505868706897814e+01
-4.353227923170115332e+01
-4.353019407599065715e+01
-4.348009540059415201e+01
-4.338410839158557764e+01
-4.324367780850440823e+01
-4.307093332552943821e+01
-4.285872447379416883e+01
-4.260810158557155347e+01
-4.231439790028735359e+01
-4.194948255451055275e+01
-4.143844926721578759e+01
-3.739188166168489857e+01
-4.261503551014848767e+01
-4.397864246148184009e+01
-4.226720421316690590e+01
-3.984592135317958395e+01
-3.811206305767025526e+01
-3.732764073234916680e+01
-3.726696571348186637e+01
-3.761019305615489827e+01
-3.809914319414610873e+01
-3.858020495674053052e+01
-3.899775192951124581e+01
-3.933399087265259197e+01
-3.958934086076749281e+01
-3.977083091528989200e+01
-3.988642739315567098e+01
-3.994097860314425219e+01
-3.993824274570248889e+01
-3.988404039506981746e+01
-3.978142802893071917e+01
-3.963347894912877223e+01
-3.944356366083471954e+01
-3.921572651764616069e+01
-3.895445847563663477e+01
-3.866485657172314916e+01
-3.836042659361604024e+01
-3.806173590226636350e+01
-3.781499822339698369e+01
-3.778452509537358850e+01
-4.002148449247886219e+01
-4.542120718191030448e+01
-4.674945214245199310e+01
-4.485121149431495979e+01
-4.225238960017958334e+01
-4.044444570656884252e+01
-3.968893123235870490e+01
-3.971631831695213322e+01
-4.017545733061975710e+01
-4.078045957635010410e+01
-4.136966211384702774e+01
-4.187535056504692221e+01
-4.229580081895332455e+01
-4.263015720765682914e+01
-4.288763076149629683e+01
-4.308226884365142695e+01
-4.321404800646008937e+01
-4.328700277776659533e+01
-4.330509242297651440e+01
-4.327151469558182839e+01
-4.318888220275262313e+01
-4.306208197703445251e+01
-4.289650909833591186e+01
-4.268932721751568238e+01
-4.244063922777628051e+01
-4.215963293886692043e+01
-4.182863059407880257e+01
-4.142905452255860155e+01
-4.088505664805785500e+01
-4.118935347598397811e+01
-4.627400385500693858e+01
-4.732685632139296672e+01
-4.521487983020001877e+01
-4.245345263796045998e+01
-4.050248309446063644e+01
-3.966284120087365750e+01
-3.966803771738860007e+01
-4.013137370269721771e+01
-4.075466648459847363e+01
-4.136542719168793525e+01
-4.190305428904339635e+01
-4.235201485779573716e+01
-4.271540855808812864e+01
-4.300314970637114698e+01
-4.322411772344347014e+01
-4.338367932161185081e+01
-4.348505868706901367e+01
-4.353227923170117464e+01
-4.353019407599072110e+01
-4.348009540059421596e+01
-4.338410839158566290e+01
-4.324367780850442955e+01
-4.307093332552945242e+01
-4.285872447379422567e+01
-4.260810158557161031e+01
-4.231439790028746728e+01
-4.194948255451066643e+01
-4.143844926721578759e+01
-3.739188166168506200e+01
-4.261503551014880031e+01
-4.397864246148204614e+01
-4.226720421316690590e+01
-3.984592135317954842e+01
-3.811206305767038316e+01
-3.732764073234918101e+01
-3.726696571348187348e+01
-3.761019305615490538e+01
-3.809914319414622241e+01
-3.858020495674060868e+01
-3.899775192951128133e+01
-3.933399087265269145e+01
-3.958934086076757097e+01
-3.977083091528999148e+01
-3.988642739315567098e+01
-3.994097860314433035e+01
-3.993824274570251731e+01
-3.988404039506984589e+01
-3.978142802893075469e+01
-3.963347894912875091e+01
-3.944356366083469112e+01
-3.921572651764616779e+01
-3.895445847563662056e+01
-3.866485657172299994e+01
-3.836042659361583418e+01
-3.806173590226615744e+01
-3.781499822339683448e+01
-3.778452509537339665e+01
-4.002148449247887640e+01
-4.542120718191046080e+01
-4.674945214245217784e+01
-4.485121149431495269e+01
-4.225238960017958334e+01
-4.044444570656877147e+01
-3.968893123235863385e+01
-3.971631831695208348e+01
-4.017545733061972157e+01
-4.078045957635009700e+01
-4.136966211384705616e+01
-4.187535056504694353e+01
-4.229580081895335297e+01
-4.263015720765686467e+01
-4.288763076149633235e+01
-4.308226884365144116e+01
-4.321404800646013911e+01
-4.328700277776659533e+01
-4.330509242297651440e+01
-4.327151469558184971e+01
-4.318888220275261602e+01
-4.306208197703445961e+01
-4.289650909833590475e+01
-4.268932721751564685e+01
-4.244063922777623077e+01
-4.215963293886687779e+01
-4.182863059407874573e+01
-4.142905452255855892e+01
-4.088505664805781237e+01
-4.118935347598423391e+01
-4.627400385500700963e+01
-4.732685632139278908e+01
-4.521487983019997614e+01
-4.245345263796039603e+01
-4.050248309446056538e+01
-3.966284120087365039e+01
-3.966803771738860718e+01
-4.013137370269722481e+01
-4.075466648459850205e+01
-4.136542719168799920e+01
-4.190305428904345320e+01
-4.235201485779573716e+01
-4.271540855808817128e+01
-4.300314970637118250e+01
-4.322411772344347725e+01
-4.338367932161184370e+01
-4.348505868706899946e+01
-4.353227923170118885e+01
-4.353019407599069979e+01
-4.348009540059420885e+01
-4.338410839158564158e+01
-4.324367780850431586e+01
-4.307093332552938847e+01
-4.285872447379415462e+01
-4.260810158557153926e+01
-4.231439790028741044e+01
-4.194948255451062380e+01
-4.143844926721575206e+01
-3.739188166168499805e+01
-4.261503551014865110e+01
-4.397864246148198930e+01
-4.226720421316704801e+01
-3.984592135317963368e+01
-3.811206305767047553e+01
-3.732764073234914548e+01
-3.726696571348184506e+01
-3.761019305615486275e+01
-3.809914319414613004e+01
-3.858020495674051631e+01
-3.899775192951121028e+01
-3.933399087265260619e+01
-3.958934086076752834e+01
-3.977083091528989911e+01
-3.988642739315565677e+01
-3.994097860314432324e+01
-3.993824274570250310e+01
-3.988404039506985299e+01
-3.978142802893079022e+01
-3.963347894912882197e+01
-3.944356366083472665e+01
-3.921572651764618200e+01
-3.895445847563665609e+01
-3.866485657172308521e+01
-3.836042659361596918e+01
-3.806173590226628534e+01
-3.781499822339704053e+01
-3.778452509537360982e+01
