-7.191448756499393413e-01
-8.139099406638174994e-01
-9.072277972344647834e-01
-1.003439062376781266e+00
-1.105698049612168665e+00
-1.234557829551613306e+00
-1.359327570603310331e+00
-1.482083402076240786e+00
-1.607791661339781797e+00
-1.736720583332200807e+00
-1.874380146264662983e+00
-1.948839651291654373e+00
-2.015758942366813411e+00
-2.085997455811481771e+00
-2.157981274089705970e+00
-2.231163216297497698e+00
-2.305934304243413280e+00
-2.372137350936706746e+00
-2.418948878166728989e+00
-2.465826342263326865e+00
-2.511663633902458059e+00
-2.555904040011060196e+00
-2.598272263536898663e+00
-2.638749930186278014e+00
-2.674542260614173550e+00
-2.704186320117088371e+00
-2.731441348772074562e+00
-2.756178849836696365e+00
-2.778359192008239553e+00
-2.798180386540438214e+00
-2.815981539161922953e+00
-2.832110360370069913e+00
-2.843228701611494103e+00
-2.851916231339139074e+00
-2.858154679659911324e+00
-2.861142269615333689e+00
-2.859974308598403070e+00
-2.853949208835082629e+00
-2.843120645875163888e+00
-2.829046814099458018e+00
-2.815126272321130330e+00
-2.807983245348141921e+00
-2.819768439390349712e+00
-2.870930849159565312e+00
-2.999572607823450809e+00
-3.232217954841026142e+00
-3.578475549211177054e+00
-4.163690589968949141e+00
-5.350081669686629127e+00
-7.191448756499405626e-01
-8.139099406638168333e-01
-9.072277972344617858e-01
-1.003439062376781488e+00
-1.105698049612165779e+00
-1.234557829551616415e+00
-1.359327570603309665e+00
-1.482083402076239453e+00
-1.607791661339783573e+00
-1.736720583332198364e+00
-1.874380146264662095e+00
-1.948839651291659258e+00
-2.015758942366812523e+00
-2.085997455811479107e+00
-2.157981274089705082e+00
-2.231163216297497698e+00
-2.305934304243407063e+00
-2.372137350936706746e+00
-2.418948878166720107e+00
-2.465826342263330417e+00
-2.511663633902447401e+00
-2.555904040011062861e+00
-2.598272263536888893e+00
-2.638749930186270909e+00
-2.674542260614174438e+00
-2.704186320117090148e+00
-2.731441348772074562e+00
-2.756178849836699030e+00
-2.778359192008244882e+00
-2.798180386540423115e+00
-2.815981539161912295e+00
-2.832110360370064583e+00
-2.843228701611502984e+00
-2.851916231339126639e+00
-2.858154679659932640e+00
-2.861142269615349676e+00
-2.859974308598413728e+00
-2.853949208835084406e+00
-2.843120645875155006e+00
-2.829046814099472229e+00
-2.815126272321132106e+00
-2.807983245348150803e+00
-2.819768439390356818e+00
-2.870930849159549325e+00
-2.999572607823463244e+00
-3.232217954841043905e+00
-3.578475549211171725e+00
-4.163690589968977562e+00
-5.350081669686627350e+00
-7.191448756499403405e-01
-8.139099406638186096e-01
-9.072277972344637842e-01
-1.003439062376782376e+00
-1.105698049612164668e+00
-1.234557829551616415e+00
-1.359327570603309221e+00
-1.482083402076243894e+00
-1.607791661339779576e+00
-1.736720583332198586e+00
-1.874380146264661207e+00
-1.948839651291659258e+00
-2.015758942366816076e+00
-2.085997455811480883e+00
-2.157981274089704193e+00
-2.231163216297491481e+00
-2.305934304243411503e+00
-2.372137350936704969e+00
-2.418948878166719219e+00
-2.465826342263332194e+00
-2.511663633902450066e+00
-2.555904040011061085e+00
-2.598272263536892446e+00
-2.638749930186271797e+00
-2.674542260614169109e+00
-2.704186320117098141e+00
-2.731441348772075450e+00
-2.756178849836699918e+00
-2.778359192008236001e+00
-2.798180386540428444e+00
-2.815981539161928282e+00
-2.832110360370062807e+00
-2.843228701611502984e+00
-2.851916231339144403e+00
-2.858154679659909547e+00
-2.861142269615344347e+00
-2.859974308598406623e+00
-2.853949208835086182e+00
-2.843120645875153230e+00
-2.829046814099459795e+00
-2.815126272321135659e+00
-2.807983245348145473e+00
-2.819768439390342607e+00
-2.870930849159545772e+00
-2.999572607823457915e+00
-3.232217954841036800e+00
-3.578475549211184159e+00
-4.163690589968966016e+00
-5.350081669686629127e+00
-4.102677213339657669e+01
-4.630639512656877343e+01
-4.749405875205075489e+01
-4.545560327428403724e+01
-4.274815326423107109e+01
-4.087965184754497727e+01
-4.010514197348747700e+01
-4.013987589291428293e+01
-4.061807287101255071e+01
-4.124688173204491903e+01
-4.186149723118380450e+01
-4.239500299905222391e+01
-4.283633633536616259e+01
-4.319927431514590666e+01
-4.348643688365491045e+01
-4.370640153875125122e+01
-4.386545274330212152e+01
-4.396828513696846841e+01
-4.401855947784959966e+01
-4.401923601264494579e+01
-4.397271767479700344e+01
-4.388077736430061293e+01
-4.374957221598777579e+01
-4.357899182097353474e+01
-4.336430563373787095e+01
-4.310362352017966003e+01
-4.277893534542710086e+01
-4.234520492842781891e+01
-4.166600581293730698e+01
-3.994006541733264726e+01
-4.502257422582626134e+01
-4.612644239149097558e+01
-4.410842395923680215e+01
-4.142775719292763625e+01
-3.951025120259999568e+01
-3.865774931557375282e+01
-3.862087926926101744e+01
-3.903813280667387886e+01
-3.961762217725476631e+01
-4.018669675279103615e+01
-4.068228412005776562e+01
-4.108969788470273699e+01
-4.141268249267376689e+01
-4.166073210899456569e+01
-4.184185126801634169e+01
-4.196202784633879901e+01
-4.202576246095386381e+01
-4.203667989046241615e+01
-4.199790311031321721e+01
-4.191229646544145737e+01
-4.178243793985932797e+01
-4.161109174883684858e+01
-4.140102368285273116e+01
-4.115891624418772921e+01
-4.088924142257533134e+01
-4.059747246364240425e+01
-4.029653116782566968e+01
-4.000615119348898929e+01
-3.772866241887198413e+01
-4.312527473820440349e+01
-4.460399552328112804e+01
-4.296293880264639142e+01
-4.060703968908732264e+01
-3.894287167745657285e+01
-3.822258127865420363e+01
-3.823397727066470253e+01
-3.865499132515164860e+01
-3.921622525880665222e+01
-3.976318792613790265e+01
-4.024084791988956056e+01
-4.063158530475232766e+01
-4.095289303895570043e+01
-4.119800044906961034e+01
-4.137819238804603827e+01
-4.149756626771109325e+01
-4.155819451904752526e+01
-4.156373240318111328e+01
-4.151724157144905547e+01
-4.142150427698726389e+01
-4.127921639868484505e+01
-4.109310183506190839e+01
-4.086650056127696473e+01
-4.060804999779694668e+01
-4.031716572739424720e+01
-4.000527304932951722e+01
-3.969039178465074968e+01
-3.940927400263963420e+01
-4.102677213339622853e+01
-4.630639512656863133e+01
-4.749405875205044225e+01
-4.545560327428383118e+01
-4.274815326423084372e+01
-4.087965184754481385e+01
-4.010514197348733489e+01
-4.013987589291428293e+01
-4.061807287101251518e+01
-4.124688173204486219e+01
-4.186149723118371924e+01
-4.239500299905214575e+01
-4.283633633536611285e+01
-4.319927431514587113e+01
-4.348643688365481808e+01
-4.370640153875118017e+01
-4.386545274330208599e+01
-4.396828513696844709e+01
-4.401855947784959966e+01
-4.401923601264496000e+01
-4.397271767479711002e+01
-4.388077736430075504e+01
-4.374957221598793922e+01
-4.357899182097368396e+01
-4.336430563373802016e+01
-4.310362352017965293e+01
-4.277893534542710796e+01
-4.234520492842781891e+01
-4.166600581293729277e+01
-3.994006541733234172e+01
-4.502257422582631818e+01
-4.612644239149092584e+01
-4.410842395923680215e+01
-4.142775719292768599e+01
-3.951025120259994594e+01
-3.865774931557373861e+01
-3.862087926926096770e+01
-3.903813280667382202e+01
-3.961762217725470236e+01
-4.018669675279100062e+01
-4.068228412005774430e+01
-4.108969788470270146e+01
-4.141268249267377399e+01
-4.166073210899453017e+01
-4.184185126801632038e+01
-4.196202784633881322e+01
-4.202576246095389934e+01
-4.203667989046243036e+01
-4.199790311031325984e+01
-4.191229646544153553e+01
-4.178243793985936350e+01
-4.161109174883691963e+01
-4.140102368285280221e+01
-4.115891624418779315e+01
-4.088924142257541661e+01
-4.059747246364250373e+01
-4.029653116782574784e+01
-4.000615119348903193e+01
-3.772866241887198413e+01
-4.312527473820453849e+01
-4.460399552328101436e+01
-4.296293880264607168e+01
-4.060703968908745054e+01
-3.894287167745657285e+01
-3.822258127865411126e+01
-3.823397727066473806e+01
-3.865499132515170544e+01
-3.921622525880665933e+01
-3.976318792613798792e+01
-4.024084791988961740e+01
-4.063158530475233476e+01
-4.095289303895579280e+01
-4.119800044906963166e+01
-4.137819238804600985e+01
-4.149756626771112167e+01
-4.155819451904755368e+01
-4.156373240318107065e+01
-4.151724157144906968e+01
-4.142150427698722126e+01
-4.127921639868482373e+01
-4.109310183506193681e+01
-4.086650056127692210e+01
-4.060804999779684721e+01
-4.031716572739419746e+01
-4.000527304932946748e+01
-3.969039178465063600e+01
-3.940927400263955604e+01
-4.102677213339627116e+01
-4.630639512656867396e+01
-4.749405875205046357e+01
-4.545560327428367486e+01
-4.274815326423069450e+01
-4.087965184754461490e+01
-4.010514197348719279e+01
-4.013987589291406266e+01
-4.061807287101247255e+01
-4.124688173204483377e+01
-4.186149723118372634e+01
-4.239500299905215996e+01
-4.283633633536614838e+01
-4.319927431514589955e+01
-4.348643688365481097e+01
-4.370640153875120859e+01
-4.386545274330209310e+01
-4.396828513696846130e+01
-4.401855947784957834e+01
-4.401923601264493868e+01
-4.397271767479702476e+01
-4.388077736430065556e+01
-4.374957221598790369e+01
-4.357899182097364132e+01
-4.336430563373798464e+01
-4.310362352017963161e+01
-4.277893534542706533e+01
-4.234520492842777628e+01
-4.166600581293726435e+01
-3.994006541733235593e+01
-4.502257422582631108e+01
-4.612644239149089032e+01
-4.410842395923673109e+01
-4.142775719292767178e+01
-3.951025120259989620e+01
-3.865774931557374572e+01
-3.862087926926096770e+01
-3.903813280667385754e+01
-3.961762217725473079e+01
-4.018669675279103615e+01
-4.068228412005777272e+01
-4.108969788470272277e+01
-4.141268249267378820e+01
-4.166073210899457990e+01
-4.184185126801632748e+01
-4.196202784633881322e+01
-4.202576246095394197e+01
-4.203667989046243036e+01
-4.199790311031323142e+01
-4.191229646544152843e+01
-4.178243793985933507e+01
-4.161109174883688411e+01
-4.140102368285269563e+01
-4.115891624418772921e+01
-4.088924142257533845e+01
-4.059747246364242557e+01
-4.029653116782566258e+01
-4.000615119348897508e+01
-3.772866241887186334e+01
-4.312527473820443191e+01
-4.460399552328102857e+01
-4.296293880264625642e+01
-4.060703968908730843e+01
-3.894287167745660128e+01
-3.822258127865414679e+01
-3.823397727066472385e+01
-3.865499132515161307e+01
-3.921622525880664512e+01
-3.976318792613793107e+01
-4.024084791988957477e+01
-4.063158530475227792e+01
-4.095289303895575017e+01
-4.119800044906959613e+01
-4.137819238804602406e+01
-4.149756626771113588e+01
-4.155819451904750395e+01
-4.156373240318112039e+01
-4.151724157144909100e+01
-4.142150427698722126e+01
-4.127921639868481662e+01
-4.109310183506200786e+01
-4.086650056127698605e+01
-4.060804999779694668e+01
-4.031716572739427562e+01
-4.000527304932956696e+01
-3.969039178465077100e+01
-3.940927400263969815e+01
