-7.949796681186173108e-01
-1.042792372529263378e+00
-1.354470076865511574e+00
-1.678807944998312651e+00
-1.958375185287601239e+00
-2.137467771557627572e+00
-2.326705202980412501e+00
-2.460440841994588901e+00
-2.576147854571910312e+00
-2.676619180262154174e+00
-2.748733198500013408e+00
-2.804396561478226690e+00
-2.844672355072846770e+00
-2.865372291374089997e+00
-2.861905114535680195e+00
-2.820074538642746376e+00
-2.750552118495162013e+00
-3.121256521929352878e+00
-4.045980786376101257e+00
-7.949796681186171998e-01
-1.042792372529262934e+00
-1.354470076865512906e+00
-1.678807944998312429e+00
-1.958375185287597464e+00
-2.137467771557624907e+00
-2.326705202980410725e+00
-2.460440841994588013e+00
-2.576147854571908979e+00
-2.676619180262152842e+00
-2.748733198500014741e+00
-2.804396561478226690e+00
-2.844672355072844105e+00
-2.865372291374089553e+00
-2.861905114535681527e+00
-2.820074538642746820e+00
-2.750552118495154019e+00
-3.121256521929346217e+00
-4.045980786376095040e+00
-7.949796681186188652e-01
-1.042792372529264044e+00
-1.354470076865512240e+00
-1.678807944998311319e+00
-1.958375185287600129e+00
-2.137467771557626683e+00
-2.326705202980412057e+00
-2.460440841994590677e+00
-2.576147854571909868e+00
-2.676619180262151509e+00
-2.748733198500012520e+00
-2.804396561478223138e+00
-2.844672355072848546e+00
-2.865372291374088665e+00
-2.861905114535683303e+00
-2.820074538642742823e+00
-2.750552118495153131e+00
-3.121256521929341776e+00
-4.045980786376091487e+00
-4.266661392804257247e+01
-4.405587115860723912e+01
-4.076556396747650979e+01
-4.105304504052772785e+01
-4.247115475589973244e+01
-4.341018690780405365e+01
-4.382232144956770981e+01
-4.380913109141995676e+01
-4.343609384432437537e+01
-4.276943739877194162e+01
-4.188459239243078258e+01
-4.328132006693412848e+01
-4.425791045203559548e+01
-4.079434346379375853e+01
-4.106645354002967707e+01
-4.254922326069188188e+01
-4.356509322942932982e+01
-4.407024228522519138e+01
-4.415994727520394036e+01
-4.389426049957735643e+01
-4.333358870399682417e+01
-4.254370438697606005e+01
-4.003213383018063354e+01
-4.141544657431272469e+01
-3.823150156855286497e+01
-3.833047545970732983e+01
-3.950185431185656881e+01
-4.019952680224026409e+01
-4.039613353028205722e+01
-4.020194951898784552e+01
-3.969872867738298794e+01
-3.895752715569076940e+01
-3.822960398415679606e+01
-4.266661392804252984e+01
-4.405587115860717518e+01
-4.076556396747653110e+01
-4.105304504052777048e+01
-4.247115475589971823e+01
-4.341018690780404654e+01
-4.382232144956771691e+01
-4.380913109141997097e+01
-4.343609384432438958e+01
-4.276943739877197004e+01
-4.188459239243079679e+01
-4.328132006693406453e+01
-4.425791045203568785e+01
-4.079434346379365195e+01
-4.106645354002964154e+01
-4.254922326069188188e+01
-4.356509322942932272e+01
-4.407024228522523401e+01
-4.415994727520397589e+01
-4.389426049957738485e+01
-4.333358870399677443e+01
-4.254370438697607426e+01
-4.003213383018078275e+01
-4.141544657431267495e+01
-3.823150156855284365e+01
-3.833047545970732983e+01
-3.950185431185658302e+01
-4.019952680224027119e+01
-4.039613353028204301e+01
-4.020194951898786684e+01
-3.969872867738301636e+01
-3.895752715569071256e+01
-3.822960398415672501e+01
-4.266661392804259378e+01
-4.405587115860723202e+01
-4.076556396747649558e+01
-4.105304504052774917e+01
-4.247115475589973244e+01
-4.341018690780406075e+01
-4.382232144956773112e+01
-4.380913109141998518e+01
-4.343609384432437537e+01
-4.276943739877196293e+01
-4.188459239243076127e+01
-4.328132006693410005e+01
-4.425791045203567364e+01
-4.079434346379363063e+01
-4.106645354002966286e+01
-4.254922326069191740e+01
-4.356509322942932982e+01
-4.407024228522524822e+01
-4.415994727520388352e+01
-4.389426049957737774e+01
-4.333358870399676732e+01
-4.254370438697604584e+01
-4.003213383018061222e+01
-4.141544657431271759e+01
-3.823150156855285786e+01
-3.833047545970732273e+01
-3.950185431185654750e+01
-4.019952680224023567e+01
-4.039613353028205012e+01
-4.020194951898784552e+01
-3.969872867738298794e+01
-3.895752715569076940e+01
-3.822960398415677474e+01
