-1.021483247748598000e+00
-1.606755984612471266e+00
-1.981240590606799357e+00
-2.242452101646101426e+00
-2.457086194564180204e+00
-2.631482433715796709e+00
-2.766000540152846465e+00
-2.860605153938066358e+00
-2.914058968755361967e+00
-2.923499117586495721e+00
-2.873342813439418109e+00
-2.709601237869887047e+00
-2.440998020874147301e+00
-2.976906680634918700e+00
-1.021483247748594447e+00
-1.606755984612470600e+00
-1.981240590606796470e+00
-2.242452101646100537e+00
-2.457086194564177539e+00
-2.631482433715798042e+00
-2.766000540152844689e+00
-2.860605153938066358e+00
-2.914058968755357526e+00
-2.923499117586493945e+00
-2.873342813439414112e+00
-2.709601237869883050e+00
-2.440998020874156627e+00
-2.976906680634917368e+00
-1.021483247748595780e+00
-1.606755984612470156e+00
-1.981240590606795582e+00
-2.242452101646100093e+00
-2.457086194564177983e+00
-2.631482433715794489e+00
-2.766000540152844245e+00
-2.860605153938069023e+00
-2.914058968755358858e+00
-2.923499117586491280e+00
-2.873342813439415000e+00
-2.709601237869882162e+00
-2.440998020874144192e+00
-2.976906680634882729e+00
-3.877112708264726137e+01
-2.595384146524369129e+01
-4.415233611310591044e+01
-2.635771001306228811e+01
-4.439967434868477625e+01
-2.851712571814702102e+01
-4.339239038197636944e+01
-3.146010582877175565e+01
-4.315844360591727025e+01
-3.841007946000916462e+01
-2.511995170048225390e+01
-4.220035412711342104e+01
-2.480196131469721976e+01
-4.133761095032255639e+01
-2.592572468534050145e+01
-3.933118547260089315e+01
-2.765094256900342273e+01
-3.797726085533399498e+01
-3.970899781993154676e+01
-2.674499545541035417e+01
-4.519919583593798507e+01
-2.722667389790100856e+01
-4.536067219370066539e+01
-2.934380899663214137e+01
-4.405910378600792399e+01
-3.212889547866161166e+01
-4.328933294204005477e+01
-3.877112708264741769e+01
-2.595384146524384406e+01
-4.415233611310586070e+01
-2.635771001306215311e+01
-4.439967434868491836e+01
-2.851712571814711339e+01
-4.339239038197639786e+01
-3.146010582877194750e+01
-4.315844360591717788e+01
-3.841007946000932805e+01
-2.511995170048198744e+01
-4.220035412711345657e+01
-2.480196131469730148e+01
-4.133761095032295430e+01
-2.592572468534058316e+01
-3.933118547260091447e+01
-2.765094256900344760e+01
-3.797726085533413709e+01
-3.970899781993188071e+01
-2.674499545541018364e+01
-4.519919583593809875e+01
-2.722667389790060000e+01
-4.536067219370086434e+01
-2.934380899663201347e+01
-4.405910378600822952e+01
-3.212889547866141982e+01
-4.328933294203994819e+01
-3.877112708264828456e+01
-2.595384146524277824e+01
-4.415233611310650019e+01
-2.635771001306184047e+01
-4.439967434868508178e+01
-2.851712571814674746e+01
-4.339239038197664655e+01
-3.146010582877191197e+01
-4.315844360591716367e+01
-3.841007946001059992e+01
-2.511995170048125914e+01
-4.220035412711419553e+01
-2.480196131469672238e+01
-4.133761095032296140e+01
-2.592572468534035934e+01
-3.933118547260109210e+01
-2.765094256900335523e+01
-3.797726085533431473e+01
-3.970899781993296074e+01
-2.674499545540935230e+01
-4.519919583593893719e+01
-2.722667389789997472e+01
-4.536067219370129067e+01
-2.934380899663179676e+01
-4.405910378600840716e+01
-3.212889547866134876e+01
-4.328933294204014715e+01
