-7.950187873769924973e-01
-1.042861101691118897e+00
-1.354526153558825996e+00
-1.678845194074818359e+00
-1.958382996468701398e+00
-2.137401799932210356e+00
-2.326512319130351170e+00
-2.460062750054733183e+00
-2.575535067380825716e+00
-2.675768744709155378e+00
-2.747675811375729360e+00
-2.803126802732221368e+00
-2.843080071041975909e+00
-2.863471067422798555e+00
-2.861255418401531969e+00
-2.827253638178620410e+00
-2.802031250743056034e+00
-3.103597753653501101e+00
-4.017585333922175650e+00
-7.950187873769914981e-01
-1.042861101691119341e+00
-1.354526153558825774e+00
-1.678845194074817693e+00
-1.958382996468701620e+00
-2.137401799932209023e+00
-2.326512319130348949e+00
-2.460062750054733627e+00
-2.575535067380824383e+00
-2.675768744709156266e+00
-2.747675811375732913e+00
-2.803126802732218259e+00
-2.843080071041977241e+00
-2.863471067422795002e+00
-2.861255418401531081e+00
-2.827253638178622630e+00
-2.802031250743050705e+00
-3.103597753653507763e+00
-4.017585333922178314e+00
-7.950187873769922753e-01
-1.042861101691118897e+00
-1.354526153558826440e+00
-1.678845194074816582e+00
-1.958382996468702508e+00
-2.137401799932210800e+00
-2.326512319130347173e+00
-2.460062750054732295e+00
-2.575535067380822163e+00
-2.675768744709153601e+00
-2.747675811375727140e+00
-2.803126802732217371e+00
-2.843080071041979018e+00
-2.863471067422795890e+00
-2.861255418401529305e+00
-2.827253638178616413e+00
-2.802031250743048041e+00
-3.103597753653502433e+00
-4.017585333922178314e+00
-4.255573725297119125e+01
-4.354677059765744218e+01
-4.010720905387037760e+01
-4.031892732629216880e+01
-4.172092909307827568e+01
-4.265778633033611555e+01
-4.309439223442649336e+01
-4.312762287116703419e+01
-4.281503981392231140e+01
-4.221703866120142123e+01
-4.144564971737641201e+01
-4.029084021063469123e+01
-4.184438422939435753e+01
-3.878419436321030389e+01
-3.898935936743975361e+01
-4.026789753755447521e+01
-4.109307617308065375e+01
-4.141318964435793504e+01
-4.132993134341798225e+01
-4.090668954872010232e+01
-4.021200274286336196e+01
-3.941383459467390082e+01
-4.325271202119876079e+01
-4.447738032230481053e+01
-4.110484960377325336e+01
-4.140444547467083680e+01
-4.286212529881159838e+01
-4.384732913954186984e+01
-4.431568180823710890e+01
-4.436326722317145510e+01
-4.405737058377953019e+01
-4.346043835672405464e+01
-4.259644561462591383e+01
-4.255573725297117704e+01
-4.354677059765748481e+01
-4.010720905387037760e+01
-4.031892732629215459e+01
-4.172092909307825437e+01
-4.265778633033613687e+01
-4.309439223442647915e+01
-4.312762287116705551e+01
-4.281503981392229718e+01
-4.221703866120141413e+01
-4.144564971737644754e+01
-4.029084021063460597e+01
-4.184438422939448543e+01
-3.878419436321031100e+01
-3.898935936743973940e+01
-4.026789753755449652e+01
-4.109307617308062532e+01
-4.141318964435790662e+01
-4.132993134341796804e+01
-4.090668954872008101e+01
-4.021200274286328380e+01
-3.941383459467378003e+01
-4.325271202119871816e+01
-4.447738032230482474e+01
-4.110484960377325336e+01
-4.140444547467088654e+01
-4.286212529881161259e+01
-4.384732913954180589e+01
-4.431568180823710179e+01
-4.436326722317145510e+01
-4.405737058377957993e+01
-4.346043835672398359e+01
-4.259644561462593515e+01
-4.255573725297118415e+01
-4.354677059765748481e+01
-4.010720905387037760e+01
-4.031892732629218301e+01
-4.172092909307826858e+01
-4.265778633033613687e+01
-4.309439223442648625e+01
-4.312762287116704840e+01
-4.281503981392227587e+01
-4.221703866120139992e+01
-4.144564971737645465e+01
-4.029084021063459886e+01
-4.184438422939446411e+01
-3.878419436321031810e+01
-3.898935936743972519e+01
-4.026789753755442547e+01
-4.109307617308064664e+01
-4.141318964435791372e+01
-4.132993134341793251e+01
-4.090668954872012364e+01
-4.021200274286336906e+01
-3.941383459467385109e+01
-4.325271202119880343e+01
-4.447738032230485317e+01
-4.110484960377323915e+01
-4.140444547467089365e+01
-4.286212529881163391e+01
-4.384732913954183431e+01
-4.431568180823710179e+01
-4.436326722317145510e+01
-4.405737058377956572e+01
-4.346043835672399069e+01
-4.259644561462591383e+01
