-1.158774154734996564e+00
-1.660026103817877186e+00
-1.972769105674304413e+00
-2.211323635565092260e+00
-2.412307620457709412e+00
-2.575798312757288322e+00
-2.703577183711002085e+00
-2.796968674011820699e+00
-2.855886332228838143e+00
-2.878377608795304354e+00
-2.851229468030703540e+00
-2.732102193918341193e+00
-2.603872538628137612e+00
-3.230564053707837502e+00
-1.158774154734994788e+00
-1.660026103817875853e+00
-1.972769105674304413e+00
-2.211323635565090484e+00
-2.412307620457708079e+00
-2.575798312757290986e+00
-2.703577183711005638e+00
-2.796968674011818479e+00
-2.855886332228835034e+00
-2.878377608795304798e+00
-2.851229468030700431e+00
-2.732102193918345190e+00
-2.603872538628149602e+00
-3.230564053707833505e+00
-1.158774154734995454e+00
-1.660026103817877186e+00
-1.972769105674303081e+00
-2.211323635565090484e+00
-2.412307620457708079e+00
-2.575798312757287434e+00
-2.703577183711001197e+00
-2.796968674011814482e+00
-2.855886332228832369e+00
-2.878377608795306131e+00
-2.851229468030702208e+00
-2.732102193918339861e+00
-2.603872538628140720e+00
-3.230564053707818850e+00
-3.694175864074368576e+01
-2.452635389899039353e+01
-4.197754852869498876e+01
-2.495519160549418913e+01
-4.229656669821803661e+01
-2.706296100922759962e+01
-4.142545786888909731e+01
-2.994504020949162992e+01
-4.131262233079501556e+01
-3.663582260674758118e+01
-2.374179984282968192e+01
-4.012974428379979486e+01
-2.344614433216909788e+01
-3.935650210297269069e+01
-2.450673960479201341e+01
-3.748346777887556414e+01
-2.616943394061621575e+01
-3.623752176490324217e+01
-3.798972463107359943e+01
-2.536236939303585913e+01
-4.313213947181887420e+01
-2.587213006747319000e+01
-4.334671706359972632e+01
-2.791695123684281654e+01
-4.214433240667066372e+01
-3.061977660181035077e+01
-4.144646810829159023e+01
-3.694175864074382076e+01
-2.452635389899057117e+01
-4.197754852869492481e+01
-2.495519160549409321e+01
-4.229656669821811477e+01
-2.706296100922774173e+01
-4.142545786888909731e+01
-2.994504020949179335e+01
-4.131262233079488055e+01
-3.663582260674768065e+01
-2.374179984282947231e+01
-4.012974428379985881e+01
-2.344614433216921512e+01
-3.935650210297314544e+01
-2.450673960479210578e+01
-3.748346777887559966e+01
-2.616943394061625483e+01
-3.623752176490346244e+01
-3.798972463107388364e+01
-2.536236939303574189e+01
-4.313213947181897367e+01
-2.587213006747279920e+01
-4.334671706359995369e+01
-2.791695123684266377e+01
-4.214433240667096925e+01
-3.061977660181014471e+01
-4.144646810829154759e+01
-3.694175864074452420e+01
-2.452635389898964391e+01
-4.197754852869546482e+01
-2.495519160549383031e+01
-4.229656669821829240e+01
-2.706296100922741132e+01
-4.142545786888930337e+01
-2.994504020949176848e+01
-4.131262233079492319e+01
-3.663582260674871804e+01
-2.374179984282881151e+01
-4.012974428380043435e+01
-2.344614433216867155e+01
-3.935650210297318097e+01
-2.450673960479188551e+01
-3.748346777887574888e+01
-2.616943394061619088e+01
-3.623752176490354771e+01
-3.798972463107475761e+01
-2.536236939303499227e+01
-4.313213947181974817e+01
-2.587213006747224142e+01
-4.334671706360036580e+01
-2.791695123684242930e+01
-4.214433240667112557e+01
-3.061977660181007721e+01
-4.144646810829173944e+01
