-7.568975340220032155e-01
-8.609343611715045697e-01
-9.629482434767643317e-01
-1.069657429215254751e+00
-1.188597941187596874e+00
-1.312567109303648616e+00
-1.439123974546929530e+00
-1.567711266564707717e+00
-1.698299954650052346e+00
-1.835807294811512946e+00
-1.957593612710810227e+00
-2.025409397270807599e+00
-2.097754510333695421e+00
-2.172489388427400137e+00
-2.248666646740059338e+00
-2.326220996743325387e+00
-2.406288311930611989e+00
-2.456644660441104300e+00
-2.507397384040427113e+00
-2.556847260663447585e+00
-2.604833185155960074e+00
-2.651059372003306436e+00
-2.695432230740633095e+00
-2.736043857535732649e+00
-2.769613087599021917e+00
-2.800743006364228904e+00
-2.829222341888922188e+00
-2.855046618852212781e+00
-2.878347269301471556e+00
-2.899375606642834668e+00
-2.918317354494966764e+00
-2.931343691606981494e+00
-2.942477807322157801e+00
-2.951363122842170839e+00
-2.957495567069226894e+00
-2.960176382009034768e+00
-2.958646102096698982e+00
-2.952428873047891145e+00
-2.941917591404063614e+00
-2.927818124678477574e+00
-2.915516696153176213e+00
-2.912432166750878793e+00
-2.929641712412326626e+00
-2.982915074946278722e+00
-3.094896660679410161e+00
-3.295932117133515860e+00
-3.642079187292182496e+00
-4.250385594748280482e+00
-5.463736152063047413e+00
-7.568975340220029935e-01
-8.609343611715054578e-01
-9.629482434767651089e-01
-1.069657429215255195e+00
-1.188597941187597318e+00
-1.312567109303651947e+00
-1.439123974546928419e+00
-1.567711266564706385e+00
-1.698299954650055232e+00
-1.835807294811510282e+00
-1.957593612710812891e+00
-2.025409397270802714e+00
-2.097754510333693645e+00
-2.172489388427402357e+00
-2.248666646740061559e+00
-2.326220996743323610e+00
-2.406288311930611101e+00
-2.456644660441106964e+00
-2.507397384040420008e+00
-2.556847260663449362e+00
-2.604833185155962738e+00
-2.651059372003302883e+00
-2.695432230740633983e+00
-2.736043857535733537e+00
-2.769613087599015699e+00
-2.800743006364237786e+00
-2.829222341888923076e+00
-2.855046618852217222e+00
-2.878347269301470668e+00
-2.899375606642850656e+00
-2.918317354494964988e+00
-2.931343691606988600e+00
-2.942477807322150696e+00
-2.951363122842181497e+00
-2.957495567069226894e+00
-2.960176382009034768e+00
-2.958646102096707864e+00
-2.952428873047905356e+00
-2.941917591404058285e+00
-2.927818124678475797e+00
-2.915516696153179765e+00
-2.912432166750891227e+00
-2.929641712412323074e+00
-2.982915074946266287e+00
-3.094896660679411937e+00
-3.295932117133515860e+00
-3.642079187292175391e+00
-4.250385594748282259e+00
-5.463736152063046525e+00
-7.568975340220044368e-01
-8.609343611715051248e-01
-9.629482434767659971e-01
-1.069657429215255195e+00
-1.188597941187599538e+00
-1.312567109303651058e+00
-1.439123974546930418e+00
-1.567711266564704831e+00
-1.698299954650057453e+00
-1.835807294811509838e+00
-1.957593612710819109e+00
-2.025409397270805378e+00
-2.097754510333695865e+00
-2.172489388427400137e+00
-2.248666646740062891e+00
-2.326220996743322722e+00
-2.406288311930611101e+00
-2.456644660441103412e+00
-2.507397384040421784e+00
-2.556847260663450250e+00
-2.604833185155965403e+00
-2.651059372003303771e+00
-2.695432230740633983e+00
-2.736043857535737978e+00
-2.769613087599021028e+00
-2.800743006364234233e+00
-2.829222341888925740e+00
-2.855046618852209228e+00
-2.878347269301468003e+00
-2.899375606642847103e+00
-2.918317354494957883e+00
-2.931343691606993929e+00
-2.942477807322148919e+00
-2.951363122842170839e+00
-2.957495567069233999e+00
-2.960176382009040097e+00
-2.958646102096702535e+00
-2.952428873047885816e+00
-2.941917591404068943e+00
-2.927818124678477574e+00
-2.915516696153176213e+00
-2.912432166750880569e+00
-2.929641712412330179e+00
-2.982915074946275169e+00
-3.094896660679417266e+00
-3.295932117133524741e+00
-3.642079187292180720e+00
-4.250385594748282259e+00
-5.463736152063050966e+00
