-9.780800939767031466e-01
-1.472386779653954036e+00
-1.753295669863332407e+00
-1.966228660442332021e+00
-2.145544811299332721e+00
-2.292096328633026481e+00
-2.409221749435841886e+00
-2.498705412618669630e+00
-2.561207512036109968e+00
-2.595652967575697190e+00
-2.591437188818745074e+00
-2.508686078514931417e+00
-2.521118934501313635e+00
-2.811306562276590704e+00
-9.780800939767068103e-01
-1.472386779653955369e+00
-1.753295669863335959e+00
-1.966228660442336462e+00
-2.145544811299331833e+00
-2.292096328633023372e+00
-2.409221749435845439e+00
-2.498705412618670962e+00
-2.561207512036109080e+00
-2.595652967575695413e+00
-2.591437188818741966e+00
-2.508686078514926088e+00
-2.521118934501305198e+00
-2.811306562276581378e+00
-9.780800939767025914e-01
-1.472386779653954925e+00
-1.753295669863336848e+00
-1.966228660442336684e+00
-2.145544811299335830e+00
-2.292096328633030033e+00
-2.409221749435845439e+00
-2.498705412618672295e+00
-2.561207512036112188e+00
-2.595652967575702519e+00
-2.591437188818753956e+00
-2.508686078514935858e+00
-2.521118934501317632e+00
-2.811306562276619125e+00
-3.354562038579544492e+01
-2.079913607824689592e+01
-3.895973803178235784e+01
-2.084362184971907084e+01
-3.981199578952573148e+01
-2.305456177787167604e+01
-3.903021592104403226e+01
-2.650861881196442127e+01
-3.991726026039651032e+01
-3.326591014510453448e+01
-2.021007737658813497e+01
-3.725945992077683400e+01
-1.959514389744116869e+01
-3.706696951266679463e+01
-2.080979350895286117e+01
-3.535626993025962861e+01
-2.307328963659509569e+01
-3.505948487005476721e+01
-3.476950922432988023e+01
-2.161038987683415513e+01
-4.036254245950779307e+01
-2.173994047586043976e+01
-4.106634645099939718e+01
-2.392242137917662248e+01
-3.989286527944225469e+01
-2.726033470805972314e+01
-4.010365509329534461e+01
-3.354562038579581440e+01
-2.079913607824666855e+01
-3.895973803178253547e+01
-2.084362184971871201e+01
-3.981199578952617912e+01
-2.305456177787165117e+01
-3.903021592104450832e+01
-2.650861881196415126e+01
-3.991726026039644637e+01
-3.326591014510460553e+01
-2.021007737658799641e+01
-3.725945992077738822e+01
-1.959514389744157725e+01
-3.706696951266736306e+01
-2.080979350895273328e+01
-3.535626993025958598e+01
-2.307328963659495358e+01
-3.505948487005480274e+01
-3.476950922433012892e+01
-2.161038987683399171e+01
-4.036254245950774333e+01
-2.173994047586040779e+01
-4.106634645099890690e+01
-2.392242137917708789e+01
-3.989286527944192784e+01
-2.726033470806026315e+01
-4.010365509329488987e+01
-3.354562038579460648e+01
-2.079913607824766686e+01
-3.895973803178177519e+01
-2.084362184971926624e+01
-3.981199578952580254e+01
-2.305456177787174710e+01
-3.903021592104411042e+01
-2.650861881196408731e+01
-3.991726026039668795e+01
-3.326591014510309918e+01
-2.021007737658869274e+01
-3.725945992077623004e+01
-1.959514389744172647e+01
-3.706696951266687279e+01
-2.080979350895316671e+01
-3.535626993025948650e+01
-2.307328963659512411e+01
-3.505948487005441905e+01
-3.476950922432894941e+01
-2.161038987683495805e+01
-4.036254245950686226e+01
-2.173994047586090517e+01
-4.106634645099865821e+01
-2.392242137917707367e+01
-3.989286527944178573e+01
-2.726033470806002157e+01
-4.010365509329450617e+01
