-2.262963418393196591e+00
-2.489408824657822095e+00
-2.719196515694031202e+00
-2.955367701894765275e+00
-3.204118036582828566e+00
-3.450834786044977065e+00
-3.677013167587241504e+00
-3.908894775531969401e+00
-4.147925761377200260e+00
-4.394868718607407132e+00
-4.651068116456118062e+00
-4.910964342967268692e+00
-5.181058751871974621e+00
-5.434490223389467189e+00
-5.561816051137483896e+00
-5.696276810224542686e+00
-5.834700195131464540e+00
-5.975566877274843591e+00
-6.117954808492168439e+00
-6.261249889148650993e+00
-6.405144961339562570e+00
-6.550014967306839964e+00
-6.661160935091906765e+00
-6.729642103463696401e+00
-6.790706517618104954e+00
-6.841237469995895992e+00
-6.879003471450445772e+00
-6.902462947855489972e+00
-6.910864916607803110e+00
-6.904087549157363668e+00
-6.882940724177196046e+00
-6.850922346062958468e+00
-6.796774845377406393e+00
-6.739719805755086668e+00
-6.684788443525285118e+00
-6.637983428351304838e+00
-6.605980575586286818e+00
-6.596006840453085829e+00
-6.615883773793051148e+00
-6.674284662109045030e+00
-6.781287791849123892e+00
-6.949395334261780022e+00
-7.185796591242741727e+00
-7.519601164711239960e+00
-7.985654917525067731e+00
-8.635211643300365836e+00
-9.561555565007900270e+00
-1.096080594731627400e+01
-1.337151129508475123e+01
-2.338788548896127306e+00
-2.547980707724264438e+00
-2.768718252913425992e+00
-3.000167946132708874e+00
-3.247729264594998888e+00
-3.480051079124715230e+00
-3.710744218415071849e+00
-3.947343519971884263e+00
-4.189288983858517668e+00
-4.439731976626360321e+00
-4.700090318734801542e+00
-4.967597197614541216e+00
-5.244021170867856796e+00
-5.444513659266057459e+00
-5.574378916183444943e+00
-5.710446855211742445e+00
-5.850178563035917989e+00
-5.992308120866528753e+00
-6.136070680661696031e+00
-6.281001335257286655e+00
-6.427006104660399899e+00
-6.574919851438345120e+00
-6.662462285582876120e+00
-6.732873361366749521e+00
-6.795302907783220547e+00
-6.847004345858103136e+00
-6.885904781462592439e+00
-6.910559009683311160e+00
-6.920230762124639057e+00
-6.914157058821366775e+00
-6.895008065052600443e+00
-6.859268636870979208e+00
-6.807182264224294954e+00
-6.752109631643961052e+00
-6.699164650063515580e+00
-6.654378638607504115e+00
-6.624443322290971992e+00
-6.616602976216775289e+00
-6.638706794821345625e+00
-6.699476539296149724e+00
-6.809085646690995475e+00
-6.977004006750014753e+00
-7.215927003386454430e+00
-7.553140856078705667e+00
-8.023339441851923937e+00
-8.677983282864069281e+00
-9.611263719045631149e+00
-1.102066400017429260e+01
-1.344878483740282249e+01
-2.302700910560487646e+00
-2.521703011109543091e+00
-2.747945348950307842e+00
-2.982708542514630690e+00
-3.231891718169030536e+00
-3.471814944371502953e+00
-3.701224090306943104e+00
-3.934745310654450989e+00
-4.175652963512671789e+00
-4.424729034520851201e+00
-4.683383742420545559e+00
-4.946585103511253578e+00
-5.220144366774333022e+00
-5.447641610294471803e+00
-5.576673887914722627e+00
-5.712362546247828021e+00
-5.851854988292100046e+00
-5.993760494782229387e+00
-6.137236663693077077e+00
-6.281744379455293625e+00
-6.427082939920200744e+00
-6.573856719285544159e+00
-6.673573208423924541e+00
-6.743338865376273361e+00
-6.805392067639797204e+00
-6.856797010359567679e+00
-6.895397627059324464e+00
-6.919696234610160701e+00
-6.928975889571916014e+00
-6.922951768536027117e+00
-6.902942686967971753e+00
-6.869180270530137022e+00
-6.816141911752168880e+00
-6.760135293686587943e+00
-6.706233202696175510e+00
-6.660453347117496037e+00
-6.629479878930688130e+00
-6.620547810320573490e+00
-6.641490272856785282e+00
-6.701000034045272002e+00
-6.809193563409330352e+00
-6.977384684529674530e+00
-7.214440130923392758e+00
-7.549689095839980268e+00
-8.017319633787003852e+00
-8.668856949268189283e+00
-9.597714324546736009e+00
-1.100059951509232548e+01
-1.341753372973709091e+01
-2.298386234343385848e+00
-2.515245328969069050e+00
-2.739643198977529615e+00
-2.972564361992001913e+00
-3.219717991678862745e+00
-3.458256496295660121e+00
-3.687274337604865337e+00
-3.920899844509250443e+00
-4.161052002050707799e+00
-4.409406862869644783e+00
-4.667333057833598531e+00
-4.931600939709667841e+00
-5.204550862071190664e+00
-5.431489090454721946e+00
-5.559589393427897264e+00
-5.694385156735201292e+00
-5.833009169257788784e+00
-5.974063358530152357e+00
-6.116701204889711363e+00
-6.260381272254495144e+00
-6.404901434400883886e+00
-6.550864108267496988e+00
-6.649912016074686960e+00
-6.718992027730504191e+00
-6.780387669931126737e+00
-6.831169259455379006e+00
-6.869187365666181933e+00
-6.892951849111081941e+00
-6.901756921278366264e+00
-6.894786211355025785e+00
-6.874445070215823961e+00
-6.840402408779709731e+00
-6.787146365965469386e+00
-6.730962469287945282e+00
-6.676923552379562921e+00
-6.631046440016071131e+00
-6.600015049555835844e+00
-6.591066013579023775e+00
-6.612037013948466324e+00
-6.671629339517167523e+00
-6.779972979404881528e+00
-6.948411362939161506e+00
-7.186011017944146317e+00
-7.521770237511645973e+00
-7.990399221836511856e+00
-8.643076215931685624e+00
-9.573901265846799902e+00
-1.097978162063755647e+01
-1.340190717789682395e+01
-2.338788548896125530e+00
-2.547980707724262661e+00
-2.768718252913423328e+00
-3.000167946132709318e+00
-3.247729264595000220e+00
-3.480051079124716118e+00
-3.710744218415071849e+00
-3.947343519971885151e+00
-4.189288983858520332e+00
-4.439731976626351440e+00
-4.700090318734796213e+00
-4.967597197614530558e+00
-5.244021170867853243e+00
-5.444513659266048577e+00
-5.574378916183460930e+00
-5.710446855211760209e+00
-5.850178563035953516e+00
-5.992308120866546517e+00
-6.136070680661685373e+00
-6.281001335257290208e+00
-6.427006104660375030e+00
-6.574919851438345120e+00
-6.662462285582801513e+00
-6.732873361366749521e+00
-6.795302907783259627e+00
-6.847004345858032082e+00
-6.885904781462599544e+00
-6.910559009683268528e+00
-6.920230762124617740e+00
-6.914157058821331248e+00
-6.895008065052596891e+00
-6.859268636870972102e+00
-6.807182264224245216e+00
-6.752109631643911314e+00
-6.699164650063508475e+00
-6.654378638607489904e+00
-6.624443322291000413e+00
-6.616602976216775289e+00
-6.638706794821310098e+00
-6.699476539296135513e+00
-6.809085646690974158e+00
-6.977004006750000542e+00
-7.215927003386482852e+00
-7.553140856078620402e+00
-8.023339441851938147e+00
-8.677983282864104808e+00
-9.611263719045588516e+00
-1.102066400017427128e+01
-1.344878483740282249e+01
-2.262963418393197479e+00
-2.489408824657825647e+00
-2.719196515694030758e+00
-2.955367701894761723e+00
-3.204118036582825457e+00
-3.450834786044985947e+00
-3.677013167587228182e+00
-3.908894775531972954e+00
-4.147925761377196707e+00
-4.394868718607413349e+00
-4.651068116456109180e+00
-4.910964342967266916e+00
-5.181058751871974621e+00
-5.434490223389460084e+00
-5.561816051137466133e+00
-5.696276810224564002e+00
-5.834700195131457434e+00
-5.975566877274850697e+00
-6.117954808492196861e+00
-6.261249889148611913e+00
-6.405144961339527043e+00
-6.550014967306839964e+00
-6.661160935091906765e+00
-6.729642103463699954e+00
-6.790706517618108506e+00
-6.841237469995892440e+00
-6.879003471450481300e+00
-6.902462947855422470e+00
-6.910864916607845743e+00
-6.904087549157331694e+00
-6.882940724177210257e+00
-6.850922346062937152e+00
-6.796774845377434815e+00
-6.739719805755079562e+00
-6.684788443525278012e+00
-6.637983428351326154e+00
-6.605980575586265502e+00
-6.596006840453128461e+00
-6.615883773792958777e+00
-6.674284662109059241e+00
-6.781287791849109681e+00
-6.949395334261815549e+00
-7.185796591242691989e+00
-7.519601164711318120e+00
-7.985654917525039309e+00
-8.635211643300337414e+00
-9.561555565007950008e+00
-1.096080594731625268e+01
-1.337151129508474590e+01
-2.298386234343382739e+00
-2.515245328969067717e+00
-2.739643198977527838e+00
-2.972564361991997473e+00
-3.219717991678858304e+00
-3.458256496295667226e+00
-3.687274337604856456e+00
-3.920899844509248666e+00
-4.161052002050698917e+00
-4.409406862869635901e+00
-4.667333057833580767e+00
-4.931600939709662512e+00
-5.204550862071190664e+00
-5.431489090454721946e+00
-5.559589393427886606e+00
-5.694385156735194187e+00
-5.833009169257810100e+00
-5.974063358530127488e+00
-6.116701204889711363e+00
-6.260381272254477381e+00
-6.404901434400869675e+00
-6.550864108267493435e+00
-6.649912016074711829e+00
-6.718992027730543271e+00
-6.780387669931084105e+00
-6.831169259455393217e+00
-6.869187365666157064e+00
-6.892951849111039309e+00
-6.901756921278391133e+00
-6.894786211355032890e+00
-6.874445070215791986e+00
-6.840402408779738153e+00
-6.787146365965455175e+00
-6.730962469287959493e+00
-6.676923552379562921e+00
-6.631046440016099552e+00
-6.600015049555814528e+00
-6.591066013579016669e+00
-6.612037013948487640e+00
-6.671629339517131996e+00
-6.779972979404888633e+00
-6.948411362939133085e+00
-7.186011017944167634e+00
-7.521770237511645973e+00
-7.990399221836504751e+00
-8.643076215931657202e+00
-9.573901265846764375e+00
-1.097978162063757424e+01
-1.340190717789681685e+01
-2.302700910560485426e+00
-2.521703011109540427e+00
-2.747945348950307842e+00
-2.982708542514631134e+00
-3.231891718169030536e+00
-3.471814944371506062e+00
-3.701224090306940440e+00
-3.934745310654451877e+00
-4.175652963512671789e+00
-4.424729034520844095e+00
-4.683383742420543783e+00
-4.946585103511234038e+00
-5.220144366774334799e+00
-5.447641610294454040e+00
-5.576673887914727956e+00
-5.712362546247813810e+00
-5.851854988292160442e+00
-5.993760494782225834e+00
-6.137236663693069971e+00
-6.281744379455314942e+00
-6.427082939920214955e+00
-6.573856719285544159e+00
-6.673573208423910330e+00
-6.743338865376276914e+00
-6.805392067639779441e+00
-6.856797010359549915e+00
-6.895397627059367096e+00
-6.919696234610174912e+00
-6.928975889571916014e+00
-6.922951768536101724e+00
-6.902942686968025043e+00
-6.869180270530158339e+00
-6.816141911752190197e+00
-6.760135293686545310e+00
-6.706233202696147089e+00
-6.660453347117488931e+00
-6.629479878930652603e+00
-6.620547810320566384e+00
-6.641490272856820809e+00
-6.701000034045257792e+00
-6.809193563409337457e+00
-6.977384684529688741e+00
-7.214440130923385652e+00
-7.549689095839980268e+00
-8.017319633786996746e+00
-8.668856949268217704e+00
-9.597714324546693376e+00
-1.100059951509235390e+01
-1.341753372973709268e+01
