-9.546798315961830816e-01
-1.501195556644207452e+00
-1.853980269357314858e+00
-2.097811432384588670e+00
-2.297450015713665472e+00
-2.459826450529501773e+00
-2.586136464521257672e+00
-2.677105044188470728e+00
-2.731743035628434679e+00
-2.748211189417130829e+00
-2.714970106008189887e+00
-2.578292600891965769e+00
-2.106228637327308473e+00
-2.601136239227946234e+00
-9.546798315961848580e-01
-1.501195556644206341e+00
-1.853980269357312638e+00
-2.097811432384590447e+00
-2.297450015713661031e+00
-2.459826450529500441e+00
-2.586136464521252787e+00
-2.677105044188466287e+00
-2.731743035628425353e+00
-2.748211189417128164e+00
-2.714970106008185891e+00
-2.578292600891971098e+00
-2.106228637327316022e+00
-2.601136239227946678e+00
-9.546798315961848580e-01
-1.501195556644203011e+00
-1.853980269357311528e+00
-2.097811432384589558e+00
-2.297450015713662808e+00
-2.459826450529500441e+00
-2.586136464521254563e+00
-2.677105044188464067e+00
-2.731743035628433791e+00
-2.748211189417130385e+00
-2.714970106008187223e+00
-2.578292600891963549e+00
-2.106228637327282716e+00
-2.601136239227892499e+00
-4.095307157527600594e+01
-2.068845841880943937e+01
-4.263425037760138991e+01
-2.555028332901479970e+01
-4.065373954675602164e+01
-2.930907108738914246e+01
-3.978071831289327065e+01
-3.243847738219367471e+01
-4.400667814616595308e+01
-4.056326674108675689e+01
-2.031913056900425119e+01
-4.115560602644083588e+01
-2.433338531212313782e+01
-3.851675108757316224e+01
-2.718219460060540271e+01
-3.685828010072521010e+01
-2.933213224392837404e+01
-3.983235708879147552e+01
-4.204283794237156968e+01
-2.147070229679014375e+01
-4.381396626098181457e+01
-2.650454494131434302e+01
-4.171747250623132430e+01
-3.029016171644454758e+01
-4.057332971037881464e+01
-3.329665413260958928e+01
-4.427776554446460011e+01
-4.095307157527540198e+01
-2.068845841880930791e+01
-4.263425037760089253e+01
-2.555028332901439825e+01
-4.065373954675654744e+01
-2.930907108738867350e+01
-3.978071831289369698e+01
-3.243847738219355392e+01
-4.400667814616595308e+01
-4.056326674108720454e+01
-2.031913056900415882e+01
-4.115560602644072219e+01
-2.433338531212313782e+01
-3.851675108757330435e+01
-2.718219460060540627e+01
-3.685828010072518168e+01
-2.933213224392832075e+01
-3.983235708879113446e+01
-4.204283794237146310e+01
-2.147070229679044218e+01
-4.381396626098166536e+01
-2.650454494131458105e+01
-4.171747250623035086e+01
-3.029016171644507693e+01
-4.057332971037859437e+01
-3.329665413260943296e+01
-4.427776554446418089e+01
-4.095307157527746256e+01
-2.068845841880862935e+01
-4.263425037760116254e+01
-2.555028332901425614e+01
-4.065373954675661139e+01
-2.930907108738874811e+01
-3.978071831289371829e+01
-3.243847738219363919e+01
-4.400667814616574702e+01
-4.056326674108878905e+01
-2.031913056900324932e+01
-4.115560602644111299e+01
-2.433338531212274702e+01
-3.851675108757329724e+01
-2.718219460060528192e+01
-3.685828010072529537e+01
-2.933213224392837404e+01
-3.983235708879139025e+01
-4.204283794237372263e+01
-2.147070229678939768e+01
-4.381396626098258196e+01
-2.650454494131397354e+01
-4.171747250623081982e+01
-3.029016171644483535e+01
-4.057332971037872937e+01
-3.329665413260917006e+01
-4.427776554446434432e+01
