-1.001794181031303133e+00
-1.537987143982218141e+00
-1.861130963549109341e+00
-2.097459578271111624e+00
-2.293547571394681128e+00
-2.453643015871324273e+00
-2.580117396190913404e+00
-2.675501336023641041e+00
-2.740004028243604672e+00
-2.772430041961669200e+00
-2.762631058148410812e+00
-2.675058271055402059e+00
-2.660649470604573352e+00
-3.049464568404888443e+00
-1.001794181031300912e+00
-1.537987143982216809e+00
-1.861130963549106010e+00
-2.097459578271107183e+00
-2.293547571394677576e+00
-2.453643015871319388e+00
-2.580117396190905854e+00
-2.675501336023638821e+00
-2.740004028243595791e+00
-2.772430041961666092e+00
-2.762631058148413032e+00
-2.675058271055405168e+00
-2.660649470604568023e+00
-3.049464568404885334e+00
-1.001794181031301800e+00
-1.537987143982217919e+00
-1.861130963549108452e+00
-2.097459578271110292e+00
-2.293547571394679352e+00
-2.453643015871321609e+00
-2.580117396190911183e+00
-2.675501336023636600e+00
-2.740004028243598011e+00
-2.772430041961669644e+00
-2.762631058148408147e+00
-2.675058271055400283e+00
-2.660649470604567579e+00
-3.049464568404859577e+00
-3.490940215932550217e+01
-2.384958942189446773e+01
-3.958959891999457170e+01
-2.393282875073727922e+01
-4.046521959850615247e+01
-2.567987287356512027e+01
-4.006278396974903444e+01
-2.853869788306893085e+01
-4.075925102015160917e+01
-3.461680131034031405e+01
-2.307823512859670245e+01
-3.789218321805185496e+01
-2.246876264068460216e+01
-3.770053772192440533e+01
-2.322617578597145283e+01
-3.630294713872406476e+01
-2.490399497756298430e+01
-3.580190526139041651e+01
-3.591350969882604716e+01
-2.466897885889256514e+01
-4.072887090286593548e+01
-2.483665905397105433e+01
-4.151930108757581195e+01
-2.652959705893294640e+01
-4.080233254804757337e+01
-2.922799169436731148e+01
-4.087739808235075856e+01
-3.490940215932557322e+01
-2.384958942189451037e+01
-3.958959891999433722e+01
-2.393282875073737515e+01
-4.046521959850625194e+01
-2.567987287356520909e+01
-4.006278396974909128e+01
-2.853869788306908717e+01
-4.075925102015157364e+01
-3.461680131034044905e+01
-2.307823512859653903e+01
-3.789218321805186918e+01
-2.246876264068451690e+01
-3.770053772192447639e+01
-2.322617578597143861e+01
-3.630294713872402923e+01
-2.490399497756301272e+01
-3.580190526139053020e+01
-3.591350969882635269e+01
-2.466897885889240172e+01
-4.072887090286599943e+01
-2.483665905397073459e+01
-4.151930108757608195e+01
-2.652959705893266218e+01
-4.080233254804799259e+01
-2.922799169436709832e+01
-4.087739808235075856e+01
-3.490940215932621982e+01
-2.384958942189382114e+01
-3.958959891999475644e+01
-2.393282875073690974e+01
-4.046521959850641537e+01
-2.567987287356504567e+01
-4.006278396974926181e+01
-2.853869788306907651e+01
-4.075925102015153101e+01
-3.461680131034140828e+01
-2.307823512859607717e+01
-3.789218321805235234e+01
-2.246876264068423623e+01
-3.770053772192490982e+01
-2.322617578597127874e+01
-3.630294713872406476e+01
-2.490399497756295233e+01
-3.580190526139080731e+01
-3.591350969882704192e+01
-2.466897885889176223e+01
-4.072887090286641865e+01
-2.483665905397042906e+01
-4.151930108757632354e+01
-2.652959705893239573e+01
-4.080233254804800680e+01
-2.922799169436695621e+01
-4.087739808235093619e+01
