-4.544344597206456671e-01
-2.980423789055741679e-01
-2.582448553300342731e-01
-2.616483164953047336e-01
-2.902763187202155315e-01
-3.330202614470447742e-01
-3.808137981680959072e-01
-4.444816411443168747e-01
-5.362853628720234411e-01
-6.057450118078442358e-01
-6.668556398814171615e-01
-7.246677276763966447e-01
-7.821965483531858609e-01
-8.405555341441068862e-01
-8.710349111393540511e-01
-8.503814467113297582e-01
-8.395141948092756934e-01
-8.376979205594619060e-01
-8.469942073358129875e-01
-8.715865179289785658e-01
-9.180859546000803562e-01
-9.957531307275253596e-01
-1.109413797181183270e+00
-1.290045714387705544e+00
-1.572799407457225129e+00
-1.999272188299666908e+00
-2.622005436414884372e+00
-3.435584482086249558e+00
-4.390678737637044193e+00
-5.322022838324350857e+00
-6.129038134000975191e+00
-1.267987613087738907e+01
-1.692570018964789114e+01
-1.647211086530537472e+01
-1.274413785218871453e+01
-8.685763719330804378e+00
-6.391214583240978797e+00
-6.087170293875955096e+00
-5.879810829840989683e+00
-5.367112022857685183e+00
-4.401104381867863680e+00
-3.364003246237544431e+00
-4.772559503802067837e+00
-5.095920793357246126e+00
-3.374468958210192326e+00
-2.844956984660193200e+00
-2.296016875814428815e+00
-2.654717239886219105e+00
-4.030847100673577543e+00
-4.544344597206468883e-01
-2.980423789055681727e-01
-2.582448553300333849e-01
-2.616483164953007368e-01
-2.902763187202044293e-01
-3.330202614470541000e-01
-3.808137981680825845e-01
-4.444816411443159865e-01
-5.362853628720172239e-01
-6.057450118078344659e-01
-6.668556398814216024e-01
-7.246677276763922038e-01
-7.821965483531840846e-01
-8.405555341441148798e-01
-8.710349111393682620e-01
-8.503814467113297582e-01
-8.395141948092756934e-01
-8.376979205594565769e-01
-8.469942073358076584e-01
-8.715865179289625786e-01
-9.180859546000466054e-01
-9.957531307275111487e-01
-1.109413797181176164e+00
-1.290045714387701992e+00
-1.572799407457207366e+00
-1.999272188299665132e+00
-2.622005436414868385e+00
-3.435584482086220248e+00
-4.390678737637033535e+00
-5.322022838324336647e+00
-6.129038134000972526e+00
-1.267987613087738730e+01
-1.692570018964795509e+01
-1.647211086530547064e+01
-1.274413785218879802e+01
-8.685763719330797272e+00
-6.391214583240953928e+00
-6.087170293875912463e+00
-5.879810829840946163e+00
-5.367112022857641662e+00
-4.401104381867854798e+00
-3.364003246237508904e+00
-4.772559503802003888e+00
-5.095920793357160861e+00
-3.374468958210101732e+00
-2.844956984660067079e+00
-2.296016875814407499e+00
-2.654717239886190683e+00
-4.030847100673534023e+00
-4.544344597206478875e-01
-2.980423789055697270e-01
-2.582448553300267235e-01
-2.616483164953060658e-01
-2.902763187202110906e-01
-3.330202614470474387e-01
-3.808137981680914663e-01
-4.444816411443142101e-01
-5.362853628720207766e-01
-6.057450118078424595e-01
-6.668556398814153852e-01
-7.246677276763948683e-01
-7.821965483531752028e-01
-8.405555341441122152e-01
-8.710349111393504984e-01
-8.503814467113333109e-01
-8.395141948092863515e-01
-8.376979205594636824e-01
-8.469942073358129875e-01
-8.715865179289661313e-01
-9.180859546000661453e-01
-9.957531307275253596e-01
-1.109413797181188599e+00
-1.290045714387698439e+00
-1.572799407457216248e+00
-1.999272188299666908e+00
-2.622005436414891477e+00
-3.435584482086258440e+00
-4.390678737637060181e+00
-5.322022838324365068e+00
-6.129038134000994731e+00
-1.267987613087757914e+01
-1.692570018964804390e+01
-1.647211086530536761e+01
-1.274413785218865414e+01
-8.685763719330729771e+00
-6.391214583240948599e+00
-6.087170293875907134e+00
-5.879810829840944386e+00
-5.367112022857625675e+00
-4.401104381867821047e+00
-3.364003246237475153e+00
-4.772559503801989678e+00
-5.095920793357157308e+00
-3.374468958210085745e+00
-2.844956984660267807e+00
-2.296016875814448355e+00
-2.654717239886220881e+00
-4.030847100673559780e+00
-3.782435794952520780e+01
-3.740055008364394951e+01
-3.751603151494786914e+01
-3.788143961113886604e+01
-3.830920423603349434e+01
-3.868508538647655115e+01
-3.900088768191879751e+01
-3.929598356351076660e+01
-3.951759036528503088e+01
-3.945739766743183452e+01
-3.905554216963631120e+01
-3.952878681956807583e+01
-3.827218940570692496e+01
-4.122899856345247116e+01
-3.810417332835451987e+01
-4.115863212663191462e+01
-4.101149699537639037e+01
-4.122467353439351001e+01
-4.137954677659381986e+01
-4.153927399367197637e+01
-4.168804493756258722e+01
-4.181423706472064339e+01
-4.192249338416188920e+01
-4.204425570242732135e+01
-4.224668572944358402e+01
-4.260041175492978027e+01
-4.322606771304936046e+01
-4.435507507194847676e+01
-4.635028784126988910e+01
-2.959144603021942999e+01
-3.203017370763807037e+01
-3.338862627268760974e+01
-3.449428550756844913e+01
-3.536960338676419013e+01
-3.597352249837900473e+01
-3.636943658569207116e+01
-3.668820584863505729e+01
-3.696475049639596477e+01
-3.721214301047581330e+01
-3.742670934794088566e+01
-3.760581783825257673e+01
-3.774934719614142864e+01
-3.785846864170314063e+01
-3.793430405898877922e+01
-3.797992204743680134e+01
-3.799550457403854153e+01
-3.798274492584855011e+01
-3.794419944733026284e+01
-3.788286299843727534e+01
-3.780611486993591086e+01
-3.772617067274342872e+01
-3.766571882883420130e+01
-3.766416400971215950e+01
-3.778644525687278843e+01
-3.814664693453384814e+01
-3.893853964120686584e+01
-4.044054826112967049e+01
-4.308134530216245395e+01
-3.957683808719779961e+01
-3.854587549847735772e+01
-3.852599245252282856e+01
-3.885466192948981501e+01
-3.925116183772790635e+01
-3.960629314406128287e+01
-3.992323924532031043e+01
-4.021208114183770022e+01
-4.041790524924778794e+01
-4.076123804267977135e+01
-3.982211422713062632e+01
-4.145784688595535528e+01
-3.951791010107780266e+01
-4.169526309966374811e+01
-4.163961233580716481e+01
-4.193607741040991499e+01
-4.212292369675429882e+01
-4.230655585432214849e+01
-4.247517724442072762e+01
-4.261997572128756673e+01
-4.273226116628106297e+01
-4.281362088289785106e+01
-4.288639937606589569e+01
-4.299124181835254888e+01
-4.317070464366773308e+01
-4.348877820883744505e+01
-4.404357803656583314e+01
-4.503239155641978186e+01
-4.672433692057076371e+01
-3.782435794952548491e+01
-3.740055008364365108e+01
-3.751603151494755650e+01
-3.788143961113860314e+01
-3.830920423603352987e+01
-3.868508538647644457e+01
-3.900088768191873356e+01
-3.929598356351058897e+01
-3.951759036528493141e+01
-3.945739766743116661e+01
-3.905554216963682279e+01
-3.952878681956779872e+01
-3.827218940570570993e+01
-4.122899856345390646e+01
-3.810417332835275772e+01
-4.115863212663192883e+01
-4.101149699537636195e+01
-4.122467353439348869e+01
-4.137954677659366354e+01
-4.153927399367210427e+01
-4.168804493756268670e+01
-4.181423706472062918e+01
-4.192249338416199578e+01
-4.204425570242727872e+01
-4.224668572944360534e+01
-4.260041175493030607e+01
-4.322606771304984363e+01
-4.435507507194856203e+01
-4.635028784127008805e+01
-2.959144603021945841e+01
-3.203017370763851090e+01
-3.338862627268825634e+01
-3.449428550756906020e+01
-3.536960338676490068e+01
-3.597352249837974369e+01
-3.636943658569276039e+01
-3.668820584863563283e+01
-3.696475049639650479e+01
-3.721214301047631778e+01
-3.742670934794140436e+01
-3.760581783825286806e+01
-3.774934719614172707e+01
-3.785846864170341775e+01
-3.793430405898906344e+01
-3.797992204743697897e+01
-3.799550457403865522e+01
-3.798274492584868511e+01
-3.794419944733027705e+01
-3.788286299843730376e+01
-3.780611486993595349e+01
-3.772617067274356373e+01
-3.766571882883415867e+01
-3.766416400971220924e+01
-3.778644525687274580e+01
-3.814664693453386946e+01
-3.893853964120684452e+01
-4.044054826112985523e+01
-4.308134530216283054e+01
-3.957683808719772856e+01
-3.854587549847713035e+01
-3.852599245252236670e+01
-3.885466192948960185e+01
-3.925116183772761502e+01
-3.960629314406081392e+01
-3.992323924532011858e+01
-4.021208114183762206e+01
-4.041790524924752503e+01
-4.076123804267960793e+01
-3.982211422713109528e+01
-4.145784688595331602e+01
-3.951791010107884716e+01
-4.169526309966332889e+01
-4.163961233580698718e+01
-4.193607741040982262e+01
-4.212292369675419934e+01
-4.230655585432220533e+01
-4.247517724442090525e+01
-4.261997572128767331e+01
-4.273226116628113402e+01
-4.281362088289803580e+01
-4.288639937606585306e+01
-4.299124181835264835e+01
-4.317070464366788940e+01
-4.348877820883753031e+01
-4.404357803656618842e+01
-4.503239155641988134e+01
-4.672433692057087740e+01
-3.782435794952566965e+01
-3.740055008364372924e+01
-3.751603151494783361e+01
-3.788143961113863867e+01
-3.830920423603349434e+01
-3.868508538647635220e+01
-3.900088768191877620e+01
-3.929598356351066712e+01
-3.951759036528508062e+01
-3.945739766743186294e+01
-3.905554216963652436e+01
-3.952878681956787688e+01
-3.827218940570639916e+01
-4.122899856345391356e+01
-3.810417332835321957e+01
-4.115863212663195725e+01
-4.101149699537626958e+01
-4.122467353439357396e+01
-4.137954677659369906e+01
-4.153927399367205453e+01
-4.168804493756269380e+01
-4.181423706472065049e+01
-4.192249338416189630e+01
-4.204425570242707977e+01
-4.224668572944337086e+01
-4.260041175492986554e+01
-4.322606771304958073e+01
-4.435507507194818544e+01
-4.635028784126971146e+01
-2.959144603021930919e+01
-3.203017370763824090e+01
-3.338862627268787264e+01
-3.449428550756879019e+01
-3.536960338676448146e+01
-3.597352249837938842e+01
-3.636943658569239801e+01
-3.668820584863539125e+01
-3.696475049639629873e+01
-3.721214301047612594e+01
-3.742670934794119120e+01
-3.760581783825276148e+01
-3.774934719614156364e+01
-3.785846864170327564e+01
-3.793430405898888580e+01
-3.797992204743689371e+01
-3.799550457403854864e+01
-3.798274492584859274e+01
-3.794419944733027705e+01
-3.788286299843732507e+01
-3.780611486993598902e+01
-3.772617067274361347e+01
-3.766571882883425815e+01
-3.766416400971241529e+01
-3.778644525687280264e+01
-3.814664693453408262e+01
-3.893853964120695110e+01
-4.044054826112988366e+01
-4.308134530216273816e+01
-3.957683808719841068e+01
-3.854587549847748562e+01
-3.852599245252274329e+01
-3.885466192948992870e+01
-3.925116183772770739e+01
-3.960629314406121892e+01
-3.992323924532016122e+01
-4.021208114183762206e+01
-4.041790524924759609e+01
-4.076123804267965767e+01
-3.982211422713186266e+01
-4.145784688595369971e+01
-3.951791010107744029e+01
-4.169526309966371258e+01
-4.163961233580698007e+01
-4.193607741041009263e+01
-4.212292369675444093e+01
-4.230655585432204191e+01
-4.247517724442082709e+01
-4.261997572128762357e+01
-4.273226116628121929e+01
-4.281362088289794343e+01
-4.288639937606595964e+01
-4.299124181835262704e+01
-4.317070464366775440e+01
-4.348877820883743794e+01
-4.404357803656608894e+01
-4.503239155641982450e+01
-4.672433692057083476e+01
