-6.442384316607963068e-01
-6.720505176090959543e-01
-7.137144680168763244e-01
-7.610839181364277284e-01
-8.096307273736131904e-01
-8.565295211808813258e-01
-8.998310260767580226e-01
-9.360677074203638259e-01
-9.856870624207427767e-01
-1.060712546306189275e+00
-1.130811303755452579e+00
-1.199419840122665448e+00
-1.267344484317179498e+00
-1.335410742172269849e+00
-1.404519903878241216e+00
-1.474034053011077816e+00
-1.546910387120281172e+00
-1.625562087101183106e+00
-1.695715289711811291e+00
-1.713819327292396721e+00
-1.738652846882834613e+00
-1.766134465658396380e+00
-1.794363838841295689e+00
-1.822333239208056455e+00
-1.849565066292505833e+00
-1.875954928242470565e+00
-1.901689247848143971e+00
-1.927225187374010495e+00
-1.953409053771565596e+00
-1.975463902574168706e+00
-1.982068792235406107e+00
-1.989712175736128685e+00
-1.997390248428862591e+00
-2.004397560670430067e+00
-2.009956910355416682e+00
-2.013121291407864888e+00
-2.012842140423243720e+00
-2.008213996328865214e+00
-1.998865731038212523e+00
-1.985377019001145271e+00
-1.969407238650066283e+00
-1.952301144449768877e+00
-1.928012726732599269e+00
-1.880061139631513001e+00
-2.151334091506187818e+00
-2.629833255529787195e+00
-2.777536735914161170e+00
-2.998279488166415874e+00
-3.910850269997933282e+00
-6.442384316607969730e-01
-6.720505176090941779e-01
-7.137144680168776567e-01
-7.610839181364296158e-01
-8.096307273736116361e-01
-8.565295211808813258e-01
-8.998310260767582447e-01
-9.360677074203647141e-01
-9.856870624207438869e-01
-1.060712546306193493e+00
-1.130811303755453912e+00
-1.199419840122664560e+00
-1.267344484317180608e+00
-1.335410742172268961e+00
-1.404519903878243881e+00
-1.474034053011073819e+00
-1.546910387120280728e+00
-1.625562087101186215e+00
-1.695715289711813067e+00
-1.713819327292398498e+00
-1.738652846882839054e+00
-1.766134465658396380e+00
-1.794363838841296577e+00
-1.822333239208047573e+00
-1.849565066292506721e+00
-1.875954928242470565e+00
-1.901689247848151965e+00
-1.927225187374014048e+00
-1.953409053771567372e+00
-1.975463902574161601e+00
-1.982068792235402555e+00
-1.989712175736134014e+00
-1.997390248428853710e+00
-2.004397560670423850e+00
-2.009956910355425563e+00
-2.013121291407878211e+00
-2.012842140423251713e+00
-2.008213996328858997e+00
-1.998865731038203641e+00
-1.985377019001138166e+00
-1.969407238650066283e+00
-1.952301144449766213e+00
-1.928012726732605486e+00
-1.880061139631507672e+00
-2.151334091506152291e+00
-2.629833255529764102e+00
-2.777536735914154953e+00
-2.998279488166414986e+00
-3.910850269997916850e+00
-6.442384316607974171e-01
-6.720505176090955102e-01
-7.137144680168779898e-01
-7.610839181364297268e-01
-8.096307273736125243e-01
-8.565295211808799936e-01
-8.998310260767564683e-01
-9.360677074203632708e-01
-9.856870624207427767e-01
-1.060712546306189052e+00
-1.130811303755453912e+00
-1.199419840122663228e+00
-1.267344484317182163e+00
-1.335410742172269405e+00
-1.404519903878238107e+00
-1.474034053011072043e+00
-1.546910387120280728e+00
-1.625562087101183106e+00
-1.695715289711809515e+00
-1.713819327292391392e+00
-1.738652846882836833e+00
-1.766134465658397268e+00
-1.794363838841299241e+00
-1.822333239208061784e+00
-1.849565066292504945e+00
-1.875954928242475894e+00
-1.901689247848153741e+00
-1.927225187374010495e+00
-1.953409053771564707e+00
-1.975463902574163377e+00
-1.982068792235411436e+00
-1.989712175736125133e+00
-1.997390248428848381e+00
-2.004397560670437173e+00
-2.009956910355422011e+00
-2.013121291407877322e+00
-2.012842140423243720e+00
-2.008213996328846562e+00
-1.998865731038204530e+00
-1.985377019001148824e+00
-1.969407238650058289e+00
-1.952301144449759107e+00
-1.928012726732607263e+00
-1.880061139631500566e+00
-2.151334091506191371e+00
-2.629833255529797853e+00
-2.777536735914166499e+00
-2.998279488166410545e+00
-3.910850269997925288e+00
-2.821535296763250500e+01
-2.895022727629767445e+01
-2.952898097662736276e+01
-2.994764991677846666e+01
-3.024035348862862804e+01
-3.048115135714981250e+01
-3.070081115362429003e+01
-3.091008774440694040e+01
-3.111047847865668814e+01
-3.129981435745539287e+01
-3.147695803216880961e+01
-3.164058935304868569e+01
-3.179114684950844705e+01
-3.192925293216424620e+01
-3.205530481190181291e+01
-3.216958152212636435e+01
-3.227265937180931132e+01
-3.236633738470463584e+01
-3.245123948843751549e+01
-3.252943786274622084e+01
-3.260398690335401284e+01
-3.267636860115534603e+01
-3.274753599709525531e+01
-3.282057566406645321e+01
-3.289902411977340080e+01
-3.297572873663307291e+01
-3.303777146184560820e+01
-3.315817042589613095e+01
-3.352911405573537706e+01
-2.641563465919002951e+01
-2.750669382716768396e+01
-2.818702099109149017e+01
-2.871442687427674656e+01
-2.909483155501250806e+01
-2.933367592021391346e+01
-2.949450308403176635e+01
-2.962485895428226712e+01
-2.974019254565856585e+01
-2.984575360604442906e+01
-2.994074120871655609e+01
-3.002290415357594711e+01
-3.009095922085999320e+01
-3.014615904434150906e+01
-3.018855478019041527e+01
-3.021906348555504351e+01
-3.023867413559947082e+01
-3.024913361703000447e+01
-3.025119254473793973e+01
-3.024791995181884019e+01
-3.024184405455569902e+01
-3.023837064315381795e+01
-3.024517837758271455e+01
-3.027029222192550506e+01
-3.032591105434069689e+01
-3.043586895043284457e+01
-3.062933745720955514e+01
-3.094881442842293851e+01
-3.162478857950147315e+01
-2.803809135102049410e+01
-2.896353664247195780e+01
-2.965604153142578170e+01
-3.019577473552969593e+01
-3.059438130597059313e+01
-3.088987286879559946e+01
-3.113807533929236726e+01
-3.135963552892551576e+01
-3.156358178376168055e+01
-3.175189558990148697e+01
-3.192615227220644414e+01
-3.208362821414139177e+01
-3.222633724368494512e+01
-3.235346866235417451e+01
-3.246569592307885443e+01
-3.256433945156324938e+01
-3.265043336969721111e+01
-3.272424061473121526e+01
-3.278911610691965706e+01
-3.284501684142979627e+01
-3.289384909233351095e+01
-3.293663043516719569e+01
-3.297478958785865188e+01
-3.300916496996754290e+01
-3.303465887747512397e+01
-3.304052115860816485e+01
-3.303883455441604866e+01
-3.308108942915518469e+01
-3.335750026562070758e+01
-2.821535296763244105e+01
-2.895022727629753945e+01
-2.952898097662723842e+01
-2.994764991677829968e+01
-3.024035348862859962e+01
-3.048115135714970947e+01
-3.070081115362423674e+01
-3.091008774440677698e+01
-3.111047847865666327e+01
-3.129981435745530050e+01
-3.147695803216873855e+01
-3.164058935304869635e+01
-3.179114684950837955e+01
-3.192925293216426752e+01
-3.205530481190179160e+01
-3.216958152212629329e+01
-3.227265937180935396e+01
-3.236633738470457189e+01
-3.245123948843747286e+01
-3.252943786274623506e+01
-3.260398690335406968e+01
-3.267636860115533182e+01
-3.274753599709526952e+01
-3.282057566406648164e+01
-3.289902411977343633e+01
-3.297572873663329318e+01
-3.303777146184584268e+01
-3.315817042589613095e+01
-3.352911405573541970e+01
-2.641563465919013964e+01
-2.750669382716799305e+01
-2.818702099109185610e+01
-2.871442687427712315e+01
-2.909483155501295570e+01
-2.933367592021436110e+01
-2.949450308403222465e+01
-2.962485895428264726e+01
-2.974019254565894954e+01
-2.984575360604478078e+01
-2.994074120871687583e+01
-3.002290415357618869e+01
-3.009095922086024189e+01
-3.014615904434173999e+01
-3.018855478019058936e+01
-3.021906348555515720e+01
-3.023867413559954187e+01
-3.024913361703004355e+01
-3.025119254473798591e+01
-3.024791995181881177e+01
-3.024184405455570257e+01
-3.023837064315385348e+01
-3.024517837758267902e+01
-3.027029222192551927e+01
-3.032591105434067558e+01
-3.043586895043288720e+01
-3.062933745720949830e+01
-3.094881442842301666e+01
-3.162478857950164368e+01
-2.803809135102052608e+01
-2.896353664247184057e+01
-2.965604153142566801e+01
-3.019577473552968883e+01
-3.059438130597049721e+01
-3.088987286879546446e+01
-3.113807533929234950e+01
-3.135963552892548378e+01
-3.156358178376153134e+01
-3.175189558990147276e+01
-3.192615227220633756e+01
-3.208362821414127808e+01
-3.222633724368488828e+01
-3.235346866235406793e+01
-3.246569592307873364e+01
-3.256433945156318543e+01
-3.265043336969718268e+01
-3.272424061473124368e+01
-3.278911610691972101e+01
-3.284501684142976075e+01
-3.289384909233359622e+01
-3.293663043516716726e+01
-3.297478958785865899e+01
-3.300916496996760685e+01
-3.303465887747518082e+01
-3.304052115860815775e+01
-3.303883455441619788e+01
-3.308108942915522022e+01
-3.335750026562072179e+01
-2.821535296763257250e+01
-2.895022727629761050e+01
-2.952898097662735211e+01
-2.994764991677837074e+01
-3.024035348862870620e+01
-3.048115135714983737e+01
-3.070081115362433266e+01
-3.091008774440682672e+01
-3.111047847865675564e+01
-3.129981435745536089e+01
-3.147695803216887356e+01
-3.164058935304872477e+01
-3.179114684950841507e+01
-3.192925293216423910e+01
-3.205530481190185554e+01
-3.216958152212642119e+01
-3.227265937180930422e+01
-3.236633738470462163e+01
-3.245123948843745154e+01
-3.252943786274624216e+01
-3.260398690335402705e+01
-3.267636860115527497e+01
-3.274753599709522689e+01
-3.282057566406638216e+01
-3.289902411977335106e+01
-3.297572873663312265e+01
-3.303777146184566504e+01
-3.315817042589596753e+01
-3.352911405573526338e+01
-2.641563465919002240e+01
-2.750669382716780120e+01
-2.818702099109164294e+01
-2.871442687427691709e+01
-2.909483155501271767e+01
-2.933367592021418346e+01
-2.949450308403201149e+01
-2.962485895428251226e+01
-2.974019254565881099e+01
-2.984575360604466709e+01
-2.994074120871676215e+01
-3.002290415357612474e+01
-3.009095922086013175e+01
-3.014615904434163340e+01
-3.018855478019046856e+01
-3.021906348555507904e+01
-3.023867413559952055e+01
-3.024913361703003645e+01
-3.025119254473799657e+01
-3.024791995181882598e+01
-3.024184405455572389e+01
-3.023837064315391032e+01
-3.024517837758274297e+01
-3.027029222192562941e+01
-3.032591105434072887e+01
-3.043586895043298668e+01
-3.062933745720959067e+01
-3.094881442842304153e+01
-3.162478857950160460e+01
-2.803809135102054029e+01
-2.896353664247189386e+01
-2.965604153142579236e+01
-3.019577473552972435e+01
-3.059438130597058603e+01
-3.088987286879553551e+01
-3.113807533929234239e+01
-3.135963552892552642e+01
-3.156358178376162726e+01
-3.175189558990145855e+01
-3.192615227220638374e+01
-3.208362821414130650e+01
-3.222633724368487407e+01
-3.235346866235406083e+01
-3.246569592307876917e+01
-3.256433945156322096e+01
-3.265043336969726795e+01
-3.272424061473124368e+01
-3.278911610691967837e+01
-3.284501684142976785e+01
-3.289384909233355359e+01
-3.293663043516716016e+01
-3.297478958785863767e+01
-3.300916496996758553e+01
-3.303465887747508134e+01
-3.304052115860809380e+01
-3.303883455441605577e+01
-3.308108942915512785e+01
-3.335750026562062232e+01
