-9.366585200165893355e-01
-1.005280804813255546e+00
-1.094032116141961719e+00
-1.192307633116445276e+00
-1.299130040360265248e+00
-1.408223053435490035e+00
-1.520073779073862763e+00
-1.633663496273640714e+00
-1.750669818831299462e+00
-1.820434960982462158e+00
-1.893460674786991760e+00
-1.968833658895917438e+00
-2.046277464882676256e+00
-2.125768714772487300e+00
-2.207635593754526226e+00
-2.284267642474682614e+00
-2.347088926529020014e+00
-2.410181385570244750e+00
-2.472625815918402914e+00
-2.533720989113605881e+00
-2.592812822105893034e+00
-2.649290032543222040e+00
-2.700018519236703440e+00
-2.743623265925115184e+00
-2.781985815081253754e+00
-2.814202994163466975e+00
-2.839513969412760908e+00
-2.857191774832315900e+00
-2.866604355206908927e+00
-2.866528839099197867e+00
-2.854478240373795828e+00
-2.830888498990802304e+00
-2.792074092425523624e+00
-2.733265486361004193e+00
-2.644918462909634727e+00
-2.510941462475329899e+00
-2.307448269502565097e+00
-2.003238971256553924e+00
-1.552922453974163730e+00
-8.886426943077765372e-01
8.548598950601871138e-02
2.013828393164043717e+00
1.331567922317113073e+01
3.775739513266223923e+01
4.462920369900393069e+01
-3.703578888775196560e+02
6.652833363356504037e+01
2.452361167290746380e+01
8.554750376345552354e-01
-9.366585200165853387e-01
-1.005280804813240225e+00
-1.094032116141941735e+00
-1.192307633116424626e+00
-1.299130040360238825e+00
-1.408223053435462280e+00
-1.520073779073831677e+00
-1.633663496273612292e+00
-1.750669818831270153e+00
-1.820434960982433736e+00
-1.893460674786954456e+00
-1.968833658895880134e+00
-2.046277464882639840e+00
-2.125768714772441115e+00
-2.207635593754486258e+00
-2.284267642474648863e+00
-2.347088926528991593e+00
-2.410181385570196788e+00
-2.472625815918364722e+00
-2.533720989113587230e+00
-2.592812822105871717e+00
-2.649290032543200724e+00
-2.700018519236691006e+00
-2.743623265925126731e+00
-2.781985815081251090e+00
-2.814202994163480298e+00
-2.839513969412786665e+00
-2.857191774832354092e+00
-2.866604355206964883e+00
-2.866528839099265369e+00
-2.854478240373911291e+00
-2.830888498990958624e+00
-2.792074092425687937e+00
-2.733265486361210250e+00
-2.644918462909924273e+00
-2.510941462475690500e+00
-2.307448269502968330e+00
-2.003238971256994461e+00
-1.552922453974700190e+00
-8.886426943083645114e-01
8.548598950529751050e-02
2.013828393162246044e+00
1.331567922316657260e+01
3.775739513265466485e+01
4.462920369902590778e+01
-3.703578888775332416e+02
6.652833363356259611e+01
2.452361167290710142e+01
8.554750376344557594e-01
-9.366585200165714609e-01
-1.005280804813230233e+00
-1.094032116141928412e+00
-1.192307633116407528e+00
-1.299130040360222615e+00
-1.408223053435441852e+00
-1.520073779073813025e+00
-1.633663496273593418e+00
-1.750669818831250613e+00
-1.820434960982407091e+00
-1.893460674786926479e+00
-1.968833658895841943e+00
-2.046277464882593655e+00
-2.125768714772398482e+00
-2.207635593754435188e+00
-2.284267642474596460e+00
-2.347088926528925423e+00
-2.410181385570136392e+00
-2.472625815918275904e+00
-2.533720989113493971e+00
-2.592812822105776682e+00
-2.649290032543101248e+00
-2.700018519236571102e+00
-2.743623265924999721e+00
-2.781985815081116087e+00
-2.814202994163330196e+00
-2.839513969412634786e+00
-2.857191774832186226e+00
-2.866604355206784582e+00
-2.866528839099071746e+00
-2.854478240373681253e+00
-2.830888498990717039e+00
-2.792074092425429477e+00
-2.733265486360899388e+00
-2.644918462909558343e+00
-2.510941462475248187e+00
-2.307448269502467397e+00
-2.003238971256422474e+00
-1.552922453974023398e+00
-8.886426943075598217e-01
8.548598950632424476e-02
2.013828393165066899e+00
1.331567922317418962e+01
3.775739513266849201e+01
4.462920369898184703e+01
-3.703578888775061841e+02
6.652833363356609198e+01
2.452361167290729327e+01
8.554750376347151075e-01
-3.252918618835007436e+01
-3.288533960128590650e+01
-3.338892543934201740e+01
-3.360573579477519246e+01
-3.337119605200501127e+01
-3.242663475259021766e+01
-3.043846829792606457e+01
-2.333893476003988354e+01
-9.145150050882823178e-01
-1.021108959887296521e+02
2.722448202510507542e+01
-2.730729601822716646e+01
-2.811306208068666024e+01
-3.166686602502550230e+01
-3.172329962809834569e+01
-3.204700655486281846e+01
-3.238470680113480427e+01
-3.273462091197356472e+01
-3.313732216177962187e+01
-3.361929183799925624e+01
-3.421864387219548576e+01
-3.482047081734672389e+01
-3.745547243923929415e+01
-3.740398664134677631e+01
-3.769167302640980211e+01
-3.811433859140984026e+01
-3.887731343931363170e+01
-4.042040330843628482e+01
-4.372134713520593863e+01
-2.883718398103965441e+01
-3.025343192874582954e+01
-3.103541272626061343e+01
-3.133271228326240276e+01
-3.156698971469172221e+01
-3.181377814021545802e+01
-3.199611407437341981e+01
-3.212548240215748052e+01
-3.215131246577286817e+01
-3.174227652928678012e+01
-3.112968309888259455e+01
-3.085886597080961025e+01
-3.061894641470194500e+01
-3.040960928871741231e+01
-3.022499452303315337e+01
-3.006619925117816905e+01
-2.993799555288323333e+01
-2.984767395648186294e+01
-2.980596406110097618e+01
-2.982795745073318727e+01
-2.993974327256777102e+01
-3.003527517924089452e+01
-3.152657139215831350e+01
-3.164049323302551286e+01
-3.189641970219166822e+01
-3.234783292248844333e+01
-3.307624016821858248e+01
-3.457302338715176404e+01
-3.818904029362568764e+01
-3.997737009520513141e+01
-3.855740429935026015e+01
-3.857709009625357766e+01
-3.884838138693209686e+01
-3.910415500081516882e+01
-3.874147994423735497e+01
-3.873123258333443175e+01
-3.888820339396709613e+01
-3.906614167629814460e+01
-3.925714237738023371e+01
-3.945294631156720300e+01
-3.965098604040700536e+01
-3.985156375675090601e+01
-4.005641062459508817e+01
-4.026639694079530329e+01
-4.049984885566156834e+01
-4.035367496727562298e+01
-4.190523867689842064e+01
-4.226004368481273588e+01
-4.226518060447363467e+01
-4.232293759246869769e+01
-4.239821675007561907e+01
-4.243895439896610355e+01
-4.247710939003064823e+01
-4.258615215011830912e+01
-4.284858279985486718e+01
-4.339582259174028422e+01
-4.449188453605341920e+01
-4.658394855151399838e+01
-3.252918618834974751e+01
-3.288533960128567912e+01
-3.338892543934186108e+01
-3.360573579477509298e+01
-3.337119605200494732e+01
-3.242663475259141137e+01
-3.043846829792725828e+01
-2.333893476004504208e+01
-9.145150051112292955e-01
-1.021108959886342831e+02
2.722448202507496262e+01
-2.730729601821676411e+01
-2.811306208069093771e+01
-3.166686602502702641e+01
-3.172329962809910597e+01
-3.204700655486326610e+01
-3.238470680113540112e+01
-3.273462091197395551e+01
-3.313732216177975687e+01
-3.361929183799942678e+01
-3.421864387219580550e+01
-3.482047081734700811e+01
-3.745547243923939362e+01
-3.740398664134696816e+01
-3.769167302641003658e+01
-3.811433859141013869e+01
-3.887731343931401540e+01
-4.042040330843685325e+01
-4.372134713520657812e+01
-2.883718398104013048e+01
-3.025343192874622034e+01
-3.103541272626090830e+01
-3.133271228326275448e+01
-3.156698971469211301e+01
-3.181377814021581329e+01
-3.199611407437379640e+01
-3.212548240215775763e+01
-3.215131246577314528e+01
-3.174227652928682630e+01
-3.112968309888278995e+01
-3.085886597080993354e+01
-3.061894641470204448e+01
-3.040960928871764324e+01
-3.022499452303329548e+01
-3.006619925117838221e+01
-2.993799555288380532e+01
-2.984767395648203703e+01
-2.980596406110140251e+01
-2.982795745073373794e+01
-2.993974327256811918e+01
-3.003527517924080925e+01
-3.152657139215856219e+01
-3.164049323302583616e+01
-3.189641970219196665e+01
-3.234783292248872044e+01
-3.307624016821874591e+01
-3.457302338715204826e+01
-3.818904029362550290e+01
-3.997737009520476903e+01
-3.855740429935002567e+01
-3.857709009625325791e+01
-3.884838138693177001e+01
-3.910415500081511908e+01
-3.874147994423709918e+01
-3.873123258333396990e+01
-3.888820339396657744e+01
-3.906614167629821566e+01
-3.925714237737972212e+01
-3.945294631156694010e+01
-3.965098604040701957e+01
-3.985156375675051521e+01
-4.005641062459523738e+01
-4.026639694079523224e+01
-4.049984885566103543e+01
-4.035367496727546666e+01
-4.190523867689788062e+01
-4.226004368481254403e+01
-4.226518060447341441e+01
-4.232293759246856268e+01
-4.239821675007543433e+01
-4.243895439896599697e+01
-4.247710939003059138e+01
-4.258615215011828781e+01
-4.284858279985481033e+01
-4.339582259174034107e+01
-4.449188453605337656e+01
-4.658394855151385627e+01
-3.252918618834986830e+01
-3.288533960128572886e+01
-3.338892543934209556e+01
-3.360573579477528483e+01
-3.337119605200525996e+01
-3.242663475259094952e+01
-3.043846829792736486e+01
-2.333893476004574552e+01
-9.145150051014024895e-01
-1.021108959886480250e+02
2.722448202511517934e+01
-2.730729601824815944e+01
-2.811306208068844015e+01
-3.166686602502741366e+01
-3.172329962809935111e+01
-3.204700655486297478e+01
-3.238470680113536559e+01
-3.273462091197376367e+01
-3.313732216177942291e+01
-3.361929183799897913e+01
-3.421864387219532944e+01
-3.482047081734643257e+01
-3.745547243923942204e+01
-3.740398664134694684e+01
-3.769167302641005080e+01
-3.811433859141009606e+01
-3.887731343931379513e+01
-4.042040330843641271e+01
-4.372134713520669180e+01
-2.883718398103983560e+01
-3.025343192874604981e+01
-3.103541272626085501e+01
-3.133271228326272961e+01
-3.156698971469201709e+01
-3.181377814021573514e+01
-3.199611407437356903e+01
-3.212548240215763684e+01
-3.215131246577298185e+01
-3.174227652928728816e+01
-3.112968309888270468e+01
-3.085886597080948590e+01
-3.061894641470198763e+01
-3.040960928871749758e+01
-3.022499452303306100e+01
-3.006619925117808734e+01
-2.993799555288339675e+01
-2.984767395648168531e+01
-2.980596406110107921e+01
-2.982795745073324767e+01
-2.993974327256746903e+01
-3.003527517924041845e+01
-3.152657139215791915e+01
-3.164049323302509009e+01
-3.189641970219106071e+01
-3.234783292248781095e+01
-3.307624016821781510e+01
-3.457302338715079060e+01
-3.818904029362433761e+01
-3.997737009520457718e+01
-3.855740429935005409e+01
-3.857709009625341423e+01
-3.884838138693184106e+01
-3.910415500081519014e+01
-3.874147994423712049e+01
-3.873123258333446017e+01
-3.888820339396656323e+01
-3.906614167629857093e+01
-3.925714237737989265e+01
-3.945294631156700405e+01
-3.965098604040721142e+01
-3.985156375675092022e+01
-4.005641062459513790e+01
-4.026639694079508303e+01
-4.049984885566110648e+01
-4.035367496727582903e+01
-4.190523867689812931e+01
-4.226004368481270745e+01
-4.226518060447363467e+01
-4.232293759246863374e+01
-4.239821675007559776e+01
-4.243895439896619592e+01
-4.247710939003081165e+01
-4.258615215011851518e+01
-4.284858279985505192e+01
-4.339582259174046186e+01
-4.449188453605347604e+01
-4.658394855151386338e+01
