-9.875613486205018221e-01
-1.531365423449465801e+00
-1.943472412677366146e+00
-2.213562826028407038e+00
-2.430795365720447965e+00
-2.610236635963248730e+00
-2.751519019339880412e+00
-2.854794513527363353e+00
-2.918978706255832112e+00
-2.942245415177232815e+00
-2.915073673666094933e+00
-2.786410936929416327e+00
-2.401804559071061718e+00
-2.690649168662219815e+00
-9.875613486204986025e-01
-1.531365423449465801e+00
-1.943472412677362149e+00
-2.213562826028402153e+00
-2.430795365720440859e+00
-2.610236635963245178e+00
-2.751519019339876859e+00
-2.854794513527357580e+00
-2.918978706255827671e+00
-2.942245415177233259e+00
-2.915073673666095377e+00
-2.786410936929421212e+00
-2.401804559071066159e+00
-2.690649168662213597e+00
-9.875613486204998237e-01
-1.531365423449464025e+00
-1.943472412677361927e+00
-2.213562826028402153e+00
-2.430795365720443968e+00
-2.610236635963245178e+00
-2.751519019339879524e+00
-2.854794513527362021e+00
-2.918978706255834332e+00
-2.942245415177231926e+00
-2.915073673666084719e+00
-2.786410936929406112e+00
-2.401804559071030631e+00
-2.690649168662127000e+00
-4.235443168928774327e+01
-2.245597754332427343e+01
-4.484303402223073931e+01
-2.698538752105309868e+01
-4.307972151462479360e+01
-3.092980659015698564e+01
-4.229288027700350483e+01
-3.466738234360094140e+01
-4.867980971126972634e+01
-4.198731668993053034e+01
-2.201217786768350848e+01
-4.322609100274480909e+01
-2.567636465711166238e+01
-4.070178600093112919e+01
-2.863530293860667797e+01
-3.902151996008157653e+01
-3.125127595393479041e+01
-4.383301590180303720e+01
-4.337866722652928786e+01
-2.323384240439575166e+01
-4.596112427610100326e+01
-2.789747633657900394e+01
-4.410479289346704235e+01
-3.185327016248403709e+01
-4.301566690128703385e+01
-3.542532282582842384e+01
-4.873263252146857383e+01
-4.235443168928807722e+01
-2.245597754332434093e+01
-4.484303402223056167e+01
-2.698538752105350369e+01
-4.307972151462460175e+01
-3.092980659015706379e+01
-4.229288027700342667e+01
-3.466738234360089166e+01
-4.867980971126965528e+01
-4.198731668993058008e+01
-2.201217786768328821e+01
-4.322609100274456750e+01
-2.567636465711153448e+01
-4.070178600093102261e+01
-2.863530293860661757e+01
-3.902151996008156232e+01
-3.125127595393480817e+01
-4.383301590180352036e+01
-4.337866722652960050e+01
-2.323384240439530757e+01
-4.596112427610220408e+01
-2.789747633657841774e+01
-4.410479289346760368e+01
-3.185327016248373866e+01
-4.301566690128706227e+01
-3.542532282582826042e+01
-4.873263252146827540e+01
-4.235443168928992463e+01
-2.245597754332334262e+01
-4.484303402223119406e+01
-2.698538752105312710e+01
-4.307972151462455912e+01
-3.092980659015726275e+01
-4.229288027700327035e+01
-3.466738234360132509e+01
-4.867980971126981160e+01
-4.198731668993264776e+01
-2.201217786768241780e+01
-4.322609100274495120e+01
-2.567636465711156646e+01
-4.070178600093138499e+01
-2.863530293860666376e+01
-3.902151996008152679e+01
-3.125127595393492541e+01
-4.383301590180374774e+01
-4.337866722653146923e+01
-2.323384240439445847e+01
-4.596112427610209750e+01
-2.789747633657850656e+01
-4.410479289346771736e+01
-3.185327016248357168e+01
-4.301566690128710491e+01
-3.542532282582838121e+01
-4.873263252146873725e+01
