-7.942744466384532576e-01
-1.041206972392704211e+00
-1.352557776837874037e+00
-1.676564425738274355e+00
-1.955971753366600119e+00
-2.135544611232886858e+00
-2.326572438900414763e+00
-2.464165549160163060e+00
-2.586290871688783799e+00
-2.695556210974797473e+00
-2.777149646022063045e+00
-2.839598659873328934e+00
-2.882678929038195115e+00
-2.909185515297171953e+00
-2.923894818584134470e+00
-2.878718115013925605e+00
-2.636027143926898297e+00
-1.621373782228277882e+00
-3.850568225649576348e+00
-7.942744466384519253e-01
-1.041206972392699992e+00
-1.352557776837870485e+00
-1.676564425738272135e+00
-1.955971753366599675e+00
-2.135544611232884193e+00
-2.326572438900411655e+00
-2.464165549160158175e+00
-2.586290871688780690e+00
-2.695556210974793476e+00
-2.777149646022061269e+00
-2.839598659873324493e+00
-2.882678929038190230e+00
-2.909185515297174174e+00
-2.923894818584137134e+00
-2.878718115013925605e+00
-2.636027143926896521e+00
-1.621373782228244131e+00
-3.850568225649575460e+00
-7.942744466384539237e-01
-1.041206972392704655e+00
-1.352557776837872261e+00
-1.676564425738272357e+00
-1.955971753366600785e+00
-2.135544611232886858e+00
-2.326572438900411655e+00
-2.464165549160160840e+00
-2.586290871688783355e+00
-2.695556210974793920e+00
-2.777149646022056828e+00
-2.839598659873321385e+00
-2.882678929038185789e+00
-2.909185515297156410e+00
-2.923894818584104272e+00
-2.878718115013886525e+00
-2.636027143926812588e+00
-1.621373782227773397e+00
-3.850568225649511955e+00
-3.984476352575114078e+01
-4.125762126792275097e+01
-3.809528249372841202e+01
-3.819583023413202483e+01
-3.936558231956630749e+01
-4.006027215546055231e+01
-4.024981781984860163e+01
-4.005818877422932900e+01
-3.956024048990658315e+01
-3.883437270867609925e+01
-3.814291917964767720e+01
-4.276447605441219935e+01
-4.410850305914726732e+01
-4.078163022546670646e+01
-4.105568954983345975e+01
-4.246728111676488737e+01
-4.339250142206793726e+01
-4.378754504308194839e+01
-4.375519973237781102e+01
-4.336229998275035058e+01
-4.267404336795170394e+01
-4.178241085915464481e+01
-4.334617606350418129e+01
-4.435051831257401034e+01
-4.089793044754087248e+01
-4.118867386096776784e+01
-4.269160813713465075e+01
-4.372519688689109785e+01
-4.424488710322008700e+01
-4.434573853936832677e+01
-4.408721166878765985e+01
-4.353127737054017388e+01
-4.273773678911756235e+01
-3.984476352575120472e+01
-4.125762126792275097e+01
-3.809528249372840492e+01
-3.819583023413201062e+01
-3.936558231956631460e+01
-4.006027215546056652e+01
-4.024981781984865847e+01
-4.005818877422932900e+01
-3.956024048990659736e+01
-3.883437270867604951e+01
-3.814291917964765588e+01
-4.276447605441212119e+01
-4.410850305914721758e+01
-4.078163022546674199e+01
-4.105568954983348107e+01
-4.246728111676486606e+01
-4.339250142206793726e+01
-4.378754504308193418e+01
-4.375519973237778970e+01
-4.336229998275032926e+01
-4.267404336795172526e+01
-4.178241085915465192e+01
-4.334617606350414576e+01
-4.435051831257401744e+01
-4.089793044754086537e+01
-4.118867386096772520e+01
-4.269160813713460811e+01
-4.372519688689112627e+01
-4.424488710322013674e+01
-4.434573853936836940e+01
-4.408721166878772380e+01
-4.353127737054024493e+01
-4.273773678911761920e+01
-3.984476352575116209e+01
-4.125762126792271545e+01
-3.809528249372839070e+01
-3.819583023413198219e+01
-3.936558231956627196e+01
-4.006027215546051679e+01
-4.024981781984860163e+01
-4.005818877422929347e+01
-3.956024048990659026e+01
-3.883437270867604241e+01
-3.814291917964758483e+01
-4.276447605441214250e+01
-4.410850305914727443e+01
-4.078163022546674910e+01
-4.105568954983348817e+01
-4.246728111676489448e+01
-4.339250142206795857e+01
-4.378754504308197681e+01
-4.375519973237783233e+01
-4.336229998275037190e+01
-4.267404336795173236e+01
-4.178241085915465192e+01
-4.334617606350421681e+01
-4.435051831257405297e+01
-4.089793044754090801e+01
-4.118867386096774652e+01
-4.269160813713465075e+01
-4.372519688689110495e+01
-4.424488710322010121e+01
-4.434573853936832677e+01
-4.408721166878772380e+01
-4.353127737054023783e+01
-4.273773678911761209e+01
