-7.950393220331373190e-01
-1.042917827189009827e+00
-1.354615021214957471e+00
-1.678973290900892978e+00
-1.958550363466206923e+00
-2.137612113560222404e+00
-2.326734235472471823e+00
-2.460221373934576850e+00
-2.575512805458792798e+00
-2.675409032120273700e+00
-2.746893608262211739e+00
-2.802077792613707707e+00
-2.842131410139451919e+00
-2.862278340268565202e+00
-2.857079946095809841e+00
-2.814196417769677439e+00
-2.755955564485669473e+00
-3.217143988460298143e+00
-4.052939459662310284e+00
-7.950393220331364308e-01
-1.042917827189006941e+00
-1.354615021214957693e+00
-1.678973290900892312e+00
-1.958550363466206257e+00
-2.137612113560221516e+00
-2.326734235472472268e+00
-2.460221373934571965e+00
-2.575512805458797239e+00
-2.675409032120275032e+00
-2.746893608262213959e+00
-2.802077792613705931e+00
-2.842131410139451919e+00
-2.862278340268567423e+00
-2.857079946095810286e+00
-2.814196417769685432e+00
-2.755955564485676135e+00
-3.217143988460308357e+00
-4.052939459662306732e+00
-7.950393220331366528e-01
-1.042917827189008051e+00
-1.354615021214957915e+00
-1.678973290900893423e+00
-1.958550363466209365e+00
-2.137612113560224181e+00
-2.326734235472470047e+00
-2.460221373934576405e+00
-2.575512805458794130e+00
-2.675409032120271924e+00
-2.746893608262209963e+00
-2.802077792613707263e+00
-2.842131410139453251e+00
-2.862278340268565646e+00
-2.857079946095807621e+00
-2.814196417769684988e+00
-2.755955564485673470e+00
-3.217143988460301696e+00
-4.052939459662308508e+00
-4.325044152232513994e+01
-4.422223892900291986e+01
-4.075761756986020146e+01
-4.102536947067090978e+01
-4.250332039635267023e+01
-4.351494684605115992e+01
-4.401643840204520330e+01
-4.410302360572775626e+01
-4.383501187377726183e+01
-4.327221684565389381e+01
-4.248349584332872553e+01
-4.004054349835367077e+01
-4.143099078135290370e+01
-3.825291856195339335e+01
-3.835384927564819435e+01
-3.952731773357711376e+01
-4.022747036167896795e+01
-4.042762986072285258e+01
-4.023379922042268220e+01
-3.972738931039330623e+01
-3.898450672843121367e+01
-3.824701308317484916e+01
-4.269531797468226841e+01
-4.407885181466214419e+01
-4.078628216469175527e+01
-4.107520280488554931e+01
-4.249552276747046164e+01
-4.343801790198504165e+01
-4.385433648911930504e+01
-4.384571465080657759e+01
-4.347750435976043093e+01
-4.281605333211523146e+01
-4.193227813482793920e+01
-4.325044152232511152e+01
-4.422223892900298381e+01
-4.075761756986017303e+01
-4.102536947067086714e+01
-4.250332039635270576e+01
-4.351494684605111729e+01
-4.401643840204518909e+01
-4.410302360572780600e+01
-4.383501187377722630e+01
-4.327221684565394355e+01
-4.248349584332876816e+01
-4.004054349835367788e+01
-4.143099078135293212e+01
-3.825291856195350704e+01
-3.835384927564821567e+01
-3.952731773357712797e+01
-4.022747036167901058e+01
-4.042762986072290232e+01
-4.023379922042271772e+01
-3.972738931039332044e+01
-3.898450672843116394e+01
-3.824701308317477810e+01
-4.269531797468222578e+01
-4.407885181466213709e+01
-4.078628216469173395e+01
-4.107520280488554221e+01
-4.249552276747044033e+01
-4.343801790198501322e+01
-4.385433648911929083e+01
-4.384571465080658470e+01
-4.347750435976044514e+01
-4.281605333211523856e+01
-4.193227813482796762e+01
-4.325044152232514705e+01
-4.422223892900301223e+01
-4.075761756986014461e+01
-4.102536947067089557e+01
-4.250332039635269155e+01
-4.351494684605113861e+01
-4.401643840204519620e+01
-4.410302360572779889e+01
-4.383501187377719077e+01
-4.327221684565392934e+01
-4.248349584332876105e+01
-4.004054349835364945e+01
-4.143099078135291080e+01
-3.825291856195348572e+01
-3.835384927564819435e+01
-3.952731773357709244e+01
-4.022747036167898216e+01
-4.042762986072290232e+01
-4.023379922042268930e+01
-3.972738931039335597e+01
-3.898450672843118525e+01
-3.824701308317481363e+01
-4.269531797468228973e+01
-4.407885181466217261e+01
-4.078628216469174106e+01
-4.107520280488556352e+01
-4.249552276747045454e+01
-4.343801790198503454e+01
-4.385433648911930504e+01
-4.384571465080657049e+01
-4.347750435976043093e+01
-4.281605333211521014e+01
-4.193227813482793920e+01
