-2.331844444825221352e+00
-2.537727146305218895e+00
-2.753147972233165763e+00
-2.973525624130885170e+00
-3.200574843854132379e+00
-3.428107959022282714e+00
-3.636604542935749862e+00
-3.845975404817327359e+00
-4.056027026961795734e+00
-4.267161247567919702e+00
-4.480067970081883288e+00
-4.695746379637135703e+00
-4.915767141246181637e+00
-5.138712939405365887e+00
-5.369104193477328479e+00
-5.550370794086852300e+00
-5.634716683345768473e+00
-5.727171158368369319e+00
-5.824141366392332486e+00
-5.924253583356886566e+00
-6.026896130007592944e+00
-6.131646044784258009e+00
-6.237921883393539702e+00
-6.344718543341695494e+00
-6.450390212800190426e+00
-6.552491395152799214e+00
-6.647722800941224364e+00
-6.732088796888966442e+00
-6.801568780853919804e+00
-6.820842445997357117e+00
-6.798636810409380615e+00
-6.745362294491453525e+00
-6.653772788830288221e+00
-6.529149235082090996e+00
-6.376697529968726741e+00
-6.205534271581285566e+00
-6.027037769240113363e+00
-5.852412194725523875e+00
-5.699425616502050929e+00
-5.582126957600497263e+00
-5.514650698798845951e+00
-5.512222945854215794e+00
-5.593415665612102572e+00
-5.782901772207914348e+00
-6.114333681414507282e+00
-6.654510543339640094e+00
-7.509198171574034575e+00
-8.929386513926981905e+00
-1.158052953875475666e+01
-2.412896745319195624e+00
-2.597217648047561944e+00
-2.800064640776430025e+00
-3.012135335800494751e+00
-3.233748057538501364e+00
-3.451799464168749942e+00
-3.665179519608456893e+00
-3.878057670122190714e+00
-4.090107493298376085e+00
-4.303807752977760970e+00
-4.519820703732904121e+00
-4.739238820423668841e+00
-4.963864826316521928e+00
-5.194984053356515474e+00
-5.433707587008456130e+00
-5.546444375213173572e+00
-5.636232086061937707e+00
-5.731695204219537487e+00
-5.829061709250446199e+00
-5.929939663777911818e+00
-6.033701959110345570e+00
-6.139926865808426726e+00
-6.248042078875780447e+00
-6.357073387614594395e+00
-6.464592113697868569e+00
-6.567847601552180947e+00
-6.664724430721307158e+00
-6.751673179170573746e+00
-6.811567001530288934e+00
-6.817588508659589763e+00
-6.798138275292405552e+00
-6.744032634393263947e+00
-6.654863902728884284e+00
-6.532561932436525609e+00
-6.382486299120458284e+00
-6.213806481923672465e+00
-6.036927748451208942e+00
-5.864995758855798158e+00
-5.714634542720720134e+00
-5.599910923611517433e+00
-5.534988360974260502e+00
-5.535151190986539405e+00
-5.619066302898424681e+00
-5.811835091663169806e+00
-6.146832061196406016e+00
-6.691978388728394123e+00
-7.553982901296642183e+00
-8.986170897973959626e+00
-1.166326089127981902e+01
-2.374449887687227090e+00
-2.570954451711250144e+00
-2.781281243404375658e+00
-2.998707214855857561e+00
-3.224397754309418218e+00
-3.448560031171437501e+00
-3.659110650647357410e+00
-3.869801830025251910e+00
-4.081418711874473360e+00
-4.294345034457265342e+00
-4.509288172765659297e+00
-4.727310437542248778e+00
-4.950120660951998985e+00
-5.176668107871726932e+00
-5.411618164216344340e+00
-5.559202454019114725e+00
-5.646697349741558014e+00
-5.741190491272799790e+00
-5.839709039288401016e+00
-5.941111243515006635e+00
-6.044451806730975818e+00
-6.150432084734376303e+00
-6.257850961232708897e+00
-6.365567078377836197e+00
-6.472182834207778512e+00
-6.575299874445697412e+00
-6.671696809800078398e+00
-6.757522566317735624e+00
-6.829107061174713778e+00
-6.835605445009338865e+00
-6.815302949640294372e+00
-6.762857738179647527e+00
-6.672691687725951226e+00
-6.549395637197527265e+00
-6.398241974867865167e+00
-6.228366930106545851e+00
-6.051162852098741496e+00
-5.877863008257953936e+00
-5.726172072118558276e+00
-5.610140730906678641e+00
-5.543914143506476933e+00
-5.542742199219631516e+00
-5.625240136537978941e+00
-5.815826090114274649e+00
-6.148841278872392735e+00
-6.690496053915605756e+00
-7.547748178865397506e+00
-8.972182651802778963e+00
-1.163257472158307237e+01
-2.369501486831218084e+00
-2.563531836652514606e+00
-2.771645690079604929e+00
-2.986768731495200946e+00
-3.209780181280196931e+00
-3.431845584874343658e+00
-3.643656591260275412e+00
-3.853318640054120614e+00
-4.063980997849173882e+00
-4.275982706885468332e+00
-4.490010895620224929e+00
-4.707108220595685566e+00
-4.928942934777335694e+00
-5.156490571888038943e+00
-5.390610923094847351e+00
-5.537471929486375899e+00
-5.623957539734595557e+00
-5.717532280721579596e+00
-5.814535355906045311e+00
-5.913772654705397258e+00
-6.016156433695172723e+00
-6.121153898169328755e+00
-6.228129984590019319e+00
-6.336069233949796597e+00
-6.441758295647886712e+00
-6.543867433813648660e+00
-6.639308309963453780e+00
-6.724231600616874971e+00
-6.794981891837903021e+00
-6.800813165652204617e+00
-6.779902346568977833e+00
-6.725020590904765783e+00
-6.634495899176002354e+00
-6.510868839241638284e+00
-6.359459902251305863e+00
-6.189433931273715217e+00
-6.011142308854353189e+00
-5.837799451549038565e+00
-5.686049430000718274e+00
-5.569962168094043875e+00
-5.503694003553583514e+00
-5.502508402268759369e+00
-5.585031115102136567e+00
-5.776677782524039628e+00
-6.110033815618432840e+00
-6.653759232590758188e+00
-7.513274010511576506e+00
-8.941386337226909120e+00
-1.160965070994002346e+01
-2.412896745319196068e+00
-2.597217648047564609e+00
-2.800064640776429581e+00
-3.012135335800491642e+00
-3.233748057538503584e+00
-3.451799464168749054e+00
-3.665179519608448899e+00
-3.878057670122188050e+00
-4.090107493298379637e+00
-4.303807752977771628e+00
-4.519820703732914779e+00
-4.739238820423663512e+00
-4.963864826316523704e+00
-5.194984053356520803e+00
-5.433707587008450801e+00
-5.546444375213170019e+00
-5.636232086061944813e+00
-5.731695204219523276e+00
-5.829061709250442647e+00
-5.929939663777915371e+00
-6.033701959110342017e+00
-6.139926865808433831e+00
-6.248042078875784000e+00
-6.357073387614605053e+00
-6.464592113697847253e+00
-6.567847601552159631e+00
-6.664724430721324921e+00
-6.751673179170570194e+00
-6.811567001530246301e+00
-6.817588508659603974e+00
-6.798138275292448185e+00
-6.744032634393239078e+00
-6.654863902728870073e+00
-6.532561932436532715e+00
-6.382486299120479600e+00
-6.213806481923672465e+00
-6.036927748451219600e+00
-5.864995758855819474e+00
-5.714634542720716581e+00
-5.599910923611481905e+00
-5.534988360974303134e+00
-5.535151190986539405e+00
-5.619066302898417575e+00
-5.811835091663198227e+00
-6.146832061196423780e+00
-6.691978388728390570e+00
-7.553982901296656394e+00
-8.986170897973956073e+00
-1.166326089127982613e+01
-2.331844444825221352e+00
-2.537727146305215342e+00
-2.753147972233164875e+00
-2.973525624130886502e+00
-3.200574843854133711e+00
-3.428107959022280049e+00
-3.636604542935751638e+00
-3.845975404817330023e+00
-4.056027026961791293e+00
-4.267161247567880622e+00
-4.480067970081890394e+00
-4.695746379637123269e+00
-4.915767141246185190e+00
-5.138712939405372992e+00
-5.369104193477317821e+00
-5.550370794086864734e+00
-5.634716683345804000e+00
-5.727171158368351556e+00
-5.824141366392343144e+00
-5.924253583356836828e+00
-6.026896130007592944e+00
-6.131646044784243799e+00
-6.237921883393518385e+00
-6.344718543341713257e+00
-6.450390212800165557e+00
-6.552491395152785003e+00
-6.647722800941217258e+00
-6.732088796888980653e+00
-6.801568780853951779e+00
-6.820842445997378434e+00
-6.798636810409352194e+00
-6.745362294491439314e+00
-6.653772788830320195e+00
-6.529149235082059022e+00
-6.376697529968769373e+00
-6.205534271581271355e+00
-6.027037769240113363e+00
-5.852412194725541639e+00
-5.699425616502061587e+00
-5.582126957600486605e+00
-5.514650698798845951e+00
-5.512222945854276190e+00
-5.593415665612091914e+00
-5.782901772207914348e+00
-6.114333681414478860e+00
-6.654510543339618778e+00
-7.509198171574027469e+00
-8.929386513926960589e+00
-1.158052953875480107e+01
-2.369501486831217640e+00
-2.563531836652512830e+00
-2.771645690079604485e+00
-2.986768731495202722e+00
-3.209780181280201816e+00
-3.431845584874336552e+00
-3.643656591260273636e+00
-3.853318640054117949e+00
-4.063980997849179211e+00
-4.275982706885466555e+00
-4.490010895620203613e+00
-4.707108220595690895e+00
-4.928942934777303719e+00
-5.156490571888019403e+00
-5.390610923094859785e+00
-5.537471929486358135e+00
-5.623957539734590227e+00
-5.717532280721567162e+00
-5.814535355906027547e+00
-5.913772654705393705e+00
-6.016156433695169170e+00
-6.121153898169328755e+00
-6.228129984589998003e+00
-6.336069233949803703e+00
-6.441758295647854737e+00
-6.543867433813645107e+00
-6.639308309963471544e+00
-6.724231600616889182e+00
-6.794981891837888810e+00
-6.800813165652211723e+00
-6.779902346568984939e+00
-6.725020590904744466e+00
-6.634495899175973932e+00
-6.510868839241645389e+00
-6.359459902251280994e+00
-6.189433931273729428e+00
-6.011142308854367400e+00
-5.837799451549056329e+00
-5.686049430000714722e+00
-5.569962168094058086e+00
-5.503694003553555092e+00
-5.502508402268752263e+00
-5.585031115102118804e+00
-5.776677782524036076e+00
-6.110033815618400865e+00
-6.653759232590775952e+00
-7.513274010511558743e+00
-8.941386337226909120e+00
-1.160965070994002701e+01
-2.374449887687229754e+00
-2.570954451711254141e+00
-2.781281243404374770e+00
-2.998707214855859782e+00
-3.224397754309418662e+00
-3.448560031171434392e+00
-3.659110650647363627e+00
-3.869801830025253686e+00
-4.081418711874477800e+00
-4.294345034457272448e+00
-4.509288172765666403e+00
-4.727310437542259436e+00
-4.950120660952002538e+00
-5.176668107871730484e+00
-5.411618164216349669e+00
-5.559202454019123607e+00
-5.646697349741568672e+00
-5.741190491272808671e+00
-5.839709039288397463e+00
-5.941111243514995977e+00
-6.044451806730990029e+00
-6.150432084734394067e+00
-6.257850961232708897e+00
-6.365567078377843302e+00
-6.472182834207785618e+00
-6.575299874445718729e+00
-6.671696809800060635e+00
-6.757522566317724966e+00
-6.829107061174699567e+00
-6.835605445009303338e+00
-6.815302949640305030e+00
-6.762857738179636868e+00
-6.672691687725951226e+00
-6.549395637197516606e+00
-6.398241974867850956e+00
-6.228366930106517430e+00
-6.051162852098766365e+00
-5.877863008257968147e+00
-5.726172072118529854e+00
-5.610140730906699957e+00
-5.543914143506516012e+00
-5.542742199219642174e+00
-5.625240136538010916e+00
-5.815826090114263991e+00
-6.148841278872389182e+00
-6.690496053915584440e+00
-7.547748178865351321e+00
-8.972182651802796727e+00
-1.163257472158308481e+01
