-7.950195247920237573e-01
-1.042859699485649605e+00
-1.354520768020882171e+00
-1.678834144153137142e+00
-1.958365901129583753e+00
-2.137375340296266302e+00
-2.326475181738301146e+00
-2.460014741532515536e+00
-2.575476793797024655e+00
-2.675704152318858942e+00
-2.747608768432126425e+00
-2.803055428387026371e+00
-2.842991878167855369e+00
-2.863361951194881350e+00
-2.861222232296572798e+00
-2.827715054564649222e+00
-2.805841306277583769e+00
-3.100173742689085188e+00
-4.022797493245185763e+00
-7.950195247920254227e-01
-1.042859699485649605e+00
-1.354520768020883503e+00
-1.678834144153138253e+00
-1.958365901129584863e+00
-2.137375340296265414e+00
-2.326475181738301590e+00
-2.460014741532515981e+00
-2.575476793797027764e+00
-2.675704152318858497e+00
-2.747608768432124648e+00
-2.803055428387025927e+00
-2.842991878167860698e+00
-2.863361951194883570e+00
-2.861222232296568357e+00
-2.827715054564652775e+00
-2.805841306277596203e+00
-3.100173742689087408e+00
-4.022797493245187539e+00
-7.950195247920248676e-01
-1.042859699485649605e+00
-1.354520768020883725e+00
-1.678834144153141583e+00
-1.958365901129584863e+00
-2.137375340296268078e+00
-2.326475181738298481e+00
-2.460014741532517313e+00
-2.575476793797025987e+00
-2.675704152318854057e+00
-2.747608768432127313e+00
-2.803055428387025039e+00
-2.842991878167859365e+00
-2.863361951194879573e+00
-2.861222232296569246e+00
-2.827715054564652331e+00
-2.805841306277588210e+00
-3.100173742689079859e+00
-4.022797493245183986e+00
-4.336345756620891478e+01
-4.455388582034702694e+01
-4.116546007618651970e+01
-4.146928310844813126e+01
-4.293741775182869702e+01
-4.393391769724088647e+01
-4.441485579171929032e+01
-4.447545492804625411e+01
-4.418420657175867916e+01
-4.360218345934914908e+01
-4.274186035646593496e+01
-4.233213909997457591e+01
-4.333992563962189593e+01
-3.991266824511979650e+01
-4.010959656095745629e+01
-4.148862231637647113e+01
-4.240145580311911289e+01
-4.281640150331544703e+01
-4.282835170109746770e+01
-4.249862741398518295e+01
-4.188521096316863179e+01
-4.110994121335557594e+01
-4.042210374101780701e+01
-4.201280376535796535e+01
-3.897407437155094811e+01
-3.921143486645841136e+01
-4.052748017230288013e+01
-4.138932729430677426e+01
-4.174385422796370904e+01
-4.168896701742774979e+01
-4.128918990909450315e+01
-4.060682665864490559e+01
-3.980425098902559711e+01
-4.336345756620877268e+01
-4.455388582034704825e+01
-4.116546007618669023e+01
-4.146928310844813126e+01
-4.293741775182870413e+01
-4.393391769724082252e+01
-4.441485579171931874e+01
-4.447545492804629674e+01
-4.418420657175869337e+01
-4.360218345934920592e+01
-4.274186035646594206e+01
-4.233213909997455460e+01
-4.333992563962198119e+01
-3.991266824511980360e+01
-4.010959656095742787e+01
-4.148862231637648534e+01
-4.240145580311911999e+01
-4.281640150331548966e+01
-4.282835170109751743e+01
-4.249862741398521848e+01
-4.188521096316866021e+01
-4.110994121335554752e+01
-4.042210374101779990e+01
-4.201280376535801508e+01
-3.897407437155093390e+01
-3.921143486645839005e+01
-4.052748017230289435e+01
-4.138932729430683821e+01
-4.174385422796372325e+01
-4.168896701742773558e+01
-4.128918990909446052e+01
-4.060682665864488428e+01
-3.980425098902562553e+01
-4.336345756620889347e+01
-4.455388582034709088e+01
-4.116546007618659075e+01
-4.146928310844812415e+01
-4.293741775182871834e+01
-4.393391769724085805e+01
-4.441485579171929743e+01
-4.447545492804631806e+01
-4.418420657175865074e+01
-4.360218345934921302e+01
-4.274186035646587811e+01
-4.233213909997459723e+01
-4.333992563962199540e+01
-3.991266824511980360e+01
-4.010959656095744208e+01
-4.148862231637650666e+01
-4.240145580311913420e+01
-4.281640150331548256e+01
-4.282835170109751033e+01
-4.249862741398520427e+01
-4.188521096316864600e+01
-4.110994121335552620e+01
-4.042210374101779280e+01
-4.201280376535801508e+01
-3.897407437155085574e+01
-3.921143486645837584e+01
-4.052748017230288724e+01
-4.138932729430675295e+01
-4.174385422796373035e+01
-4.168896701742775690e+01
-4.128918990909448183e+01
-4.060682665864491270e+01
-3.980425098902565395e+01
