-7.189266903007629494e-01
-8.136041279066360543e-01
-9.068558530732837575e-01
-1.002999686082161723e+00
-1.105150971227007783e+00
-1.234049654238484006e+00
-1.358917296956625220e+00
-1.481655057515829155e+00
-1.607344054726151272e+00
-1.736282337735425063e+00
-1.873919251064277702e+00
-1.948370379548752584e+00
-2.015259449168740780e+00
-2.085467268806806995e+00
-2.157418277394484551e+00
-2.230564324317339420e+00
-2.305295983993844722e+00
-2.371467279087614344e+00
-2.418216699007329495e+00
-2.465049025283702733e+00
-2.510840212121759230e+00
-2.555035482895876342e+00
-2.597361649983220389e+00
-2.637802835696579251e+00
-2.673570246377868997e+00
-2.703195700514044120e+00
-2.730448830470477262e+00
-2.755206014771320433e+00
-2.777422650699941542e+00
-2.797322935750306883e+00
-2.815242327376685338e+00
-2.831534215153569178e+00
-2.842870994995708500e+00
-2.851816875330261070e+00
-2.858348143916542128e+00
-2.861637593221388443e+00
-2.860738314079464217e+00
-2.854887508456133816e+00
-2.844057165139759036e+00
-2.829699644146542070e+00
-2.815096992583352886e+00
-2.806723096027230469e+00
-2.816936519795678606e+00
-2.868297298125712658e+00
-3.008619126821367118e+00
-3.274848070576174663e+00
-3.625591922133502010e+00
-4.168252604925190674e+00
-5.340448469380630669e+00
-7.189266903007620613e-01
-8.136041279066354992e-01
-9.068558530732846457e-01
-1.002999686082163944e+00
-1.105150971227004897e+00
-1.234049654238487115e+00
-1.358917296956625886e+00
-1.481655057515830709e+00
-1.607344054726154159e+00
-1.736282337735428616e+00
-1.873919251064277702e+00
-1.948370379548751252e+00
-2.015259449168742556e+00
-2.085467268806813657e+00
-2.157418277394479666e+00
-2.230564324317327873e+00
-2.305295983993844722e+00
-2.371467279087622337e+00
-2.418216699007338377e+00
-2.465049025283708062e+00
-2.510840212121756565e+00
-2.555035482895870125e+00
-2.597361649983222165e+00
-2.637802835696582804e+00
-2.673570246377869886e+00
-2.703195700514041455e+00
-2.730448830470479926e+00
-2.755206014771318657e+00
-2.777422650699931772e+00
-2.797322935750295336e+00
-2.815242327376685338e+00
-2.831534215153553191e+00
-2.842870994995724487e+00
-2.851816875330273504e+00
-2.858348143916533246e+00
-2.861637593221413312e+00
-2.860738314079467770e+00
-2.854887508456142697e+00
-2.844057165139743049e+00
-2.829699644146565163e+00
-2.815096992583349333e+00
-2.806723096027234021e+00
-2.816936519795676830e+00
-2.868297298125716210e+00
-3.008619126821372447e+00
-3.274848070576181769e+00
-3.625591922133507339e+00
-4.168252604925188010e+00
-5.340448469380639551e+00
-7.189266903007613951e-01
-8.136041279066354992e-01
-9.068558530732839795e-01
-1.002999686082163722e+00
-1.105150971227007339e+00
-1.234049654238487337e+00
-1.358917296956621890e+00
-1.481655057515831153e+00
-1.607344054726158600e+00
-1.736282337735424175e+00
-1.873919251064278590e+00
-1.948370379548753029e+00
-2.015259449168739891e+00
-2.085467268806813657e+00
-2.157418277394488992e+00
-2.230564324317337643e+00
-2.305295983993842945e+00
-2.371467279087619673e+00
-2.418216699007340154e+00
-2.465049025283706285e+00
-2.510840212121769888e+00
-2.555035482895886112e+00
-2.597361649983218612e+00
-2.637802835696577475e+00
-2.673570246377863668e+00
-2.703195700514044120e+00
-2.730448830470474597e+00
-2.755206014771319545e+00
-2.777422650699929996e+00
-2.797322935750306883e+00
-2.815242327376680898e+00
-2.831534215153558520e+00
-2.842870994995724487e+00
-2.851816875330262846e+00
-2.858348143916533246e+00
-2.861637593221397324e+00
-2.860738314079471323e+00
-2.854887508456144474e+00
-2.844057165139748378e+00
-2.829699644146563386e+00
-2.815096992583359992e+00
-2.806723096027228692e+00
-2.816936519795689264e+00
-2.868297298125726869e+00
-3.008619126821383105e+00
-3.274848070576165782e+00
-3.625591922133514444e+00
-4.168252604925197780e+00
-5.340448469380635999e+00
-3.274475862406739424e+01
-3.563845156036473583e+01
-3.736191101019534955e+01
-3.854970570434460342e+01
-3.936800715378129212e+01
-3.996567047145223484e+01
-4.045485458973353587e+01
-4.088541495027372719e+01
-4.124504675049389846e+01
-4.152893320134437971e+01
-4.174415690844051596e+01
-4.189380751842870154e+01
-4.199580988888565258e+01
-4.204351453546399853e+01
-4.205528017492708415e+01
-4.203244410749200455e+01
-4.197648478046136233e+01
-4.188896680204329925e+01
-4.177171747426707071e+01
-4.161771509443300232e+01
-4.142838433162404499e+01
-4.120400580748484032e+01
-4.093981151005151276e+01
-4.063701424880823510e+01
-4.029487176840715534e+01
-3.990978665915424273e+01
-3.948839945967720411e+01
-3.902420391475781258e+01
-3.849351451623487463e+01
-3.544650837288094181e+01
-3.795871534192458796e+01
-3.950853321236735383e+01
-4.058021889128150406e+01
-4.137822771967699964e+01
-4.202838728218715403e+01
-4.258652190834696682e+01
-4.306488108736481735e+01
-4.346456592424411269e+01
-4.379274380186402738e+01
-4.405525897940002267e+01
-4.426260936754810160e+01
-4.442096490316750135e+01
-4.453345529532126790e+01
-4.460456165359811820e+01
-4.463563030630765383e+01
-4.462822232340793960e+01
-4.458396648531748951e+01
-4.450330987879408440e+01
-4.438201155909125362e+01
-4.422317335323839416e+01
-4.402473966490816082e+01
-4.378972048143270968e+01
-4.351518433356795867e+01
-4.320491967765400432e+01
-4.283972535641934343e+01
-4.237951511299984730e+01
-4.174941399652691132e+01
-4.075556772010043716e+01
-3.469904187836932863e+01
-3.706834904682813203e+01
-3.847190853287582968e+01
-3.940979234196362313e+01
-4.012693059762267467e+01
-4.073640565362424582e+01
-4.124418833129971773e+01
-4.165204006138304038e+01
-4.197102403979533136e+01
-4.221477118681202967e+01
-4.239371278604323834e+01
-4.252038782624966018e+01
-4.260627422258546915e+01
-4.266133766673824823e+01
-4.268664698792490952e+01
-4.268367235638820034e+01
-4.265412264999381620e+01
-4.260030638894109956e+01
-4.251040402247278394e+01
-4.238936561616215215e+01
-4.222914412540512075e+01
-4.203336521430921380e+01
-4.179220313186021940e+01
-4.151209901016513726e+01
-4.119024769781231043e+01
-4.082479943288711866e+01
-4.041439290506536963e+01
-3.994404963065750991e+01
-3.934991361943799859e+01
-3.274475862406740134e+01
-3.563845156036473583e+01
-3.736191101019536376e+01
-3.854970570434462473e+01
-3.936800715378129212e+01
-3.996567047145221352e+01
-4.045485458973359982e+01
-4.088541495027378403e+01
-4.124504675049393398e+01
-4.152893320134452892e+01
-4.174415690844057281e+01
-4.189380751842879391e+01
-4.199580988888573785e+01
-4.204351453546404827e+01
-4.205528017492705573e+01
-4.203244410749201165e+01
-4.197648478046138365e+01
-4.188896680204331346e+01
-4.177171747426699966e+01
-4.161771509443291706e+01
-4.142838433162390999e+01
-4.120400580748485453e+01
-4.093981151005157670e+01
-4.063701424880832036e+01
-4.029487176840718377e+01
-3.990978665915427115e+01
-3.948839945967716147e+01
-3.902420391475773442e+01
-3.849351451623489595e+01
-3.544650837288086365e+01
-3.795871534192448848e+01
-3.950853321236732540e+01
-4.058021889128134774e+01
-4.137822771967694990e+01
-4.202838728218702613e+01
-4.258652190834681761e+01
-4.306488108736466103e+01
-4.346456592424401322e+01
-4.379274380186390658e+01
-4.405525897939993740e+01
-4.426260936754798081e+01
-4.442096490316749424e+01
-4.453345529532116842e+01
-4.460456165359813951e+01
-4.463563030630770356e+01
-4.462822232340791828e+01
-4.458396648531748951e+01
-4.450330987879418387e+01
-4.438201155909125362e+01
-4.422317335323846521e+01
-4.402473966490826029e+01
-4.378972048143273810e+01
-4.351518433356799420e+01
-4.320491967765414643e+01
-4.283972535641935764e+01
-4.237951511299991836e+01
-4.174941399652701080e+01
-4.075556772010042295e+01
-3.469904187836928600e+01
-3.706834904682806098e+01
-3.847190853287580126e+01
-3.940979234196360181e+01
-4.012693059762263204e+01
-4.073640565362420318e+01
-4.124418833129963957e+01
-4.165204006138301907e+01
-4.197102403979535268e+01
-4.221477118681195861e+01
-4.239371278604320992e+01
-4.252038782624966018e+01
-4.260627422258538388e+01
-4.266133766673828376e+01
-4.268664698792495216e+01
-4.268367235638822876e+01
-4.265412264999386593e+01
-4.260030638894112798e+01
-4.251040402247285499e+01
-4.238936561616223031e+01
-4.222914412540519891e+01
-4.203336521430925643e+01
-4.179220313186028335e+01
-4.151209901016520121e+01
-4.119024769781238859e+01
-4.082479943288718971e+01
-4.041439290506544069e+01
-3.994404963065754544e+01
-3.934991361943802701e+01
-3.274475862406740134e+01
-3.563845156036466477e+01
-3.736191101019525718e+01
-3.854970570434453947e+01
-3.936800715378118554e+01
-3.996567047145210694e+01
-4.045485458973349324e+01
-4.088541495027369876e+01
-4.124504675049388425e+01
-4.152893320134441524e+01
-4.174415690844055860e+01
-4.189380751842871575e+01
-4.199580988888571653e+01
-4.204351453546401984e+01
-4.205528017492709125e+01
-4.203244410749198323e+01
-4.197648478046141207e+01
-4.188896680204332768e+01
-4.177171747426709203e+01
-4.161771509443298811e+01
-4.142838433162399525e+01
-4.120400580748480479e+01
-4.093981151005157670e+01
-4.063701424880840563e+01
-4.029487176840728324e+01
-3.990978665915432799e+01
-3.948839945967726095e+01
-3.902420391475785522e+01
-3.849351451623490306e+01
-3.544650837288063627e+01
-3.795871534192446717e+01
-3.950853321236741067e+01
-4.058021889128141169e+01
-4.137822771967708491e+01
-4.202838728218718245e+01
-4.258652190834693840e+01
-4.306488108736481024e+01
-4.346456592424415533e+01
-4.379274380186404159e+01
-4.405525897940003688e+01
-4.426260936754808029e+01
-4.442096490316753687e+01
-4.453345529532120395e+01
-4.460456165359813951e+01
-4.463563030630768935e+01
-4.462822232340789697e+01
-4.458396648531743267e+01
-4.450330987879416256e+01
-4.438201155909116125e+01
-4.422317335323838705e+01
-4.402473966490819635e+01
-4.378972048143263862e+01
-4.351518433356788762e+01
-4.320491967765409669e+01
-4.283972535641924395e+01
-4.237951511299979046e+01
-4.174941399652693264e+01
-4.075556772010040163e+01
-3.469904187836931442e+01
-3.706834904682812493e+01
-3.847190853287586521e+01
-3.940979234196367287e+01
-4.012693059762269598e+01
-4.073640565362430976e+01
-4.124418833129965378e+01
-4.165204006138304038e+01
-4.197102403979538821e+01
-4.221477118681204388e+01
-4.239371278604322413e+01
-4.252038782624972413e+01
-4.260627422258544783e+01
-4.266133766673824113e+01
-4.268664698792497347e+01
-4.268367235638820034e+01
-4.265412264999383751e+01
-4.260030638894109956e+01
-4.251040402247279815e+01
-4.238936561616219478e+01
-4.222914412540518470e+01
-4.203336521430922801e+01
-4.179220313186021940e+01
-4.151209901016512305e+01
-4.119024769781236728e+01
-4.082479943288715418e+01
-4.041439290506536963e+01
-3.994404963065749570e+01
-3.934991361943798438e+01
