-7.947783934370153958e-01
-1.042381648885631229e+00
-1.353990663013200368e+00
-1.678231386443269857e+00
-1.957700726907453337e+00
-2.136775570193002238e+00
-2.326209004330412000e+00
-2.460501620277335100e+00
-2.577278545185090586e+00
-2.679371641396847359e+00
-2.753404271887494481e+00
-2.810613532055822539e+00
-2.851426234310385333e+00
-2.873114931324828980e+00
-2.874883502043857675e+00
-2.841101488404591091e+00
-2.759387026568086654e+00
-2.879537941522598565e+00
-4.033400594074264767e+00
-7.947783934370178383e-01
-1.042381648885628787e+00
-1.353990663013199036e+00
-1.678231386443268525e+00
-1.957700726907453115e+00
-2.136775570193001794e+00
-2.326209004330408447e+00
-2.460501620277333323e+00
-2.577278545185090586e+00
-2.679371641396845583e+00
-2.753404271887494925e+00
-2.810613532055820762e+00
-2.851426234310384444e+00
-2.873114931324826760e+00
-2.874883502043856787e+00
-2.841101488404597308e+00
-2.759387026568091095e+00
-2.879537941522628763e+00
-4.033400594074266543e+00
-7.947783934370165060e-01
-1.042381648885633671e+00
-1.353990663013199924e+00
-1.678231386443270079e+00
-1.957700726907455335e+00
-2.136775570193003571e+00
-2.326209004330411556e+00
-2.460501620277335100e+00
-2.577278545185091918e+00
-2.679371641396845583e+00
-2.753404271887492705e+00
-2.810613532055822095e+00
-2.851426234310383112e+00
-2.873114931324823651e+00
-2.874883502043852346e+00
-2.841101488404593756e+00
-2.759387026568077328e+00
-2.879537941522568811e+00
-4.033400594074267431e+00
-4.328349096243245242e+01
-4.426949211739403722e+01
-4.080966226313358192e+01
-4.108547479234913169e+01
-4.257167761904714354e+01
-4.359059577031567301e+01
-4.409837102086048333e+01
-4.419025315174040713e+01
-4.392615022925753721e+01
-4.336673322239784767e+01
-4.257654845757909357e+01
-4.001077268608320026e+01
-4.139695893031242235e+01
-3.821506862745285815e+01
-3.831412009191006973e+01
-3.948537904677016286e+01
-4.018275302615629840e+01
-4.037844097383786846e+01
-4.018476515668269400e+01
-3.968390855054110489e+01
-3.894401515291578875e+01
-3.822247818070894709e+01
-4.268458985255207239e+01
-4.406383311239330425e+01
-4.076607313851553727e+01
-4.105054456638742266e+01
-4.246705757216002297e+01
-4.340348608173282230e+01
-4.381265648692800596e+01
-4.379640330667934478e+01
-4.342024199143849472e+01
-4.275031145012059142e+01
-4.186477607926961042e+01
-4.328349096243223926e+01
-4.426949211739415091e+01
-4.080966226313361744e+01
-4.108547479234913169e+01
-4.257167761904713643e+01
-4.359059577031563748e+01
-4.409837102086048333e+01
-4.419025315174040713e+01
-4.392615022925754431e+01
-4.336673322239786899e+01
-4.257654845757907225e+01
-4.001077268608322868e+01
-4.139695893031241525e+01
-3.821506862745280841e+01
-3.831412009191011947e+01
-3.948537904677020549e+01
-4.018275302615631261e+01
-4.037844097383789688e+01
-4.018476515668272242e+01
-3.968390855054109068e+01
-3.894401515291571769e+01
-3.822247818070902525e+01
-4.268458985255200844e+01
-4.406383311239327583e+01
-4.076607313851553016e+01
-4.105054456638742977e+01
-4.246705757216001587e+01
-4.340348608173281519e+01
-4.381265648692800596e+01
-4.379640330667935899e+01
-4.342024199143849472e+01
-4.275031145012061984e+01
-4.186477607926960331e+01
-4.328349096243233163e+01
-4.426949211739419354e+01
-4.080966226313364587e+01
-4.108547479234916011e+01
-4.257167761904710801e+01
-4.359059577031566590e+01
-4.409837102086045491e+01
-4.419025315174040003e+01
-4.392615022925750878e+01
-4.336673322239782635e+01
-4.257654845757904383e+01
-4.001077268608321447e+01
-4.139695893031240104e+01
-3.821506862745283684e+01
-3.831412009191002710e+01
-3.948537904677018417e+01
-4.018275302615629130e+01
-4.037844097383787556e+01
-4.018476515668271531e+01
-3.968390855054111199e+01
-3.894401515291576032e+01
-3.822247818070901104e+01
-4.268458985255210081e+01
-4.406383311239332556e+01
-4.076607313851552306e+01
-4.105054456638742977e+01
-4.246705757216002297e+01
-4.340348608173282230e+01
-4.381265648692802017e+01
-4.379640330667937320e+01
-4.342024199143850183e+01
-4.275031145012061273e+01
-4.186477607926958910e+01
