-2.107211482373811506e+00
-2.286402116814715058e+00
-2.476251721221391033e+00
-2.671585324907011394e+00
-2.873657174064899067e+00
-3.075845176690873206e+00
-3.262953835468460184e+00
-3.451033365590926216e+00
-3.639905548753775477e+00
-3.829910180212252158e+00
-4.021653743173018825e+00
-4.216043761021106562e+00
-4.414544751159303004e+00
-4.616162857574876099e+00
-4.824867586326694990e+00
-4.968589043452787735e+00
-5.045757156566798685e+00
-5.129553105543079639e+00
-5.217099444284187371e+00
-5.307285518687359982e+00
-5.399591388055011265e+00
-5.493716540909378665e+00
-5.589083007294401995e+00
-5.684810403190311945e+00
-5.779428234484811355e+00
-5.870765898588313547e+00
-5.955919266837231163e+00
-6.031419329973186194e+00
-6.093918263408308889e+00
-6.102911398061127812e+00
-6.083363522761523257e+00
-6.035152164558070353e+00
-5.953702194413981630e+00
-5.842968870563979067e+00
-5.707674240660370657e+00
-5.555960269502307369e+00
-5.397748914315123159e+00
-5.243382925026292440e+00
-5.108401601657753588e+00
-5.005293983686154746e+00
-4.946651118902774869e+00
-4.946072361419822982e+00
-5.020182438759256627e+00
-5.190936754246571638e+00
-5.488786617178099903e+00
-5.973222433228198014e+00
-6.739548476805186539e+00
-8.012682797317465244e+00
-1.038996079082967228e+01
-2.139711840058857284e+00
-2.310334521248748274e+00
-2.495202642246527436e+00
-2.687265488758069587e+00
-2.887237568296040724e+00
-3.084800380737426906e+00
-3.275441062699259831e+00
-3.464063377205796712e+00
-3.653746371085615507e+00
-3.844771769964457242e+00
-4.037744019867790968e+00
-4.233610156845097450e+00
-4.433927800240674344e+00
-4.638749463511745219e+00
-4.850739108222711593e+00
-4.967274431624675302e+00
-5.046594456495295589e+00
-5.131701751524428090e+00
-5.219832203733862031e+00
-5.309684301853041077e+00
-5.402231874970286896e+00
-5.497020629693111005e+00
-5.593496122851643548e+00
-5.690323318013405185e+00
-5.785291076702556268e+00
-5.877097136337482652e+00
-5.962905657254758296e+00
-6.039430453938170018e+00
-6.097872646983759637e+00
-6.101968741839101540e+00
-6.083489604409571427e+00
-6.034966022418501552e+00
-5.954453875213857827e+00
-5.844616868288287748e+00
-5.710236254373512566e+00
-5.559474462790539917e+00
-5.401883314845431272e+00
-5.248545731057287611e+00
-5.114564727304664160e+00
-5.012436477838562610e+00
-4.954763324042183115e+00
-4.955167000971911762e+00
-5.030308562368002612e+00
-5.202303783688343231e+00
-5.501503719092660560e+00
-5.987822289545452037e+00
-6.756926113135762080e+00
-8.034621820433084594e+00
-1.042178838196853619e+01
-2.125089720938472926e+00
-2.300812580123150042e+00
-2.488896370073446995e+00
-2.683347891088763149e+00
-2.885249481943114702e+00
-3.085680992157348257e+00
-3.274177228311477617e+00
-3.462863918971747168e+00
-3.652451089880538682e+00
-3.843264380868708585e+00
-4.035916020637303703e+00
-4.231339758607809642e+00
-4.431059822112608515e+00
-4.633960116195321888e+00
-4.844571468962634242e+00
-4.974904497707635542e+00
-5.053460710971453551e+00
-5.138193347992890736e+00
-5.226476079954009535e+00
-5.317293688403228913e+00
-5.409896421098533636e+00
-5.504705519842325145e+00
-5.600640321690502077e+00
-5.696838381078023872e+00
-5.791935671048868528e+00
-5.883778975696937863e+00
-5.969493353803507318e+00
-6.045664639800040874e+00
-6.109080244061736664e+00
-6.113099022821117501e+00
-6.094364058721673416e+00
-6.046775953831584616e+00
-5.965913956807938234e+00
-5.855725505836765876e+00
-5.720952717781326413e+00
-5.569741854896864908e+00
-5.412150898381529629e+00
-5.258285909140024472e+00
-5.123794856163431888e+00
-5.021165283857271788e+00
-4.962991152120594052e+00
-4.962879430098272593e+00
-5.037470283510160129e+00
-5.208498158107818909e+00
-5.506896180239255756e+00
-5.991628595006194047e+00
-6.758645510631296816e+00
-8.032943694042788962e+00
-1.041280402445958941e+01
-2.121749223624584513e+00
-2.295923736536051418e+00
-2.482609655740168897e+00
-2.675596997003228950e+00
-2.875786240102931934e+00
-3.074903662755759992e+00
-3.264191561038473743e+00
-3.452215623100028274e+00
-3.641186944527388114e+00
-3.831402740073702518e+00
-4.023462259479629211e+00
-4.218286433820658488e+00
-4.417372925266130679e+00
-4.620900917626180160e+00
-4.830964603485972120e+00
-4.960960338548069615e+00
-5.038854001848990904e+00
-5.122977469685608298e+00
-5.210710919338495728e+00
-5.299834927963647857e+00
-5.391722860225790726e+00
-5.485907974445648705e+00
-5.581810228509265670e+00
-5.678005045540967188e+00
-5.772434904014549062e+00
-5.863649836584329478e+00
-5.948764825720264326e+00
-6.024368464481231200e+00
-6.087256964402094184e+00
-6.090909012422777380e+00
-6.071790589540984939e+00
-6.022661954119360672e+00
-5.941576900056933397e+00
-5.831182875647588304e+00
-5.696252295644693930e+00
-5.544949567241136634e+00
-5.386672680703505023e+00
-5.232784181185891725e+00
-5.098259698449595589e+00
-4.995599103061643120e+00
-4.937403480602569061e+00
-4.937288338707190860e+00
-5.011900325931744504e+00
-5.183605635815411006e+00
-5.482224126131100661e+00
-5.968269771842418692e+00
-6.736717513358907894e+00
-8.013334592282859603e+00
-1.039814309679109527e+01
-2.139711840058858172e+00
-2.310334521248749606e+00
-2.495202642246528324e+00
-2.687265488758078469e+00
-2.887237568296042500e+00
-3.084800380737443781e+00
-3.275441062699266048e+00
-3.464063377205801153e+00
-3.653746371085610178e+00
-3.844771769964456354e+00
-4.037744019867789191e+00
-4.233610156845086792e+00
-4.433927800240708095e+00
-4.638749463511754101e+00
-4.850739108222709817e+00
-4.967274431624689512e+00
-5.046594456495304470e+00
-5.131701751524438748e+00
-5.219832203733897558e+00
-5.309684301853060617e+00
-5.402231874970288672e+00
-5.497020629693114557e+00
-5.593496122851661312e+00
-5.690323318013412290e+00
-5.785291076702542057e+00
-5.877097136337468442e+00
-5.962905657254776060e+00
-6.039430453938180676e+00
-6.097872646983738321e+00
-6.101968741839129962e+00
-6.083489604409621165e+00
-6.034966022418508658e+00
-5.954453875213896907e+00
-5.844616868288284195e+00
-5.710236254373533882e+00
-5.559474462790550575e+00
-5.401883314845452588e+00
-5.248545731057273400e+00
-5.114564727304667713e+00
-5.012436477838566162e+00
-4.954763324042183115e+00
-4.955167000971933078e+00
-5.030308562368020375e+00
-5.202303783688357441e+00
-5.501503719092671219e+00
-5.987822289545462695e+00
-6.756926113135783396e+00
-8.034621820433084594e+00
-1.042178838196853619e+01
-2.107211482373813727e+00
-2.286402116814717722e+00
-2.476251721221391922e+00
-2.671585324907009174e+00
-2.873657174064896402e+00
-3.075845176690873650e+00
-3.262953835468456631e+00
-3.451033365590927104e+00
-3.639905548753773701e+00
-3.829910180212264592e+00
-4.021653743172997508e+00
-4.216043761021120773e+00
-4.414544751159304781e+00
-4.616162857574868994e+00
-4.824867586326734070e+00
-4.968589043452777076e+00
-5.045757156566802237e+00
-5.129553105543061875e+00
-5.217099444284201581e+00
-5.307285518687354653e+00
-5.399591388055004160e+00
-5.493716540909375112e+00
-5.589083007294412653e+00
-5.684810403190311945e+00
-5.779428234484822013e+00
-5.870765898588295784e+00
-5.955919266837209847e+00
-6.031419329973171983e+00
-6.093918263408337310e+00
-6.102911398061113601e+00
-6.083363522761512598e+00
-6.035152164558045484e+00
-5.953702194413967419e+00
-5.842968870563989725e+00
-5.707674240660363552e+00
-5.555960269502307369e+00
-5.397748914315108948e+00
-5.243382925026295993e+00
-5.108401601657760693e+00
-5.005293983686101456e+00
-4.946651118902774869e+00
-4.946072361419801666e+00
-5.020182438759256627e+00
-5.190936754246550322e+00
-5.488786617178135430e+00
-5.973222433228187356e+00
-6.739548476805204302e+00
-8.012682797317424388e+00
-1.038996079082966872e+01
-2.121749223624582292e+00
-2.295923736536044313e+00
-2.482609655740161347e+00
-2.675596997003230282e+00
-2.875786240102929270e+00
-3.074903662755753775e+00
-3.264191561038462641e+00
-3.452215623100024722e+00
-3.641186944527385450e+00
-3.831402740073698965e+00
-4.023462259479627434e+00
-4.218286433820651382e+00
-4.417372925266112915e+00
-4.620900917626169502e+00
-4.830964603485961462e+00
-4.960960338548090931e+00
-5.038854001849006892e+00
-5.122977469685615404e+00
-5.210710919338495728e+00
-5.299834927963663844e+00
-5.391722860225790726e+00
-5.485907974445659363e+00
-5.581810228509247906e+00
-5.678005045540992057e+00
-5.772434904014527746e+00
-5.863649836584333030e+00
-5.948764825720228799e+00
-6.024368464481224095e+00
-6.087256964402101289e+00
-6.090909012422795143e+00
-6.071790589540977834e+00
-6.022661954119342909e+00
-5.941576900056933397e+00
-5.831182875647598962e+00
-5.696252295644704589e+00
-5.544949567241115318e+00
-5.386672680703494365e+00
-5.232784181185898831e+00
-5.098259698449588484e+00
-4.995599103061628909e+00
-4.937403480602572614e+00
-4.937288338707190860e+00
-5.011900325931748057e+00
-5.183605635815403900e+00
-5.482224126131114872e+00
-5.968269771842447113e+00
-6.736717513358900788e+00
-8.013334592282877367e+00
-1.039814309679109883e+01
-2.125089720938477367e+00
-2.300812580123152706e+00
-2.488896370073455877e+00
-2.683347891088768478e+00
-2.885249481943115590e+00
-3.085680992157343372e+00
-3.274177228311468291e+00
-3.462863918971748056e+00
-3.652451089880536017e+00
-3.843264380868712138e+00
-4.035916020637317914e+00
-4.231339758607807866e+00
-4.431059822112604962e+00
-4.633960116195328993e+00
-4.844571468962637795e+00
-4.974904497707631990e+00
-5.053460710971449998e+00
-5.138193347992910276e+00
-5.226476079953993548e+00
-5.317293688403239571e+00
-5.409896421098512320e+00
-5.504705519842321593e+00
-5.600640321690502077e+00
-5.696838381078027425e+00
-5.791935671048847212e+00
-5.883778975696937863e+00
-5.969493353803528635e+00
-6.045664639800037321e+00
-6.109080244061740217e+00
-6.113099022821124606e+00
-6.094364058721666311e+00
-6.046775953831595274e+00
-5.965913956807945340e+00
-5.855725505836762323e+00
-5.720952717781319308e+00
-5.569741854896843591e+00
-5.412150898381501207e+00
-5.258285909140020919e+00
-5.123794856163463862e+00
-5.021165283857293105e+00
-4.962991152120586946e+00
-4.962879430098272593e+00
-5.037470283510149471e+00
-5.208498158107818909e+00
-5.506896180239262861e+00
-5.991628595006211810e+00
-6.758645510631296816e+00
-8.032943694042796068e+00
-1.041280402445958941e+01
