-7.950153694809469762e-01
-1.042859208173427366e+00
-1.354525735231514982e+00
-1.678841414157508538e+00
-1.958372157209685938e+00
-2.137374488126622119e+00
-2.326457166835790957e+00
-2.459965553770671498e+00
-2.575382616980100181e+00
-2.675554988206199525e+00
-2.747405152195303568e+00
-2.802813524401380985e+00
-2.842738730166512351e+00
-2.863096303553406941e+00
-2.860928177749480383e+00
-2.827608774252346358e+00
-2.807716811730715634e+00
-3.104602645316337561e+00
-4.033062909418650754e+00
-7.950153694809471983e-01
-1.042859208173427144e+00
-1.354525735231515426e+00
-1.678841414157508538e+00
-1.958372157209685049e+00
-2.137374488126623451e+00
-2.326457166835789625e+00
-2.459965553770674163e+00
-2.575382616980100181e+00
-2.675554988206197748e+00
-2.747405152195302680e+00
-2.802813524401378764e+00
-2.842738730166512795e+00
-2.863096303553406496e+00
-2.860928177749481272e+00
-2.827608774252347246e+00
-2.807716811730718298e+00
-3.104602645316343335e+00
-4.033062909418653419e+00
-7.950153694809480864e-01
-1.042859208173428920e+00
-1.354525735231514094e+00
-1.678841414157509426e+00
-1.958372157209686382e+00
-2.137374488126624783e+00
-2.326457166835789181e+00
-2.459965553770673274e+00
-2.575382616980097517e+00
-2.675554988206191531e+00
-2.747405152195300904e+00
-2.802813524401377432e+00
-2.842738730166511907e+00
-2.863096303553403388e+00
-2.860928177749479495e+00
-2.827608774252347690e+00
-2.807716811730717410e+00
-3.104602645316337561e+00
-4.033062909418650754e+00
-4.195319143954086627e+01
-4.299829399337623670e+01
-3.959563868077717075e+01
-3.977125601706350011e+01
-4.111252889429515989e+01
-4.199014070438446566e+01
-4.236749195072160035e+01
-4.234830486542102079e+01
-4.198798717859509111e+01
-4.134923054439185819e+01
-4.057030658684218594e+01
-4.066505517067486153e+01
-4.229931989170761142e+01
-3.927259576513795736e+01
-3.955143501236857162e+01
-4.091470209406003278e+01
-4.181575668164325776e+01
-4.220052159556328775e+01
-4.216375123936700930e+01
-4.176936043475387095e+01
-4.108287827479725962e+01
-4.025783003952275863e+01
-4.350767115626948112e+01
-4.464978921594469341e+01
-4.123948723399267635e+01
-4.154964535096065248e+01
-4.303289607161791963e+01
-4.404612542623726057e+01
-4.454454458114582849e+01
-4.462296867542814738e+01
-4.435101339644909046e+01
-4.378848234452269139e+01
-4.293476653876413707e+01
-4.195319143954083074e+01
-4.299829399337620828e+01
-3.959563868077717075e+01
-3.977125601706349300e+01
-4.111252889429513857e+01
-4.199014070438445856e+01
-4.236749195072160745e+01
-4.234830486542105632e+01
-4.198798717859511243e+01
-4.134923054439187950e+01
-4.057030658684220725e+01
-4.066505517067496100e+01
-4.229931989170755458e+01
-3.927259576513798578e+01
-3.955143501236855741e+01
-4.091470209406001146e+01
-4.181575668164325776e+01
-4.220052159556328775e+01
-4.216375123936703773e+01
-4.176936043475381410e+01
-4.108287827479725252e+01
-4.025783003952277284e+01
-4.350767115626950954e+01
-4.464978921594456551e+01
-4.123948723399275451e+01
-4.154964535096060985e+01
-4.303289607161783437e+01
-4.404612542623732452e+01
-4.454454458114578586e+01
-4.462296867542822554e+01
-4.435101339644908336e+01
-4.378848234452267008e+01
-4.293476653876414417e+01
-4.195319143954082364e+01
-4.299829399337620828e+01
-3.959563868077718496e+01
-3.977125601706350011e+01
-4.111252889429513857e+01
-4.199014070438447277e+01
-4.236749195072163587e+01
-4.234830486542107053e+01
-4.198798717859511953e+01
-4.134923054439188661e+01
-4.057030658684220725e+01
-4.066505517067493258e+01
-4.229931989170759721e+01
-3.927259576513797867e+01
-3.955143501236852899e+01
-4.091470209406000436e+01
-4.181575668164326487e+01
-4.220052159556323801e+01
-4.216375123936705904e+01
-4.176936043475384253e+01
-4.108287827479727383e+01
-4.025783003952280126e+01
-4.350767115626956638e+01
-4.464978921594460815e+01
-4.123948723399276872e+01
-4.154964535096061695e+01
-4.303289607161787700e+01
-4.404612542623728189e+01
-4.454454458114581428e+01
-4.462296867542816869e+01
-4.435101339644908336e+01
-4.378848234452267718e+01
-4.293476653876413707e+01
