-6.754837196647609510e-01
-7.672896620798357326e-01
-8.549261279069768626e-01
-9.430571411622200584e-01
-1.034136092456587441e+00
-1.136631838584366339e+00
-1.253844556186664239e+00
-1.366603852974660249e+00
-1.478237173674680438e+00
-1.592340089002427073e+00
-1.709640332805240082e+00
-1.833841020541732370e+00
-1.910441766403695230e+00
-1.968791233587918743e+00
-2.030578570876674149e+00
-2.093941063601997943e+00
-2.158093869891639649e+00
-2.222825776417596266e+00
-2.289251635333700463e+00
-2.337112223322473703e+00
-2.376609729718689223e+00
-2.415628470131384375e+00
-2.453318505941417982e+00
-2.489254437299521783e+00
-2.523245982022604750e+00
-2.555319244061012185e+00
-2.584863630499420140e+00
-2.607148292972832238e+00
-2.627596966643578114e+00
-2.646113403039360712e+00
-2.662741724771468199e+00
-2.677718416743836372e+00
-2.691122755309541148e+00
-2.702882584255300813e+00
-2.712737359227510581e+00
-2.717186173362840407e+00
-2.717226428653843229e+00
-2.712644806695708510e+00
-2.703011239025606471e+00
-2.689084232217487269e+00
-2.673352020132259810e+00
-2.660465857963151493e+00
-2.658657868585425632e+00
-2.693586248810776240e+00
-2.888737946570927306e+00
-3.263224561145470659e+00
-3.483749812190700013e+00
-3.939513868249255424e+00
-5.081261922546406851e+00
-6.754837196647623943e-01
-7.672896620798381750e-01
-8.549261279069791941e-01
-9.430571411622183930e-01
-1.034136092456592992e+00
-1.136631838584368115e+00
-1.253844556186658465e+00
-1.366603852974662692e+00
-1.478237173674688432e+00
-1.592340089002433512e+00
-1.709640332805240970e+00
-1.833841020541731037e+00
-1.910441766403697450e+00
-1.968791233587927625e+00
-2.030578570876669708e+00
-2.093941063602003716e+00
-2.158093869891638761e+00
-2.222825776417594490e+00
-2.289251635333699575e+00
-2.337112223322478144e+00
-2.376609729718683894e+00
-2.415628470131379935e+00
-2.453318505941417982e+00
-2.489254437299527112e+00
-2.523245982022601197e+00
-2.555319244061013961e+00
-2.584863630499416587e+00
-2.607148292972836678e+00
-2.627596966643581666e+00
-2.646113403039368706e+00
-2.662741724771471752e+00
-2.677718416743833707e+00
-2.691122755309541148e+00
-2.702882584255290155e+00
-2.712737359227494593e+00
-2.717186173362842183e+00
-2.717226428653862769e+00
-2.712644806695712063e+00
-2.703011239025592261e+00
-2.689084232217494375e+00
-2.673352020132256257e+00
-2.660465857963144387e+00
-2.658657868585418527e+00
-2.693586248810790451e+00
-2.888737946570934412e+00
-3.263224561145488423e+00
-3.483749812190692907e+00
-3.939513868249253647e+00
-5.081261922546402410e+00
-6.754837196647620612e-01
-7.672896620798373979e-01
-8.549261279069793051e-01
-9.430571411622215017e-01
-1.034136092456590772e+00
-1.136631838584366783e+00
-1.253844556186661130e+00
-1.366603852974655586e+00
-1.478237173674683103e+00
-1.592340089002432180e+00
-1.709640332805241414e+00
-1.833841020541727040e+00
-1.910441766403691677e+00
-1.968791233587919631e+00
-2.030578570876669708e+00
-2.093941063601998831e+00
-2.158093869891634320e+00
-2.222825776417597154e+00
-2.289251635333701351e+00
-2.337112223322471927e+00
-2.376609729718682118e+00
-2.415628470131386152e+00
-2.453318505941417094e+00
-2.489254437299519118e+00
-2.523245982022597644e+00
-2.555319244061012185e+00
-2.584863630499421028e+00
-2.607148292972833126e+00
-2.627596966643582554e+00
-2.646113403039347389e+00
-2.662741724771469976e+00
-2.677718416743839924e+00
-2.691122755309541148e+00
-2.702882584255313247e+00
-2.712737359227505252e+00
-2.717186173362852841e+00
-2.717226428653850334e+00
-2.712644806695724498e+00
-2.703011239025606471e+00
-2.689084232217497927e+00
-2.673352020132270468e+00
-2.660465857963149716e+00
-2.658657868585420303e+00
-2.693586248810781569e+00
-2.888737946570950399e+00
-3.263224561145488423e+00
-3.483749812190689354e+00
-3.939513868249269635e+00
-5.081261922546415732e+00
-3.294657219278241911e+01
-3.512221665552109329e+01
-3.660469260272226677e+01
-3.771410326364889443e+01
-3.860816608688213591e+01
-3.938726155841541754e+01
-4.007603361570340184e+01
-4.066544545534926414e+01
-4.116107264050848613e+01
-4.157724900876507945e+01
-4.191234533131365936e+01
-4.217111047591592410e+01
-4.236091943106639945e+01
-4.248839802338596883e+01
-4.255378374238452466e+01
-4.256074084714540362e+01
-4.251635193544533564e+01
-4.242076706489579863e+01
-4.227538706433179527e+01
-4.208108776395850015e+01
-4.185118589317192317e+01
-4.157644531286488387e+01
-4.126831609688264280e+01
-4.092219262423537884e+01
-4.055528669705512357e+01
-4.015758582317602787e+01
-3.973410760138342823e+01
-3.928586907319886734e+01
-3.878936997078558591e+01
-2.940313577775258480e+01
-3.221741307548199984e+01
-3.405504887404740799e+01
-3.535982601500962375e+01
-3.632074444324563700e+01
-3.705368552359573897e+01
-3.766197024255482262e+01
-3.820118528467807550e+01
-3.866711052485867839e+01
-3.905328553801079750e+01
-3.936888926407505096e+01
-3.960343939736219454e+01
-3.977381586497466515e+01
-3.987539953009206783e+01
-3.991201240586473631e+01
-3.988860380973894593e+01
-3.980921637143266167e+01
-3.967723563403549747e+01
-3.949554237588493777e+01
-3.926660768897740184e+01
-3.899252926897970895e+01
-3.867778779940594092e+01
-3.833274542460785028e+01
-3.795087787410526659e+01
-3.755435053764802689e+01
-3.714042201756307549e+01
-3.674022035011610399e+01
-3.640517696935348368e+01
-3.626566618648173090e+01
-3.234708149999114823e+01
-3.485608488109399161e+01
-3.653895212611619314e+01
-3.779444432498559792e+01
-3.877123515785547170e+01
-3.956962565795454623e+01
-4.025143490993203699e+01
-4.083591505567399338e+01
-4.134722418708190617e+01
-4.176142011238436424e+01
-4.210531458001413796e+01
-4.236863982681840213e+01
-4.255911359287176765e+01
-4.268270423075427544e+01
-4.274419210222181675e+01
-4.274746049425992567e+01
-4.269566180435511882e+01
-4.259130133579942878e+01
-4.243624062693500321e+01
-4.223156178401086436e+01
-4.199050286306105306e+01
-4.170558148493626049e+01
-4.138334855700832549e+01
-4.102972371273622798e+01
-4.064505163138036181e+01
-4.022259392966705605e+01
-3.976729513748026790e+01
-3.924252488408089334e+01
-3.861666798238313447e+01
-3.294657219278242621e+01
-3.512221665552108618e+01
-3.660469260272210335e+01
-3.771410326364888732e+01
-3.860816608688212170e+01
-3.938726155841504806e+01
-4.007603361570328104e+01
-4.066544545534916466e+01
-4.116107264050842929e+01
-4.157724900876507945e+01
-4.191234533131352435e+01
-4.217111047591571094e+01
-4.236091943106650604e+01
-4.248839802338596172e+01
-4.255378374238453887e+01
-4.256074084714540362e+01
-4.251635193544532143e+01
-4.242076706489578442e+01
-4.227538706433185212e+01
-4.208108776395852857e+01
-4.185118589317206528e+01
-4.157644531286501888e+01
-4.126831609688277780e+01
-4.092219262423549253e+01
-4.055528669705522304e+01
-4.015758582317613445e+01
-3.973410760138352771e+01
-3.928586907319898103e+01
-3.878936997078566407e+01
-2.940313577775263099e+01
-3.221741307548198563e+01
-3.405504887404755721e+01
-3.535982601500988665e+01
-3.632074444324580753e+01
-3.705368552359577450e+01
-3.766197024255505710e+01
-3.820118528467829577e+01
-3.866711052485886313e+01
-3.905328553801095381e+01
-3.936888926407520728e+01
-3.960343939736239349e+01
-3.977381586497483568e+01
-3.987539953009218152e+01
-3.991201240586475052e+01
-3.988860380973894593e+01
-3.980921637143274694e+01
-3.967723563403550457e+01
-3.949554237588493066e+01
-3.926660768897742315e+01
-3.899252926897968763e+01
-3.867778779940585565e+01
-3.833274542460770817e+01
-3.795087787410530922e+01
-3.755435053764793452e+01
-3.714042201756296180e+01
-3.674022035011604714e+01
-3.640517696935338421e+01
-3.626566618648166695e+01
-3.234708149999116245e+01
-3.485608488109404846e+01
-3.653895212611620025e+01
-3.779444432498559081e+01
-3.877123515785541485e+01
-3.956962565795446096e+01
-4.025143490993190909e+01
-4.083591505567383706e+01
-4.134722418708194169e+01
-4.176142011238422214e+01
-4.210531458001406691e+01
-4.236863982681837371e+01
-4.255911359287173923e+01
-4.268270423075416886e+01
-4.274419210222181675e+01
-4.274746049425991146e+01
-4.269566180435508329e+01
-4.259130133579938615e+01
-4.243624062693506005e+01
-4.223156178401087857e+01
-4.199050286306115254e+01
-4.170558148493642392e+01
-4.138334855700840365e+01
-4.102972371273627061e+01
-4.064505163138039734e+01
-4.022259392966711289e+01
-3.976729513748031763e+01
-3.924252488408092887e+01
-3.861666798238326237e+01
-3.294657219278248306e+01
-3.512221665552119987e+01
-3.660469260272225966e+01
-3.771410326364901522e+01
-3.860816608688214302e+01
-3.938726155841524701e+01
-4.007603361570332368e+01
-4.066544545534930677e+01
-4.116107264050855719e+01
-4.157724900876504392e+01
-4.191234533131360962e+01
-4.217111047591593831e+01
-4.236091943106622892e+01
-4.248839802338611094e+01
-4.255378374238462413e+01
-4.256074084714543915e+01
-4.251635193544538538e+01
-4.242076706489571336e+01
-4.227538706433171001e+01
-4.208108776395850725e+01
-4.185118589317193027e+01
-4.157644531286494782e+01
-4.126831609688269253e+01
-4.092219262423547832e+01
-4.055528669705508804e+01
-4.015758582317604208e+01
-3.973410760138342823e+01
-3.928586907319890997e+01
-3.878936997078557880e+01
-2.940313577775252085e+01
-3.221741307548185063e+01
-3.405504887404735825e+01
-3.535982601500961664e+01
-3.632074444324557305e+01
-3.705368552359566792e+01
-3.766197024255490788e+01
-3.820118528467814656e+01
-3.866711052485877076e+01
-3.905328553801080460e+01
-3.936888926407507938e+01
-3.960343939736229402e+01
-3.977381586497476462e+01
-3.987539953009208205e+01
-3.991201240586472920e+01
-3.988860380973900277e+01
-3.980921637143271141e+01
-3.967723563403554721e+01
-3.949554237588498751e+01
-3.926660768897740894e+01
-3.899252926897984395e+01
-3.867778779940604750e+01
-3.833274542460786449e+01
-3.795087787410545133e+01
-3.755435053764814057e+01
-3.714042201756313233e+01
-3.674022035011623188e+01
-3.640517696935359737e+01
-3.626566618648187301e+01
-3.234708149999106297e+01
-3.485608488109405556e+01
-3.653895212611628551e+01
-3.779444432498564055e+01
-3.877123515785540064e+01
-3.956962565795461018e+01
-4.025143490993201567e+01
-4.083591505567393654e+01
-4.134722418708187774e+01
-4.176142011238428609e+01
-4.210531458001423744e+01
-4.236863982681843055e+01
-4.255911359287181028e+01
-4.268270423075426123e+01
-4.274419210222180965e+01
-4.274746049425993277e+01
-4.269566180435511171e+01
-4.259130133579947142e+01
-4.243624062693503163e+01
-4.223156178401081462e+01
-4.199050286306106727e+01
-4.170558148493635997e+01
-4.138334855700838943e+01
-4.102972371273624930e+01
-4.064505163138033339e+01
-4.022259392966703473e+01
-3.976729513748020395e+01
-3.924252488408085782e+01
-3.861666798238321974e+01
