-7.191302222440378866e-01
-8.138890524905324497e-01
-9.072024815079897664e-01
-1.003409312942680653e+00
-1.105661701662428165e+00
-1.234524900526734470e+00
-1.359302278407930054e+00
-1.482057463286245103e+00
-1.607765013092147033e+00
-1.736695279425381155e+00
-1.874353992822212156e+00
-1.948807175150150339e+00
-2.015723458424584891e+00
-2.085958175284062133e+00
-2.157937352121294339e+00
-2.231113764476213568e+00
-2.305878496862644234e+00
-2.372071477157077446e+00
-2.418872173907143264e+00
-2.465739945182485293e+00
-2.511566706193255172e+00
-2.555796055158647384e+00
-2.598153050019560872e+00
-2.638619766834295888e+00
-2.674400640785689731e+00
-2.704034998101355391e+00
-2.731282210672869581e+00
-2.756014666592449203e+00
-2.778191585662833418e+00
-2.798016142472377510e+00
-2.815826895655863638e+00
-2.831973064514322402e+00
-2.843116895982809922e+00
-2.851840242107098078e+00
-2.858123373671325851e+00
-2.861161758313013337e+00
-2.860045070537273304e+00
-2.854062420292327928e+00
-2.843252233345026525e+00
-2.829140811869988781e+00
-2.815042367000845758e+00
-2.807303363931644924e+00
-2.817405562058615587e+00
-2.866190596498249477e+00
-3.004217153708079735e+00
-3.250276528186656577e+00
-3.586947386285025630e+00
-4.169278250311762690e+00
-5.353262974462388968e+00
-7.191302222440378866e-01
-8.138890524905315615e-01
-9.072024815079893223e-01
-1.003409312942679765e+00
-1.105661701662429497e+00
-1.234524900526732694e+00
-1.359302278407933606e+00
-1.482057463286248211e+00
-1.607765013092145479e+00
-1.736695279425382044e+00
-1.874353992822212600e+00
-1.948807175150146787e+00
-2.015723458424586667e+00
-2.085958175284061689e+00
-2.157937352121307661e+00
-2.231113764476210459e+00
-2.305878496862648674e+00
-2.372071477157078334e+00
-2.418872173907146816e+00
-2.465739945182487070e+00
-2.511566706193258725e+00
-2.555796055158643831e+00
-2.598153050019547550e+00
-2.638619766834300329e+00
-2.674400640785687955e+00
-2.704034998101354503e+00
-2.731282210672874911e+00
-2.756014666592449203e+00
-2.778191585662833418e+00
-2.798016142472359746e+00
-2.815826895655856532e+00
-2.831973064514309968e+00
-2.843116895982801040e+00
-2.851840242107099854e+00
-2.858123373671322298e+00
-2.861161758312990244e+00
-2.860045070537259093e+00
-2.854062420292338587e+00
-2.843252233345015867e+00
-2.829140811869979899e+00
-2.815042367000863521e+00
-2.807303363931648477e+00
-2.817405562058628021e+00
-2.866190596498249477e+00
-3.004217153708090393e+00
-3.250276528186660130e+00
-3.586947386285032735e+00
-4.169278250311759138e+00
-5.353262974462394297e+00
-7.191302222440373315e-01
-8.138890524905335599e-01
-9.072024815079902105e-01
-1.003409312942679765e+00
-1.105661701662428609e+00
-1.234524900526738245e+00
-1.359302278407931830e+00
-1.482057463286249321e+00
-1.607765013092148587e+00
-1.736695279425387373e+00
-1.874353992822210380e+00
-1.948807175150149895e+00
-2.015723458424589332e+00
-2.085958175284064797e+00
-2.157937352121300556e+00
-2.231113764476219785e+00
-2.305878496862645122e+00
-2.372071477157081887e+00
-2.418872173907141487e+00
-2.465739945182478188e+00
-2.511566706193256060e+00
-2.555796055158647384e+00
-2.598153050019549326e+00
-2.638619766834293223e+00
-2.674400640785680849e+00
-2.704034998101354503e+00
-2.731282210672876687e+00
-2.756014666592447426e+00
-2.778191585662838747e+00
-2.798016142472362411e+00
-2.815826895655854756e+00
-2.831973064514325955e+00
-2.843116895982793935e+00
-2.851840242107087420e+00
-2.858123373671313416e+00
-2.861161758312999126e+00
-2.860045070537271528e+00
-2.854062420292315494e+00
-2.843252233345019420e+00
-2.829140811870002992e+00
-2.815042367000840429e+00
-2.807303363931641371e+00
-2.817405562058620916e+00
-2.866190596498260135e+00
-3.004217153708083288e+00
-3.250276528186667235e+00
-3.586947386285041617e+00
-4.169278250311761802e+00
-5.353262974462394297e+00
-3.807929754620702312e+01
-4.351354937736060435e+01
-4.500641946908260138e+01
-4.334331216722087987e+01
-4.096044147700128946e+01
-3.928444892590677284e+01
-3.856753871775060105e+01
-3.859222253601378583e+01
-3.903078018810375482e+01
-3.961097559562693959e+01
-4.017485525591889939e+01
-4.066764763885200296e+01
-4.107002075472712477e+01
-4.140037792895158475e+01
-4.165235978235195091e+01
-4.183606186277138761e+01
-4.195785529008613679e+01
-4.201896605836263632e+01
-4.202320817170140543e+01
-4.197378932079760716e+01
-4.187362238175975193e+01
-4.172550231323047853e+01
-4.153217618761456009e+01
-4.129966550228104438e+01
-4.103145397028421115e+01
-4.072909403994376731e+01
-4.040782750220488850e+01
-4.007422274496544645e+01
-3.976496841133799620e+01
-4.126393727914170029e+01
-4.649917407786372081e+01
-4.764453767434446263e+01
-4.557381283791887938e+01
-4.283866128218309655e+01
-4.094774646463638135e+01
-4.016520853084681875e+01
-4.020044828336347109e+01
-4.068345921854589164e+01
-4.131903434165840139e+01
-4.194045455137785439e+01
-4.248044124547680411e+01
-4.293069856024021647e+01
-4.330012248443024703e+01
-4.359399376562224404e+01
-4.382079824390002187e+01
-4.398676883128882764e+01
-4.409656150898743476e+01
-4.415380286763971895e+01
-4.416141704350774688e+01
-4.412175902004684502e+01
-4.403651722291198212e+01
-4.391322679910196314e+01
-4.374915354304744142e+01
-4.354046596707024008e+01
-4.328571166812242410e+01
-4.296437818608025339e+01
-4.252900479908229414e+01
-4.183765708647689507e+01
-3.933596099689506076e+01
-4.443858046861986821e+01
-4.558313821884749473e+01
-4.362423028519073398e+01
-4.099002624917969939e+01
-3.909847759935873768e+01
-3.825157947210689713e+01
-3.820426927019541807e+01
-3.860646863753238733e+01
-3.916691209623029124e+01
-3.971763984101983169e+01
-4.019782144412488378e+01
-4.058758708631613388e+01
-4.089338555326528279e+01
-4.112479546254795082e+01
-4.128969615219007494e+01
-4.139394953331597549e+01
-4.144202721570619019e+01
-4.143756297747068373e+01
-4.138373888553570623e+01
-4.128355054051793616e+01
-4.114000208350651633e+01
-4.095626807614252840e+01
-4.073569416238240137e+01
-4.048242691215020983e+01
-4.020290618013812178e+01
-3.991331404739173649e+01
-3.962952311144650963e+01
-3.941693639696505613e+01
-3.807929754620730023e+01
-4.351354937736078909e+01
-4.500641946908264401e+01
-4.334331216722092961e+01
-4.096044147700140314e+01
-3.928444892590668758e+01
-3.856753871775058684e+01
-3.859222253601377872e+01
-3.903078018810380456e+01
-3.961097559562702486e+01
-4.017485525591897755e+01
-4.066764763885208822e+01
-4.107002075472717451e+01
-4.140037792895162738e+01
-4.165235978235200776e+01
-4.183606186277137340e+01
-4.195785529008613679e+01
-4.201896605836257947e+01
-4.202320817170145517e+01
-4.197378932079767822e+01
-4.187362238175970930e+01
-4.172550231323043590e+01
-4.153217618761452457e+01
-4.129966550228103017e+01
-4.103145397028418984e+01
-4.072909403994362521e+01
-4.040782750220481034e+01
-4.007422274496539671e+01
-3.976496841133798199e+01
-4.126393727914125975e+01
-4.649917407786356449e+01
-4.764453767434437736e+01
-4.557381283791896465e+01
-4.283866128218356550e+01
-4.094774646463665135e+01
-4.016520853084681875e+01
-4.020044828336342846e+01
-4.068345921854598402e+01
-4.131903434165842981e+01
-4.194045455137779754e+01
-4.248044124547670464e+01
-4.293069856024023778e+01
-4.330012248443024703e+01
-4.359399376562217299e+01
-4.382079824389994371e+01
-4.398676883128887738e+01
-4.409656150898747029e+01
-4.415380286763976159e+01
-4.416141704350769714e+01
-4.412175902004695160e+01
-4.403651722291205317e+01
-4.391322679910203419e+01
-4.374915354304741300e+01
-4.354046596707031824e+01
-4.328571166812248094e+01
-4.296437818608030312e+01
-4.252900479908224440e+01
-4.183765708647692350e+01
-3.933596099689509629e+01
-4.443858046862017375e+01
-4.558313821884759420e+01
-4.362423028519077661e+01
-4.099002624917966386e+01
-3.909847759935873057e+01
-3.825157947210686160e+01
-3.820426927019541097e+01
-3.860646863753234470e+01
-3.916691209623029124e+01
-3.971763984101980327e+01
-4.019782144412488378e+01
-4.058758708631609835e+01
-4.089338555326526148e+01
-4.112479546254795082e+01
-4.128969615219008205e+01
-4.139394953331597549e+01
-4.144202721570618309e+01
-4.143756297747066242e+01
-4.138373888553569202e+01
-4.128355054051792195e+01
-4.114000208350654475e+01
-4.095626807614252840e+01
-4.073569416238240848e+01
-4.048242691215026667e+01
-4.020290618013813599e+01
-3.991331404739176492e+01
-3.962952311144654516e+01
-3.941693639696509877e+01
-3.807929754620715812e+01
-4.351354937736083173e+01
-4.500641946908277191e+01
-4.334331216722104330e+01
-4.096044147700142446e+01
-3.928444892590673021e+01
-3.856753871775056552e+01
-3.859222253601375030e+01
-3.903078018810374772e+01
-3.961097559562696802e+01
-4.017485525591894202e+01
-4.066764763885203138e+01
-4.107002075472713898e+01
-4.140037792895158475e+01
-4.165235978235197933e+01
-4.183606186277135919e+01
-4.195785529008610126e+01
-4.201896605836261500e+01
-4.202320817170138412e+01
-4.197378932079767822e+01
-4.187362238175975193e+01
-4.172550231323047853e+01
-4.153217618761458141e+01
-4.129966550228108702e+01
-4.103145397028424668e+01
-4.072909403994372468e+01
-4.040782750220485298e+01
-4.007422274496540382e+01
-3.976496841133796778e+01
-4.126393727914152976e+01
-4.649917407786379897e+01
-4.764453767434442710e+01
-4.557381283791885807e+01
-4.283866128218349445e+01
-4.094774646463655188e+01
-4.016520853084670506e+01
-4.020044828336335740e+01
-4.068345921854597691e+01
-4.131903434165845113e+01
-4.194045455137779754e+01
-4.248044124547671174e+01
-4.293069856024025199e+01
-4.330012248443028966e+01
-4.359399376562217299e+01
-4.382079824389995082e+01
-4.398676883128889870e+01
-4.409656150898748450e+01
-4.415380286763974027e+01
-4.416141704350767583e+01
-4.412175902004691608e+01
-4.403651722291203896e+01
-4.391322679910190629e+01
-4.374915354304734905e+01
-4.354046596707026850e+01
-4.328571166812245252e+01
-4.296437818608026049e+01
-4.252900479908222309e+01
-4.183765708647689507e+01
-3.933596099689503944e+01
-4.443858046862007427e+01
-4.558313821884755868e+01
-4.362423028519079793e+01
-4.099002624917964965e+01
-3.909847759935867373e+01
-3.825157947210689713e+01
-3.820426927019543228e+01
-3.860646863753236602e+01
-3.916691209623027703e+01
-3.971763984101980327e+01
-4.019782144412486957e+01
-4.058758708631614809e+01
-4.089338555326527569e+01
-4.112479546254792240e+01
-4.128969615219007494e+01
-4.139394953331596128e+01
-4.144202721570619019e+01
-4.143756297747070505e+01
-4.138373888553569202e+01
-4.128355054051791484e+01
-4.114000208350651633e+01
-4.095626807614253551e+01
-4.073569416238238716e+01
-4.048242691215025246e+01
-4.020290618013812889e+01
-3.991331404739175071e+01
-3.962952311144654516e+01
-3.941693639696508455e+01
