-1.125140827658120513e+00
-1.193139620504011678e+00
-1.323103614928357707e+00
-1.475322013228802298e+00
-1.630421391880389592e+00
-1.791936405438901314e+00
-1.944005244709507529e+00
-2.022230012085349582e+00
-2.104337949416150710e+00
-2.189110884965524750e+00
-2.275542522169280879e+00
-2.363945835508020288e+00
-2.437608318881620662e+00
-2.494626772814358517e+00
-2.551238918601881345e+00
-2.606352239479202026e+00
-2.659585047874065467e+00
-2.710868465162509011e+00
-2.759745446517582579e+00
-2.799648421965867939e+00
-2.837343152270257463e+00
-2.872622876977636963e+00
-2.905420125023052691e+00
-2.935879440645207339e+00
-2.964143895528639661e+00
-2.990437638706845647e+00
-3.013203670616007912e+00
-3.032367036644153302e+00
-3.049879536326356444e+00
-3.065724942021645916e+00
-3.079902427003803567e+00
-3.092390762628745904e+00
-3.103139724430519664e+00
-3.112075414639638993e+00
-3.119117316115570304e+00
-3.124208254629934345e+00
-3.126866501259470965e+00
-3.127272036603958583e+00
-3.125892215678344854e+00
-3.123001861795920320e+00
-3.119040357217258475e+00
-3.114611285621634806e+00
-3.110472369733280118e+00
-3.107514726700536301e+00
-3.106734120527818277e+00
-3.109198444307857301e+00
-3.116016067400458667e+00
-3.128309188227380133e+00
-3.147195253769208279e+00
-3.173778216222267190e+00
-3.209150259617363332e+00
-3.254404046844150855e+00
-3.310587409233860967e+00
-3.378834252597741283e+00
-3.460438760770173872e+00
-3.556189954037073164e+00
-3.665654544076929255e+00
-3.792674154897689220e+00
-3.935183951673749903e+00
-4.098068014014828009e+00
-4.283178402896020032e+00
-4.494912880557023982e+00
-4.737506093776872262e+00
-5.016046043038947744e+00
-5.339232145352120540e+00
-5.720544371973481645e+00
-6.182427860880380877e+00
-6.770529333149195139e+00
-7.611289621020475238e+00
-1.125140827658117182e+00
-1.193139620504009235e+00
-1.323103614928354599e+00
-1.475322013228802298e+00
-1.630421391880390480e+00
-1.791936405438903313e+00
-1.944005244709509750e+00
-2.022230012085355799e+00
-2.104337949416175135e+00
-2.189110884965535853e+00
-2.275542522169284432e+00
-2.363945835508029170e+00
-2.437608318881617109e+00
-2.494626772814361182e+00
-2.551238918601880457e+00
-2.606352239479197586e+00
-2.659585047874075237e+00
-2.710868465162509011e+00
-2.759745446517587908e+00
-2.799648421965860834e+00
-2.837343152270250357e+00
-2.872622876977636963e+00
-2.905420125023056244e+00
-2.935879440645209115e+00
-2.964143895528641437e+00
-2.990437638706833212e+00
-3.013203670616029228e+00
-3.032367036644149749e+00
-3.049879536326356444e+00
-3.065724942021642363e+00
-3.079902427003807119e+00
-3.092390762628744127e+00
-3.103139724430540980e+00
-3.112075414639637216e+00
-3.119117316115577410e+00
-3.124208254629930792e+00
-3.126866501259449649e+00
-3.127272036603969241e+00
-3.125892215678362618e+00
-3.123001861795913214e+00
-3.119040357217251369e+00
-3.114611285621649017e+00
-3.110472369733315645e+00
-3.107514726700525642e+00
-3.106734120527832488e+00
-3.109198444307878617e+00
-3.116016067400494194e+00
-3.128309188227365922e+00
-3.147195253769208279e+00
-3.173778216222267190e+00
-3.209150259617345569e+00
-3.254404046844140197e+00
-3.310587409233839651e+00
-3.378834252597705756e+00
-3.460438760770166766e+00
-3.556189954037080270e+00
-3.665654544076929255e+00
-3.792674154897696326e+00
-3.935183951673735692e+00
-4.098068014014813798e+00
-4.283178402896041348e+00
-4.494912880556952928e+00
-4.737506093776872262e+00
-5.016046043038961955e+00
-5.339232145352134751e+00
-5.720544371973446118e+00
-6.182427860880348902e+00
-6.770529333149283957e+00
-7.611289621020469909e+00
-1.125140827658114961e+00
-1.193139620504009901e+00
-1.323103614928352822e+00
-1.475322013228804074e+00
-1.630421391880389370e+00
-1.791936405438901314e+00
-1.944005244709509306e+00
-2.022230012085353135e+00
-2.104337949416164477e+00
-2.189110884965531412e+00
-2.275542522169281767e+00
-2.363945835508024729e+00
-2.437608318881617109e+00
-2.494626772814360294e+00
-2.551238918601883121e+00
-2.606352239479203803e+00
-2.659585047874077013e+00
-2.710868465162516117e+00
-2.759745446517593237e+00
-2.799648421965866163e+00
-2.837343152270253910e+00
-2.872622876977644069e+00
-2.905420125023059796e+00
-2.935879440645212668e+00
-2.964143895528646766e+00
-2.990437638706845647e+00
-3.013203670616023899e+00
-3.032367036644158631e+00
-3.049879536326365326e+00
-3.065724942021651245e+00
-3.079902427003814225e+00
-3.092390762628740575e+00
-3.103139724430533875e+00
-3.112075414639647875e+00
-3.119117316115570304e+00
-3.124208254629937898e+00
-3.126866501259456754e+00
-3.127272036603955030e+00
-3.125892215678348407e+00
-3.123001861795913214e+00
-3.119040357217251369e+00
-3.114611285621638359e+00
-3.110472369733308540e+00
-3.107514726700543406e+00
-3.106734120527839593e+00
-3.109198444307857301e+00
-3.116016067400487088e+00
-3.128309188227365922e+00
-3.147195253769201173e+00
-3.173778216222284954e+00
-3.209150259617359779e+00
-3.254404046844122433e+00
-3.310587409233832545e+00
-3.378834252597719967e+00
-3.460438760770173872e+00
-3.556189954037094481e+00
-3.665654544076900834e+00
-3.792674154897717642e+00
-3.935183951673714375e+00
-4.098068014014828009e+00
-4.283178402896041348e+00
-4.494912880556981349e+00
-4.737506093776907790e+00
-5.016046043038919322e+00
-5.339232145352141856e+00
-5.720544371973488751e+00
-6.182427860880345349e+00
-6.770529333149227114e+00
-7.611289621020489449e+00
