-8.006145005505826973e-01
-7.571428229509502561e-01
-7.765542349344416451e-01
-8.781900398776243399e-01
-1.011132082911474939e+00
-1.134206570175804618e+00
-1.247393237695601620e+00
-1.358586631032056680e+00
-1.474488885706370489e+00
-1.597847303908218386e+00
-1.705326037493458458e+00
-1.747062164642970927e+00
-1.800239582930256432e+00
-1.858516807100744295e+00
-1.918898220645798958e+00
-1.979884609328021128e+00
-2.041015140845896525e+00
-2.102675210466461664e+00
-2.163005895462260852e+00
-2.198377209630104190e+00
-2.234547697320657278e+00
-2.270091529784957984e+00
-2.304210052896721095e+00
-2.336368292134100244e+00
-2.366212228912178972e+00
-2.393547677460331258e+00
-2.418353909536387292e+00
-2.440869591621302348e+00
-2.457075215912444932e+00
-2.469317312176563917e+00
-2.479713881109249840e+00
-2.488450268134663190e+00
-2.495665552110047258e+00
-2.501173372720487009e+00
-2.504199898225822452e+00
-2.503222825878086866e+00
-2.496069130018353732e+00
-2.480438212396695263e+00
-2.454913055742064643e+00
-2.420323596320654858e+00
-2.378793615696231711e+00
-2.341539483044652314e+00
-2.328549518136307839e+00
-2.378001786714301957e+00
-2.523189873205566869e+00
-2.737788926790754473e+00
-3.018308824438761917e+00
-3.527942558547723095e+00
-4.737311229009787183e+00
-8.006145005505868051e-01
-7.571428229509580277e-01
-7.765542349344487505e-01
-8.781900398776283367e-01
-1.011132082911478935e+00
-1.134206570175814832e+00
-1.247393237695592738e+00
-1.358586631032050462e+00
-1.474488885706370489e+00
-1.597847303908222827e+00
-1.705326037493458458e+00
-1.747062164642958493e+00
-1.800239582930260873e+00
-1.858516807100746071e+00
-1.918898220645798069e+00
-1.979884609328022904e+00
-2.041015140845908959e+00
-2.102675210466475875e+00
-2.163005895462287498e+00
-2.198377209630105966e+00
-2.234547697320664383e+00
-2.270091529784941997e+00
-2.304210052896721095e+00
-2.336368292134107350e+00
-2.366212228912170090e+00
-2.393547677460336587e+00
-2.418353909536378410e+00
-2.440869591621293466e+00
-2.457075215912441379e+00
-2.469317312176563917e+00
-2.479713881109253393e+00
-2.488450268134664967e+00
-2.495665552110025942e+00
-2.501173372720463917e+00
-2.504199898225801135e+00
-2.503222825878104629e+00
-2.496069130018344850e+00
-2.480438212396691711e+00
-2.454913055742053984e+00
-2.420323596320642423e+00
-2.378793615696237040e+00
-2.341539483044646985e+00
-2.328549518136320273e+00
-2.378001786714275312e+00
-2.523189873205536671e+00
-2.737788926790766908e+00
-3.018308824438744153e+00
-3.527942558547721319e+00
-4.737311229009762314e+00
-8.006145005505806989e-01
-7.571428229509589158e-01
-7.765542349344491946e-01
-8.781900398776265604e-01
-1.011132082911478491e+00
-1.134206570175808615e+00
-1.247393237695600732e+00
-1.358586631032049574e+00
-1.474488885706372265e+00
-1.597847303908221939e+00
-1.705326037493457569e+00
-1.747062164642960269e+00
-1.800239582930254656e+00
-1.858516807100746959e+00
-1.918898220645807839e+00
-1.979884609328017575e+00
-2.041015140845896525e+00
-2.102675210466477651e+00
-2.163005895462276840e+00
-2.198377209630116624e+00
-2.234547697320660831e+00
-2.270091529784959761e+00
-2.304210052896731753e+00
-2.336368292134098468e+00
-2.366212228912164761e+00
-2.393547677460327705e+00
-2.418353909536381963e+00
-2.440869591621297019e+00
-2.457075215912444932e+00
-2.469317312176563917e+00
-2.479713881109237406e+00
-2.488450268134661414e+00
-2.495665552110049035e+00
-2.501173372720487009e+00
-2.504199898225788701e+00
-2.503222825878106406e+00
-2.496069130018337745e+00
-2.480438212396682829e+00
-2.454913055742082406e+00
-2.420323596320654858e+00
-2.378793615696228159e+00
-2.341539483044659420e+00
-2.328549518136323826e+00
-2.378001786714293075e+00
-2.523189873205552658e+00
-2.737788926790781119e+00
-3.018308824438751259e+00
-3.527942558547715990e+00
-4.737311229009778302e+00
-3.684697659491475719e+01
-3.812672374343559056e+01
-3.891664962641250725e+01
-3.946918119937118519e+01
-3.987629270369141921e+01
-4.024178474814547712e+01
-4.062209085418103882e+01
-4.099676071397432509e+01
-4.135044963680640961e+01
-4.165987281053251934e+01
-4.192990830785491596e+01
-4.215563419566093728e+01
-4.234083847177409865e+01
-4.248860490338755369e+01
-4.260003022732249178e+01
-4.267605843844768998e+01
-4.271644136626922261e+01
-4.272058578418351260e+01
-4.269367950974385195e+01
-4.262657550633969095e+01
-4.253703269261023223e+01
-4.241328739145047422e+01
-4.228228890681999985e+01
-4.212571924637671827e+01
-4.194933243485893115e+01
-4.175655731924314296e+01
-4.156182566982979409e+01
-4.141642012526415328e+01
-4.137973436123589011e+01
-3.236749754219120234e+01
-3.488937655056389531e+01
-3.627318529302131367e+01
-3.714170780014994477e+01
-3.771857197535086925e+01
-3.810365332596362720e+01
-3.835920785056639915e+01
-3.851559855007238298e+01
-3.865597296632702040e+01
-3.882324177344521843e+01
-3.898776289656207439e+01
-3.913094450479029263e+01
-3.924248722082298002e+01
-3.931656739045114790e+01
-3.935104851038506268e+01
-3.934990609608325229e+01
-3.931526484044085379e+01
-3.924884586614690818e+01
-3.915153003353285044e+01
-3.902405285061381335e+01
-3.886655861858367444e+01
-3.868597753247600224e+01
-3.847898952505101988e+01
-3.826256347710263128e+01
-3.803742155589518603e+01
-3.784433642946824961e+01
-3.769515830295725323e+01
-3.764665492347236153e+01
-3.791905930758394305e+01
-3.602586822680066092e+01
-3.787748384496196508e+01
-3.897888686841871930e+01
-3.974269871156499079e+01
-4.030248830763206769e+01
-4.074377934588346761e+01
-4.110083866229080485e+01
-4.141112301499026671e+01
-4.170188450630251964e+01
-4.195857012860142277e+01
-4.220397079929908557e+01
-4.240404555023331312e+01
-4.256276357126294840e+01
-4.268339972055100873e+01
-4.276718258099465686e+01
-4.281508837147471525e+01
-4.282694937699744742e+01
-4.280217425202729942e+01
-4.274282157060229537e+01
-4.266762850543667440e+01
-4.255360092284381324e+01
-4.242592270205617666e+01
-4.226458143865030337e+01
-4.207868334551909584e+01
-4.186919996403663902e+01
-4.164119083703026547e+01
-4.140107222171111800e+01
-4.114098280119138451e+01
-4.085801240905433929e+01
-3.684697659491471455e+01
-3.812672374343546977e+01
-3.891664962641236514e+01
-3.946918119937103597e+01
-3.987629270369127710e+01
-4.024178474814536344e+01
-4.062209085418102461e+01
-4.099676071397433930e+01
-4.135044963680635988e+01
-4.165987281053240565e+01
-4.192990830785481648e+01
-4.215563419566086623e+01
-4.234083847177403470e+01
-4.248860490338764606e+01
-4.260003022732264100e+01
-4.267605843844775393e+01
-4.271644136626919419e+01
-4.272058578418362629e+01
-4.269367950974395143e+01
-4.262657550633979042e+01
-4.253703269261028197e+01
-4.241328739145057369e+01
-4.228228890682012775e+01
-4.212571924637686749e+01
-4.194933243485896668e+01
-4.175655731924322112e+01
-4.156182566982995752e+01
-4.141642012526435224e+01
-4.137973436123616011e+01
-3.236749754219120945e+01
-3.488937655056398057e+01
-3.627318529302158367e+01
-3.714170780015011530e+01
-3.771857197535103978e+01
-3.810365332596374799e+01
-3.835920785056661941e+01
-3.851559855007248245e+01
-3.865597296632710567e+01
-3.882324177344531790e+01
-3.898776289656221650e+01
-3.913094450479039921e+01
-3.924248722082304397e+01
-3.931656739045126159e+01
-3.935104851038508400e+01
-3.934990609608332335e+01
-3.931526484044081826e+01
-3.924884586614698634e+01
-3.915153003353292860e+01
-3.902405285061381335e+01
-3.886655861858363892e+01
-3.868597753247588855e+01
-3.847898952505090620e+01
-3.826256347710251049e+01
-3.803742155589502261e+01
-3.784433642946807907e+01
-3.769515830295718217e+01
-3.764665492347216258e+01
-3.791905930758391463e+01
-3.602586822680075329e+01
-3.787748384496189402e+01
-3.897888686841864114e+01
-3.974269871156496237e+01
-4.030248830763201795e+01
-4.074377934588329708e+01
-4.110083866229082616e+01
-4.141112301499020987e+01
-4.170188450630249122e+01
-4.195857012860141566e+01
-4.220397079929912820e+01
-4.240404555023337707e+01
-4.256276357126287024e+01
-4.268339972055100873e+01
-4.276718258099453607e+01
-4.281508837147470103e+01
-4.282694937699737636e+01
-4.280217425202734916e+01
-4.274282157060227405e+01
-4.266762850543666730e+01
-4.255360092284375639e+01
-4.242592270205624061e+01
-4.226458143865028205e+01
-4.207868334551915979e+01
-4.186919996403663902e+01
-4.164119083703033652e+01
-4.140107222171123169e+01
-4.114098280119142714e+01
-4.085801240905438192e+01
-3.684697659491467903e+01
-3.812672374343554793e+01
-3.891664962641250725e+01
-3.946918119937122071e+01
-3.987629270369134815e+01
-4.024178474814536344e+01
-4.062209085418112409e+01
-4.099676071397431798e+01
-4.135044963680631014e+01
-4.165987281053257618e+01
-4.192990830785488043e+01
-4.215563419566085912e+01
-4.234083847177416970e+01
-4.248860490338761764e+01
-4.260003022732249178e+01
-4.267605843844770419e+01
-4.271644136626917998e+01
-4.272058578418363339e+01
-4.269367950974393011e+01
-4.262657550633973358e+01
-4.253703269261023223e+01
-4.241328739145053106e+01
-4.228228890682002117e+01
-4.212571924637674670e+01
-4.194933243485891694e+01
-4.175655731924312164e+01
-4.156182566982985804e+01
-4.141642012526418881e+01
-4.137973436123596116e+01
-3.236749754219120945e+01
-3.488937655056389531e+01
-3.627318529302133499e+01
-3.714170780014990925e+01
-3.771857197535084794e+01
-3.810365332596350640e+01
-3.835920785056639204e+01
-3.851559855007234034e+01
-3.865597296632693514e+01
-3.882324177344519001e+01
-3.898776289656208860e+01
-3.913094450479036368e+01
-3.924248722082295160e+01
-3.931656739045120474e+01
-3.935104851038504137e+01
-3.934990609608325229e+01
-3.931526484044081826e+01
-3.924884586614696502e+01
-3.915153003353283623e+01
-3.902405285061387019e+01
-3.886655861858373839e+01
-3.868597753247598092e+01
-3.847898952505097014e+01
-3.826256347710263128e+01
-3.803742155589518603e+01
-3.784433642946817855e+01
-3.769515830295720349e+01
-3.764665492347231179e+01
-3.791905930758405674e+01
-3.602586822680063960e+01
-3.787748384496194376e+01
-3.897888686841868378e+01
-3.974269871156496947e+01
-4.030248830763200374e+01
-4.074377934588346761e+01
-4.110083866229079064e+01
-4.141112301499020987e+01
-4.170188450630249122e+01
-4.195857012860146540e+01
-4.220397079929904294e+01
-4.240404555023329891e+01
-4.256276357126303367e+01
-4.268339972055101583e+01
-4.276718258099451475e+01
-4.281508837147470103e+01
-4.282694937699741899e+01
-4.280217425202731363e+01
-4.274282157060225984e+01
-4.266762850543666019e+01
-4.255360092284379192e+01
-4.242592270205616956e+01
-4.226458143865028205e+01
-4.207868334551913136e+01
-4.186919996403666033e+01
-4.164119083703027968e+01
-4.140107222171114643e+01
-4.114098280119139872e+01
-4.085801240905432508e+01
