-7.950255277705698953e-01
-1.042891056308114628e+00
-1.354580579689418585e+00
-1.678925244821074525e+00
-1.958481193927736230e+00
-2.137509181182554840e+00
-2.326589424660396421e+00
-2.460030955807761543e+00
-2.575289888016396134e+00
-2.675184970032627341e+00
-2.746697429574898486e+00
-2.801887637392658004e+00
-2.841873599414822316e+00
-2.862070143044193493e+00
-2.857885694320144498e+00
-2.818661622781703624e+00
-2.774708246512151089e+00
-3.190351174523593958e+00
-4.041190248436643984e+00
-7.950255277705695622e-01
-1.042891056308111741e+00
-1.354580579689419029e+00
-1.678925244821073193e+00
-1.958481193927736896e+00
-2.137509181182554396e+00
-2.326589424660393757e+00
-2.460030955807763320e+00
-2.575289888016395246e+00
-2.675184970032629117e+00
-2.746697429574897598e+00
-2.801887637392658448e+00
-2.841873599414822760e+00
-2.862070143044199266e+00
-2.857885694320144054e+00
-2.818661622781699627e+00
-2.774708246512149312e+00
-3.190351174523587741e+00
-4.041190248436639543e+00
-7.950255277705704504e-01
-1.042891056308115960e+00
-1.354580579689420805e+00
-1.678925244821073859e+00
-1.958481193927739339e+00
-2.137509181182554396e+00
-2.326589424660397754e+00
-2.460030955807758879e+00
-2.575289888016395246e+00
-2.675184970032628673e+00
-2.746697429574898930e+00
-2.801887637392658004e+00
-2.841873599414824092e+00
-2.862070143044193493e+00
-2.857885694320144498e+00
-2.818661622781701404e+00
-2.774708246512150200e+00
-3.190351174523586408e+00
-4.041190248436636878e+00
-4.005665946999610583e+01
-4.148337041335164344e+01
-3.833428904102557055e+01
-3.844794182826012019e+01
-3.963455092073215980e+01
-4.035386011094909975e+01
-4.056505113386777595e+01
-4.038559525426564534e+01
-3.988062259493302264e+01
-3.913333863464836782e+01
-3.837106260079777798e+01
-4.284274163979183925e+01
-4.418619909394806911e+01
-4.087234531510353008e+01
-4.116278161524020618e+01
-4.259025410836041203e+01
-4.354313136212153523e+01
-4.397186515036706567e+01
-4.397706763965845767e+01
-4.362329114437721955e+01
-4.297720420771862848e+01
-4.210043449768905077e+01
-4.311220952745877355e+01
-4.408228521373089137e+01
-4.062081402415911668e+01
-4.087619431270184123e+01
-4.233870504258941025e+01
-4.333670202868971444e+01
-4.382646508486036652e+01
-4.390299982474672902e+01
-4.362744921981342827e+01
-4.305749328948801491e+01
-4.227681703670283042e+01
-4.005665946999624083e+01
-4.148337041335172160e+01
-3.833428904102557766e+01
-3.844794182826015572e+01
-3.963455092073218822e+01
-4.035386011094911396e+01
-4.056505113386782568e+01
-4.038559525426564534e+01
-3.988062259493295159e+01
-3.913333863464834650e+01
-3.837106260079772113e+01
-4.284274163979188188e+01
-4.418619909394806911e+01
-4.087234531510349456e+01
-4.116278161524022039e+01
-4.259025410836036230e+01
-4.354313136212149971e+01
-4.397186515036705146e+01
-4.397706763965845056e+01
-4.362329114437721245e+01
-4.297720420771867111e+01
-4.210043449768905077e+01
-4.311220952745874513e+01
-4.408228521373091269e+01
-4.062081402415917353e+01
-4.087619431270185544e+01
-4.233870504258938183e+01
-4.333670202868966470e+01
-4.382646508486038073e+01
-4.390299982474675744e+01
-4.362744921981344248e+01
-4.305749328948806465e+01
-4.227681703670285174e+01
-4.005665946999617688e+01
-4.148337041335173581e+01
-3.833428904102548529e+01
-3.844794182826011308e+01
-3.963455092073214558e+01
-4.035386011094907843e+01
-4.056505113386780437e+01
-4.038559525426565244e+01
-3.988062259493300132e+01
-3.913333863464842466e+01
-3.837106260079784903e+01
-4.284274163979189609e+01
-4.418619909394811884e+01
-4.087234531510347324e+01
-4.116278161524020618e+01
-4.259025410836036940e+01
-4.354313136212151392e+01
-4.397186515036707277e+01
-4.397706763965844345e+01
-4.362329114437721245e+01
-4.297720420771864980e+01
-4.210043449768903656e+01
-4.311220952745876644e+01
-4.408228521373080611e+01
-4.062081402415922327e+01
-4.087619431270185544e+01
-4.233870504258939604e+01
-4.333670202868967181e+01
-4.382646508486040915e+01
-4.390299982474677876e+01
-4.362744921981345669e+01
-4.305749328948808596e+01
-4.227681703670284463e+01
